8.523542968610705595e-01
7.478078839811667100e-01
8.992050507274553794e-01
8.880773581027020525e-01
7.612954255987036678e-01
8.666143300269188998e-01
7.844823662496319683e-01
7.837576067349815157e-01
7.900600981039210824e-01
8.869790475511585282e-01
9.145470121982164358e-01
8.869790475511585282e-01
9.230055822721972003e-01
7.634956600554959616e-01
9.094984792234187543e-01
9.255902168565414145e-01
9.572608493342659175e-01
8.737230637015024337e-01
8.238197448364045217e-01
8.349765624117150287e-01
8.539434442450321017e-01
8.665753375730537167e-01
8.605811508157584777e-01
9.096551486417763233e-01
8.457073312802205756e-01
8.315921093212642612e-01
8.225064800567385426e-01
8.869058419056595755e-01
8.446664693592154105e-01
8.815311294894415672e-01
8.715642842449403682e-01
8.644496785064712530e-01
9.027283842481440557e-01
8.768482035297072708e-01
8.744207088763863434e-01
8.307951019639375767e-01
9.748576682165508434e-01
8.150167217809141107e-01
7.859212731773767002e-01
8.034533289096675857e-01
8.679209868096013913e-01
8.078440907446045038e-01
9.057336223811910392e-01
9.332487323252320888e-01
8.206421132984615952e-01
9.129864933971879593e-01
8.627952334511900245e-01
9.144044779575757342e-01
8.924984779468628782e-01
9.124600148950439138e-01
9.113547834006859860e-01
7.852721370784501165e-01
9.058903796792749930e-01
7.895020225657409796e-01
7.924872037767630717e-01
9.045296797464574823e-01
7.771022629828611139e-01
8.217738629455885180e-01
8.816838789136629551e-01
8.892308765010594751e-01
8.119719037853523336e-01
7.952420391894718943e-01
7.831976813875821675e-01
7.916347681315142326e-01
8.066134758528252791e-01
8.004393169900088090e-01
8.932638488543646060e-01
8.003584005054877881e-01
7.700353017933708744e-01
6.820338375560603961e-01
8.053944234860166418e-01
8.900732239525085410e-01
8.926959661161590898e-01
8.900732239525085410e-01
8.015393558335184299e-01
8.285580038322505336e-01
8.465678181372545685e-01
7.760236898671740713e-01
8.665766787332320753e-01
7.982574695495835426e-01
8.081306501353772154e-01
7.867724506148335850e-01
8.992507623083672019e-01
8.449626773843575966e-01
8.992507623083672019e-01
8.992507623083672019e-01
8.285967829017553132e-01
8.992507623083672019e-01
9.115274706400370297e-01
8.992507623083672019e-01
9.306149622533186339e-01
7.784324613061536224e-01
8.389729468236339915e-01
8.317589625748617044e-01
8.487638258869213415e-01
8.268187820873611482e-01
8.229050841529708116e-01
8.213485593181623079e-01
8.310525684288898596e-01
7.658927962990653704e-01
8.305525440186539710e-01
8.814295589304658174e-01
