8.508829444449335089e-01
8.837113236616214174e-01
9.387801246338735028e-01
8.861950982098921736e-01
9.119198304878987082e-01
8.732667320313505233e-01
8.515853175903083105e-01
8.385173793051182711e-01
8.220753126616253681e-01
7.983762976958166391e-01
7.811166870826163899e-01
8.376353387314822152e-01
8.278070156377822508e-01
8.171690326537907056e-01
8.512631314395218141e-01
8.323524092094610749e-01
8.453276747995958074e-01
8.610170932334277882e-01
8.332903073993087606e-01
8.550901474301636496e-01
8.699482533712380450e-01
9.040398094972522669e-01
8.688481249269174311e-01
8.864422501105084784e-01
7.904088145841421387e-01
7.874132962612939712e-01
8.959281463920090172e-01
8.946591172847219164e-01
8.946591172847219164e-01
8.700550906343996749e-01
8.928931382332342404e-01
8.586211888749328836e-01
8.970085415679607266e-01
8.976036694096046764e-01
9.070179019198673087e-01
9.134829215453976747e-01
9.078251555724902166e-01
9.102461909063350731e-01
9.124851079259039821e-01
9.005862627378018459e-01
8.946591172847219164e-01
9.071652137364917268e-01
7.596047598739712470e-01
9.185779257154778055e-01
7.712885453895363952e-01
9.134483782245235162e-01
8.720835591803699494e-01
8.653194400421074794e-01
8.971013821618095685e-01
9.013245410048849049e-01
8.910881317207459684e-01
7.889810502415054438e-01
8.832710153306072565e-01
9.422005915342089866e-01
7.925021064988574393e-01
8.969163419895334055e-01
8.389141157581628816e-01
8.518606121864764624e-01
7.261845754424364197e-01
7.748652760697782860e-01
7.694406089717910069e-01
7.926802022125603031e-01
8.047955079813539081e-01
9.123367648511129246e-01
9.099611478011867538e-01
8.746329868639729499e-01
8.925261411799640943e-01
7.776073497051582128e-01
8.006461761040625236e-01
7.972605355888202627e-01
8.138773733731882176e-01
8.925261411799640943e-01
9.599054213317160800e-01
8.646983148097879823e-01
8.611413107349958906e-01
8.878190295036351154e-01
8.380270328788824719e-01
8.878190295036351154e-01
8.836596475227265213e-01
8.878190295036351154e-01
8.506112747064968893e-01
7.575433492047801698e-01
7.742152304712665023e-01
8.878190295036351154e-01
9.253009981736639578e-01
8.068873141583392528e-01
9.209189796800399952e-01
9.263910242260670058e-01
8.827470046862118114e-01
8.540243836993218762e-01
7.691404310864832228e-01
8.427505303413973525e-01
8.954713746328355484e-01
9.286967263624923419e-01
8.474146908117559107e-01
8.151334671839390866e-01
8.245658049345053753e-01
8.088018664576314132e-01
8.959994015612250395e-01
8.837113045207785067e-01
8.627038794045112091e-01
8.079166457841834292e-01
