9.508146183989877320e-01
8.027986038102554733e-01
9.083355686608034496e-01
8.253031549325918759e-01
9.306927583132262871e-01
8.064419328153001887e-01
8.824492671903004792e-01
8.171728842698613438e-01
9.142887648925400734e-01
7.931143618735663203e-01
8.808482542208513344e-01
8.110747113548760767e-01
8.354708080676298554e-01
8.313988727416026236e-01
9.220805593344618689e-01
8.213083929512153825e-01
8.938739364617744876e-01
9.094329742237777792e-01
9.055255364435456089e-01
7.627151214541292301e-01
8.960502088601975945e-01
8.956178536589354255e-01
9.089716878252646071e-01
8.289708965098154803e-01
9.121539815303404408e-01
8.470968482613380202e-01
8.839135122962017421e-01
9.172683647497381632e-01
9.210583823641845802e-01
8.323808205453165909e-01
8.889154298363414197e-01
9.289538134836929917e-01
8.463594844560863306e-01
7.722174912902152188e-01
8.565831355360419286e-01
8.048905732402635849e-01
8.600019913943555139e-01
8.865520143062500802e-01
9.334885741116539792e-01
7.766876245589476868e-01
8.934206749750517318e-01
8.873195592167451018e-01
7.968375024860806510e-01
8.010612783935673331e-01
7.997014709493130979e-01
8.873195592167451018e-01
8.320639838468357752e-01
8.000787514234133369e-01
8.429947442796800194e-01
8.070813388409119327e-01
7.781078342212942589e-01
8.160173140546211901e-01
7.818425263022071858e-01
7.895485234402180863e-01
7.953711526377311714e-01
7.247901254409386818e-01
7.942004243893608928e-01
7.600118844608575452e-01
8.908199255172497555e-01
8.320836361696271055e-01
8.456607500056672055e-01
8.937459147715755003e-01
8.252270540080538508e-01
7.948836472957113708e-01
7.905548645395953367e-01
6.183349754209567228e-01
8.917700032881917815e-01
8.225280879613774410e-01
9.029213051426312475e-01
8.937459147715755003e-01
8.418396953064865018e-01
7.366472744524988903e-01
8.595296688901061799e-01
7.896377907157552389e-01
8.810918218897205723e-01
8.092646006888010168e-01
9.274189617728263446e-01
8.923861403351014410e-01
8.411046244864440746e-01
8.923861403351014410e-01
9.034487679101173008e-01
7.594901733815468958e-01
8.051015017130876972e-01
9.250690230115464763e-01
8.249817253965312513e-01
8.265657846212847160e-01
8.239421659521173336e-01
9.220873859231686342e-01
8.376282772424178402e-01
8.474971894563763097e-01
7.670560369822517766e-01
8.532627579711709043e-01
8.614588868279663414e-01
7.813560172838903695e-01
8.928741412219578510e-01
7.734025603163082740e-01
8.970173477626163239e-01
8.970173477626163239e-01
8.843989728628879332e-01
7.935951120689519467e-01
9.585666008069778643e-01
8.843989728628879332e-01
