8.843989728628879332e-01
8.843989728628879332e-01
8.843989728628879332e-01
8.843989728628879332e-01
8.843989728628879332e-01
8.843989728628879332e-01
9.065472004330711320e-01
7.885358472986380152e-01
9.119705388520757960e-01
8.466239402956816651e-01
8.273539162726163410e-01
8.348465079260388721e-01
8.307369697906503703e-01
8.153221464827672404e-01
7.838477631508119492e-01
8.838438671613502162e-01
9.084830796712713985e-01
8.892413910864139792e-01
7.019998839211475383e-01
8.931602450624467338e-01
8.952414825773673535e-01
8.952414825773673535e-01
8.209938218542848221e-01
8.054460019167589691e-01
9.300308946308695202e-01
8.987384415153396588e-01
8.976679418980046954e-01
7.892539662808936152e-01
7.878528166308017555e-01
8.632532764981754037e-01
8.231949194989600649e-01
7.907874201871221143e-01
7.688162217630284401e-01
9.650688489254038993e-01
9.889485857839014349e-01
9.695977264421586916e-01
8.949601701892546668e-01
9.306293317611696869e-01
9.664052944306322779e-01
7.857091726800158327e-01
9.152511062965610344e-01
8.487340942780270403e-01
8.782622144101752681e-01
8.940865598672775860e-01
9.785965535879558308e-01
8.172081043738055328e-01
9.968338786915674765e-01
9.447367027612505463e-01
9.251544794599984023e-01
9.785409481083011674e-01
9.006099900685020643e-01
8.246462684766148188e-01
8.789474412194480113e-01
8.984348962049043541e-01
9.063088929928521109e-01
7.966983849579271082e-01
8.627757258400883256e-01
7.800770377424340873e-01
8.949092733760264373e-01
9.415744940481621805e-01
8.717058341301507918e-01
9.488048822751828926e-01
9.855169885985664013e-01
8.872938077569135773e-01
8.177434102280707329e-01
8.942095135384748872e-01
8.068001506093317454e-01
8.013000632341372720e-01
8.946798846363324120e-01
8.757815766338743479e-01
8.748380695284707631e-01
7.953986695351580316e-01
8.005017550669091264e-01
9.201254731565787770e-01
7.521021957188771534e-01
8.979099551970769477e-01
7.711625685389846829e-01
8.143617276878540867e-01
8.641676136415968879e-01
8.003800455340067677e-01
8.638509970619110412e-01
7.812550899538877047e-01
8.416357559162186419e-01
7.842392378321345614e-01
8.589415326552179986e-01
8.012815520180444073e-01
8.587537419007547079e-01
8.053934249756768970e-01
8.914413759487689326e-01
8.232607283484223437e-01
8.876532929445264397e-01
7.983975786900988636e-01
8.613000767739851238e-01
6.536870198463631265e-01
8.107405210374166726e-01
8.117836600900586452e-01
8.817009345776865015e-01
7.878517422348201293e-01
8.534911114307213165e-01
7.949400309270364673e-01
8.559898250159900801e-01
7.645366599594934920e-01
