8.796012293333168586e-01
9.742413798882402221e-01
8.627981470795190733e-01
9.218295497215975853e-01
9.468946591404252544e-01
8.330866454185599235e-01
9.086172764696233140e-01
9.273533827607257640e-01
7.972468542662877189e-01
8.817359704401138698e-01
8.746169141300439431e-01
9.124422169232300206e-01
9.179072369832680378e-01
7.591288591244357287e-01
9.529742944769711288e-01
8.174361758126841293e-01
9.143226605552979835e-01
9.386066093211756778e-01
8.188353218937722833e-01
9.155064859019164114e-01
9.505311359791173142e-01
8.631458470878122791e-01
9.384248129667646099e-01
8.747795636879693859e-01
8.714999723109539964e-01
8.896958873126680212e-01
9.501981379851087706e-01
8.957777926995014184e-01
9.417976754018155816e-01
8.765599534565342577e-01
9.235373780967793822e-01
9.030303772199984591e-01
8.986394598710520931e-01
8.404818233928411653e-01
8.917033964209364338e-01
8.570896919489163768e-01
8.909359885850426375e-01
8.863703260482516111e-01
9.336099245850650874e-01
8.778941151901724638e-01
8.908495795315978238e-01
8.179739332052908818e-01
9.081348437384862970e-01
8.285543924759601886e-01
9.189467388047347640e-01
8.853834191488215710e-01
8.173557517564554731e-01
9.557006362639860475e-01
9.737949991875748390e-01
8.452819450984709881e-01
8.872057098071940429e-01
9.568342217832513930e-01
8.009040579236175184e-01
9.128677176085253642e-01
7.822127449644706854e-01
9.053266716568482142e-01
6.822742550928541094e-01
8.997844346486904010e-01
8.570880908227896944e-01
8.085867175680480079e-01
9.210785805094880985e-01
8.120974848414153069e-01
8.609827395162716890e-01
8.440497831869639977e-01
8.301139746236515515e-01
8.924737920087337795e-01
8.370680049988060700e-01
8.725974449523165033e-01
8.076564521458279300e-01
9.130649617325606870e-01
9.202044260406254672e-01
7.875888083532984751e-01
8.812208765220774787e-01
8.203043601551526232e-01
8.749856929450867682e-01
8.675496653236184352e-01
8.329393841841227220e-01
8.602320239138224744e-01
7.915701882468760830e-01
8.045862390308181622e-01
7.986387667285966829e-01
8.508349080486752314e-01
7.434360242405898545e-01
8.484386845939534405e-01
8.792875671097926116e-01
8.960859330739675555e-01
8.494293850596397188e-01
8.598408288278922562e-01
8.487219382996391559e-01
8.337482626537322528e-01
8.439471053178954074e-01
8.311048075042279937e-01
7.657521577434537319e-01
8.529435670841165607e-01
8.266376914917158425e-01
8.414504710700739798e-01
8.259165025964397833e-01
7.816104259759704131e-01
8.458659387393048235e-01
8.528540003362102828e-01
8.345650885797040175e-01
8.285021349795250734e-01
8.393893539671900550e-01
