8.474499444437304518e-01
8.471374526258964588e-01
8.637618742899980662e-01
8.487616846543414306e-01
8.628543614258221695e-01
8.548355967541436673e-01
8.483644594814255813e-01
8.736020994510330651e-01
7.761279033836092633e-01
8.546785775732184121e-01
8.580756766895359933e-01
7.738176664892618684e-01
8.802024163222618158e-01
8.675108882105706520e-01
8.966755626114450983e-01
8.942292425637141662e-01
8.856140903563213262e-01
9.047383547569266549e-01
8.302563813522537695e-01
7.493563908826275100e-01
9.192283067258891771e-01
8.585097984798067960e-01
8.810534082730577810e-01
8.927808146496588604e-01
9.024658823837894417e-01
8.982520526354044188e-01
9.241074287832212741e-01
8.984941439125582185e-01
8.527451883910828201e-01
8.947824902537425684e-01
9.025608706432882711e-01
8.292958419527115543e-01
9.232538804233453300e-01
8.369813802963396165e-01
8.876490884573193796e-01
8.706385989506846279e-01
8.756112659367129014e-01
7.837214815333138906e-01
9.184440145306984604e-01
8.079150197067866968e-01
8.486212393060037495e-01
8.783747783108778462e-01
8.621111116084331227e-01
8.929542852671826791e-01
8.731256175015638110e-01
7.678843301507143337e-01
8.430183550612493359e-01
8.089255116952441815e-01
8.455239671129305412e-01
8.262733152875202380e-01
8.551043103305774329e-01
8.240800358317796892e-01
8.535598819995269260e-01
8.500658352703822640e-01
8.425286660892697954e-01
8.859592333946914033e-01
8.937299182547191467e-01
9.256331482545631095e-01
8.538967495435543231e-01
8.620169599876990052e-01
7.989026318449222730e-01
8.686233752475316372e-01
8.952175605899111988e-01
7.918322790509106923e-01
8.392518677620653955e-01
8.620644709138038930e-01
8.428413954225820737e-01
9.169865350131030102e-01
9.925281354152948321e-01
9.140310322525707631e-01
7.931853186024323543e-01
8.200818741730535599e-01
9.321183577213357774e-01
9.646121239849601015e-01
7.924704147588127467e-01
8.895568014848701521e-01
8.495927168312884525e-01
8.981487521066090496e-01
8.984926993157508202e-01
8.885722696234671369e-01
8.732855777438675027e-01
8.457282765936058322e-01
8.679750351420414400e-01
8.993025861173333801e-01
8.924163815579571057e-01
8.907473443460660611e-01
8.847263042654144316e-01
8.897690285496195894e-01
9.003626069365113782e-01
8.001909390993047211e-01
8.665003870648920747e-01
8.149226828787532462e-01
8.923548664051523804e-01
9.210716002132434133e-01
8.887264033230148907e-01
8.784787215698790508e-01
9.233152916694399304e-01
9.148725493634067840e-01
9.190451108247837952e-01
8.854261589886223138e-01
8.949823447300635504e-01
8.960066581420380594e-01
9.210920294240394490e-01
