7.265992596712087526e-01
6.273533140940908970e-01
4.837505948805885803e-01
6.894104774971906435e-01
1.322855461005436384e+00
5.967666721627169490e-01
6.865095850932295685e-01
5.689999748935802293e-01
7.257295939025502074e-01
2.201449639230991795e-01
6.607929733319825027e-01
6.425650666288684754e-01
6.986343910897341303e-01
7.713684579705494260e-01
6.082390023727290984e-01
3.939192398669344453e-01
4.617566829297554687e-01
4.793950013862895432e-01
7.093696626006558148e-01
1.010192495523485112e+00
1.552262821533313131e-01
6.359165238162444167e-01
5.828368082332924249e-01
5.344325620927047327e-01
5.992402160586033366e-01
9.352600595685003348e-01
5.756843216114521100e-01
3.666870466154306674e-01
6.805181367150268112e-01
5.288391050062738463e-01
8.597314711759455053e-01
1.033344132051608799e+00
8.116050585850954624e-01
4.068632756209571433e-01
8.000175503638627950e-01
1.261642584083135232e-01
1.564620088330577752e-01
6.035580859539875220e-01
3.978269162575961970e-01
9.464597350482715221e-01
6.104324684449061733e-01
3.891757710009575155e-01
5.132451228314397484e-01
6.554198926718124429e-01
7.875635617834741975e-01
8.437678610812087143e-01
7.396429896673091253e-01
4.546154497764903768e-01
5.298668476258895366e-01
6.084940941461131070e-01
4.322808658140942506e-01
8.874520219209856009e-01
6.951912522456140664e-01
1.234724065633607593e+00
8.002224123441792347e-01
6.934231933819846594e-01
7.687847247029304665e-01
6.217651475018665108e-01
9.020937782004031513e-01
6.167902711224011458e-01
4.798650020373138037e-01
3.227117487844315957e-01
5.479409666375817389e-01
8.814252811342363492e-01
9.264513388250160686e-01
7.665797001127833132e-01
5.421712425927792678e-01
4.310150360459710783e-01
4.529680352282067224e-01
8.293502206327975079e-01
4.020196651968981350e-01
7.329308509684087092e-01
6.026090811759542420e-01
5.510178253214826904e-01
6.301461354678519200e-01
5.732554109455310076e-01
5.134851510121460905e-01
8.146811696842930495e-01
1.065095988869932064e+00
8.149916987477069386e-01
5.641249091492898105e-01
3.020191003522161854e-01
7.266122555442130482e-01
1.334260323753245769e-01
7.065812889377677264e-01
9.637942446792947537e-01
9.493349661738357259e-01
1.228637266217358359e+00
7.239835903886258084e-01
6.537955036045665080e-01
6.333882849354830480e-01
8.437853862725241960e-01
7.764399527441028237e-01
2.627572033340466184e-01
6.040247291356580783e-01
7.806174091594664244e-01
6.033160747219459275e-01
7.654242337725285505e-01
3.246770500261896286e-01
8.842070128953520847e-01
3.288080420185586217e-01
3.984238673205930392e-01
7.064829871046197640e-01
1.031036272460204017e+00
8.518355917778397401e-01
7.261966180593641962e-01
7.823462015421063231e-01
6.565426767211879344e-01
4.491667997952009661e-01
6.513530737129541448e-01
7.232617851034726097e-01
3.579033302276223294e-01
6.805637379169576784e-01
5.025842637504570609e-01
5.025407440403388826e-01
3.465016351294060715e-01
1.118458992227259058e-01
6.904180963524915171e-01
6.084303011453788823e-01
7.702569338947508060e-01
9.748024284937480965e-01
8.555310352211635827e-01
6.435626329897338183e-01
5.872600894441353248e-01
4.295975382803040032e-01
7.418310028208270346e-01
7.087879685860309920e-01
6.670425300474025487e-01
3.645416965701757106e-01
3.484393410081134124e-01
4.497386384089112621e-01
1.182055726474538826e+00
2.000181737982971997e-01
6.040606546544683431e-01
5.691115700863924598e-01
9.464156367496087130e-01
5.790238338603632684e-01
9.114851067416862573e-01
8.108437029954284059e-01
7.055137231682984122e-01
6.364046558702428635e-01
7.655396236357238093e-01
6.008177237262919412e-01
5.598954106711451217e-01
6.844738375703759425e-01
4.307865117861061077e-01
2.824252219953487519e-01
5.897237720281754969e-01
5.881357849187386355e-01
4.516084664444500740e-01
7.931760554390437923e-01
7.182237718557529238e-01
6.792097105510090937e-01
8.396348215831049844e-01
5.789990765560252273e-01
5.640074304443620790e-01
4.838312535875299303e-01
5.608771273001470492e-01
1.167683918469631488e+00
3.514507163772315756e-01
5.074812772632408819e-01
7.478671454405654284e-01
5.688724911077387425e-01
3.486486659698848634e-01
5.487996110432550312e-01
7.817590579893960445e-01
5.798254625410618202e-01
4.711443324226677887e-01
6.198488130527456397e-01
8.081178255351386674e-01
1.211200954279149367e-01
5.508908007088977321e-01
8.170570022219374451e-01
6.516142626911052282e-01
9.016132808264226695e-01
8.386987738444393603e-01
6.326386546364081154e-01
3.746404936274237985e-01
6.832191050852988168e-01
4.526752897962755817e-01
9.372256939520681729e-02
7.830398644489688920e-01
5.281515777308201098e-01
1.065766598653574482e+00
5.148386881872173415e-01
3.735347395821636551e-01
6.694828893307123163e-01
4.996174144957318264e-01
8.094865342421583287e-01
5.255959945593643434e-01
7.030474042551043690e-01
4.160127308682473046e-01
1.154001483019499591e-01
3.258698539094617153e-01
4.979028729223079486e-01
4.838600667874816130e-01
7.223358618708228818e-01
7.183380699415947701e-01
8.665534269208624574e-01
9.938811304581517403e-01
6.632635299179909794e-01
4.915054468927934628e-01
7.052442748329448285e-01
1.211200954279149367e-01
4.795704360410921185e-01
2.683494808536803222e-01
6.874738328985997571e-01
8.961043610340124754e-01
8.793266495124881788e-01
3.905751320265443138e-01
5.292386916204446790e-01
7.281098881168017734e-01
5.450956849436044971e-01
4.854791014277838879e-01
6.844738375703759425e-01
6.376733095918400984e-01
5.994258953783504484e-01
9.490023174985271481e-01
7.834475876012835238e-01
5.119644517079424695e-01
5.521261665349753711e-01
4.524988160647472890e-01
1.847131707435240022e-01
3.245655101382708962e-01
6.199907090038451196e-01
3.544032592753749711e-01
2.300507455503222054e-01
5.430336609252242042e-01
5.789990765560252273e-01
8.554589738145033095e-01
6.501334870849447833e-01
3.603957595830216687e-01
3.623663474041294297e-01
6.341495926989003662e-01
7.411272682199572248e-01
2.769834880409421940e-01
3.648756608868136686e-01
5.238271553688649274e-01
4.450482155022562614e-01
8.145668238821998086e-01
4.505966326612941275e-01
7.459035547788805953e-01
5.974951642469253921e-01
3.864877913053280656e-01
4.282299557008965585e-01
7.336985950420255032e-01
6.918172270610155605e-01
7.097538559606720865e-01
4.695976327300537823e-01
3.704926649777653402e-01
6.257685028878150479e-01
4.844428291236116957e-01
4.521664111244582118e-01
3.833477193224466006e-01
3.756381585356956543e-01
4.501073746618169946e-01
7.553200931017375330e-01
5.537744166777119892e-01
4.150860950381313752e-01
6.666156543513004351e-01
8.465635410410301542e-01
3.177568163026457393e-01
8.067056773859082597e-01
6.006755856322000264e-01
4.807508752053412659e-01
6.312035426341565669e-01
5.672124655479734434e-01
3.980608013901736908e-01
8.992383559660215298e-01
5.236111051926500837e-01
2.758306596018315626e-01
5.626638302444141315e-01
8.471814319745782917e-01
8.325625823850180129e-01
8.225993440950258861e-01
5.997267631272524824e-01
7.029379199466536665e-01
5.861078182660821589e-01
8.029586750894760483e-01
4.706476268577099442e-01
3.879604561708744903e-01
4.908759208249994233e-01
3.702731707998555555e-01
3.540326382580846754e-01
9.773586875686126607e-01
6.606210457350508714e-01
2.915752729688503853e-01
1.094626982660441117e+00
6.506749612793617521e-01
4.658550680290918788e-01
5.712482592873185938e-01
5.210390181671812337e-01
6.391038396277999578e-02
4.649593261931826982e-01
5.172246283290505842e-01
8.005851175996561153e-01
7.203122609882613991e-01
5.955768308260683819e-01
4.159743933922810388e-01
5.369117573413637601e-01
5.424753125664586451e-01
4.863625515692576728e-01
1.013797444786308510e+00
6.278866046502673548e-01
4.703533733252706073e-01
7.138696001876176922e-01
6.966934404739577591e-01
7.919545238021121758e-01
5.031694023567212515e-01
5.130830686235691163e-01
7.087014149203104685e-01
3.805824328063118767e-01
4.844890485203152131e-01
1.373994358828320550e+00
7.013481666921647095e-01
6.295894865244545668e-01
1.575004989919047693e-01
1.059125875524075111e+00
6.821636392369311297e-01
5.471365819188814816e-01
1.231505129364524942e+00
4.707130665370136136e-01
7.078493728651545913e-01
3.155429388678246405e-01
5.752767170902172156e-01
1.067502922206142291e+00
6.084849800412940324e-01
7.313080089913224224e-01
7.828286194715667889e-01
7.307292239855553984e-01
8.310807906279806812e-01
3.580799916041758069e-01
6.253061693060730786e-01
3.746370387454301953e-01
3.688577971751269002e-01
1.063311815093884505e+00
7.526333662018444004e-01
6.729763643023713993e-01
4.037497014229614045e-01
4.384107226914114586e-01
6.988507200543075948e-01
5.946527395447246400e-01
6.633501715730536485e-01
2.686671508142832177e-01
2.793893732547277908e-01
4.701574086298211386e-01
4.440169979176443738e-01
5.736520546679793053e-01
9.080217078112864382e-01
4.805234165747247488e-01
8.234830885508068743e-01
6.913345337623496567e-01
4.074754130681045305e-01
6.054921633451120222e-01
5.643443337242929347e-01
6.648374307745185119e-01
9.086106597364619342e-01
4.517289864283787204e-01
3.677858661887500324e-01
6.288682849454636514e-01
7.400741662411775001e-01
6.683704255779170378e-01
4.763204071741602985e-01
6.977464439736349444e-01
3.484662401355007599e-01
4.876293791633392050e-01
7.108467402883107411e-01
8.696326920149192174e-01
6.121248694001077961e-01
8.011534907209305612e-01
6.832191050852988168e-01
3.854207734761200266e-01
4.285687738150577575e-01
9.465920546048641748e-01
7.549691731551189111e-01
7.801826584370753492e-01
5.170468901691076535e-01
9.663160059817070824e-01
6.322645044974857242e-01
3.679324289263766756e-01
8.850931655913407692e-01
4.130812763861972381e-01
6.990431249673398906e-01
5.222111114928780218e-01
6.870901330628987891e-01
4.445952526126068505e-01
7.081331591534967274e-01
5.145908748698724278e-01
7.340830705530611011e-01
5.910020688034005598e-01
8.343408680757624651e-01
6.696594610974525574e-01
4.598488998401357164e-01
6.223938473997573384e-01
8.501599080773662998e-01
7.134809393820923384e-01
4.437114716239823897e-01
7.527170370657751963e-01
2.509785329067064641e-01
3.957573838294508040e-01
8.186376061960091155e-01
7.155797084386132934e-01
7.853862894381347104e-01
5.636396471429734323e-01
7.824968932618785455e-01
9.128778753196924445e-01
5.021742343132952202e-01
7.307686574952682035e-01
8.383007203210199876e-01
6.372032186883688221e-01
9.476519444698257022e-01
3.278633438315278759e-01
6.388766938333797496e-01
8.525864384872074986e-01
7.753285723892008319e-01
5.322061389893879557e-01
5.633973290731406625e-01
7.714856471471941424e-01
5.281515777308201098e-01
4.210487765712489505e-01
1.430700762014465721e-01
5.536159388326262754e-01
3.562430720509742743e-01
7.205805670204149527e-01
7.252372751977462784e-01
3.474677866133834558e-01
5.466948083363875055e-01
6.553775986493450834e-01
6.051313970190507208e-01
7.794192703172739822e-01
8.602594275681211267e-01
7.130301221145581847e-01
2.459252942483712845e-01
5.963111718918630011e-01
3.465016351294060715e-01
7.218994439356188897e-01
7.325740006758084677e-01
7.987905778339091656e-01
8.054261822692153627e-01
5.314820205852787138e-01
6.666156543513004351e-01
6.492814525959652583e-01
9.167507155182775813e-01
8.054261822692153627e-01
4.937635666230364984e-01
3.683561181959519315e-01
7.772867350516972085e-01
6.142629008025425330e-01
7.068148654651845719e-01
6.847738126197105979e-01
4.666631195289929201e-01
6.586289328557733969e-01
6.721190412037283402e-01
5.886129880245291046e-01
8.582602612810443787e-01
8.141587079136829441e-01
5.430481787950239836e-01
3.911957014817517564e-01
8.463695328543709984e-01
9.318704256790217855e-01
4.690608505753091628e-01
2.001452933459305639e-01
7.973951598225009763e-01
8.549188999658441368e-01
6.555891233636766957e-01
4.030647009373643508e-01
5.600189022563060171e-01
9.344855705260036727e-01
6.400947139060764179e-01
6.335166891350926255e-01
6.811228490288537829e-01
6.483074734289286933e-01
4.623452628117148966e-01
7.724831946658480275e-01
6.153701502261077483e-01
6.355384876486491752e-01
6.947870090724795888e-01
6.179066590739658027e-01
6.257010366638986465e-01
3.921245845396512664e-01
6.747200001241812073e-01
3.543105312925888817e-01
9.241751491759623294e-01
4.223532411602083370e-01
4.887322547005877871e-01
6.354688984260187246e-01
7.252243284623766106e-01
6.879278492138881651e-01
6.006134213615953454e-01
7.030474042551043690e-01
8.959067418122605986e-01
1.145266441347455810e+00
8.592405077723552775e-01
4.341518515755287688e-01
9.873831228727627529e-01
8.490937654400032564e-01
1.234724065633607593e+00
3.278633438315278759e-01
7.141456809667924288e-01
4.278646333516972766e-01
3.940759072983243128e-01
6.234349432573231820e-01
9.419609350648523449e-01
2.725204178376542385e-01
5.547877967863458215e-01
4.844601603639209220e-01
8.131808961022649607e-01
7.125673754205597010e-01
1.720227439340995812e-01
6.427582306100397824e-01
7.058201644887146520e-01
1.381987046110931816e+00
1.010695141372731642e+00
7.822708774450619629e-01
5.543108953250412974e-01
2.217939628612287106e-01
6.729875127553540670e-01
7.010334979719923254e-01
6.445223970344268194e-01
3.298385204315879005e-01
7.997025828243493617e-01
1.142895075831522195e-01
3.088711154932215486e-01
6.003116635508541910e-01
6.094343115433086266e-01
6.773976390228264588e-01
5.850527262806669571e-01
5.308361584669666344e-01
8.375575459235724551e-01
5.604206263964264245e-01
8.649298730540772029e-01
5.247744749977646395e-01
8.333140080711564091e-01
7.405058458190143522e-01
3.068878370674433809e-01
5.737006610105201965e-01
4.792083893539009209e-01
5.746338770736658663e-01
9.824641162630460833e-01
7.652656294969851780e-01
5.898179538521850507e-01
3.591499832688875848e-01
4.817142695410742137e-01
2.246305885888845721e-01
5.204516085357745458e-01
5.536159388326262754e-01
8.977876509939657357e-01
7.105483472815782298e-01
5.675769979808448218e-01
8.146811696842930495e-01
9.787007927793238693e-01
6.543536371283575903e-01
1.095955843516697836e+00
4.676946329520036971e-01
9.378726384586977272e-01
8.688143717247365228e-01
4.485518356995986666e-01
6.972075789022612602e-01
9.060573010566487229e-01
5.426709662905511156e-01
7.943702940395563905e-01
5.859218462173065856e-01
1.994417638675700655e-01
5.078555774564893488e-01
9.573214065292899866e-01
5.155115945368561325e-01
3.823699111250124516e-01
3.914557974877090341e-01
8.721530959097669733e-01
4.476818690558923564e-01
5.256435991961927456e-01
6.448497786865975412e-01
7.272626424539376799e-01
4.837678766251899964e-01
2.611307309589514514e-01
5.875998554677951402e-01
7.213482582385197794e-01
8.170570022219374451e-01
5.640622477503673959e-01
8.332285504856211666e-01
7.910909042797296120e-01
4.592043587226675161e-01
1.399203397618573597e-01
9.643433239365952758e-01
9.024143944083911073e-01
5.921564201949850448e-01
4.157955785584720454e-01
3.735141334216924291e-01
1.268616032460324172e+00
3.953914625141314865e-01
5.365288466081639118e-01
3.509285374337182128e-01
7.492326215830650282e-01
5.147538830916607022e-01
8.289102470409498435e-01
3.534720067473262617e-01
8.319999018488767328e-01
8.843995038092293814e-01
7.444191995154519903e-02
4.299066764815491770e-01
2.956365113523047317e-01
4.318213738331698193e-01
3.996113672645061343e-01
4.715709152560356165e-01
5.963286782748909998e-01
1.648764233489056485e-01
3.590864921904728391e-01
1.083214889277862580e+00
9.017733897331176030e-01
5.810113014327162873e-01
1.148861491685103653e+00
5.662005743202361829e-01
2.768004252175364499e-01
5.142781883114787567e-01
7.003446343971754251e-01
4.225201635740044592e-01
8.313529081053687708e-01
7.357582397442171684e-01
4.826757979169373769e-01
6.399132268642507837e-01
7.195340277626097736e-01
8.402773948223665190e-01
8.301128181506967074e-01
7.431881017777463017e-01
6.339912482829825890e-01
5.566044803523497730e-01
4.797459991435634730e-01
3.504048854763963106e-01
6.414794127187265493e-01
9.585185382695173839e-01
4.459471251561719085e-01
6.779402444342325085e-01
7.391047249609198344e-01
5.101834933374811420e-01
8.215845492644032744e-01
2.001748791924835014e-01
6.413376358846449854e-01
4.169221183033349210e-01
1.484448102001569403e+00
6.635018489494504124e-01
6.783477692939646753e-01
5.373165342822351365e-01
7.014813808208338886e-01
1.021881303168832966e+00
4.821316054577675092e-01
8.029586750894760483e-01
7.427125526980320469e-01
3.120766593494727070e-01
4.134596483418513935e-01
2.914204945910558453e-01
9.147072075175501915e-01
4.832097249708818820e-01
4.116998176605958792e-01
5.413836965774724286e-01
9.081841010345379495e-01
5.383917939922200357e-01
4.872726000033218985e-01
2.628439056119472039e-01
4.016381066108766218e-01
4.912795821539804320e-01
3.315884554464474387e-01
6.127342152829814426e-01
7.875177607776713273e-01
6.890012416043714838e-01
2.436596804824441576e-01
4.742851112892061405e-01
6.761124256478538985e-01
1.015114722825511073e+00
8.862710242043054798e-01
5.300396791372815608e-01
7.096918611441914715e-01
5.961011754409611951e-01
5.250864854652693703e-01
5.138033719184609271e-01
8.988802125783150743e-01
7.384329947737335864e-01
6.177281412221843349e-01
2.983263659343566299e-01
5.480148818642261999e-01
2.818080939488404879e-01
7.235400251387767712e-02
6.659709055175645487e-01
7.182618671760423457e-01
7.407488869587177671e-01
7.078000419450301006e-01
3.621499167162337551e-01
7.127298936380805916e-01
7.093572761913208291e-01
7.022817295188507059e-01
5.709913308522650555e-01
7.840978017694496538e-01
4.909233759604234026e-01
4.066474265527912912e-01
6.219079222858250322e-01
4.311339645060592307e-01
9.393907230143122566e-01
7.978806506299974677e-01
7.089487672107385174e-01
4.888792896035638047e-01
3.551965167257739586e-01
6.879045517386371822e-01
3.993952889169545828e-01
4.908818522151905395e-01
8.785279877054831266e-01
3.754506918244129299e-01
5.368691847162276876e-01
5.198455649213921115e-01
7.018206997922943335e-01
5.285570024392005628e-01
6.284013613333273574e-01
5.749917371870544303e-01
7.427261313687579802e-01
7.859028709950660607e-01
5.218488748262890553e-01
6.814541844749970601e-01
8.077803866912621755e-01
5.264473772480426916e-01
9.565775320228155909e-01
5.097865630251845470e-01
3.902299717350458663e-01
3.433041045124177737e-01
8.721343725441048633e-01
8.427351617532454764e-01
5.911396651408837855e-01
1.097970032634512094e+00
1.561522866809025023e-01
6.518965821669012728e-01
4.896689070859282511e-01
6.669877718440426762e-01
4.993042440357036149e-01
6.018234923999963293e-01
6.207485859496822966e-01
7.669994186360487021e-01
4.231186527603236214e-01
5.934539654879402715e-01
4.022903747868667446e-01
1.364098222301662333e-01
7.686101827164307787e-01
7.972230308779181263e-01
1.694242737464736748e-01
2.830233679172695638e-01
6.503832862250764624e-01
9.454025088426369905e-01
4.959093164975214019e-01
9.555650187579844967e-01
5.879825624888113111e-01
6.326977714569134159e-01
3.889857255738041197e-01
5.133748399211068847e-01
3.990774895868930972e-01
1.136424169393447148e+00
7.946188989237544797e-01
8.113781223407089405e-01
2.461174897310539345e-01
2.297073376917641852e-01
4.116038785345033646e-01
5.051025277881977527e-01
5.932459762478563547e-01
6.811799528408751803e-01
6.313899351508649449e-01
3.632444067586168557e-01
6.966934404739577591e-01
8.355077063833360462e-01
3.962398923929242311e-01
3.534351044211214155e-01
4.514980462721659427e-01
6.542904043723135610e-01
4.711771190846317792e-01
7.817139296018194017e-01
7.387149726784185688e-01
7.402494753549007100e-01
7.954123665167591728e-01
5.706865283549708012e-01
4.417525657870768896e-01
5.411529246643438373e-01
4.614786805647599910e-01
7.140954685793101664e-01
7.032908248645688420e-01
9.004941084248115901e-01
5.856768814871828877e-01
4.164263726216425043e-01
8.641571378502255207e-01
4.401444350152975971e-01
4.783619806591339896e-01
5.465624153411494657e-01
4.368126964450281258e-01
7.630520512298450964e-01
6.004536294467232027e-01
9.549136451937322301e-01
6.396009069758321619e-01
9.183671943095431667e-01
7.065812889377677264e-01
4.856009659149279067e-01
5.557972884883224385e-01
5.100041579727446761e-01
6.688215736895499752e-01
8.395133642098107085e-01
8.409731758850053085e-01
7.780459495054382613e-01
6.982381356343363432e-01
6.592809348827807225e-01
5.182275131069108420e-01
4.149207558725049316e-01
3.666307890139248182e-01
2.615173596974241232e-01
4.322578679918384625e-01
9.155936715681080029e-01
7.523267321149826881e-01
7.162862544516001018e-01
6.020018553928685456e-01
7.423325513919699636e-01
4.545340658947710222e-01
6.634585054787848213e-01
1.161208838287178802e+00
6.565745096078636767e-01
5.240028274620388560e-01
4.689525586983221972e-01
4.659245252715495944e-01
3.133451951613738240e-01
6.647939126393322962e-01
3.346945617238315518e-01
4.116998176605958792e-01
9.444574140390791239e-01
8.478002255410692634e-01
5.283301627908516540e-01
4.594120777070266337e-01
5.198655218821032209e-01
3.694683389338997981e-01
6.176811799829245997e-01
6.946206926130964465e-01
6.336550288163985689e-01
5.718674419329797809e-01
5.857951147437195916e-01
8.617192263591750834e-01
6.556949369316936727e-01
5.786197294897728050e-01
1.145847893255399930e+00
2.487167175273172770e-01
3.998709701016481821e-01
9.789602199498036450e-01
2.861613158699465309e-01
5.180094511632381549e-01
3.680857785542634986e-01
3.621499167162337551e-01
2.915376090441627599e-01
4.935236309766868334e-01
4.813432766676969399e-01
7.989633844175064725e-01
8.621215399914465838e-01
4.679101058196880603e-01
8.355077063833360462e-01
8.145831570315397174e-01
3.935528956607536322e-01
5.349061420882653822e-02
6.065498784280716205e-01
6.939799314555586962e-01
6.176342258833439347e-01
3.820498731118641134e-01
6.325992495597402288e-01
5.510252991817941037e-01
7.649630219646554874e-01
3.754506918244129299e-01
4.928171774689684703e-01
4.830143889031466298e-01
6.937784549401760925e-01
6.260385133371902944e-01
3.436729426728897807e-01
4.682067054004050988e-01
8.288426002259957626e-01
7.343617354930758179e-01
7.004291587496025429e-01
4.314407366901047425e-01
5.598799780523284753e-01
4.429325891043955354e-01
2.944024697804708546e-01
7.650926815977430184e-01
7.243321186655663491e-01
7.440728819274874395e-01
3.002578803213374337e-01
7.973951598225009763e-01
1.206202233001097301e+00
8.295195656363979486e-01
4.482400389208773261e-01
2.604026152984267317e-01
1.493974118138345353e-01
5.394355491631517285e-01
8.961043610340124754e-01
7.099026877202138097e-01
8.641387562213254103e-01
5.065132000184147110e-01
7.253149653182816570e-01
6.958580909452896091e-01
6.609972536198658322e-01
6.735007411839877278e-01
5.810113014327162873e-01
7.832965295287087626e-01
7.028406291842174136e-01
8.103423135953753409e-01
5.997533247826407621e-01
5.909504866896057029e-01
8.235164745794115726e-01
4.659886580348354679e-01
8.487921776665612317e-01
9.887288553221609266e-01
8.467046937781773641e-01
6.465122651857497793e-01
4.492363371794733107e-01
6.635018489494504124e-01
5.586558012001946461e-01
9.375912485281669984e-01
1.003901727518149434e+00
3.696801514894346719e-01
1.122451612396788034e+00
5.225536859585679927e-01
7.296137070308360562e-01
9.719106009109536037e-01
6.592809348827807225e-01
5.055236455971348075e-01
4.270685015240677784e-01
3.987680239455509978e-01
6.933640184922078564e-01
5.092050890246669903e-01
4.279953561191852662e-01
5.618622926460078437e-01
6.674918866858950972e-01
5.693588295699764101e-01
7.905674821934917107e-01
8.770675361617684684e-01
1.001649272830932302e+00
3.004577413466234526e-01
4.134133657023919550e-01
4.628720499444774483e-01
7.831304329152184440e-01
5.447521449209112854e-01
6.538165479597161101e-01
8.231660562383885660e-01
5.154788885608038163e-01
3.895750978852795532e-01
5.542655188959267898e-01
1.090045110077462631e+00
3.133451951613738240e-01
2.683583441170868111e-01
6.305569281120796399e-01
7.373339965420431241e-01
8.802583515339168496e-02
9.021138100387926517e-01
2.692797614256252636e-01
6.797779727498569624e-01
2.051876175316656725e-01
7.944635026396197341e-01
5.624145640839637306e-01
6.868461833647853121e-01
6.675686666252067525e-01
3.419143146333570860e-01
5.352070510174159468e-01
7.630520512298450964e-01
7.640566335805331066e-01
9.589937020791499123e-01
3.379521600502204959e-01
5.060652151013621536e-01
1.877704651056922858e-01
6.477699307578242971e-01
6.105058564759171524e-01
1.023890193499431778e+00
6.233775446527790587e-01
1.249558345917953506e-01
1.169600138408388279e+00
7.549270846724202011e-01
9.630631109090618258e-01
6.620421297439327279e-01
4.035932683689021916e-01
6.260481608771162332e-01
6.068216829354108333e-01
7.364918638048758570e-01
2.269192037417440133e-01
6.893636830781244562e-01
3.471174538170372359e-01
4.447607449828330783e-01
3.752599457543733807e-01
6.879744488988476236e-01
4.703315914034958412e-01
8.419841075976073341e-01
4.484379548688289807e-01
4.622821289213230322e-01
4.745898505546372603e-01
4.235156449180795812e-01
6.627549669229644280e-01
8.340325444471649030e-01
2.529554063018097931e-01
3.683394190646371302e-01
3.184118258075098185e-01
4.690337729175069748e-01
7.996081409179417454e-01
4.176808365717379345e-01
8.959067418122605986e-01
4.055797055605945278e-01
9.889214023241711393e-01
8.682387520298557870e-01
6.625171840290441372e-01
6.973751365996661011e-01
6.470786404937235448e-01
6.919586306843289458e-01
5.187834091979995899e-01
1.019240584261050575e+00
3.314234416528137883e-01
3.245162494805885478e-01
8.003327661047469066e-01
5.353974960789287252e-01
7.999387852215604777e-01
4.800407809173908302e-01
8.273571587201529187e-01
6.121340928710025109e-01
5.524114603755313491e-01
3.891608587663395458e-01
1.017627005387537198e-01
1.810354193458953431e-01
8.240677351510597992e-01
7.661893404148646392e-01
5.195929093121141040e-01
8.389066040448716066e-01
7.655396236357238093e-01
5.723992392526306983e-01
4.581944126352250346e-01
8.103423135953753409e-01
9.016132808264226695e-01
3.728080316369362657e-01
6.904532990155503036e-01
8.183242931165287670e-01
9.651681168771698571e-01
8.189181423858440390e-01
4.657482511605268161e-01
4.719215093104056069e-01
5.416579939931061016e-01
3.739094810580581019e-01
7.604951647817621563e-01
5.287152180261717183e-01
5.813022809643841882e-01
4.436291000445208854e-01
3.474677866133834558e-01
6.308800696878117398e-01
1.097821678353653407e+00
8.332798229335005580e-01
8.111999043026548728e-01
3.409043636502832042e-01
6.115811761580850492e-01
1.987178868954775357e-01
6.251137318809157906e-01
1.337330506935273111e-01
7.945567331157845636e-01
8.695768484840308288e-01
3.394459492603355555e-01
9.773116629974246683e-01
6.233584141332333406e-01
9.172060689848494652e-01
4.393495036821853938e-01
4.442014871356385064e-01
9.446111378956204563e-01
5.221708381423773027e-01
4.018327699332036040e-01
8.396348215831049844e-01
5.335341555688237758e-01
3.978191248198371666e-01
8.821717488757454539e-01
5.902893145720401469e-01
8.519802949794781644e-02
1.033633341156577012e+00
7.231330427290793006e-01
7.061145987081666187e-01
7.849158801220502690e-01
8.517105792166747014e-01
5.399158886205620567e-01
8.670897978203054857e-01
4.738867708828835013e-01
4.942501515600335460e-01
5.821269177278999285e-01
8.156625950182097018e-01
4.203821603041966171e-01
5.834059684561702097e-01
3.674133237539744523e-01
6.371632429535745157e-01
5.177651755942616063e-01
1.012508815579018506e+00
3.711154156730060438e-01
5.156686410108649588e-01
4.335310191071846675e-01
3.629588142939322304e-01
6.513321876399178478e-01
6.217651475018665108e-01
7.653953917417516406e-01
6.294821762318817404e-01
4.886323214755466937e-01
6.083300820214874172e-01
8.111999043026548728e-01
7.018085756051023472e-01
6.999584970016187180e-01
4.230701825322518150e-01
8.223995143017318599e-01
6.871249971665334133e-01
5.745688594509150704e-01
1.702593028150044541e-01
5.886300453152449874e-01
1.019675490260710138e+00
8.040393303937962699e-01
7.430385778885201242e-01
7.568821255631582590e-01
7.305978096839664815e-01
6.417530165628319017e-01
5.112557255443167525e-01
6.249598672001253075e-01
4.991631387152207777e-01
6.243931452204317667e-01
8.385083532679096230e-01
3.989795054848357947e-01
4.423827337690233175e-01
5.816601693437704057e-01
4.756790221474046509e-01
2.692422836278842713e-01
5.918889679975078977e-01
5.636083685831986267e-01
9.759264709798196602e-01
5.858795963005040131e-01
5.671807892033193799e-01
7.436370347332409425e-01
6.697588236526798022e-01
6.585008219324226530e-01
8.123873394713709839e-02
6.242204515523264163e-01
4.072997454179477783e-01
3.638006519994711474e-01
5.757903934161568982e-01
7.342555524775330467e-01
7.144596684454538327e-01
2.738559780474906225e-01
5.606294413352600481e-01
8.998159654353893311e-01
7.824667502740220160e-01
3.844542032902454887e-01
4.217919452575086825e-01
7.891699601281508825e-01
4.805234165747247488e-01
7.655396236357238093e-01
5.766321922369407327e-01
6.927728246018478586e-01
5.994082066761630134e-01
3.379521600502204959e-01
3.772076918771478660e-01
6.141143307455096956e-01
5.492002434396852095e-01
8.295026280240316296e-01
7.891852906633437525e-01
6.596663290380124778e-01
4.202603935973036609e-01
6.304786406064554205e-01
5.740735834648976743e-01
5.799165090356865893e-01
1.659242411676072337e-01
5.205449714577470299e-01
5.030323329306208846e-01
6.655344966084590919e-01
7.065812889377677264e-01
7.249266810756057611e-01
3.393240330385720038e-01
2.613054127027056861e-01
5.699819177747418308e-01
5.634442130827166384e-01
7.652367994175134358e-01
4.978906685231383467e-01
9.808747907254737886e-01
5.984104879724980730e-01
6.847853553725571363e-01
4.844890485203152131e-01
4.495395729498389836e-01
4.724593678910166128e-01
1.098415336149167310e+00
7.364384600006699255e-01
6.000190707984071059e-01
4.146920420509264682e-01
4.629142447780506542e-01
6.644351052873139762e-01
6.364844220702359223e-01
4.035451595060787211e-01
8.945652391931154801e-01
7.966133538733052299e-01
9.805433421224916124e-01
6.841280389255489647e-01
6.590777139064057932e-01
6.623659564586267257e-01
5.059580686669691296e-01
7.020268750860053641e-01
6.856406002848383086e-01
3.079276222805802377e-01
6.788918985206711110e-01
5.263041522428967278e-01
7.753433698655803896e-01
6.191119998701111182e-01
8.498753416764701640e-01
5.141805516773653162e-01
2.824586041986633100e-01
4.986484743767884420e-01
9.168334734253430485e-01
7.132429370321456963e-01
7.029379199466536665e-01
8.022926614953185265e-01
4.288356877484820751e-01
4.908818522151905395e-01
5.673867487077787208e-01
5.441100840774808489e-01
5.423884006338712815e-01
5.625703295456074837e-01
1.122454713700116596e-01
5.712482592873185938e-01
1.391787701102365604e+00
3.494764609873711181e-01
7.618214605910240689e-01
2.505389528675729394e-01
7.114816583035946662e-01
3.321632261207888015e-01
4.310150360459710783e-01
1.011878330364574863e+00
5.081922843066919437e-01
7.144847993717258205e-01
5.926142374763239129e-01
5.100681918423644046e-01
5.930900799666692924e-01
1.047087252112916866e+00
5.897237720281754969e-01
7.857660626966006534e-01
1.016079515969109837e+00
6.404680940797249367e-01
6.038900464900247567e-01
8.911507931532444138e-01
8.145668238821998086e-01
4.463832281145485581e-01
3.529346099028456418e-01
8.547030613173919322e-01
6.874505661642600352e-01
8.407382209926833605e-02
3.177443897529756978e-01
5.630849682935804568e-01
8.123840903768864141e-01
7.925570878199881264e-01
4.248221358543203818e-01
6.400846285919983281e-01
7.917384421951814133e-01
8.490937654400032564e-01
3.693306229997177503e-01
5.097737691045142183e-01
4.259847872689395132e-01
3.542889017448673239e-01
7.393199368046179387e-01
6.307625253466594417e-01
8.052824930121501579e-01
5.488218530636426173e-01
8.941124044254985526e-01
3.243659672916622827e-01
5.627807498334435055e-01
7.260408765678405540e-01
2.137758371219878051e-01
7.088127020880927720e-01
6.538165479597161101e-01
3.820498731118641134e-01
5.139983957826961269e-01
6.756513913462662835e-01
3.357401278293316027e-01
1.035372001108060047e+00
1.399097384584125359e-01
6.058895034672178159e-01
8.439431457605781617e-01
3.920791708405905185e-01
4.032727591125191413e-01
3.148142587603991460e-01
1.919564308883032755e-01
5.493116340456074553e-01
7.954123665167591728e-01
4.486162287145738503e-01
6.177469277173631701e-01
6.956555225774333495e-01
6.609649904410288546e-01
7.275622115707676141e-01
8.006166727262810090e-01
5.677039017255023357e-01
1.003083733517949439e+00
3.920337676594382592e-01
3.049802275250700356e-01
9.354108037641482021e-01
1.007187088322225144e+00
3.996899991880929481e-01
9.090376193214803058e-01
4.138724424649743994e-01
3.869221506498114471e-01
5.002202970851941100e-01
5.532766487004189271e-01
1.022550056821892150e+00
6.490739779749947758e-01
8.501954922771060019e-01
6.538165479597161101e-01
7.212201961276266671e-01
6.951793560265058236e-01
3.177568163026457393e-01
8.936207124233288557e-01
5.736763568096724386e-01
6.160793922973105685e-01
6.808260634737213213e-01
3.139433023251336774e-01
5.288597584810059704e-01
5.968105069410453156e-01
5.296043594863241166e-01
6.853745522063121598e-01
6.966934404739577591e-01
4.367281711385273546e-01
5.732958596635283621e-01
8.579340092810641138e-01
3.305308947137448605e-01
2.857868830150822048e-01
3.482929630270658050e-01
9.161305071143096557e-01
3.953568313705119186e-01
7.434193025560325019e-01
1.021752796968736332e+00
8.854018091118049938e-01
7.384061509620107877e-01
5.311415318813501596e-01
1.123662422068843147e+00
7.091343947681355564e-01
8.584416196322575132e-01
6.802218777937637517e-01
5.948791379168112403e-01
3.707733207458104308e-01
7.342422817596008233e-01
7.217455399555305906e-01
3.998985235212520473e-01
4.895567912400968225e-01
1.170813626361085769e+00
6.847853553725571363e-01
5.301918641592857639e-01
6.962993830981241139e-01
8.849967586153049126e-01
1.488467459082220834e-01
3.540850957664553600e-01
4.492164671584779612e-01
1.057169022782266765e+00
3.040330130779595463e-01
8.022926614953185265e-01
7.029379199466536665e-01
4.228764126189464845e-01
7.809325312369418404e-01
6.491984468331328806e-01
7.812629321232513746e-01
2.382426076125062631e-01
7.996396190748160659e-01
7.446457073003326377e-01
9.358417693498491952e-01
3.985606766227173248e-01
4.698039967559088925e-01
7.169562361236954118e-01
9.455345329332468518e-01
7.049627988178622795e-01
5.685301613227293771e-01
6.201705371641826892e-01
4.580600887085992112e-01
6.593986464230381372e-01
6.015294244177468164e-01
2.818080939488404879e-01
7.154662863894075686e-01
5.872516003278058783e-01
5.003681636590338044e-01
6.364644786457089864e-01
3.795831927818449358e-01
9.678815240148893606e-01
2.208162543346792461e-01
4.910657964350274574e-01
5.883657683531067217e-01
8.719658984219135212e-01
9.007336971193506958e-01
8.614999407811720911e-01
3.926438042572556464e-01
4.658069943756386611e-01
6.536377141118057121e-01
5.033252537692435302e-01
5.998064551524723287e-01
7.368124493520922247e-01
7.159075742339010562e-01
8.152861026205011630e-01
4.606571251230534014e-01
4.612429034535344141e-01
5.328203975011732707e-01
6.904415643956721693e-01
4.300568598352489391e-01
8.145341595484101305e-01
9.133704574728395142e-01
4.322762660538732038e-01
5.022797839724651991e-01
5.238001393470299583e-01
4.276754522315712737e-01
1.045309057417583176e+00
6.198488130527456397e-01
7.972386758929479456e-01
4.748061757982837139e-01
6.754379544354895959e-01
1.075956543355588435e+00
3.077386824391675768e-01
7.052442748329448285e-01
9.637942446792947537e-01
4.959093164975214019e-01
3.541777057721482436e-01
7.269763288264010637e-01
7.118556695837837678e-01
7.721161495291637422e-01
6.653056108132218149e-01
7.245258905223189716e-01
7.686101827164307787e-01
5.803307173617837655e-01
6.233392847878255205e-01
4.695596380766433597e-01
1.466708470195571712e+00
5.156228259059368879e-01
7.349329957754030529e-01
4.072997454179477783e-01
5.911138609474864136e-01
1.148082272360518630e+00
6.570630007031919018e-01
3.208891810291936708e-01
3.289571419922665552e-01
9.428791534947998931e-01
6.184145894093185936e-01
3.970803273170195880e-01
4.690391881989650069e-01
4.306266889354026794e-01
8.035781071600622827e-01
5.266999158247260837e-01
5.085039767617998141e-01
7.845672307353601660e-01
6.096355113820486338e-01
6.678759630998890584e-01
4.132493561682598071e-01
5.765094470812855976e-01
4.609393680998122855e-01
3.907216343266292635e-01
5.352423083989057417e-01
7.948987654817725179e-01
5.640387533145012622e-01
7.045226784502532924e-01
8.923644416798890422e-01
6.059618031603615229e-01
6.239520067498648404e-01
4.684550594144089031e-01
8.091157204381078660e-01
4.794006585652393904e-01
6.591846566953374342e-01
1.047087252112916866e+00
4.968190192916344117e-01
6.070302314188774639e-01
7.078000419450301006e-01
3.907178764845101737e-01
6.027253079652969969e-01
7.970197015455249279e-01
6.679418491553402726e-01
6.934587031643471011e-01
6.995968797030592823e-01
3.746197652912309217e-01
4.703533733252706073e-01
6.350516829106462868e-01
6.327470439143503267e-01
8.141750247004220231e-01
6.084849800412940324e-01
9.315712629841764736e-01
3.265299018396398134e-01
3.229323625395624231e-01
8.057456753897727086e-01
6.801649344943233588e-01
4.408513332191398293e-01
4.141889135474746131e-01
6.692071822797902581e-01
4.961212823774434066e-01
4.947738491678880801e-01
6.430736423389256107e-01
2.459580505386992078e-01
2.781326633540113225e-01
1.006762767830019722e+00
6.997655879334587770e-01
4.424068216045057289e-01
8.009481518005747702e-01
6.722636307707586800e-01
5.102860273259929302e-01
5.241583279462866951e-01
7.219251009805226493e-01
6.657526295451885456e-01
7.739991084930926135e-01
7.112449877004963783e-01
6.356478729401348060e-01
5.580265546829981105e-01
2.966706432747923117e-01
5.405193151515713668e-01
3.174786943480978896e-01
6.865327881751606132e-01
5.394713658784536792e-01
4.170590835195974178e-01
3.763515453149499090e-01
6.577545003882089292e-01
3.652824817468592888e-01
4.885324291097196125e-01
6.211947033162626974e-01
8.181430109249210325e-01
8.597678611558899897e-01
4.924527693493781499e-01
1.354117902985799038e+00
8.128229533308714005e-01
8.736723630073108815e-01
4.373864537147204579e-01
8.021659270096546113e-01
7.752250058674328148e-01
4.484280549206012267e-01
5.201584001162207205e-01
5.361535575283017385e-01
7.113072541711511487e-01
3.072313275263138244e-01
2.839928360734919610e-01
1.321289360948824931e-01
8.427351617532454764e-01
6.781099869381387313e-01
5.584714846442537795e-01
4.112663616873551975e-01
8.533206857561114189e-01
1.255272660087535519e-01
8.799170700573317738e-01
2.585728092537613598e-01
4.523476623442745370e-01
3.509497586105112532e-01
9.445452501157159952e-01
5.310651555940357760e-01
4.439054078201530862e-01
6.345953607241350269e-01
7.274579856294556279e-01
5.737735859706079022e-01
7.008037262584649874e-01
9.808984742002355706e-01
1.675909787647818783e-01
7.040342999060178464e-01
6.320087619203308416e-01
4.984832718686203479e-01
1.016409997935323828e+00
3.662407703245190715e-01
8.297567648585978395e-01
8.263305983661889398e-01
6.548282726587622005e-01
6.244411326428256359e-01
8.390452147440404795e-01
5.984016734298185369e-01
4.680988075112280655e-01
4.300249939926215625e-01
3.897395449506595444e-01
2.664276705632013797e-01
4.693426436622913367e-01
6.131318664535142515e-01
6.350020508859096635e-01
5.966790219207894763e-01
6.914522017169668633e-01
4.336374536471216956e-01
4.216868683241153382e-01
6.009421497511456822e-01
4.200909074761072781e-01
8.349925227113836890e-01
7.900447522894721297e-01
4.269518051042758278e-01
4.711880489860232335e-01
9.610354657332740302e-01
6.400846285919983281e-01
4.589657139828383081e-01
5.812274298229765934e-01
6.802218777937637517e-01
5.677039017255023357e-01
6.664734838401600303e-01
4.952020576992936518e-01
5.222782475506139166e-01
6.532383213937441591e-01
7.946655296638815980e-01
3.944202488128714656e-01
6.974110522991356920e-01
5.569707729400862339e-01
7.966445966756927621e-01
4.713684655969942461e-01
6.364445364709458985e-01
8.893170291253902349e-01
6.303025647755255978e-01
4.911548512020716961e-01
8.262801775104127167e-01
7.626795931265150097e-01
4.441140783990746299e-01
8.181924435566935161e-01
8.766700735320879234e-01
8.248708874614609776e-01
7.854318428450970391e-01
1.355789988235113874e+00
8.141750247004220231e-01
5.604206263964264245e-01
4.461577201414194671e-01
6.844853702124134021e-01
3.117892430118879843e-01
6.067582400973348111e-01
6.650224464293633675e-01
7.202101017156904428e-01
3.485140710625478921e-01
3.305040043563754470e-01
6.756513913462662835e-01
9.023943492187066484e-01
3.746508586557440457e-01
5.689680985907333843e-01
8.862130234392128214e-01
7.441273987521880295e-01
5.498320548883002257e-01
6.652947154164871035e-01
8.136369158317033889e-01
5.893558951339302743e-01
3.055927666090730854e-01
1.063618044442386612e+00
8.235164745794115726e-01
3.817447185885692318e-01
2.884409676553108537e-01
6.413376358846449854e-01
3.048863846380149845e-01
4.676246469925404159e-01
4.503768342994274310e-01
5.294318117039207294e-01
7.118806176507780359e-01
3.133451951613738240e-01
3.416612662944640277e-01
6.325795488621627216e-01
2.604510299942745521e-01
9.891621915626237493e-01
6.006311812687871177e-01
3.823699111250124516e-01
3.425976876805922888e-01
4.568444330331959957e-01
3.279745144549509051e-01
7.144847993717258205e-01
3.957496732436163733e-01
5.833389507406012697e-01
1.820576545420513059e-01
7.331557128995498385e-01
4.226300529261885486e-01
3.746404936274237985e-01
2.778321253956473891e-01
8.250216528396449034e-01
4.767396344201299541e-01
8.735596432099118624e-01
6.091144944520121562e-01
5.439352391644723950e-01
5.689999748935802293e-01
8.082142884209081446e-01
1.085240455400890980e+00
8.064334446458025774e-01
6.231671734975220422e-01
1.047087252112916866e+00
3.171614362472729987e-01
6.092606548909994535e-01
4.048158639165050920e-01
3.984238673205930392e-01
4.665666483769403960e-01
5.830626653387434022e-01
3.781557233845326271e-01
4.545594952275539558e-01
6.726866341150641304e-01
3.583895690269152667e-01
5.880251162661130904e-01
3.582979036317345267e-01
8.119457010728096114e-01
6.572330810761171094e-01
7.531356705933696105e-01
4.143452176272051091e-01
3.809571658349848455e-01
5.084912471365069520e-01
9.664079550747425307e-01
7.509222034653779687e-01
9.575019140067161372e-01
7.851130799218644096e-01
2.812481650972823433e-01
5.101194305165492882e-01
4.437793300140585040e-01
7.238932859493397709e-01
4.754897259706097334e-01
6.946919613447042341e-01
7.267032396736661237e-01
5.257252272106652802e-01
7.720427823541798906e-01
5.443433855566313095e-01
2.916129466264469339e-01
7.169435833593984508e-01
4.592718467862410558e-01
8.776170059943174673e-01
6.003116635508541910e-01
3.820822121559083184e-01
5.667218794637149948e-01
9.968319970426694487e-01
3.950876849742470109e-01
7.697169557490091130e-01
5.490592135082708047e-01
3.701820727288023249e-01
8.318465754955659541e-01
5.025842637504570609e-01
2.433546260414225226e-01
6.634693408155500904e-01
5.990899884602343128e-01
5.423521955473861178e-01
7.369862164155970286e-01
7.733360848145313104e-01
6.596663290380124778e-01
1.133001205027804437e+00
2.280721254833847911e-01
1.281865808641832416e+00
9.286538473798050530e-01
3.544032592753749711e-01
1.840645698313486123e-01
2.249627112300410237e-01
6.629821007813329059e-01
4.370852784708909033e-01
5.329601995077329901e-01
8.253065823069428708e-01
7.286845295595945071e-01
7.066550332668328771e-01
4.557578918684379587e-01
6.594842812207099003e-01
6.824501277966158463e-01
3.963597366454651438e-01
3.287229027016195237e-01
7.579694984323180895e-01
2.944216724462390689e-01
1.104237325563385497e+00
3.676593832127584283e-01
6.369334797823360539e-01
4.708822032996841656e-01
5.897237720281754969e-01
6.270821685520645561e-01
9.634056916969491180e-01
4.757013021952804510e-01
7.737927126621768625e-01
5.422291343994681823e-01
5.278153415377423441e-01
8.652983281321635634e-01
7.387015402759695704e-01
1.091714801877807117e+00
5.300950090358045319e-01
1.044502782112329831e+00
5.856768814871828877e-01
7.955525547337110037e-01
8.881116500333811059e-01
6.644351052873139762e-01
7.438004175816936847e-01
9.444354575724038803e-01
3.829141252801944728e-01
9.402386466886603067e-01
2.126401005363881269e-01
3.830332658326524586e-01
