5.315863391101639523e-01
6.026269593027598903e-01
7.851130799218644096e-01
2.827416879461376320e-01
6.136783215377414891e-01
7.250431226905990068e-01
4.078804338100095461e-01
9.828444188193001807e-01
6.871482418679818460e-01
5.136799333317774163e-01
6.398527540513923029e-01
3.987680239455509978e-01
4.838831198184400662e-01
6.759886717719179039e-01
9.263668355788970965e-01
6.891765689089682789e-01
4.684982783144044372e-01
5.943395492147667269e-01
6.251137318809157906e-01
9.561497648154057005e-01
4.894447267231747944e-01
4.185414752014356976e-01
3.888181925047801690e-01
5.680770098790003386e-01
5.743901368286078446e-01
7.058201644887146520e-01
4.607877501868897219e-01
7.367990860488773386e-01
5.896552950458219255e-01
9.425510129109986313e-01
3.596045994766528531e-01
9.776879863177933006e-01
4.339199898259717414e-01
8.628906373720677259e-01
5.291973270738332680e-01
3.953491363846448614e-01
4.268620820152877471e-01
7.568539236805453818e-01
3.369151444901430370e-01
4.827962589277670635e-01
4.907573231152083659e-01
7.429026992809040220e-01
5.133294314818921400e-01
9.137196915831167221e-01
5.336322716373123054e-01
5.727462456996609275e-01
7.417768219452764988e-01
4.986056335834279096e-01
3.761006814497570017e-01
1.083995282639404145e+00
6.692733312599167261e-01
6.789259355829495579e-01
1.132843233804884164e+00
3.911354387225309814e-01
6.827712807979319232e-01
3.775301904846055656e-01
6.279060141188729238e-01
6.723415124617604377e-01
3.952991262768993930e-01
5.326736843085642104e-01
3.328163193691583976e-01
3.388542001974906293e-01
6.747200001241812073e-01
9.382191964775278281e-01
6.605673367069423429e-01
4.335680338901903852e-01
3.607029505134377589e-01
5.087714461981609482e-01
3.768752547217559257e-01
4.363200928757673958e-01
7.393064823926652762e-01
7.006103510817789370e-01
8.066255898553919002e-01
6.973631655218771597e-01
5.334991228591289270e-01
1.987489968712638777e-01
3.510286025997956805e-01
5.325479944349660322e-01
9.083668628552858948e-01
5.230448204902401477e-01
5.153742573196274934e-01
4.048804162677844265e-01
5.323177169893594796e-01
5.279250858649151557e-01
4.045135489497749814e-01
4.689417322607028482e-01
7.744122306463514516e-01
5.694625829837388631e-01
4.008969379530957222e-01
6.846930242441296999e-01
7.269893381914596109e-01
7.515612388995625004e-01
7.701693184097396783e-01
5.806044191435894009e-01
3.908118442277724869e-01
3.142176922048816601e-01
7.996396190748160659e-01
8.849196481545035242e-01
4.516536539014858742e-01
5.914236600302366087e-01
4.399918901287428463e-01
6.411959217064451266e-01
4.719489214265610300e-01
3.301038556841147664e-01
3.940644396022673912e-01
4.030647009373643508e-01
3.137662962539251033e-01
4.845410558846038329e-01
6.801535469784686372e-01
4.716749434856662981e-01
5.535706761071709225e-01
7.764399527441028237e-01
6.161354547277918536e-01
6.144580081294251928e-01
5.893558951339302743e-01
6.277216726023200355e-01
4.489533552236423808e-01
4.907988257943647348e-01
6.393693827015999309e-01
8.407382209926833605e-02
4.809557721651882001e-01
5.438187383033740163e-01
9.241751491759623294e-01
6.438380171713359301e-01
6.321857924320654076e-01
1.203237011150577601e-01
6.408318012347691273e-01
5.602196923089656222e-01
9.160478760592800640e-01
4.335310191071846675e-01
4.936315731545961594e-01
5.965125573751460797e-01
6.021713981898042523e-01
5.413836965774724286e-01
3.057100484432409004e-01
5.296388825401477929e-01
5.286739352638100131e-01
5.444163333039888641e-01
4.283112231808131609e-01
4.990527640837913448e-01
6.390575933219593274e-01
6.153794717564976535e-01
4.672535333947938074e-01
9.405869557888669741e-01
5.222983917341890159e-01
5.560711664519067954e-01
3.201255384622661015e-01
6.733221381864084032e-01
8.634591852638090481e-01
7.159580417940317743e-01
5.928736932295751716e-01
6.126233349038191500e-01
4.613057537895526306e-01
4.545645814355546710e-01
5.399445926644020899e-01
8.570832972737177924e-01
3.976400059460377667e-01
6.513321876399178478e-01
6.351609006797522827e-01
4.987158104994776631e-01
5.804302154202248820e-01
6.610833041638506380e-01
7.725860298476114885e-01
7.551235377512026670e-01
5.976094265505075276e-01
4.309510248172970237e-01
8.800695653793667583e-01
5.779200683900270752e-01
5.439935083152821482e-01
2.096768578450423359e-01
7.383524691931617756e-01
4.183992255857806319e-01
4.609184493524655091e-01
2.716130428596631452e-01
7.424139475050612891e-01
5.377646299835453503e-01
5.594482098638998702e-01
9.180143991927541824e-01
7.825119656267229828e-01
6.345953607241350269e-01
5.431788745634762439e-01
7.122800246774253496e-01
6.955364197965511197e-01
3.891608587663395458e-01
8.939550041254500368e-01
6.675138220091514363e-01
5.665243024930894933e-01
8.127091285229549600e-01
8.808519342471152758e-01
8.407382209926833605e-02
7.135561310220250864e-01
6.584261135733703307e-01
6.943476312209775347e-01
6.147369479833086903e-01
1.085211465406089371e+00
2.037796074754182341e-01
5.979260734362178420e-01
7.733360848145313104e-01
4.109626537128560075e-01
4.047311701865698996e-01
5.039871376862673502e-01
6.614600388732264635e-01
6.388967887188524708e-01
5.545757393108492472e-01
8.108113365694744612e-01
4.644649487512513830e-01
6.205589430608257073e-01
6.015917784578026506e-01
8.798217873148732604e-01
5.347139349454025359e-01
5.868105042247140357e-01
9.437553130947580193e-01
5.061850207144168445e-01
8.706017874435195703e-01
4.300249939926215625e-01
7.076274378588566227e-01
7.494675990679263711e-01
7.864810316234357446e-01
8.273571587201529187e-01
3.859810472819920624e-01
8.688515346895000491e-01
4.274504546241261749e-01
6.689647478506940415e-01
4.607668451986770553e-01
5.404186504127406199e-01
5.847327308347768371e-01
8.429624884833265552e-01
4.671353311348912518e-01
7.983353549526785997e-01
9.219310384086453203e-01
4.020196651968981350e-01
9.078796613734316789e-01
3.096055421062908208e-01
4.765383132841871650e-01
9.020336880226691445e-01
4.757013021952804510e-01
5.409439574897064729e-01
7.337781086532213504e-01
4.972507767228112052e-01
2.632492739645087565e-01
5.961624091259237757e-01
5.734010530491179258e-01
7.273668124234933252e-01
4.515934059680182244e-01
3.259718295993400683e-01
4.483142369254880522e-01
7.411543102453241882e-01
3.160461736525851939e-01
6.951793560265058236e-01
8.234997812267280670e-01
3.241718431161831337e-01
5.991960236504514370e-01
8.717226617916647990e-01
7.975360478911019957e-01
1.474009869360720648e-01
8.814252811342363492e-01
6.689977967472532372e-01
1.348454582516578348e+00
4.473170945229186790e-01
5.199520197547349287e-01
5.069113724074386651e-01
7.751806286846595340e-01
8.471990992550249011e-01
6.295797295314667918e-01
2.511414445229502856e-01
4.686820476410312741e-01
6.216985417013841664e-01
2.751785953321250200e-01
4.537015580290252315e-01
5.965826363879956906e-01
6.444303808292664026e-01
6.655344966084590919e-01
5.861923900477172822e-01
8.305201105484402158e-01
4.491667997952009661e-01
6.685574131074952797e-01
6.669768212821908238e-01
4.339107205070969475e-01
8.309787924946193671e-01
7.869228321060911524e-01
6.592167462998889116e-01
4.629142447780506542e-01
9.674205512222741055e-01
6.523152832055775230e-01
5.000762112952525373e-02
6.011911564725627155e-01
8.452776930874712491e-01
5.655069908332213124e-01
3.810858156663222696e-01
7.169562361236954118e-01
1.019982706256169047e+00
5.428740155743716489e-01
5.061787137416451365e-01
7.801676756697832893e-01
5.421712425927792678e-01
7.042661952617182974e-01
4.130308791097516141e-01
5.709833055626495346e-01
6.437155951113445740e-01
2.891471911364276171e-01
4.501073746618169946e-01
3.603062607646668747e-01
7.492326215830650282e-01
5.155246780893741887e-01
7.452057453448949209e-01
7.404788510923017153e-01
6.167434523679512504e-01
7.535547700372271507e-01
3.660691609670284619e-01
8.982124409660470488e-02
3.194785404803157647e-01
7.473580927826070086e-01
6.042493337618538574e-01
5.646031605002841403e-01
7.266382486849279898e-01
7.898297114314561940e-01
2.694726693120515493e-01
5.462904754585753420e-01
5.345521093644167721e-01
7.220534135662327602e-01
4.020395579035196953e-01
8.212025714064473680e-01
5.915528388420377981e-01
6.353198299680494765e-01
4.715654413571480630e-01
2.417414428207922128e-01
6.892935033591285343e-01
7.464517714147609340e-01
2.241731985116347248e-01
7.352522253538623653e-01
3.403616951312601890e-01
7.212458049120645809e-01
5.901435408340759414e-01
4.578432701927956372e-01
7.696148828757048976e-01
4.903486005561558669e-01
4.392829931604341209e-01
6.955126041341713750e-01
6.482040305630327737e-01
5.430989974529685238e-01
4.450140894026328731e-01
3.872098059177916940e-01
5.649250640710444804e-01
6.241820881535983245e-01
4.974212536576869681e-01
6.716745400769960073e-01
1.016867943417610221e+00
7.559525717803675660e-01
5.051339302630676320e-01
1.778945600572633678e-01
9.306322866120758652e-01
2.058186217967035991e-01
1.145524791548526711e+00
8.147955475937533887e-01
9.272760541297152548e-01
7.490254108353513463e-01
7.821353306150622409e-01
5.358777365450065888e-01
5.141805516773653162e-01
7.460816368382023889e-01
8.484376426940594129e-01
6.277216726023200355e-01
5.901692603794083114e-01
8.640652375250330586e-01
9.576824895680564609e-01
2.214337016590645357e-01
3.425139215523148040e-01
8.870450938354721426e-01
6.788011497038656250e-01
5.078238356893541861e-01
8.377993649716839464e-01
8.350955086125959603e-01
7.394679676631286114e-01
3.736996707522486916e-01
5.641249091492898105e-01
6.366440144720652006e-01
4.518696744024398027e-01
1.422395344946305873e-01
6.200853424021515181e-01
3.920905232791590533e-01
1.042626301393002608e+00
1.003554536880930659e+00
5.130636289953012241e-01
7.585214385801739567e-01
6.393895085930553224e-01
6.877880880282557507e-01
3.975116069539222918e-01
5.469229689074563971e-01
5.134851510121460905e-01
1.221176878211950312e+00
4.055797055605945278e-01
9.149956352052287523e-01
3.891757710009575155e-01
6.184240034019417021e-01
4.399585350286658869e-01
4.749838207798168233e-01
1.068991690326472899e+00
6.868461833647853121e-01
4.966246694148914176e-01
3.578371271435224488e-01
4.931821253017001916e-01
7.044982434314913666e-01
7.576867636659446736e-01
5.581032161596481966e-01
7.416414043755035213e-01
6.504978416620277315e-01
4.870038985288180911e-01
5.096330783485579774e-01
7.441682916135801129e-01
4.070263323695954560e-01
7.234678682791115811e-01
8.235164745794115726e-01
6.277507719613220072e-01
7.691049243194365559e-01
9.752002306274174526e-01
6.002141009319329479e-01
4.429325891043955354e-01
3.724457369859268119e-01
5.879144892543698431e-01
7.806924151560803438e-01
8.427351617532454764e-01
8.119943876292089469e-01
7.910909042797296120e-01
5.801483928236622623e-01
7.843248746520377068e-01
1.119056690048066682e-01
5.305103517698127602e-01
9.964652360243555496e-01
6.234923524329994970e-01
7.070239859286960860e-01
4.298566386705565123e-01
1.091626795847828957e+00
4.954436285166158860e-01
2.428222518871565316e-01
6.112315119083556736e-01
6.801307730906389626e-01
2.991523652980629944e-01
4.772661091103964637e-01
6.016541454263344413e-01
8.187365970188225095e-01
4.834857626596483215e-01
6.459776941512339610e-01
4.473318711182716068e-01
7.076274378588566227e-01
1.049088193561536819e+00
5.979260734362178420e-01
6.927255726400708413e-01
8.672378790768709989e-01
4.549718471903882455e-01
6.143093436886929437e-01
7.696586250777134319e-01
3.231172945364354510e-01
6.654581838467591437e-01
8.398952057614785804e-01
1.624099145570722935e-01
9.670981314418299890e-01
5.095052450331972738e-01
6.226895848849182125e-01
4.689417322607028482e-01
3.298840527123805821e-01
5.529377741895026288e-01
4.549005230107715514e-01
6.231862922805527782e-01
6.843700612772182224e-01
4.527610552841057068e-01
7.307423680159180757e-01
4.000402868232723064e-01
1.137537905173940933e+00
4.385195670111176613e-01
8.881698995950361164e-01
3.526129554250632125e-01
6.162289147891839569e-01
4.907869671697608349e-01
6.818087273005664084e-01
8.231326986156531911e-01
5.885532952912271298e-01
7.131427730133229614e-01
8.493955676063592586e-01
3.567185424549058625e-01
4.842291790726251377e-01
5.509729864168954050e-01
6.702007919934828140e-01
5.649250640710444804e-01
6.452287285581295162e-01
5.383133185031464540e-01
4.270685015240677784e-01
6.880443602648356194e-01
9.802830753215807658e-01
3.529039508624078891e-01
5.345028775406479582e-01
6.505290910579344388e-01
5.021245792336409552e-01
5.041247280198170033e-01
6.574032495222498218e-01
4.967218253426863850e-01
9.443256905503707443e-01
5.821436011675424904e-01
8.585087416495024160e-02
7.809625561328927823e-01
7.180333558534581773e-01
8.106495431910634153e-01
6.713637389479094608e-01
9.254383162667307872e-01
3.952568199129892212e-01
5.523063178230841475e-01
7.754173657207716897e-01
3.066376662073211912e-01
5.920701188876623666e-01
4.483191843325345372e-01
1.340047869358653942e+00
4.194186579338938237e-01
4.442063441854131045e-01
2.683583441170868111e-01
6.702007919934828140e-01
1.365005735810687904e-01
3.872984012991996239e-01
3.102273444275532865e-01
8.300788951487905187e-01
5.812856457113804165e-01
7.372938513153711737e-01
8.297567648585978395e-01
5.405696615855459797e-01
6.692512801468971650e-01
7.076644173615926903e-01
6.903477017940923277e-01
6.365143395505915569e-01
3.245162494805885478e-01
5.916734566562815711e-01
8.318465754955659541e-01
6.162382623547866256e-01
4.467956140497877371e-01
3.517367504846573567e-01
5.633973290731406625e-01
7.744122306463514516e-01
3.911354387225309814e-01
1.047546252223433116e+00
2.869556918562777281e-01
6.843700612772182224e-01
3.611454560666105262e-01
7.298889884381134507e-01
3.384617856456572649e-01
1.077354704770259630e+00
5.030136474310878958e-01
3.144584813644782928e-01
5.556452506049123219e-01
9.485148542488197609e-01
6.098917761218578537e-01
5.000725178792799763e-01
7.945411931835898445e-01
4.841772386327030664e-01
6.258649084498068005e-01
3.105926023905331568e-01
4.536103709004896678e-01
4.987341780528991575e-01
7.537505094435118513e-01
8.080535297359910940e-01
5.878889658549839581e-01
5.897751402032018753e-01
1.140411846488980530e+00
6.046270458026038463e-01
7.459446430927993976e-01
7.313738380347271084e-01
4.511821415519258194e-01
6.456696897197499174e-01
9.128983889682692476e-01
5.622044174851501541e-01
6.937784549401760925e-01
6.876018280944611316e-01
5.416652160996926479e-01
6.984302033400432430e-01
7.159075742339010562e-01
4.810810729762206028e-01
7.909522839351456058e-01
6.655563034695349822e-01
8.187365970188225095e-01
8.640652375250330586e-01
5.716179992609674576e-01
4.389459995837641237e-01
6.732328722051762471e-01
1.136328807794941609e+00
4.821316054577675092e-01
8.001120890116388829e-01
6.038272151410833954e-01
9.072713939629040159e-01
5.732554109455310076e-01
4.222610511337617778e-01
6.377533941519144545e-01
6.001786314779126164e-01
6.531543009015877699e-01
5.786939104496653385e-01
7.368926393520215390e-01
3.821361227304764796e-01
7.023910095002757759e-01
4.631675754178717908e-01
6.321857924320654076e-01
9.073119197649794909e-01
9.203020004865313242e-01
4.466138740075740743e-01
7.622359834038866522e-01
6.035939559836112078e-01
5.539405384313309533e-01
7.088127020880927720e-01
8.711058239874120979e-01
5.450664306268040438e-01
3.189392832775423403e-01
7.326664840477015161e-01
6.083665215190403597e-01
7.569949541139073812e-01
4.632415157585431098e-01
5.519686305363715739e-01
6.070393019959797742e-01
4.373487841130483389e-01
4.163239517060561279e-01
5.493190616926096892e-01
4.668025372004062090e-01
5.458280648072896257e-01
5.990899884602343128e-01
3.212825333144342377e-01
6.516038111102067099e-01
6.804611438055165884e-01
5.215273083017992750e-01
4.866946748868103967e-01
7.155040897438612602e-01
8.810047538054508465e-01
8.310807906279806812e-01
7.779714511476082395e-01
4.666577589739470122e-01
6.664734838401600303e-01
4.483191843325345372e-01
7.322438934296494617e-01
6.050142405092848730e-01
4.680556622786676280e-01
3.971385536539479566e-01
4.630303202466114487e-01
3.909209034504763092e-01
7.760691387754208304e-01
3.788928484189232337e-01
6.670425300474025487e-01
1.016791590516017196e+00
6.151930947888568646e-01
6.776575290242864424e-01
4.568187474134369208e-01
3.398776120028525471e-01
4.444687826990618706e-01
6.975547520987130934e-01
5.948355863810026456e-01
4.306221243107584695e-01
6.685574131074952797e-01
4.298884795661099267e-01
6.189044973716780751e-01
7.954746662909134569e-01
1.015241564600198654e+00
2.558516415956176293e-01
9.823215786700104646e-01
8.761028942738181557e-01
9.589031583693753413e-01
3.660427738005203602e-01
3.965802847329795155e-01
7.193301793235524766e-01
7.986021467953007269e-01
8.982442171153725008e-01
1.445859446335851228e-01
5.326038492773211841e-01
8.433474747768772151e-01
8.278460906705714661e-01
5.428812701448171296e-01
4.150140079220839273e-01
6.254987252490755711e-01
4.755064225139223333e-01
5.201717206043220409e-01
4.829282614236103943e-01
9.757858239251784305e-01
5.386059343923441656e-01
6.172963669823731125e-01
6.186123434617556427e-01
6.765515547400694496e-01
9.866397378865076062e-01
6.258841931268402936e-01
5.177651755942616063e-01
4.578793923569378643e-01
5.069240230531188995e-01
5.494527936956726810e-01
9.443256905503707443e-01
1.027749726965112131e+00
5.422291343994681823e-01
9.409355230452102203e-01
1.062338621047487219e+00
6.948107750684456851e-01
6.749666247005541297e-01
8.808519342471152758e-01
6.667578855303213370e-01
6.110108772632196761e-01
3.403645467586899342e-01
2.123710934460246724e-01
8.830154369438769635e-01
6.928673478668488928e-01
7.097414561309064451e-01
6.110108772632196761e-01
6.039169782139909293e-01
6.633176782998930765e-01
1.283526309041640001e+00
4.998633134102390962e-01
6.518965821669012728e-01
5.635849119414695352e-01
6.637945655704473591e-01
2.069952675403900488e-01
2.934751978116765248e-01
7.745303465611133031e-01
6.294821762318817404e-01
5.913633958903147247e-01
6.627225319327397779e-01
6.947157208385682514e-01
7.321911038763778690e-01
5.193006673587747812e-01
4.442063441854131045e-01
1.074618855345385482e+00
2.405134788997445594e-01
5.943395492147667269e-01
7.233132948896456860e-01
4.016579615739789832e-01
5.193869773511762267e-01
6.844738375703759425e-01
3.159011757968658851e-01
2.268609134071777889e-01
9.080420037881256068e-01
4.447412688978811257e-01
8.570832972737177924e-01
5.600729469563239249e-01
3.768018476786805793e-01
7.944635026396197341e-01
5.746907795653832807e-01
8.005377895733136739e-01
8.011850906692887797e-01
9.946841782350753780e-01
3.712883966465320706e-01
3.788928484189232337e-01
3.347083494609797150e-01
6.633501715730536485e-01
3.876125029337164074e-01
5.542201498953213123e-01
2.565188558911217220e-01
3.574844572599409909e-01
2.069952675403900488e-01
5.033252537692435302e-01
7.863288016312510731e-01
3.944049319677772059e-01
8.828043636724097754e-01
4.781480315840653805e-01
7.975360478911019957e-01
3.390719728197254534e-01
7.245388123323872609e-01
4.057133704258074625e-01
7.572489413860152840e-01
4.125820464883659944e-01
5.584714846442537795e-01
2.352284325057726333e-01
6.222127277492601749e-01
7.105234925051936434e-01
6.459366099164763897e-01
3.119352801280527721e-01
8.691117644883074034e-01
9.001150202175116632e-01
5.305034240575224880e-01
5.920010959514586668e-01
6.797438502045837216e-01
8.042940250935844970e-01
3.895265378067266915e-01
3.551747788728532029e-01
5.154788885608038163e-01
8.764809322001498870e-01
6.773637550225419801e-01
4.055797055605945278e-01
5.629913275887546975e-01
5.601501717680379411e-01
7.833267364829153978e-01
6.440625785952969196e-01
8.960253028844251677e-01
7.457392467779747625e-01
4.542545309003148124e-01
8.490405284960071963e-01
6.202462854969152950e-01
4.759688256570080989e-01
1.124066606000856394e+00
9.054111125159230999e-01
7.276013039989422948e-01
9.200102182547943430e-01
6.599449496000024951e-01
9.519599579959449054e-01
6.284791337790370802e-01
4.932899181285526069e-01
5.425115340928775565e-01
4.415941041727570182e-01
6.281681594426792303e-01
8.478886984216590372e-01
2.431754531753678172e-01
8.953933395225354142e-01
8.806609843372416035e-01
7.150507129840699694e-01
7.694545373312300374e-01
8.163510008736626355e-01
6.503312289088325482e-01
5.650036328263046137e-01
5.918889679975078977e-01
5.051339302630676320e-01
6.103499279969493152e-01
7.991205462060496645e-01
4.234141205206777836e-01
7.174880558004442799e-01
6.443486107010047981e-01
5.808534630751637229e-01
4.802734605492209874e-01
6.228900829113300786e-01
4.377304888315334264e-01
4.437405512498711069e-01
7.734391472151728175e-01
7.383524691931617756e-01
7.690175707020453499e-01
6.916052299536423753e-01
6.876018280944611316e-01
6.236072025094320237e-01
8.419317584240436636e-01
2.487167175273172770e-01
4.667274557969365301e-01
7.213610669509553652e-01
4.956068220992673745e-01
6.451877395336682586e-01
3.365327811348698961e-01
8.022451313706225884e-01
7.051218663428499012e-01
6.460907027494028343e-01
3.222816507804349695e-01
4.411912598553100473e-01
7.523406646075216919e-01
8.011692903835161417e-01
6.930091811377654398e-01
7.243837810255865373e-01
5.105938767215946195e-01
4.371370134447775113e-01
5.204516085357745458e-01
3.411763473455522999e-01
6.972554443134173496e-01
5.797923618124813938e-01
6.150440744788492342e-01
7.977083120442388653e-01
5.293904169649976676e-01
4.234052946124667316e-01
4.016659041088871396e-01
4.465647804541721944e-01
2.003239275305082889e-01
5.967579059797425423e-01
4.797743278119509514e-01
9.023141773643904573e-01
1.090835379611109879e+00
6.416313860455966633e-01
1.340003668155719474e+00
3.736068790519966321e-01
6.333487864221654107e-01
4.545340658947710222e-01
1.013797444786308510e+00
3.596109659063720931e-01
4.592199311306952025e-01
4.719160272692913827e-01
2.235440910327734787e-01
9.250800684840476684e-01
1.506109396942059697e-01
4.415125167908551251e-01
5.312179301402674136e-01
6.116364228767984246e-01
6.635018489494504124e-01
5.323177169893594796e-01
7.803475068666337888e-01
6.865095850932295685e-01
5.397150457344389585e-01
9.551381564309349148e-01
8.210697927862272705e-01
7.627941568867955269e-01
7.719547601466376641e-01
6.871249971665334133e-01
3.530849162369690819e-01
5.536838468009179781e-01
4.015071130694197188e-01
8.937976592334100356e-01
6.562351178799624707e-01
1.043188537284671424e+00
6.042313592449795046e-01
7.208234923876746247e-01
2.353088198759127336e-01
2.325076045641834566e-01
6.101849140478379230e-01
1.298708200104758514e+00
5.002634158074668047e-01
2.258255716249865375e-01
7.615358453769157654e-01
7.037537887169897921e-01
9.504677181104522754e-01
5.712964591123181890e-01
7.986963512007894117e-01
4.491667997952009661e-01
5.102219387540749551e-01
6.590777139064057932e-01
6.613954252881973916e-01
9.647326337562800447e-01
5.736520546679793053e-01
5.847327308347768371e-01
8.417573081819432756e-01
4.027769745541130431e-01
7.502011229036221751e-01
4.593237741814342190e-01
5.797261716918339358e-01
6.218508045045378907e-01
2.861572844920083347e-01
3.148874634340222967e-01
1.071537801514451660e-01
9.477845976127885486e-01
6.243643563070874203e-01
4.018327699332036040e-01
7.677967002603797164e-01
4.855951614568126962e-01
4.959093164975214019e-01
4.414021818362048877e-01
7.471656589324827680e-01
6.561079364236078737e-01
8.721530959097669733e-01
3.566966179141374815e-01
4.191027947910098139e-01
5.529377741895026288e-01
3.339846527576062485e-01
4.883679895110530356e-01
7.687701765096690565e-01
7.381780573368635912e-01
5.352423083989057417e-01
8.558554618466924779e-01
8.390798745761101074e-01
6.843815904224552771e-01
4.811209551088011516e-01
7.004895457794111380e-01
7.389971660174441404e-01
6.482557478693584674e-01
3.397468614203501547e-01
5.166326424635265813e-01
8.204893908160878491e-01
8.662762539977173493e-01
4.200822195650464885e-01
6.485351639896705933e-01
4.156041617558946522e-01
3.785433260417721546e-01
5.393639299983663538e-01
6.774202302397357434e-01
8.862226897061975528e-02
6.229091846955894241e-01
5.051590550544261538e-01
4.825955239662265694e-01
6.640549750310893451e-01
7.691049243194365559e-01
6.311839287708302937e-01
6.206158237595587046e-01
8.832266111722095747e-01
5.529829334714074784e-01
5.382633914656298479e-01
6.444099363515902734e-01
6.434606986216353519e-01
3.494343767577302029e-01
6.553987449782520125e-01
2.091522231073382199e-01
6.325303024861730350e-01
4.631781368785068409e-01
5.490740553532593715e-01
4.794063158777076561e-01
4.726022709106206254e-01
5.379568998699226778e-01
7.086519651730763814e-01
6.054380209758115639e-01
4.759688256570080989e-01
6.847853553725571363e-01
5.312804541557941684e-01
7.667967385329738095e-01
5.175936602726143310e-01
3.836409508416699365e-01
4.837448345734335353e-01
7.982726063051807097e-01
5.869631163306500143e-01
6.750563510714017168e-01
6.093520407907265790e-01
1.863792154273174184e-01
7.093696626006558148e-01
7.717934382179256758e-01
4.449117424978310531e-01
4.078681486248099675e-01
3.023652746598759489e-01
5.172641422938826228e-01
5.334500847938671297e-01
6.536061653523763670e-01
3.069759572573236284e-01
4.701247637216269815e-01
1.194491393978187599e-01
1.011097618344830584e+00
6.871249971665334133e-01
6.046180471711530835e-01
4.432950820845776851e-01
1.378002483208742968e+00
5.305034240575224880e-01
4.758963416795754520e-01
1.025466761093420498e+00
8.275256906925151368e-01
8.452952810544518414e-01
6.956555225774333495e-01
3.851102125100906437e-01
2.388491187250975922e-01
3.905450938510199865e-01
5.731502709858485867e-01
6.619342578573143010e-01
5.703580272575983212e-01
2.627606023457838558e-01
5.910364618822572247e-01
4.137122816354735222e-01
8.300958563031661797e-01
1.962858567869281701e-01
6.396411891843581943e-01
3.982324920105961841e-01
1.252424429123437655e+00
8.098738329308431405e-01
6.144394211394490490e-01
7.195467721262678307e-01
9.674205512222741055e-01
4.880101291050255030e-01
8.986217308325284980e-01
6.170713329912197453e-01
8.411473012294128360e-01
7.009125467128529685e-01
3.581652299535106887e-01
9.053707563343128539e-01
8.860390666843391827e-01
5.380138951314009654e-01
5.530281001303714028e-01
4.914281540091807732e-01
6.535851345379756205e-01
6.930564717995966184e-01
8.468458935936995502e-01
6.152583138844590627e-01
6.059346887534782233e-01
3.421590924651266574e-01
4.270191221774822798e-01
2.527476697845305598e-01
3.227117487844315957e-01
2.694726693120515493e-01
2.279712730594020409e-02
4.660421154924508924e-01
5.614895401298782840e-01
6.007821828967310207e-01
4.507166131257567265e-01
4.149249936928878224e-01
4.936435696446601629e-01
6.609649904410288546e-01
3.700269718047979328e-01
7.633531484521871580e-01
5.495940259135386752e-01
3.285049343188665705e-01
4.700812442285665638e-01
6.242204515523264163e-01
2.436582190709292162e-01
8.386987738444393603e-01
5.583947219699112452e-01
9.130214902231025276e-01
6.037554238928314332e-01
1.034923605428158977e+00
6.244411326428256359e-01
7.021118060088307189e-01
9.749427921830845500e-01
5.553641996920978263e-01
3.328163193691583976e-01
6.889428189915877132e-01
7.399663249754457883e-01
8.072827774074866625e-01
3.810536450631913374e-01
6.509773292227822861e-01
6.638921951803659072e-01
4.308550436156598495e-01
1.047465222965061837e+00
3.389559811392034439e-01
7.646318691412941071e-01
6.791983549976920997e-01
5.803390075637403500e-01
7.530100316492485124e-01
7.460953389802930102e-01
5.168100958881136631e-01
8.586593508513052919e-01
4.839753539132350957e-01
3.719615009199669919e-01
5.944091185525928189e-01
7.066058686705677383e-01
2.816186004469651283e-01
5.919924692159732604e-01
5.883657683531067217e-01
4.695976327300537823e-01
5.577890378882490729e-01
6.276246942200739420e-01
1.380578101253209788e-01
3.591499832688875848e-01
5.578579735451292265e-01
6.345953607241350269e-01
4.273155696589560071e-01
1.225745744424975303e+00
5.841357816653047763e-01
5.571158969758220891e-01
3.964603070926519535e-01
1.121305305202234370e+00
7.219764205419849645e-01
3.579190964774230932e-01
7.675210883709985277e-01
6.008799302974004997e-01
6.052485989105786945e-01
4.408130644589997038e-01
6.372731882957418659e-01
7.820449921550225447e-01
7.239577868212946354e-01
2.222295286121732938e-01
2.386022201517482011e-01
7.443319080136491239e-01
7.137567195649270335e-01
8.964207331908681242e-01
8.204893908160878491e-01
7.601678681089208967e-01
4.644649487512513830e-01
4.607668451986770553e-01
5.216344531006286145e-01
7.004050068528145934e-01
8.592405077723552775e-01
4.423153017820803390e-01
5.264814899301084594e-01
9.188657198832206330e-01
5.705582877935584385e-01
5.415496855001192822e-01
9.329832856596226298e-01
8.071865367378043832e-01
4.031847082917522362e-01
7.774503618378870717e-01
3.692802647687681850e-01
3.889410359739296497e-01
7.846126891762162936e-01
7.461912680689336552e-01
5.059769735642912769e-01
4.861530229222745803e-01
6.425650666288684754e-01
8.018650930161449475e-01
6.979622233051618885e-01
4.494649688275372257e-01
3.162380701639924130e-01
7.558259913203398961e-01
4.985077394067828904e-01
4.963273656702661407e-01
7.480737157492165501e-01
5.536310280526710592e-01
6.514052947563049312e-01
6.388766938333797496e-01
6.133540358045256324e-01
4.322532687210264846e-01
4.191114422370237347e-01
6.801307730906389626e-01
5.031694023567212515e-01
5.253784831228833774e-01
8.954130748837767495e-01
5.187105454292948448e-01
6.650768823973437494e-01
6.512068993247780435e-01
3.830152094684154407e-01
7.368659074126995279e-01
6.331513677271473073e-01
5.137189075300576668e-01
6.353397017215124398e-01
3.839854364683354393e-01
5.659560497551852087e-01
5.524415084580136526e-01
8.219668826375233772e-01
6.080205224497037264e-01
5.288391050062738463e-01
6.654799857071216351e-01
9.394341690749457019e-01
6.287514890032339654e-01
4.331011855807777589e-01
2.439069111094384068e-01
5.706384313894391491e-01
5.879315060852260411e-01
5.943395492147667269e-01
6.607177439982589995e-01
5.878804585476521405e-01
4.595108100699810683e-01
8.539843856020884472e-01
4.185759745245165586e-01
4.023182626486918601e-01
7.210409855432350357e-01
8.158591639048269339e-01
4.076512323139294125e-01
3.971463184557634252e-01
6.826450775062921084e-01
6.092972059614091274e-01
5.930987387216326567e-01
2.248170535327608521e-01
7.416143267945188855e-01
7.888481564200654494e-01
4.707567031006518188e-01
9.465920546048641748e-01
4.185414752014356976e-01
6.568186643300342187e-01
6.623659564586267257e-01
1.458017636496906355e-01
9.160478760592800640e-01
6.872179854094045970e-01
9.007336971193506958e-01
5.096330783485579774e-01
8.570290537841642742e-01
7.567270412121999135e-01
6.726977729707563913e-01
4.393352497320934802e-01
9.342276924796355519e-01
6.364644786457089864e-01
4.884443226984677144e-01
6.865327881751606132e-01
5.061850207144168445e-01
2.106564784234139232e-01
4.341286542507528656e-01
3.570477342896550832e-01
6.912639522108076084e-01
5.252697949015004975e-01
4.841830092424312393e-01
5.204516085357745458e-01
7.591167353217158631e-01
2.565188558911217220e-01
5.617845950642608166e-01
4.916065588958572485e-01
4.130854767143927742e-01
1.169196201216742947e+00
7.153151129096358973e-01
4.251199883579803163e-01
5.335691928797309247e-01
9.664079550747425307e-01
7.253667679798049273e-01
6.046540433041652784e-01
2.450013039078307031e-01
2.922191538567777691e-01
1.874308693469635134e-01
5.784878991751908339e-01
7.505198915087467615e-01
7.564029792112340056e-01
5.549393657279041436e-01
4.663738256816475358e-01
5.202716460155339950e-01
4.932839284020223425e-01
7.829945880710229567e-01
6.169776172446951312e-01
5.469008805292931985e-01
3.887698209259393134e-01
5.806542108438190741e-01
6.036387995167451503e-01
6.786423976391859902e-01
8.287749644513637826e-01
7.392123152187519697e-01
4.360859100396847765e-01
7.237901084570438348e-01
5.885959317223551368e-01
4.468644191294448009e-01
5.549393657279041436e-01
4.087463522872445965e-01
8.629272952860561618e-01
5.141805516773653162e-01
9.664079550747425307e-01
5.982183897975985182e-02
5.914236600302366087e-01
5.271304718881630880e-01
6.780307631930860834e-01
8.537331345482178646e-01
6.070574439634337516e-01
8.676824264732369008e-01
6.364644786457089864e-01
5.657905240449702111e-01
1.154001483019499591e-01
7.222074488893877042e-01
8.803460979159188904e-02
6.242204515523264163e-01
8.071384250074894462e-01
4.864848600413971824e-01
4.424501863194248985e-01
5.933672855835383508e-01
8.549188999658441368e-01
4.367798216049559312e-01
7.336455955408125451e-01
3.607670145504005554e-01
4.738314987400650269e-01
3.640386326222228019e-01
9.563523436869265648e-01
6.685684156322321270e-01
4.715544939406037250e-01
3.255486557907904532e-01
5.492819254661567285e-01
6.272273959375157526e-01
2.889477026905242774e-01
4.391832651266142640e-01
3.750451551650383353e-01
1.012433115871927303e+00
1.240454693358074900e+00
5.559418015638525334e-01
3.996113672645061343e-01
7.121052289694288495e-01
7.655396236357238093e-01
6.169214014590052031e-01
6.827712807979319232e-01
5.250796986839296743e-01
5.870479351388248057e-01
4.809688687401594831e-02
4.514629239037278863e-01
9.112602051877919385e-01
8.676824264732369008e-01
5.305519218434779916e-01
4.462753480405241002e-01
4.999986610151009869e-01
8.504980782874210776e-01
5.740411361802593149e-01
6.655563034695349822e-01
8.972324574291477006e-01
3.268109696756977267e-01
9.142337565819819156e-01
7.129800664714535108e-01
5.155770189412647309e-01
3.646398578908451871e-01
5.743738948306487124e-01
4.742463543633927969e-01
5.009852165183986683e-01
8.047879555355088588e-01
3.306654121626345089e-01
3.750970980792849296e-01
6.941696633370973979e-01
7.332351088796490446e-01
7.127298936380805916e-01
1.991816551732306373e-01
3.810858156663222696e-01
4.452433222362173759e-01
7.698774106935444284e-01
5.590709586111188845e-01
9.416989153332626650e-01
8.313529081053687708e-01
5.173958991247478156e-01
5.760353237501163459e-01
9.236498467016108771e-01
6.029221016247692244e-01
9.694752579103892431e-01
6.081024340250420490e-01
6.948345426903543842e-01
7.125798741905413625e-01
2.243787313660321470e-01
4.599894834230889851e-01
5.190087539601522248e-01
8.827659975549098093e-01
4.099631784717233662e-01
4.360531445014431129e-01
5.395143522155267934e-01
5.771810926685650989e-01
8.881116500333811059e-01
1.056399292892577169e+00
8.237335497683797580e-01
7.386075271349578086e-01
9.519153456774598343e-01
9.902471957946850090e-01
6.776688331133141618e-01
5.264746670400309858e-01
8.549908704088594602e-01
6.788011497038656250e-01
4.601979134709714980e-01
1.116589924071048401e+00
7.166021274536867880e-01
3.973832908557771160e-01
7.037172167797285383e-01
2.522110272076793502e-01
9.868314719915697308e-01
3.909397129169420726e-01
6.030205466531631808e-01
7.985707502649189715e-01
1.142914367913263618e+00
7.875635617834741975e-01
4.657535908405593394e-01
4.331704559095478912e-01
3.198709584538829698e-01
8.427351617532454764e-01
2.992052439862490365e-01
7.438004175816936847e-01
5.994258953783504484e-01
5.411673421449193500e-01
4.580807488016795381e-01
1.040943224113484389e+00
5.946440353563768877e-01
7.774801195643601393e-01
3.005599953203290653e-01
5.027708621999078531e-01
6.371832301939701626e-01
3.657099627085290683e-01
3.897731989549440001e-01
4.939196499389295614e-01
6.614600388732264635e-01
7.019055808334246915e-01
6.726086724528047567e-01
5.242462603556102829e-01
5.849011058436557331e-01
6.408014765284942849e-01
4.664220164120937429e-01
7.848703865432178350e-01
8.476587073295696051e-01
7.954902427593442127e-01
7.895227131955485644e-01
6.104324684449061733e-01
8.904476077302446724e-01
1.057747056720830914e+00
8.015644845798697293e-01
5.079698806811747680e-01
6.158832541080766498e-01
9.467685382431879626e-01
7.834778062076092064e-01
7.635683634214899262e-01
2.376780979118026382e-01
3.255486557907904532e-01
8.048038988762817869e-01
4.596199846978883397e-01
6.967053885693182957e-01
4.545900141829885555e-01
9.175375193666309714e-01
7.145099320660068809e-01
7.003204883289998461e-01
8.140118862579789338e-01
4.696247755329397422e-01
3.285208734229091987e-01
8.085199062109809098e-01
4.101411516034865756e-01
5.623444977641393061e-01
1.113559870826077214e+00
3.998788421198010146e-01
4.148148384895792851e-01
3.575222100650093382e-01
5.632489145034654809e-01
1.085211465406089371e+00
3.855268441990695738e-01
9.808747907254737886e-01
4.165331146761230285e-01
7.144219753706555487e-01
3.491670781403801715e-01
7.591167353217158631e-01
5.231323796628372103e-01
7.446593567496461175e-01
6.975307980198992563e-01
4.761027002563865684e-01
7.524800179202221218e-01
3.424186512881461919e-01
7.785081579724613121e-01
5.761823819972052840e-01
6.146532394389346843e-01
5.656644741913858798e-01
7.697607095550430545e-01
5.624145640839637306e-01
7.294303014234378990e-01
4.757904432619337043e-01
5.735629644280867412e-01
2.876648365172596034e-01
4.907988257943647348e-01
7.702423299296012882e-01
5.274315954439778853e-01
5.741141477293558726e-01
2.489316054062081507e-01
7.954746662909134569e-01
5.386987814763628535e-01
7.238932859493397709e-01
7.081578469760828609e-01
6.309584569235074936e-01
8.346837173568850687e-01
6.141978925581988991e-01
7.613217744696868516e-01
7.376955004081524603e-01
3.909209034504763092e-01
4.285597317074599233e-01
4.590020134845487210e-01
7.233004167552781194e-01
7.082936607761516346e-01
6.000190707984071059e-01
5.022052737255010557e-01
1.045309057417583176e+00
3.079276222805802377e-01
4.052075287259438441e-01
8.090190422677875359e-01
4.390218966604738648e-01
3.739094810580581019e-01
3.146240858062681056e-01
8.621215399914465838e-01
6.797324767840736692e-01
9.013732240398701911e-01
7.100019435750454244e-01
7.992934956021908732e-01
5.275959897074928850e-01
3.867600720444496765e-01
3.914067674529535523e-01
8.371088235622698992e-01
4.738038675034049740e-01
7.487631083654701092e-01
7.882818070373516228e-01
7.619071869369270500e-01
6.936599939807559512e-01
5.300051038157462813e-01
1.042332038678048800e+00
7.026218234054023570e-01
8.460698768634820066e-01
7.651935583710411937e-01
7.052932501298081469e-01
3.822943482155812256e-01
5.145517682576369323e-01
5.415424664739585392e-01
6.971836486610082373e-01
5.486661967704840048e-01
6.594949871343661618e-01
3.591499832688875848e-01
4.113204937628656688e-01
5.847411472828636381e-01
4.473170945229186790e-01
5.282133819721356316e-01
6.199150230796233174e-01
9.322553458814729632e-01
6.348135199230713344e-01
5.477562657751120501e-01
3.071407385571487958e-01
6.514679710623478837e-01
4.000402868232723064e-01
6.456183842012102048e-01
6.566912566069694757e-01
3.899677581711250562e-01
7.213610669509553652e-01
5.882720496897817508e-01
5.810029920121986269e-01
4.155148942157814718e-01
7.748405723341017515e-01
7.578846558490559548e-01
3.281361108798268034e-01
6.662330256896362712e-01
4.628720499444774483e-01
4.666577589739470122e-01
6.542166482676611272e-01
3.212825333144342377e-01
5.908731303993506323e-01
4.000954441438372977e-01
9.040410175907815926e-01
5.280486027956033945e-01
7.165642079845654377e-01
4.468349286434545320e-01
3.237197890534762590e-01
5.806542108438190741e-01
1.271355423655159189e+00
9.052900547627177330e-01
4.036453992496095156e-01
6.234540784745008501e-01
5.162452976437161833e-01
5.668246739612528007e-01
6.058623955300576069e-01
6.873109988237763313e-01
7.776438277880772798e-01
7.925261647966631573e-01
6.814541844749970601e-01
4.427057288451691774e-01
6.110568296779169684e-01
6.323826093534806736e-01
4.483340272088657263e-01
1.201436439996834277e-01
4.054865972718983969e-01
6.529338499088213066e-01
2.892583659616002612e-01
5.512196907391716527e-01
6.398729103856881650e-01
8.253401163601022938e-01
7.578846558490559548e-01
7.049016381086367078e-01
8.631289695004346063e-01
8.173693454484116661e-01
6.568717654735464206e-01
6.131318664535142515e-01
3.442991635730675015e-01
1.990750700377469373e-02
1.032661189818936176e+00
4.332489890738520089e-01
7.608227434166782155e-01
6.814198934462235568e-01
6.319596043724248213e-01
3.912371429016338054e-01
6.753593537724960072e-01
8.621215399914465838e-01
4.211055146309494734e-01
6.824501277966158463e-01
8.911312452285021779e-01
2.875019724101890994e-01
6.475118139540476658e-01
3.800910462704379933e-01
8.544801425114095794e-02
7.926962712926487464e-01
8.623960601922634472e-01
7.481425978799093324e-01
6.841049981051622320e-01
5.501000840552058291e-01
2.060242473183911405e-01
5.545833100006409833e-01
5.240569041212196355e-01
6.697367405367297133e-01
2.459580505386992078e-01
5.943830281424028472e-01
6.237795569806217078e-01
5.699819177747418308e-01
9.036589377942200185e-01
5.426202277004454899e-01
5.853140347151865042e-01
7.836591668108979780e-01
4.089850218710870955e-01
4.018327699332036040e-01
5.453371529294175346e-01
6.623875561702392556e-01
1.365271801809958552e-01
4.752171816472323118e-01
3.606581192237014455e-01
5.725928654029930343e-01
4.884443226984677144e-01
5.533746231250180614e-01
5.361889397285979353e-01
7.736453544491049827e-01
5.322410020893636462e-01
5.894927259301596667e-01
4.671783068547684103e-01
6.634910125508656220e-01
7.640278945211192996e-01
6.656980829069076844e-01
4.820229141845865928e-01
7.568962272926229584e-01
5.424753125664586451e-01
5.713366318469439431e-01
6.741825352231562984e-01
4.598124662706359334e-01
3.223455808383542398e-01
3.631340109541797423e-01
3.239185374189858524e-01
5.246389338982482275e-01
8.759895464782851970e-01
6.622363877655383924e-01
8.610434540912009771e-01
6.195179749519931223e-01
3.975505069820032822e-01
5.165800870715007154e-01
5.036434902119579782e-01
3.753778386261545363e-01
2.122978459613757973e-01
5.214670586929843754e-01
4.997341863072706225e-01
5.384417448538343365e-01
9.686430903070327725e-01
8.816739633109133001e-01
5.753500433015189541e-01
9.944163514913703095e-01
1.456193677234101091e+00
9.400645888575019926e-01
8.120268485773641798e-01
5.955331770768873545e-01
8.842839992050010034e-01
8.493778085989034388e-01
2.827318491406804468e-01
5.931073977294247790e-01
3.996113672645061343e-01
6.221936686547862028e-01
8.944076794319136825e-01
4.898046949937540639e-01
8.786419934137242871e-01
6.862428623368123093e-01
8.815017837841634396e-01
5.351788484564011794e-01
6.010310570404331365e-01
5.547877967863458215e-01
5.567112659131041585e-01
5.208519713255247430e-01
6.082390023727290984e-01
3.877345856118057932e-01
7.383524691931617756e-01
7.986335457945457073e-01
8.961043610340124754e-01
7.036465218114024145e-02
4.879749580487790506e-01
6.267048918975819394e-01
9.080217078112864382e-01
6.831501708086326063e-01
5.944874035278177038e-01
7.561777084259725390e-01
1.018065637717445737e+00
6.383546701363442821e-01
6.298335096739112737e-01
4.619089392549965978e-01
7.444955963765088613e-01
7.336853444488442566e-01
1.090045110077462631e+00
5.909504866896057029e-01
8.122703884407755925e-01
9.521607651871971667e-01
7.464929201498862188e-01
3.634036247202518388e-01
3.527691143407168384e-01
4.482054215897897098e-01
4.839753539132350957e-01
6.070393019959797742e-01
5.799165090356865893e-01
4.957761734821819477e-01
3.852489896490023935e-01
7.738369310731255668e-01
5.656172199748962237e-01
6.554198926718124429e-01
6.217651475018665108e-01
1.256763842458683778e+00
7.022210331099522085e-01
9.190528065397587376e-01
6.649462510430796947e-01
7.252372751977462784e-01
8.648746318546570722e-01
3.097377321226675306e-01
6.231958521119983496e-01
8.745186896171901481e-01
5.557972884883224385e-01
6.817515180230739880e-01
7.137567195649270335e-01
8.621947282880629837e-01
9.598774001719385662e-01
6.738247007377169417e-01
7.814432686532585270e-01
7.122800246774253496e-01
6.724750659230430694e-01
7.901676853612307205e-01
5.740735834648976743e-01
1.648041865749722279e-01
8.887528157400339524e-01
3.907780106337782611e-01
5.598182560836312271e-01
5.869631163306500143e-01
2.700243352064616853e-01
6.498111137188802289e-01
5.343763230532464492e-01
5.997621791906244670e-01
2.713916749001406559e-01
7.252243284623766106e-01
4.801429051823301042e-01
4.757402973016166547e-01
4.094962170761836107e-01
5.948791379168112403e-01
5.654755046835687748e-01
1.788634215397351124e-01
4.683578460378486352e-01
7.305978096839664815e-01
2.881831552148128583e-01
5.886300453152449874e-01
1.065218870811927149e-01
6.177281412221843349e-01
