5.930987387216326567e-01
1.025259721569678595e+00
1.869332339765094053e-01
5.337023766402206881e-01
4.141889135474746131e-01
6.395102905545367866e-01
9.803777018069634863e-01
7.106477837784165308e-01
4.766221764237338343e-01
4.101287298592379282e-01
6.059527647551117280e-01
5.296526930219547236e-01
9.120785614933869523e-01
7.784037403233751151e-01
1.029155677343997377e+00
5.575823331019772455e-01
8.005851175996561153e-01
4.816742889872890898e-01
5.065132000184147110e-01
3.978191248198371666e-01
5.125328489645477603e-01
4.355482423367635914e-01
7.444955963765088613e-01
3.392616911560144555e-01
7.939976782463979976e-01
6.554198926718124429e-01
3.554451384378479184e-01
9.076362565624109813e-01
9.487363663586397822e-01
4.959395862476585481e-01
5.358282602513545489e-01
6.958580909452896091e-01
5.489850163172560471e-01
6.012534403995583032e-01
6.089592758046070697e-01
4.695976327300537823e-01
3.449247421652157919e-01
6.556949369316936727e-01
8.390798745761101074e-01
2.697500113376777864e-01
7.435145446929291024e-01
5.154527267677945224e-01
8.993179821459046375e-01
4.242409716838829725e-01
9.443256905503707443e-01
7.502011229036221751e-01
6.393895085930553224e-01
7.685665596026515223e-01
3.257392091429884839e-01
7.477570212497368640e-01
9.367264914449709989e-01
6.325992495597402288e-01
1.000958241942466520e+00
3.769451927874714614e-01
5.984633806823156377e-01
7.813981767162330172e-01
7.768408300502334107e-01
6.236072025094320237e-01
3.442991635730675015e-01
5.887409418065440159e-01
6.081388462542580697e-01
6.650224464293633675e-01
5.689680985907333843e-01
4.695596380766433597e-01
7.286453206492260470e-01
4.416133055861047874e-01
1.491478493555949414e-01
4.059606799919752151e-01
9.816332296116213607e-01
3.518799422047184655e-01
4.894506235765466728e-01
5.931160569900567614e-01
5.128498902653186864e-01
3.072266806382539239e-01
5.644070578159570140e-01
5.759536571556951312e-01
4.188651297838593690e-01
2.019701963651578669e-01
6.977344601449050332e-01
6.651748896007622092e-01
1.457431799452432730e-01
5.503758309170058149e-01
5.934452963579079920e-01
5.393639299983663538e-01
4.222610511337617778e-01
5.440736487849808789e-01
3.738716290031010026e-01
4.037055670026528653e-01
2.957656525607145759e-01
6.664734838401600303e-01
8.435225848191888476e-01
3.637257362498048652e-01
7.037537887169897921e-01
8.713487164591928735e-01
7.617643204102184651e-01
6.320087619203308416e-01
7.932380053789385155e-01
5.459380915629924447e-01
7.067902711903154556e-01
7.951943941332006993e-01
2.127080156840286673e-01
4.192195654291473450e-01
8.145504913878363062e-01
5.536159388326262754e-01
6.206916809136139301e-01
3.788928484189232337e-01
6.101116031519681071e-01
7.243579489244160730e-01
8.586593508513052919e-01
5.341655320299916188e-01
5.071898325485898473e-01
3.376824837494447618e-01
7.719929006388212556e-02
4.700486098959463233e-01
4.267634301626900273e-01
5.154004111476104821e-01
9.459528525934185472e-01
5.031569384131403533e-01
9.257757442112244384e-01
4.099631784717233662e-01
4.811836403932030493e-01
6.355583730831813050e-01
8.014537909107882774e-01
2.860726517859921159e-01
9.068056073097533476e-01
7.438004175816936847e-01
8.076037454520992309e-01
3.563837041851792287e-01
6.093703212605479091e-01
6.666156543513004351e-01
4.268979667252708610e-01
5.942873828973062045e-01
6.401148854877011241e-01
7.782695302108652013e-01
6.674151244061337085e-01
7.093448902145405022e-01
7.361181997440919833e-01
9.748024284937480965e-01
6.554939203478274967e-01
1.219746928705847111e+00
7.972699677652231864e-01
5.373876107183744866e-01
3.283350133959181960e-01
7.131052187589206337e-01
5.645168585331130640e-01
5.749835990528059382e-01
1.029155677343997377e+00
7.303482526872743241e-01
8.568121484683206557e-01
1.028816856369867416e+00
4.229424505999494488e-01
7.594999197494242127e-01
6.485041058597303953e-01
8.081178255351386674e-01
5.468787939352084404e-01
5.952103381166682361e-01
5.722379841319137350e-01
1.553842110380532771e-01
5.873959486918487460e-01
7.996081409179417454e-01
4.663898881519654704e-01
7.346406120811759255e-01
5.989221761385368215e-01
6.339318895118432051e-01
7.473718418506715144e-01
5.511150013223667932e-01
5.367698748411414700e-01
5.800738385280999054e-01
9.451825506032188740e-01
2.509785329067064641e-01
9.943189957039664240e-01
7.707537984267465170e-01
7.709878389030013768e-01
5.998950266904452544e-01
7.777033751455281196e-01
6.811228490288537829e-01
3.805824328063118767e-01
5.303164441939423046e-01
9.230622164340041014e-01
6.436747981030667143e-01
3.828708198167583010e-01
6.562351178799624707e-01
5.134429676448159369e-02
3.621596021134750876e-01
1.172977167161660672e+00
4.585253920188371302e-01
9.102393226115694791e-01
7.218353093012962463e-01
5.626170760103168522e-01
6.795278202776152687e-01
5.667218794637149948e-01
5.765912713779602905e-01
6.909817700657722161e-01
3.131930061018021183e-01
9.543976696771355739e-01
7.782695302108652013e-01
6.738247007377169417e-01
1.322640117450006647e+00
4.399585350286658869e-01
9.214291820516898879e-01
8.828619191019656531e-01
8.027365477291524831e-01
5.303164441939423046e-01
6.537639396117952417e-01
7.255870118679911274e-01
6.584688019884101795e-01
9.453585090051183082e-01
3.604757068224542782e-01
7.266252518821111339e-01
5.416146653975889569e-01
6.889661868477394702e-01
3.317265439715588182e-01
6.319596043724248213e-01
5.422074235232159367e-01
7.865723979142841271e-01
5.291835403284783634e-01
5.414991563584095058e-01
4.253514454918065346e-01
5.081922843066919437e-01
7.503258261913257066e-01
7.006466007981262401e-01
4.390218966604738648e-01
6.054380209758115639e-01
1.893960810989289145e-01
8.605509915157802947e-01
1.912785739525060813e-01
4.940818409383865295e-01
9.203645493311498615e-01
8.870450938354721426e-01
3.935910247197813572e-01
4.669581398346757117e-01
7.084048199117121136e-01
5.792219685398143358e-01
4.274999337831288382e-01
8.023718908865508093e-01
7.628084797768734937e-01
7.387418389488825676e-01
5.072784976709074911e-01
1.381987046110931816e+00
6.471817244548039305e-01
7.435009371792999922e-01
9.458867775146558854e-01
5.702299342739209909e-01
4.378578718431246908e-01
5.423666770019485162e-01
9.674205512222741055e-01
7.514083271520752838e-01
6.890830499105580209e-01
9.102393226115694791e-01
2.751208246365141608e-01
5.139021655101711633e-02
4.291391968338891805e-01
7.153151129096358973e-01
5.644070578159570140e-01
6.803813697679906847e-01
6.654581838467591437e-01
7.604951647817621563e-01
7.270674041606614013e-01
7.057098149511336072e-01
7.732772043451529020e-01
1.066298097259165578e+00
7.056485245605765844e-01
4.895037016516887718e-01
6.649462510430796947e-01
5.022859941577269005e-01
2.965601933575956473e-01
5.552199867085371165e-01
1.208103345748266610e+00
8.745939980081152143e-01
8.015328546972801949e-01
8.570308617898639292e-02
5.445768871898677421e-01
4.386237295530825420e-01
2.230200771169916218e-01
6.675247902114223031e-01
5.677039017255023357e-01
5.179368046238582712e-01
8.660915705341950543e-01
8.509078023475055153e-01
3.104525643066626261e-01
6.781779077421322688e-01
7.652656294969851780e-01
6.772959971903927956e-01
7.365052159661514830e-01
7.226185312345817513e-01
4.586858821185637591e-01
8.230493163856025252e-01
5.567875664032037042e-01
2.992052439862490365e-01
5.668246739612528007e-01
8.664610162410304461e-01
6.759999202522123385e-01
3.005688902595217149e-01
4.340915436868436061e-01
6.893636830781244562e-01
6.921000921237001613e-01
3.651314585297359971e-01
8.762351704479208747e-01
9.060775093111996803e-01
3.403645467586899342e-01
3.905075526283218190e-01
2.862439841568512611e-01
7.204144492468115279e-01
7.729535219657702738e-01
7.311500676255234810e-01
9.157794280443847246e-01
7.640566335805331066e-01
2.740555007385314656e-01
7.461912680689336552e-01
7.893693035553668302e-01
3.295896543658228262e-01
9.555650187579844967e-01
5.680452369013934133e-01
9.988417389721908624e-01
8.592223347111302978e-01
5.961624091259237757e-01
4.269473180540288570e-01
8.674600958207411283e-01
8.659807982494234224e-01
6.546383358440941436e-01
4.443909908165544209e-01
4.768235684394998564e-01
5.053601433979816315e-01
5.025904814672210730e-01
4.217350220857585263e-01
5.242597910372558401e-01
3.820498731118641134e-01
5.885532952912271298e-01
4.399442415338468693e-01
6.962993830981241139e-01
4.277700218753167083e-01
1.508626253601288991e-01
8.175667379246719380e-01
5.483625507191425275e-01
5.496237682641577083e-01
7.245775805282420601e-01
5.098889375138307978e-01
3.218960517212230421e-01
5.493710608464996703e-01
7.095059416584049705e-01
4.483142369254880522e-01
3.278633438315278759e-01
9.107086443569977208e-01
4.246045675290503474e-01
9.138224583290658343e-01
9.859453258779961038e-01
8.547030613173919322e-01
6.714636079381995915e-01
6.282070144039857418e-01
6.493956201841003528e-01
5.217349413404861469e-01
6.365342861000431451e-01
5.647051877603135317e-01
5.488218530636426173e-01
5.299636193837006237e-01
6.049511750227380968e-01
5.807040110848931125e-01
6.380639119112433422e-01
7.509222034653779687e-01
6.728426116710879423e-01
5.694865314494358399e-01
2.904267315375818614e-01
7.379635096726058219e-01
7.030960748957589823e-01
1.256219772023777992e+00
9.983508111539604046e-01
4.834857626596483215e-01
4.513074476479397856e-01
5.852465779367131971e-01
7.024760285569496832e-01
3.350257812407899660e-01
5.546363106173299862e-01
9.275936434258140739e-01
6.990431249673398906e-01
4.339199898259717414e-01
5.862008485682512759e-01
7.830851460633977412e-01
6.053658462102425863e-01
7.840524029697948372e-01
5.343200958487583918e-01
5.955855623438931490e-01
8.336560137792564662e-01
2.970155158212050006e-01
5.252833784698140995e-01
9.477845976127885486e-01
8.605874509061760547e-01
9.274454080194725059e-01
6.655344966084590919e-01
3.886656768538991336e-01
2.544749577647295036e-01
5.787433749907678893e-01
1.040836545501702570e+00
8.350096852642635570e-01
7.343617354930758179e-01
3.885021345677162619e-01
3.509133810214906668e-01
6.459982382285202052e-01
8.957684602107283123e-01
5.151847214187680324e-01
1.461668778940290181e-01
6.259709888823703494e-01
5.312804541557941684e-01
8.257763071688135614e-01
9.873831228727627529e-01
8.400341433691808080e-01
7.239835903886258084e-01
8.191658340386133164e-01
9.464597350482715221e-01
7.011786945955496009e-01
3.272954344277608230e-01
5.644384250906848699e-01
4.383255778627667687e-01
5.416579939931061016e-01
7.130927015530446056e-01
3.214426877624122492e-01
7.100019435750454244e-01
5.684108408652034372e-01
1.780512754311677215e-01
4.881977937303452753e-01
6.778384397156316243e-01
6.811799528408751803e-01
2.916129466264469339e-01
4.461626200658615482e-01
2.610149651602842180e-01
6.233775446527790587e-01
9.400645888575019926e-01
1.820054532674914016e-01
4.212365069936018780e-01
3.976400059460377667e-01
1.186914866421743819e-01
1.318947151309274091e+00
8.551528482186872004e-01
4.127497201674061866e-01
1.086476869212625179e-01
7.208618639981004828e-01
4.617199464400807973e-01
4.913508854315064567e-01
8.067056773859082597e-01
9.371370520755928357e-01
4.721957738507677749e-01
8.256084869218581757e-01
5.533218633543578457e-01
8.937976592334100356e-01
3.454438802696973565e-01
8.650956390007868979e-01
9.171439486957206899e-01
5.802561162011791174e-01
3.986115154389590631e-01
4.299066764815491770e-01
8.882864216442242222e-01
7.336853444488442566e-01
8.699306453559381147e-01
3.431851997658051379e-01
3.763933884990267598e-01
5.314820205852787138e-01
6.278283834434752464e-01
8.324431623186949736e-01
7.209642082678524577e-01
8.638447564743759743e-01
7.122425612307049514e-01
7.335131302808926002e-01
3.184118258075098185e-01
4.245868166875026994e-01
7.468909252735136395e-01
4.997403337041400606e-01
5.903150468253963723e-01
7.601678681089208967e-01
6.094343115433086266e-01
6.643047258965391055e-01
2.523755433153814787e-01
6.683704255779170378e-01
3.558623604575806287e-01
1.111184113990069777e+00
9.823215786700104646e-01
8.534999623403703994e-01
9.538374587935704030e-01
6.815913831095238296e-01
6.478938999326498971e-01
7.624648788025177870e-01
1.216314108008291983e+00
8.980456530600383624e-01
8.127253872579712768e-01
5.085612679637083744e-01
6.038182403013815369e-01
6.993921290410244351e-01
3.091767027213478958e-01
4.039303518551211059e-01
6.065498784280716205e-01
6.733221381864084032e-01
1.186128210437283226e+00
9.292698768780326413e-01
8.202392421166357361e-02
6.582340841809027898e-01
6.147555529784808348e-01
4.063342422656452957e-01
9.253539977102854808e-01
8.114105340339335948e-01
9.444354575724038803e-01
6.365542338996701410e-01
5.918889679975078977e-01
4.223664144501887430e-01
2.640191537552686873e-01
5.253513068509479966e-01
6.863124222032495059e-01
7.392392176776807489e-01
5.549166251072539247e-01
7.030474042551043690e-01
3.149753539943009883e-01
5.311415318813501596e-01
4.276079280824898743e-01
5.142781883114787567e-01
8.254407348723372673e-01
4.904137136033819289e-01
5.479187959575549938e-01
6.127711843292600324e-01
7.640278945211192996e-01
4.930683950805533344e-01
5.934019545066088197e-01
4.440461176053357439e-01
1.630016097880550019e-01
4.205649427251330619e-01
9.080217078112864382e-01
5.846990674651258990e-01
5.821269177278999285e-01
7.331557128995498385e-01
5.649172083973266201e-01
8.152370205385486290e-01
1.846518817837394522e-01
4.967278988503632253e-01
6.067673025477118287e-01
5.474978936601521129e-01
6.276634819769629781e-01
5.605830245688080415e-01
4.679316640267796590e-01
8.411647177297697509e-01
6.402662128837974809e-01
8.659807982494234224e-01
4.683902460133622658e-01
2.484459698590777144e-01
3.545671973840677782e-01
1.676601440642040142e-01
3.038192800116438774e-01
2.889148238235495492e-01
4.521714439192038304e-01
8.043258732770443009e-01
3.548800280190168022e-01
7.188592219042867493e-01
6.960130757859949169e-01
5.355739549849966030e-01
7.342422817596008233e-01
5.767549896712942381e-01
4.511570886821952286e-01
8.431724374229873087e-01
3.648691066855601073e-01
9.326191737253662906e-01
7.637836997777162074e-01
5.111013550667038441e-01
9.142543312136143241e-01
8.252059964955708038e-01
6.948107750684456851e-01
8.888889396205271742e-01
9.862110025629890198e-02
7.905520979115152613e-01
7.696732069166941637e-01
7.972230308779181263e-01
5.738141078487661861e-01
7.492326215830650282e-01
8.285214285782424026e-01
2.473628233686306355e-01
3.072057713814047020e-01
7.480737157492165501e-01
7.514917258454086868e-01
8.540202906825232754e-01
3.675429626754209700e-01
5.018516517291778944e-01
5.984104879724980730e-01
5.198655218821032209e-01
7.436370347332409425e-01
1.648904767426766227e-01
4.525845146885870141e-01
8.175667379246719380e-01
5.593403718501577249e-01
1.014202396831359820e+00
6.445530749425169015e-01
4.501073746618169946e-01
5.697740702310932770e-01
5.425767450313453422e-01
6.385854599788886032e-01
5.187834091979995899e-01
8.518177305937463251e-01
5.530582153356061736e-01
7.850372221197888800e-01
1.381113161745424200e-01
8.307578824047965327e-01
4.754507719290415046e-01
1.040410049619098887e+00
6.228900829113300786e-01
3.879975092401145020e-01
4.578432701927956372e-01
5.636396471429734323e-01
1.960424234888500372e-01
6.555573859525085645e-01
8.074432295326645637e-01
1.119266343604720992e+00
4.889145911456813653e-01
7.554465041557005822e-01
5.313499425483539929e-01
7.710317373166496457e-01
5.740654712998566334e-01
3.965802847329795155e-01
7.677821894367431454e-01
6.726309453694214735e-01
6.626036307918147239e-01
8.494488490847245110e-01
6.170619601354419004e-01
5.333520357031988901e-01
4.706476268577099442e-01
3.217099669576407028e-01
4.230393436231733029e-01
6.035311862294532315e-01
6.463374042618917903e-01
6.639355953369443508e-01
4.342957303401354663e-01
2.715476836167036723e-01
8.005535649603309212e-01
6.373931719511257699e-01
7.460816368382023889e-01
3.325819992425456673e-01
5.482219506292180800e-01
2.812481650972823433e-01
5.601810676559472180e-01
5.093327717490622186e-01
6.179348555356000139e-01
8.758762280082132978e-01
5.595637967449064165e-01
6.524200425174560003e-01
7.353720079551977484e-01
9.350878399695464749e-01
9.236498467016108771e-01
1.000169658956052698e+00
5.610010523714279440e-01
4.444104362342002901e-01
3.823771091505036024e-01
2.359264964747518900e-01
5.313499425483539929e-01
6.463374042618917903e-01
4.451652590181348623e-01
5.257252272106652802e-01
7.484320414052496595e-01
1.068137247984060206e-01
7.772569921265225501e-01
4.265617842402922300e-01
6.535220502143872512e-01
5.132451228314397484e-01
3.373936217483635147e-01
3.003289115494939820e-01
6.774202302397357434e-01
8.336389068266631952e-01
5.759781547025031312e-01
4.738038675034049740e-01
6.865095850932295685e-01
3.736343680846596071e-01
6.044830998344932205e-01
1.264942433910728470e+00
4.631781368785068409e-01
7.084913011419070594e-01
8.040234173308716814e-01
4.015547371969373502e-01
4.917493760967032723e-01
7.675790954819361467e-01
8.383007203210199876e-01
7.577291604334120967e-01
3.413540866598629986e-01
3.460058359734347611e-01
6.077931060364595295e-01
5.900749663380677745e-01
4.938235869919159193e-01
3.212825333144342377e-01
6.288098815508924577e-01
7.141456809667924288e-01
6.848315302755677569e-01
9.006737879941680847e-01
4.827044736573585237e-01
6.832880532751989255e-01
7.084665900644719905e-01
6.267048918975819394e-01
8.293840841018529364e-01
1.011853127287776877e+00
4.656468204974205105e-01
5.477562657751120501e-01
8.501599080773662998e-01
4.497087673516311224e-01
8.282005057383379221e-01
6.817972846769648765e-01
4.629300698240229051e-01
5.620799602561978858e-01
5.613017982082086493e-02
2.683494808536803222e-01
5.771564926901879833e-01
6.769912546239993389e-01
9.067651267237388790e-01
1.141180685060730671e+00
2.219648308827091021e-01
5.753337469725248177e-01
4.085202848585832158e-01
2.983263659343566299e-01
6.303025647755255978e-01
5.471365819188814816e-01
4.588931322008512059e-01
4.467710459416798785e-01
8.243520059957579749e-01
8.379548938239093081e-01
4.478546048669049817e-01
5.596023363198654454e-01
3.504744138540378806e-01
1.484448102001569403e+00
3.506922464000703510e-01
6.560549586983343007e-01
4.895095999262202846e-01
6.525143546712436349e-01
8.914441149714067425e-01
8.568121484683206557e-01
7.537784805172456082e-01
4.645552402826442218e-01
4.334107646984194928e-01
3.355099865174338558e-01
1.230609814839360050e+00
9.082856262990351981e-01
2.992052439862490365e-01
8.854018091118049938e-01
3.176698508607562199e-01
6.567231039036041107e-01
3.315884554464474387e-01
6.161728353502443634e-01
6.981661374764032146e-01
6.174652502162381040e-01
2.606314914735707866e-01
6.326583590157282000e-01
6.869739449316313307e-01
1.162438228438736232e+00
6.322645044974857242e-01
7.742646364039137419e-01
2.016684101163447596e-01
8.301467439253927827e-01
8.136858054254603179e-01
5.180094511632381549e-01
5.104912189931760658e-01
5.787516199030822150e-01
8.696513081191282746e-01
5.434840761411785515e-01
9.635656461534819472e-01
4.651935921340786262e-01
5.428812701448171296e-01
6.987064858620462005e-01
6.555891233636766957e-01
4.860774041599597028e-01
7.011665925797295751e-01
4.781480315840653805e-01
3.298385204315879005e-01
6.174652502162381040e-01
5.478892378415729514e-01
8.718723298095708563e-01
6.059346887534782233e-01
1.200747530738537794e+00
5.776078257358131518e-01
4.282299557008965585e-01
3.160461736525851939e-01
7.416549439074952010e-01
7.368926393520215390e-01
6.697256995248347389e-01
1.013999880378318563e+00
2.733566006626313438e-01
1.102349637952865447e+00
7.564029792112340056e-01
8.563425633953826166e-01
7.046815473976921762e-01
6.281973002130379902e-01
7.320591632875076415e-01
8.573908067932327626e-01
4.489285492521736809e-01
7.388090131754223577e-01
7.466438376672844823e-01
8.748953613187955280e-01
4.993042440357036149e-01
7.958486699736895265e-01
5.673867487077787208e-01
5.063238138901595686e-01
7.223487056806001672e-01
6.816485655135566812e-01
4.832097249708818820e-01
8.297567648585978395e-01
1.042037942017056240e+00
7.539463505646855079e-01
8.469341673958544758e-01
4.768235684394998564e-01
8.338271219284693059e-01
5.415496855001192822e-01
9.064009640222435715e-01
5.432442460415199958e-01
4.451603809758703512e-01
9.084684289878114383e-01
8.814635307992741975e-01
4.719434387485704763e-01
7.491911702623688107e-01
6.958580909452896091e-01
7.374678455439023228e-01
3.768298088943849433e-01
7.629230822640229448e-01
3.367475792030516502e-01
5.175936602726143310e-01
4.561109624946889096e-01
8.551528482186872004e-01
8.170570022219374451e-01
8.192484312228150989e-01
4.076512323139294125e-01
7.470832176151559478e-01
6.320402267646135774e-02
3.642573273749816209e-01
1.012155647095621225e+00
5.195663282705837993e-01
4.179300571727478375e-01
5.030634785149767918e-01
7.774057295190491823e-01
5.803390075637403500e-01
5.885532952912271298e-01
5.048138081078217265e-01
6.121340928710025109e-01
8.088740683234499906e-01
7.014208226713103400e-01
6.372032186883688221e-01
6.797438502045837216e-01
4.793101597210490117e-01
6.057901195549865170e-01
6.686344383863352947e-01
4.199128770954556056e-01
6.931155942038653706e-01
4.147386114511751320e-01
5.145517682576369323e-01
5.036434902119579782e-01
6.685684156322321270e-01
9.370073624752502939e-01
6.664406838721241844e-01
4.107299761141752215e-01
8.693721502167166548e-01
5.030821677169228234e-01
6.072298467531158650e-01
9.164818554713144438e-01
7.273277451880215683e-01
9.370073624752502939e-01
7.896454838470067239e-01
2.904994186955340285e-01
7.742646364039137419e-01
3.148874634340222967e-01
3.628453511680476140e-01
4.422527047701036440e-01
1.196010575189947911e+00
5.676959685789320087e-01
6.672726127176662470e-01
8.998159654353893311e-01
6.598591951316790105e-01
6.078749563447645166e-01
5.431788745634762439e-01
4.647837815193116562e-01
5.694865314494358399e-01
7.525636546900255075e-01
8.203734088747364206e-01
7.274058838560575335e-01
6.838171187442466659e-01
8.301128181506967074e-01
8.530698250278642147e-01
7.085160139432304938e-01
6.982381356343363432e-01
8.009797355522969564e-01
4.348349625101893823e-01
4.755064225139223333e-01
7.408974906528478233e-01
4.655347643095966714e-01
7.238545909426964409e-01
6.766867861660189609e-01
6.888727249330532931e-01
6.146904404218028750e-01
4.667649934793697830e-01
3.428318723309840554e-01
7.252761181775114752e-01
5.085612679637083744e-01
7.452877727985645073e-01
1.199294184550893094e+00
3.478366957563976403e-01
5.356516337580358167e-01
7.437187171843320233e-01
7.316109207512777601e-01
6.667578855303213370e-01
3.680857785542634986e-01
3.198407382335843874e-01
7.190628034670328850e-01
4.612429034535344141e-01
1.439725953676208869e-01
5.371247217848712507e-01
4.162642294349750416e-01
4.668669119182328742e-01
5.035436080155303307e-01
3.032817314352035387e-01
9.509349314734427683e-01
5.522537615545655143e-01
7.244225326321251934e-01
1.029912313537253210e+00
9.527860407964011680e-01
8.459817831256524201e-01
4.218664064412235848e-01
4.101411516034865756e-01
4.888792896035638047e-01
5.791806793002332032e-01
5.566044803523497730e-01
9.981692901486742542e-02
5.864462518943448499e-01
7.724244439950747054e-01
6.101116031519681071e-01
3.112684555486533999e-01
7.851130799218644096e-01
6.105058564759171524e-01
7.320591632875076415e-01
5.145322171803806688e-01
4.953711325278561395e-01
7.140578139222215626e-01
7.585780932792499653e-01
9.140280611860899240e-01
5.770253282125582528e-01
4.713301838625040818e-01
5.732958596635283621e-01
1.739168587747527694e-01
3.178711861808952155e-01
9.111988876609758981e-01
6.503312289088325482e-01
8.756308052048056290e-01
5.463419027875541234e-01
8.928351290625909931e-01
8.828619191019656531e-01
6.369334797823360539e-01
5.776817474472007996e-01
7.029379199466536665e-01
4.088409637851674883e-01
9.575244822277547696e-01
6.558960768425998733e-01
6.609649904410288546e-01
8.808519342471152758e-01
5.026277909987868497e-01
3.178711861808952155e-01
9.561497648154057005e-01
8.014063601254035607e-01
7.374678455439023228e-01
1.839337302878064628e-01
4.901592790564418545e-01
8.271044894329244723e-01
7.259370860133118608e-01
1.182055726474538826e+00
4.512372676605237443e-01
3.899452991186200257e-01
6.059618031603615229e-01
4.338597463312930391e-01
5.300604264956153555e-01
3.158029478193171147e-01
7.502149767774731748e-01
4.654974242308753674e-01
4.459471251561719085e-01
6.411554434436562699e-01
4.200909074761072781e-01
5.740411361802593149e-01
3.933395093770158946e-01
1.140956333412260770e+00
2.402503412745393141e-01
4.815372631716582918e-01
6.916052299536423753e-01
5.384631552034164770e-01
7.154196677534081783e-02
7.780608508891838637e-01
9.972235064921438630e-01
7.125798741905413625e-01
8.751592246332821068e-01
4.149249936928878224e-01
4.435467590426674378e-01
5.640935767096690867e-01
5.264064478642671574e-01
7.456023787298929895e-01
5.393639299983663538e-01
7.300857452281819260e-01
4.708276297746621375e-01
1.203237011150577601e-01
9.627435885839503715e-01
1.390982342864864607e-01
5.318090222211933060e-01
8.389066040448716066e-01
8.262969837786423577e-01
5.882890872259752824e-01
5.036434902119579782e-01
8.815209115216871005e-01
4.158764519371136448e-01
9.983998822186520572e-01
7.524939560908543434e-01
8.111999043026548728e-01
6.206916809136139301e-01
6.255276188694580686e-01
6.132429310068072681e-01
3.126867751995577871e-01
3.724525662163022388e-01
9.771471126272267549e-01
5.477931959854498434e-01
7.774503618378870717e-01
9.891621915626237493e-01
5.815769001685962003e-01
8.996167059541378963e-01
7.218994439356188897e-01
7.130301221145581847e-01
4.648273893333351031e-02
7.947743560105047234e-01
1.026166137247138233e+00
5.974072998952523195e-01
3.241537367144643467e-01
4.082821572177137703e-01
6.190176633064691236e-01
4.008811139588604466e-01
2.106564784234139232e-01
6.659709055175645487e-01
5.803970456100715491e-01
3.760240952949605586e-01
3.594677757399698526e-01
3.484662401355007599e-01
8.873357186614453385e-01
5.529829334714074784e-01
4.922618198586759530e-01
7.330234244686482104e-01
6.380639119112433422e-01
1.145524791548526711e+00
1.101751720974071924e+00
5.408287343239384093e-01
6.400846285919983281e-01
4.689525586983221972e-01
5.847327308347768371e-01
8.111999043026548728e-01
5.031569384131403533e-01
5.686813725027219935e-01
5.802892699045387737e-01
2.725899042995642008e-01
5.048890944592787644e-01
7.140076138896067626e-01
2.604861001518161689e-01
3.248795739765922286e-01
4.354175325824691245e-01
4.709750073324709962e-01
5.581032161596481966e-01
5.645953137765371554e-01
5.849600600077315971e-01
3.696801514894346719e-01
1.105078374611744518e+00
6.701565689125198455e-01
4.715873377152122181e-01
9.443256905503707443e-01
3.561899732361596405e-01
9.301209150691887029e-01
8.856334330508808250e-01
4.705059032866237279e-01
7.423325513919699636e-01
5.717467166869839579e-01
9.418299069754010322e-01
5.756027545053267191e-01
4.680880204573961145e-01
7.062250748813877488e-01
5.030323329306208846e-01
7.945256538592430084e-01
4.499877182928328501e-01
7.870752922111198258e-01
7.713831046705962313e-01
7.763954363588523311e-01
5.348265670621908940e-01
3.671875052647097237e-01
8.590951448036913130e-01
7.252372751977462784e-01
5.622044174851501541e-01
5.447375358016137703e-01
6.136319740117961441e-01
6.775897124089225176e-01
4.704187311974079577e-01
3.091861149945350773e-01
6.487319345833245654e-01
5.564367572145482166e-01
6.209098735629540178e-01
8.459817831256524201e-01
9.258601396480458101e-01
7.792548137931242236e-01
4.399918901287428463e-01
4.367798216049559312e-01
6.630470247670466888e-01
4.928231558656964717e-01
4.440898042990954475e-01
4.931701512288552136e-01
6.506749612793617521e-01
4.437114716239823897e-01
1.381987046110931816e+00
2.202129835617788189e-01
3.341110049878441290e-01
6.081752628443508613e-01
4.393019941117365934e-01
3.265220284002744999e-01
7.915841703684056707e-01
4.547019520894178823e-01
4.549718471903882455e-01
4.410044747280902899e-01
5.168166705782885062e-01
6.645546646951129288e-01
5.221909740411191381e-01
5.771810926685650989e-01
5.716179992609674576e-01
7.176655043983420912e-01
6.284402451500055165e-01
3.746508586557440457e-01
7.323230920336906147e-01
7.288283316734294193e-01
7.750327414288675776e-01
2.740555007385314656e-01
5.946092211509755865e-01
1.989212500243698056e-01
6.117377344558260210e-01
8.941517631614419592e-01
6.203315244923108818e-01
5.890567991108220935e-01
1.139739962054678424e+00
7.491082813792286910e-01
9.945867700013943935e-01
9.805433421224916124e-01
4.767396344201299541e-01
3.355626416179486871e-01
6.139194415770322655e-01
6.048998314089691630e-02
1.004596829977916217e+00
8.042940250935844970e-01
6.781892291989741750e-01
8.168598557794010118e-01
7.338708963180258227e-01
6.566912566069694757e-01
7.709293154599391462e-01
5.462904754585753420e-01
2.951425130406258868e-01
5.452639582239710014e-01
8.365744364299942948e-01
5.151781881845002298e-01
5.280554665420164051e-01
7.460542340638156578e-01
1.991816551732306373e-01
2.386022201517482011e-01
6.345854479595888220e-01
5.283026803058240572e-01
6.001608983228977623e-01
2.959423281160676322e-01
5.867850765888659170e-01
3.907329082867044279e-01
7.238545909426964409e-01
6.096629580172124863e-01
6.178878628623980518e-01
6.951555648096672257e-01
6.693394933185644602e-01
5.437241180935402651e-01
7.339106696440537148e-01
7.257555239294867233e-01
7.106477837784165308e-01
7.875635617834741975e-01
9.696140915431989971e-01
8.063534111565263673e-01
6.629171895087783151e-01
5.641170757130730129e-01
5.693189344770233085e-01
5.910536599228456422e-01
7.398854646488962628e-01
9.175375193666309714e-01
5.101194305165492882e-01
5.790403399061696543e-01
8.879757640978569455e-01
8.131808961022649607e-01
1.029416460761122920e+00
8.597678611558899897e-01
1.196433255999910239e+00
1.061811061355905750e+00
6.424228095494243229e-01
4.143156375376271239e-01
6.611908988554564548e-01
6.762699961292608641e-01
9.343995953602352023e-01
8.211527743916268163e-01
8.246532125018157799e-01
6.530388080097245806e-01
5.115003362688006483e-01
6.686454434464663699e-01
3.993324736314723955e-01
8.840915585618800421e-01
5.683949352549487744e-01
3.774179545283489756e-01
1.040889882074276906e+00
3.629620571402261131e-01
6.061154973140910895e-01
2.683494808536803222e-01
5.215206132133067829e-01
4.017175382433841868e-01
6.735342397950286886e-01
5.607687377662633477e-01
8.269024650914317265e-01
9.160065661212390964e-01
7.675210883709985277e-01
8.064334446458025774e-01
1.145524791548526711e+00
9.277843014473921013e-01
3.057100484432409004e-01
4.735166935622182049e-01
2.478291100545801928e-01
7.131928515058626461e-01
6.941815250243832391e-01
4.839292324710172122e-01
5.561092264069013025e-01
2.979915587107435093e-01
5.797427178051338670e-01
7.703299620281197635e-01
5.769188009639285575e-01
9.230202714533650710e-01
8.853825125855844247e-01
1.139676014348789623e+00
4.835375548404702295e-01
1.038946632077053733e+00
3.474677866133834558e-01
4.728388003244636817e-01
4.065456904287825246e-01
7.478258450680537184e-01
4.355842012782563250e-02
6.051945000890395221e-01
6.562139175466330521e-01
4.151200270528897507e-01
4.906684124340473518e-01
9.532331692589270933e-01
5.742926986171270620e-01
5.240501439284445118e-01
5.222983917341890159e-01
4.416421108372682314e-01
7.289198716644887943e-01
5.286876954682649954e-01
5.598954106711451217e-01
7.233132948896456860e-01
5.766894911984804528e-01
4.327228990379087259e-01
5.650665035674319325e-01
6.106710440808260643e-01
7.303613830156041598e-01
7.305978096839664815e-01
4.581944126352250346e-01
7.599972164380018880e-01
1.289576738591443616e-01
3.707056539719398858e-01
8.659807982494234224e-01
5.352000000985027706e-01
6.031011165005486507e-01
7.015419494280056290e-01
5.111013550667038441e-01
2.758306596018315626e-01
5.862008485682512759e-01
5.562234375381923668e-01
6.372032186883688221e-01
5.970210035487311107e-01
6.494371456258105635e-01
4.350864414115254708e-01
5.487996110432550312e-01
4.319269704691611755e-01
1.104507523109131029e+00
3.907366664179758309e-01
7.868313843907139837e-01
8.081178255351386674e-01
4.766501373633340033e-01
4.375843256333756259e-01
2.482031037383425343e-01
2.468397813068231306e-01
6.000190707984071059e-01
5.179368046238582712e-01
8.016910290775733916e-01
6.603955264886688381e-01
5.547423422476097654e-01
6.295211939236816656e-01
5.837329004594719040e-01
6.227659498639791513e-01
3.331465619795884181e-01
7.536386459044049912e-01
3.106994960534515404e-01
5.130636289953012241e-01
3.003422336463822395e-01
7.931295993338073336e-01
4.462018233363019837e-01
1.226671031085118324e+00
3.326909442918430382e-01
5.673629765160251859e-01
4.610701533024282317e-01
6.136134369615586781e-01
5.004051439628123266e-01
4.609969044468811283e-01
5.753255991542082226e-01
7.527728279777817777e-01
7.986963512007894117e-01
5.626716233722569571e-01
5.636396471429734323e-01
4.436339445849426522e-01
7.072824821107446258e-01
8.374366887402228121e-01
9.636799318596867003e-01
7.629517382665117475e-01
5.909504866896057029e-01
5.628587232248524197e-01
8.203734088747364206e-01
7.427668703601300049e-01
6.329737960997329216e-01
4.788920466277298837e-01
3.387016433428958750e-01
1.620167549003048990e-01
7.616357863378945270e-01
5.500702901329237449e-01
9.023141773643904573e-01
5.629991297912489978e-01
8.132948531055825825e-01
8.236166489098216692e-01
9.476519444698257022e-01
6.431245441913144845e-01
4.097027058853832671e-01
4.964608049405094814e-01
8.129205428318116988e-01
4.996911587635541330e-01
6.027163658513263744e-01
6.479145660751336466e-01
8.631289695004346063e-01
3.091861149945350773e-01
5.288597584810059704e-01
5.385059810110943701e-01
5.189623434483074949e-01
8.648746318546570722e-01
8.021611752453276789e-02
7.958486699736895265e-01
3.308646990444760738e-01
4.166142752428105833e-01
5.812856457113804165e-01
7.124049313016563856e-01
1.027229978949047995e+00
7.270413803081222648e-01
1.055246797430436478e+00
8.500176010603426313e-01
1.162072462240823612e+00
9.516700526489166867e-01
5.334430800918765758e-01
3.971463184557634252e-01
8.713674061060647791e-01
5.639447951396775460e-01
7.314396789304650204e-01
3.785962425210332438e-01
8.488985959436007311e-01
4.467710459416798785e-01
2.728388833050830464e-01
4.363200928757673958e-01
1.094626982660441117e+00
4.222610511337617778e-01
6.451774930912533845e-01
8.069300071005452990e-01
5.833389507406012697e-01
7.530937862872044697e-01
4.826757979169373769e-01
3.482929630270658050e-01
3.419862717501910843e-01
6.583407533460321481e-01
5.673550528947678417e-01
7.986963512007894117e-01
3.397241324570332566e-01
4.153577065800704848e-01
4.540717486417149562e-01
3.330127484382332526e-01
8.437853862725241960e-01
7.271715182035360936e-01
4.629247946884801346e-01
6.843700612772182224e-01
1.674307348321853461e-01
5.748778242670122829e-01
5.206650587308805367e-01
4.719818201698204874e-01
5.196527266008794665e-01
4.332489890738520089e-01
2.809441630709886770e-02
8.677194926625860782e-01
6.109465554925476161e-01
5.994258953783504484e-01
6.925720482709425418e-01
3.911768673748177716e-01
3.334719858769778500e-01
1.078727859996732708e+00
8.709750918139261833e-01
6.559384378124609727e-01
7.001877147100475929e-01
6.838171187442466659e-01
9.957813370462766933e-01
3.051978905227026861e-01
5.053601433979816315e-01
5.048138081078217265e-01
7.247068378164538416e-01
8.231493770890716544e-01
8.094865342421583287e-01
7.157057751220351483e-01
9.957813370462766933e-01
9.024745353210474885e-01
4.971960053786282363e-01
7.306897947314102693e-01
7.381914707080652338e-01
6.919586306843289458e-01
7.819546745611793970e-01
8.243520059957579749e-01
1.098415336149167310e+00
5.415713437334456204e-01
9.603539125213218508e-01
8.292655740569709888e-01
5.835568146327992922e-01
9.911169144764925276e-01
3.775828240712780781e-01
5.392064347571998706e-01
6.672835729944803784e-01
6.081388462542580697e-01
4.382073760069568613e-01
8.061773933853974006e-01
2.187792018238934599e-01
1.003777703288123879e+00
1.132685306626803889e+00
4.368126964450281258e-01
8.089384947725398733e-01
4.510118368856725346e-01
6.396009069758321619e-01
3.532015685015254536e-01
9.065223190850393298e-01
6.593665391072672799e-01
9.870952280949789603e-01
1.553842110380532771e-01
3.648232338689502141e-01
5.736439544116260780e-01
2.601658098461540058e-01
9.842254871469365840e-01
8.289102470409498435e-01
3.837387943955278269e-01
7.025367690567728696e-01
4.698039967559088925e-01
7.949920981483132865e-01
5.039621293306987271e-01
8.164002171876962866e-01
7.989633844175064725e-01
6.971836486610082373e-01
1.036217094949035911e+00
6.054470440316093161e-01
7.792996586893717881e-01
6.438890401070951341e-01
5.284813675830541957e-01
8.610617042703890833e-01
5.652316058530596488e-01
4.455363032997405881e-01
5.136669432464716634e-01
1.074533583925647351e+00
5.699259439047845710e-01
6.267048918975819394e-01
4.012176428336357570e-01
5.246728126086730448e-01
7.890166875286853676e-01
3.407185192646075000e-01
9.026550061653324519e-01
3.799559596658899641e-01
9.589937020791499123e-01
6.887909665560690842e-01
7.487631083654701092e-01
8.348895622079564038e-01
6.398426763604383449e-01
5.993639894877095253e-01
5.635770934947693656e-01
4.254583568882751576e-01
5.419542583708237826e-01
5.948268768390552186e-01
7.760691387754208304e-01
5.881357849187386355e-01
4.137881318368367145e-01
7.440047471288565584e-01
7.013723836793783750e-01
2.755855399963161312e-01
6.132799614666971655e-01
6.128174019108935111e-01
5.491408535865172080e-01
4.021032277961907875e-01
3.957535284989766589e-01
6.698803068262337845e-01
3.114426538241577003e-01
1.960424234888500372e-01
3.985606766227173248e-01
5.744226235804045233e-01
4.907869671697608349e-01
6.297456395516501937e-01
8.793266495124881788e-01
6.592809348827807225e-01
3.410073801117831649e-01
7.237901084570438348e-01
5.887494740366504553e-01
6.131318664535142515e-01
8.785469866023000174e-01
8.422459511439431834e-01
4.564286812965075435e-01
5.760353237501163459e-01
7.918001677641831604e-01
4.523375890200193039e-01
4.887322547005877871e-01
3.773373261455011951e-01
9.375479727556933485e-01
9.774527502881706909e-01
6.980341794099030883e-01
7.162357406113707414e-01
6.349226557807725602e-01
8.826394130237069646e-02
5.825359374727832051e-01
2.454705870009120938e-01
9.076362565624109813e-01
3.627999857779966586e-01
3.833332503677834291e-01
6.720968021751501098e-01
1.282715771762083623e+00
7.966133538733052299e-01
4.153577065800704848e-01
6.522943353801695654e-01
1.921207406184623212e-01
3.187040865424295433e-01
5.344888129708704749e-01
7.342422817596008233e-01
5.159633612004286274e-01
6.644677081319118050e-01
3.773373261455011951e-01
5.895697211777922719e-01
9.259656555849145043e-01
5.359908595334321735e-01
4.689525586983221972e-01
8.536255007769736336e-01
4.835145347236010083e-01
5.647051877603135317e-01
5.604979471230264743e-01
3.051749639984746576e-01
6.365642082683362624e-01
8.052346079855097205e-01
6.669987227654777806e-01
1.058160325262475387e+00
6.167621790167752138e-01
5.655384804894193485e-01
7.530379477918913711e-01
6.753368998001322288e-01
7.686101827164307787e-01
5.644148993077920951e-01
2.613020512344871316e-01
5.595637967449064165e-01
6.191308706333357170e-01
4.817142695410742137e-01
5.704461245714017581e-01
7.278359468159122381e-01
7.255740526429174109e-01
1.922935233355120288e-01
5.418313777221941407e-01
4.563774063929738056e-01
7.398585151337111476e-01
7.316109207512777601e-01
5.793789213536745253e-01
6.111119817000909560e-01
6.577545003882089292e-01
3.877938048995976938e-01
5.783973006745298795e-01
7.328779623227911211e-01
6.363149427898776578e-01
3.523224394869040044e-01
8.049474173745656547e-01
6.239136763392403306e-01
5.389417637203591793e-01
1.225597828083294205e+00
9.024745353210474885e-01
6.161074222372069364e-01
1.648041865749722279e-01
1.660890820716401095e-01
5.776078257358131518e-01
7.036928375998501295e-01
4.909233759604234026e-01
7.283579175178742648e-01
4.916482053428167798e-01
2.120750849998013776e-01
9.637942446792947537e-01
4.917196156706401533e-01
5.058635653667996612e-01
4.514729583085355102e-01
4.058552324992452665e-01
6.606210457350508714e-01
6.966934404739577591e-01
6.061245405746740200e-01
4.545594952275539558e-01
9.128368507881753358e-01
9.914071602966773034e-01
6.072480001117630533e-01
3.903499582742589458e-01
7.214763658357064013e-01
6.096172149981535782e-01
5.474757588199686831e-01
5.732958596635283621e-01
7.710463712321012908e-01
8.340667913744831408e-01
6.033429552741887969e-01
5.735953576770483897e-01
6.722636307707586800e-01
6.288293481437209342e-01
4.044249555253502382e-01
8.898234849956621062e-01
4.186665623129722791e-01
9.119352430519204189e-01
8.309957904448412869e-01
5.144540277264799677e-01
9.452573249198872873e-02
6.967053885693182957e-01
4.330919512108158953e-01
8.518355917778397401e-01
1.158823949781126350e+00
7.643441431322097745e-01
5.203516139906362303e-01
6.667250575637916343e-01
6.777932029877530296e-01
5.322061389893879557e-01
4.741301215816084436e-01
3.379381037772385410e-01
7.852800187013502242e-01
5.421929505715824549e-01
5.251815188287218827e-01
9.492018787232634480e-01
7.311369089244286190e-01
7.780459495054382613e-01
7.701985213566326927e-01
7.697752952624719036e-01
3.033111679096070490e-01
5.724879683137025221e-01
2.821153409176113680e-01
8.769160793376854501e-01
7.865571687249889310e-01
5.386987814763628535e-01
5.487180723901474710e-01
6.187254025720305695e-01
8.550628529704057401e-01
7.497165594603310002e-01
4.424068216045057289e-01
6.713637389479094608e-01
3.805859982151237331e-01
5.549242051070505388e-01
9.327904851092246874e-01
7.447958787694005656e-01
6.847045642735278825e-01
3.159355700268843825e-01
8.095510582973367564e-01
5.834059684561702097e-01
3.984238673205930392e-01
2.585300258847442745e-01
1.921207406184623212e-01
5.743576537512117275e-01
3.786032991694185945e-01
3.804149339127543272e-01
1.052376530515165998e+00
5.704941891233950013e-01
6.466666328273048547e-01
5.508908007088977321e-01
7.823010053432881694e-01
6.675686666252067525e-01
4.110957307401965077e-01
1.001081570377195140e+00
7.411543102453241882e-01
7.144973654978534761e-01
1.233486904735902501e+00
7.745451135839265255e-01
7.948365558779314499e-01
5.232132295379863240e-01
6.785517155082170238e-01
3.232021258401444053e-01
1.138079650590456904e+00
5.480148818642261999e-01
5.974775893090119583e-01
8.142729391569011321e-01
4.772268634801761777e-01
6.814313234056889046e-01
4.372640512283999525e-01
8.360579368088112417e-01
7.789410439750921178e-01
8.023877386426417901e-01
4.215293510503445029e-01
5.994082066761630134e-01
3.857831176817525520e-01
5.462904754585753420e-01
7.245388123323872609e-01
4.467710459416798785e-01
8.827659975549098093e-01
5.749835990528059382e-01
3.235032506289075571e-01
8.891807741086708017e-01
4.786832635089427468e-01
4.328935074588625143e-01
4.964062074766850685e-01
8.285721233423811727e-01
9.326191737253662906e-01
1.940006074681573378e-01
3.003422336463822395e-01
6.233392847878255205e-01
7.787320044371445205e-01
3.433041045124177737e-01
6.564259825406694171e-01
9.275936434258140739e-01
6.673822316907107588e-01
9.948059653617294940e-01
5.787433749907678893e-01
7.710902763116058711e-01
5.512795311224685246e-01
4.975187215415706743e-01
1.007511810115494066e+00
6.166030387413972136e-01
3.742815268652117666e-01
6.059346887534782233e-01
2.813202260780355290e-01
5.855418161930953103e-01
5.506817113197006730e-01
6.910875613683477026e-01
8.600226772969695732e-01
8.551348476535448606e-01
5.533746231250180614e-01
8.498397842703795391e-01
3.395566002246466764e-01
3.071244846530103989e-01
6.908877605393947130e-01
6.172963669823731125e-01
3.629588142939322304e-01
4.961939981126494703e-01
5.138358656178310113e-01
6.889311356579322920e-01
6.425752302596714483e-01
8.175667379246719380e-01
4.634264699353989880e-01
7.877009967711823268e-01
8.001751271908007501e-01
1.624099145570722935e-01
7.900601168315238843e-01
4.659886580348354679e-01
2.428222518871565316e-01
1.047114240984533540e+00
5.383917939922200357e-01
5.025842637504570609e-01
6.478732351084754981e-01
5.533218633543578457e-01
7.105359196760289153e-01
9.618090631061354534e-01
4.789372128724160849e-01
6.429108105441919685e-01
5.056369014173671683e-01
