2.994677105308016229e-01
5.409871788355521405e-01
7.514917258454086868e-01
4.723879487840201841e-01
5.934539654879402715e-01
5.224260076576857648e-01
3.419373376159597910e-01
5.154788885608038163e-01
9.260500856522134727e-01
1.169196201216742947e+00
1.156811071458424323e+00
8.532848394765166766e-01
5.510850973639674910e-01
5.598182560836312271e-01
3.295121277616390176e-01
9.937109536587483971e-01
7.032056084796343143e-01
4.285235670922233342e-01
6.617186195083634148e-01
5.341304163595802512e-01
7.287368146712279726e-01
9.447209712914970137e-01
3.392135335705562249e-01
3.699629463015167152e-01
7.571078163084155044e-01
4.964729393412560254e-01
4.959456406411230645e-01
7.635683634214899262e-01
4.856764364999754946e-01
7.791950286260611591e-01
7.169562361236954118e-01
6.579782191616233566e-01
4.972994724936278810e-01
7.697169557490091130e-01
3.362013589396859459e-01
5.975391061155361783e-01
5.440299328745875629e-01
7.923715858684797775e-01
8.546850796826759300e-01
4.022903747868667446e-01
4.911132882915492104e-01
4.882975492803460216e-01
9.600134982980114140e-01
6.864167884475018688e-01
5.602660489239683628e-01
6.991874981924677268e-01
1.428190937158620333e+00
5.165932249170518409e-01
4.416373097011202509e-01
2.390247833766390717e-01
5.999659027569257397e-01
5.108982427251284458e-02
4.024617470351685711e-01
7.410056035217597037e-01
6.964426251024644632e-01
1.029833989238414071e+00
4.969466440871075363e-01
1.100885892566173974e+00
7.814432686532585270e-01
3.237043124101749436e-01
6.559172566435828022e-01
8.413214986948236440e-01
3.634491412063139970e-01
6.328850476316708606e-01
5.712482592873185938e-01
3.697373488735103408e-01
1.966545222551890348e-01
6.419355488263720488e-01
8.626707552764153464e-01
8.997362510514916867e-01
6.271789793354888287e-01
3.605492896159481209e-01
8.584234803481658460e-01
6.669768212821908238e-01
7.110084744994829009e-01
3.746404936274237985e-01
3.753778386261545363e-01
8.348037811827417887e-01
4.391215514135909936e-01
3.137662962539251033e-01
3.716450421959084927e-01
7.694545373312300374e-01
7.652367994175134358e-01
6.854323711801607599e-01
4.093847996400120093e-01
9.161098479530263017e-01
7.738369310731255668e-01
6.314880806982055006e-01
5.091221295771229949e-01
7.118806176507780359e-01
9.203436987715943873e-01
7.002359902005816927e-01
3.658713498998248936e-01
6.686564488688682140e-01
6.176623974864220434e-01
5.862008485682512759e-01
5.287978028958926213e-01
4.012850164216338889e-01
5.122807899860905012e-01
7.509222034653779687e-01
7.461323372780091778e-02
6.161354547277918536e-01
2.725204178376542385e-01
7.239835903886258084e-01
7.438685149593861068e-01
5.683710785085476225e-01
1.029833989238414071e+00
5.539858616630796151e-01
6.129745938510291481e-01
6.254987252490755711e-01
6.121709895343261376e-01
4.888792896035638047e-01
5.737897940350694670e-01
5.101899005045643642e-01
4.494301620439525302e-01
5.406272118529350523e-01
2.550148847955918119e-01
1.000933579901864157e+00
8.065775449694632115e-01
6.772959971903927956e-01
5.731260133949883651e-01
5.635927306051018437e-01
5.801649630475265162e-01
4.556147726964274169e-01
3.248380100068521958e-01
3.666010125657803709e-01
7.972230308779181263e-01
8.122703884407755925e-01
4.365029301644688942e-01
3.458879976115737387e-01
8.655933182936729198e-01
2.755855399963161312e-01
5.696382518540733519e-01
6.769574112658838239e-01
7.611648656126237533e-01
4.885324291097196125e-01
9.819416805442557905e-01
8.383007203210199876e-01
4.679101058196880603e-01
7.150632990244654152e-01
6.894104774971906435e-01
7.559525717803675660e-01
3.286271736569887914e-01
3.982910567606908758e-01
5.837245130104740110e-01
7.090106322642492076e-01
6.030205466531631808e-01
2.279467133922318534e-01
4.552624695461029436e-01
7.842794495545658551e-01
4.128042434609290878e-01
9.548463124025043935e-01
4.834857626596483215e-01
4.447364001431584613e-01
6.350020508859096635e-01
1.323372571746594062e+00
3.211682349532927194e-01
8.939156627090822926e-01
4.656041260656139658e-01
6.551450790607323826e-01
6.314095618196604587e-01
7.363984122297198009e-01
3.830152094684154407e-01
7.012028998805052149e-01
7.131052187589206337e-01
8.776170059943174673e-01
4.398680252441823924e-01
7.536526270309616971e-01
7.502011229036221751e-01
6.301363612141608339e-01
5.532540441443700718e-01
8.001120890116388829e-01
2.686671508142832177e-01
7.930057429869205032e-01
2.832641263412074562e-01
7.038513324695406803e-01
5.407711411463307360e-01
6.735789097936886183e-01
8.803365594183143461e-01
6.226418662826372907e-01
3.358511520860190114e-01
5.928477374312579595e-01
5.183266928751668612e-01
5.966001587140856710e-01
2.841875272469374103e-01
4.376361788197198899e-01
8.501065373624540067e-01
3.989638324934392521e-01
5.970210035487311107e-01
3.613671162380088231e-01
5.008802101850265975e-01
9.537254955272079782e-01
3.644959060381046667e-01
4.153577065800704848e-01
5.184986944324508906e-01
5.351435994345832281e-01
5.334991228591289270e-01
8.233996353211917585e-01
5.725363775787382092e-01
4.137544172028287948e-01
4.547935786610500242e-01
5.237528680136266379e-01
6.128174019108935111e-01
6.781099869381387313e-01
7.497995830176067411e-01
6.779515579573277551e-01
5.690159143844379930e-01
4.775185566556209849e-01
4.660421154924508924e-01
9.177862644017024119e-01
7.723510182223416454e-01
5.185516409567791918e-01
7.018570748674364257e-01
8.045648150729199921e-01
7.962698447142623204e-01
1.126591547628312595e+00
3.101965502804333585e-01
3.869737496068522131e-01
4.690608505753091628e-01
1.729182342818583462e-01
6.922298159298814202e-01
3.438154622794450943e-01
9.877912613970616373e-01
4.254583568882751576e-01
6.116087982698305003e-01
5.084403350080344275e-01
6.382343242549637363e-01
3.842578361139671883e-01
5.643835346477118486e-01
6.691851355254160305e-01
9.040410175907815926e-01
5.456887612325138637e-01
5.552275749983182074e-01
5.797178989893539969e-01
6.802218777937637517e-01
5.563834119573375370e-01
5.963812035919046073e-01
4.664059517287427181e-01
8.215513196925510186e-01
4.524988160647472890e-01
5.292386916204446790e-01
5.286876954682649954e-01
5.536838468009179781e-01
5.862346850915892693e-01
7.501734166908622381e-01
2.606314914735707866e-01
7.725419542744638157e-01
7.713245212074835155e-01
4.499777498003694198e-01
6.548916094252567044e-01
6.438074072911198487e-01
8.744057513447471841e-01
3.610363321941021386e-01
9.188657198832206330e-01
9.214291820516898879e-01
2.444146439055726872e-01
7.312685172530681843e-01
4.531398207232069653e-01
5.184986944324508906e-01
8.136206206059753976e-01
5.026837656834902690e-01
7.915070569979533177e-01
7.306109489870684648e-01
6.973631655218771597e-01
7.931141151746701201e-01
5.979348739730498963e-01
5.174683939964200841e-01
6.085487845091444026e-01
2.095114114143512840e-01
1.006962403516680427e+00
6.868113475482156005e-01
7.682468080082630602e-01
5.815435991736970234e-01
4.280404514585228748e-01
5.747720883910152345e-01
7.860245183708102212e-01
4.200909074761072781e-01
5.096842296373792491e-01
5.267067445543491822e-01
5.466359590876631591e-01
8.945455411872318408e-01
7.298103154132211667e-01
7.930057429869205032e-01
7.214763658357064013e-01
7.382048845667420478e-01
2.471491306865863657e-01
3.738716290031010026e-01
4.482054215897897098e-01
3.356402687399468454e-01
3.362013589396859459e-01
6.447065082995089291e-01
4.967278988503632253e-01
6.229282876514498080e-01
9.573439662419453988e-01
7.763212537259115420e-01
4.355809320382235672e-01
5.878209142897217188e-01
6.319301135140379388e-01
7.076274378588566227e-01
5.364792500162027800e-01
4.838600667874816130e-01
3.623663474041294297e-01
1.092272503091360036e+00
5.554249433632789668e-01
4.884325775780526402e-01
9.210949145783233760e-01
3.627999857779966586e-01
9.815146462304167319e-01
1.087186319679849689e+00
7.543803611282209332e-01
3.398776120028525471e-01
6.818430574759897222e-01
4.994638504921124489e-01
6.729094813403059261e-01
5.883402057563642540e-01
4.880570317340271469e-01
5.429030350195372945e-01
7.287368146712279726e-01
2.686671508142832177e-01
3.667267682594487210e-01
4.127497201674061866e-01
1.199612910304944657e+00
6.009243714495732247e-01
3.530849162369690819e-01
5.190087539601522248e-01
4.810810729762206028e-01
4.611853056883679081e-01
7.121052289694288495e-01
6.754379544354895959e-01
9.260923064599118071e-01
5.702219303727605881e-01
6.541113112447382028e-01
5.976358009808896421e-01
6.946325697195293580e-01
5.427724719424552591e-01
3.978191248198371666e-01
3.603957595830216687e-01
2.733014309763325267e-01
7.243837810255865373e-01
4.844139464785480742e-01
8.622862311352906817e-01
8.328868953476495918e-01
3.912785931026616648e-01
4.936315731545961594e-01
8.183242931165287670e-01
4.277610134407024423e-01
5.605830245688080415e-01
5.399087130864514972e-01
5.294387114564581553e-01
8.641571378502255207e-01
9.272337253207256769e-01
7.871515444192395128e-01
8.181430109249210325e-01
4.680017419212827434e-01
8.000490607640504681e-01
8.982442171153725008e-01
4.778330868097360740e-01
3.585382298311397542e-01
7.372938513153711737e-01
4.270864604816702048e-01
9.113624194067873052e-01
5.830040929863803401e-01
1.005292895683773002e+00
5.909504866896057029e-01
9.203436987715943873e-01
4.047190739751434507e-01
6.059618031603615229e-01
3.646398578908451871e-01
3.174166800077895534e-01
1.277713200423870044e+00
6.713859294894470864e-01
7.772867350516972085e-01
6.495409824679738708e-01
5.365430187473843038e-01
8.146811696842930495e-01
4.888792896035638047e-01
6.280419140059820826e-01
6.962397163186507809e-01
4.885206797517641086e-01
5.897152115356145696e-01
7.980530636966299829e-01
5.598799780523284753e-01
6.028773645095636402e-01
1.094479530348535734e+00
5.807123119555863688e-01
2.268976581723977093e-01
7.824968932618785455e-01
7.251984363783171572e-01
3.620369586806843620e-01
7.992934956021908732e-01
5.958476269797147173e-01
8.963020674567446777e-01
5.294387114564581553e-01
6.854323711801607599e-01
1.025156233155267715e+00
6.565426767211879344e-01
4.749671609161127406e-01
3.068623380327292205e-01
5.480074894441935296e-01
5.567417835995690512e-01
4.208394145781956253e-01
8.474995558042547339e-01
4.277610134407024423e-01
9.269375318291681598e-01
6.443792720672051333e-01
4.334755087813245145e-01
3.579190964774230932e-01
5.101066198829351528e-01
5.393639299983663538e-01
4.341936130079619427e-01
5.462904754585753420e-01
6.716856454395845333e-01
3.189267640718869146e-01
7.771677770068095015e-01
5.435786128168078601e-01
4.911904821535897914e-01
8.052824930121501579e-01
4.978052544784451472e-01
3.621208636325116137e-01
4.927275189205078676e-01
4.391927610836544593e-01
4.663417040599324714e-01
5.639447951396775460e-01
4.564132976157125321e-01
8.250300303099471211e-02
7.986649472629447910e-01
4.168579468213734485e-01
3.924920651898647361e-01
8.982124409660470488e-02
4.341657711603820746e-01
5.712964591123181890e-01
7.145350665284838643e-01
3.272664314972283939e-01
3.286404660233543940e-01
3.803472634348558645e-01
6.667250575637916343e-01
8.643409971591444751e-01
4.793950013862895432e-01
9.844162839846116730e-01
3.985411266846876632e-01
4.354362006010584762e-01
7.652367994175134358e-01
2.988706609931504055e-01
5.901692603794083114e-01
3.738647476346556586e-01
9.228944593806527319e-01
4.617199464400807973e-01
6.215273351510327560e-01
2.256850634001841827e-01
7.392795750377957331e-01
7.966133538733052299e-01
9.048867626122496510e-01
3.213104852887013752e-01
1.572578462971318258e-01
4.075244636459814385e-01
5.949314081786183372e-01
6.537744606040803985e-01
2.960156457528614338e-01
8.709004053310385185e-01
4.119879035715207638e-01
5.898436450253644603e-01
7.208234923876746247e-01
6.369334797823360539e-01
6.485558710623885448e-01
1.101453005652385908e+00
4.995314070220711056e-01
9.290148690223182237e-01
5.054104405010817480e-01
4.864906857887691394e-01
5.991164937393368417e-01
7.065075599985557453e-01
3.509285374337182128e-01
7.508944439665253823e-01
8.306899336975146486e-01
6.371532498035908931e-01
1.593939334309393829e-01
4.334755087813245145e-01
4.165331146761230285e-01
9.041013755169126087e-01
4.998633134102390962e-01
6.365243126690527387e-01
7.652656294969851780e-01
5.179368046238582712e-01
6.166217568640915969e-01
9.571635183063627039e-01
3.384223122530193861e-01
8.175667379246719380e-01
6.443486107010047981e-01
4.246578289601939393e-01
3.874055081579660387e-01
8.699306453559381147e-01
1.044207459387660908e+00
7.532613514699426638e-01
1.108001942110376392e+00
8.114753651894004438e-01
8.246364730325785874e-01
5.780351902715805679e-01
7.320987404710125324e-01
3.197475951569577202e-01
3.224479217032991119e-01
6.752583226534516481e-01
5.009790384565112609e-01
9.375696101425560203e-01
3.645744111376273966e-01
6.485041058597303953e-01
7.655973316148154684e-01
6.616755086971178867e-01
6.249118000196427491e-01
7.535547700372271507e-01
8.539843856020884472e-01
3.367699116104231338e-01
6.115075293897244135e-01
8.786609972418504277e-01
8.574089024604155673e-01
7.155166917497746137e-01
6.023410365108896602e-01
6.790394171106182153e-01
3.708105480021993139e-01
5.569631369272957100e-01
7.503535436633411715e-01
4.781874288746756907e-01
5.754804471757390960e-01
4.544883002648843484e-01
6.502583626646971648e-01
6.363149427898776578e-01
4.652575238209850084e-01
8.600408842297602163e-01
5.994258953783504484e-01
3.960351651651600191e-01
7.665218439494509983e-01
3.746404936274237985e-01
5.351717982805552776e-01
7.404113728854150311e-01
5.287289803797351473e-01
4.438035701837155789e-01
7.902291662447616938e-01
6.778271299675802108e-01
8.376438938426967740e-01
7.413842471617809737e-01
1.390982342864864607e-01
5.612025474516425527e-01
7.663772417415335436e-01
6.438890401070951341e-01
7.379366999832330798e-01
3.499460862568973818e-01
8.391145372718005202e-01
5.259225996177998574e-01
6.486490692555796356e-01
9.623330855733022160e-01
4.678185055962983951e-01
1.840645698313486123e-01
5.791393959467540098e-01
5.147538830916607022e-01
3.901550175988182656e-01
6.852705026310570435e-01
1.040063778993265631e+00
3.830152094684154407e-01
4.042036416480305205e-01
7.295088925347821274e-01
5.197591024612908672e-01
3.581873354095200801e-01
6.041145509461679497e-01
7.923715858684797775e-01
4.653054841191752583e-02
4.729378829494749747e-01
6.866372214565529264e-01
9.128778753196924445e-01
7.682468080082630602e-01
3.542889017448673239e-01
6.600950735648796197e-01
7.218994439356188897e-01
5.021742343132952202e-01
8.097446921960724797e-01
7.338841536143679845e-01
1.173011035933270385e+00
7.709878389030013768e-01
5.842954091513771209e-01
7.330234244686482104e-01
4.111090431832822856e-02
3.138535619672351284e-01
1.081254423705870105e+00
6.815913831095238296e-01
8.999554996007388397e-01
4.270550332969993423e-01
6.989469092695997920e-01
4.936435696446601629e-01
6.912639522108076084e-01
3.879975092401145020e-01
6.771605221855374612e-01
1.564620088330577752e-01
6.658835779553337053e-01
4.561212045839821427e-01
7.055504820763984775e-01
7.600114344840691594e-01
4.032007146718502577e-01
4.453848816229808993e-01
3.832464595713001021e-01
5.197923538496974638e-01
8.449085147763603088e-01
6.236837927364931033e-01
6.096721074448021582e-01
4.999248259638816028e-01
4.281983600088217212e-01
6.354887795059513955e-01
7.936254118556126391e-01
6.669439717539557000e-01
4.846624498332990361e-01
5.276371042870477979e-01
6.465740033976373757e-01
1.250589239438901767e-01
6.039798282459182266e-01
4.279187158451688289e-01
8.930313953853937781e-01
5.063238138901595686e-01
3.361568477503451002e-01
4.064440051972642021e-01
7.132178933896936579e-01
5.596254626131577092e-01
6.426463846789046697e-01
4.752171816472323118e-01
6.413578858810418115e-01
5.795276919754202005e-01
9.290148690223182237e-01
2.816186004469651283e-01
5.247744749977646395e-01
4.200822195650464885e-01
6.463374042618917903e-01
7.509360839844904101e-01
5.628041395824079363e-01
5.509430978677861690e-01
5.562234375381923668e-01
5.353551632422770545e-01
3.882979001507981254e-01
5.761496958981853211e-01
5.778543050435537287e-01
5.508908007088977321e-01
7.932844741847835390e-01
8.332969151517262141e-01
7.501734166908622381e-01
7.720427823541798906e-01
4.916065588958572485e-01
5.189358268822501508e-01
6.344566101962635374e-01
3.842832798013257611e-01
5.873025387075254677e-01
3.317265439715588182e-01
3.301387293991008276e-01
5.666823530454735414e-01
4.473318711182716068e-01
9.080825984638430937e-01
6.361156709175270763e-01
3.978191248198371666e-01
6.512173381766981350e-01
6.404680940797249367e-01
1.665637195878513888e+00
3.310129733598167756e-01
6.723748958536402975e-01
6.660800971860921793e-01
3.397130531900245665e-02
4.058552324992452665e-01
2.628881287975833869e-01
3.594709565047998767e-01
5.560483329794271290e-01
1.024225776711298774e+00
7.249137454270436765e-01
9.822028289324956640e-01
7.859028709950660607e-01
6.131226128899764927e-01
6.480075800337674607e-01
4.270191221774822798e-01
4.658550680290918788e-01
7.705345144903923416e-01
4.157104826601136782e-01
4.532965622730940058e-01
8.498397842703795391e-01
7.992934956021908732e-01
5.466727383832835629e-01
5.734010530491179258e-01
1.862612901350114980e-01
7.077137293778540394e-01
2.944131376188668381e-01
6.218508045045378907e-01
7.985393562031087855e-01
4.968554768293741986e-01
5.538272627905737044e-01
6.058533600900312122e-01
7.578846558490559548e-01
9.882478156922486212e-01
4.673180325711699945e-01
9.719106009109536037e-01
1.233251001250010026e-01
6.502895890555280278e-01
5.315932951345435642e-01
4.682013093246006896e-01
5.266999158247260837e-01
6.876367441472764908e-01
7.287760334291933928e-01
6.431347255287880316e-01
5.409871788355521405e-01
3.891757710009575155e-01
5.897152115356145696e-01
8.143545525293059972e-01
7.045226784502532924e-01
3.419373376159597910e-01
6.811799528408751803e-01
3.930921188566378621e-01
5.533369365479440249e-01
6.625171840290441372e-01
6.749666247005541297e-01
4.131484918893211788e-01
8.300788951487905187e-01
9.016132808264226695e-01
7.801676756697832893e-01
5.716179992609674576e-01
8.409035459310914007e-01
6.990671830309388435e-01
6.941578020551730788e-01
7.249396171858339954e-01
6.239520067498648404e-01
5.836406517753778278e-01
4.382924749158686462e-01
4.120046165682276218e-01
7.349329957754030529e-01
8.634775379926235006e-01
3.009964673661679191e-01
7.018692007304114799e-01
8.490937654400032564e-01
3.411763473455522999e-01
4.237232592877983040e-01
5.442485827056019465e-01
5.883742897123215299e-01
8.814061575465265141e-01
1.648764233489056485e-01
4.861239359987190034e-01
1.674762902716192270e-01
6.802104883711229677e-01
4.703697110906464585e-01
6.307429388814581595e-01
4.946232477503190172e-01
5.227957739647258739e-01
5.094157998630305384e-01
2.680555525256802518e-01
5.628119365974474375e-01
5.799082309001192259e-01
7.368124493520922247e-01
3.888889110839806595e-01
5.487996110432550312e-01
5.609390829912728194e-01
4.897869792568112501e-01
4.907988257943647348e-01
5.425839916589018097e-01
7.848703865432178350e-01
3.094074685068199382e-01
4.674632208443352255e-01
5.905553227526414428e-01
4.334847595151034572e-01
5.967228438231044763e-01
5.905209856454241013e-01
3.958730786825012116e-01
5.405696615855459797e-01
6.208814049529572943e-01
6.044830998344932205e-01
4.644649487512513830e-01
8.220001458353962676e-01
8.568844380400116867e-01
5.973018967782655064e-01
4.929008882246658230e-01
7.332351088796490446e-01
1.823952373163783558e-01
6.004536294467232027e-01
5.036434902119579782e-01
7.423732472173848462e-01
4.134596483418513935e-01
5.356516337580358167e-01
5.005592874170080586e-01
1.135598233562837400e+00
5.612723294760563197e-01
4.704187311974079577e-01
3.966035145997047207e-01
4.501023877092851788e-01
8.856334330508808250e-01
4.134596483418513935e-01
6.649136012222487402e-01
5.827782812474279206e-01
6.903828972788551566e-01
7.494261217435977951e-01
4.228676091129067172e-01
4.706312697807802925e-01
9.484262783647793293e-01
6.228614324314575290e-01
9.050480363463130340e-01
7.308343894701450072e-01
5.031694023567212515e-01
6.661565526609758425e-01
6.921000921237001613e-01
6.052936886506489200e-01
8.036098986702461255e-01
4.340080681111593286e-01
6.055824221494984227e-01
3.035876965944054318e-01
6.432263720744315627e-01
6.016541454263344413e-01
9.173096215024036937e-01
2.043690636349214107e-01
6.865095850932295685e-01
6.179348555356000139e-01
8.652798979228317755e-01
9.608536236394737973e-01
1.328957152915599238e+00
4.475487067319983137e-01
6.257010366638986465e-01
4.263290083689469934e-01
4.343932507936928422e-01
1.015469959692969937e+00
5.769024156474381604e-01
3.232432722051970519e-01
7.629374099961868660e-01
9.047255463438289569e-01
8.856334330508808250e-01
1.168254765269366446e+00
7.757579286487348291e-01
4.865780887458163728e-01
2.973394268193704781e-01
1.257464054461167935e+00
4.181537493178486553e-01
6.215463534443620430e-01
4.094962170761836107e-01
7.382048845667420478e-01
2.975746499229193764e-01
3.330072889443493334e-01
9.627435885839503715e-01
5.054104405010817480e-01
5.711277952998967677e-01
5.559265861223513516e-01
4.451359923680416331e-01
6.199150230796233174e-01
9.174339153920859635e-01
4.644649487512513830e-01
8.466870471119182229e-01
7.145350665284838643e-01
2.286047404026659013e-01
4.091250612553949950e-01
5.935666872311878839e-01
2.126401005363881269e-01
3.574184090327194308e-01
2.515083807923043091e-01
4.365826764333593513e-01
7.726007228229612167e-01
4.440169979176443738e-01
9.104229126322654908e-01
7.849765464316454944e-01
5.368833748411079299e-01
9.108107348715769325e-01
6.960727037245678650e-01
9.571635183063627039e-01
3.088711154932215486e-01
1.057058992700794953e+00
5.970473260655313474e-01
7.196869899283757643e-01
4.958245808513797592e-01
6.567549542893601489e-01
6.215273351510327560e-01
4.663738256816475358e-01
5.735224780116463528e-01
3.193454380250206892e-01
6.094708834535068620e-01
5.296526930219547236e-01
3.650691158112594481e-01
3.654697926148091081e-01
9.056937065539394371e-01
5.477267251918155333e-01
6.982861426566219221e-01
1.211200954279149367e-01
1.015673063840115908e+00
7.393064823926652762e-01
5.124164832365503131e-01
4.200127292110144017e-01
7.907829250282629729e-01
4.482054215897897098e-01
7.610935647840260110e-01
9.651222580352303293e-01
2.455002550639779901e-01
6.984302033400432430e-01
4.429277598695685048e-01
6.253639236396193457e-01
4.254182588170665746e-01
5.993639894877095253e-01
4.593601303452922169e-01
7.466438376672844823e-01
8.001436068596264883e-01
5.041872939184232072e-01
5.529377741895026288e-01
4.939496772749340514e-01
9.160891897234689774e-01
8.319999018488767328e-01
4.819542923109779164e-01
3.116433425706095495e-01
5.101834933374811420e-01
7.681596491978398555e-01
4.367892139114586958e-01
5.312804541557941684e-01
2.771195263714602564e-01
6.627614543019974547e-02
4.516636967866691221e-01
4.408130644589997038e-01
1.049088193561536819e+00
9.104229126322654908e-01
6.079841243879278156e-01
3.903499582742589458e-01
7.443046336175034305e-01
5.740411361802593149e-01
5.034999220112406082e-01
4.961818773432299379e-01
7.425632200821976614e-01
9.370073624752502939e-01
7.833418408337083916e-01
7.875635617834741975e-01
4.979455930315248580e-01
7.480323925588200362e-01
7.632670964298159388e-01
3.266690619042702526e-01
8.231326986156531911e-01
5.229101712894446141e-01
4.925960787122377060e-01
8.670712912188537347e-01
2.269192037417440133e-01
4.842234073623247204e-01
5.446498975382020324e-01
5.242327303723766097e-01
5.190087539601522248e-01
7.417768219452764988e-01
5.677594399602665654e-01
5.250864854652693703e-01
1.904464367433781058e-01
6.743168211578685067e-01
1.547980521398462095e-01
6.416313860455966633e-01
7.916921543336506994e-01
4.857635470994841054e-01
3.942518289207122550e-01
4.786719831209726994e-01
7.494814258629796111e-01
6.994523373818796186e-01
3.499702036291637008e-01
4.940097429011607311e-01
6.926428972153882979e-01
4.772661091103964637e-01
9.745685788047727671e-01
5.600111824363060986e-01
5.141805516773653162e-01
4.422478903491938729e-01
6.206442680193863248e-01
6.553141678492241384e-01
7.150003732527887568e-01
6.009777095102954991e-01
6.083574112353912211e-01
6.259034789923419995e-01
5.877528784773644599e-01
5.737735859706079022e-01
7.667967385329738095e-01
3.229220947464067071e-01
6.070393019959797742e-01
3.994267039709457623e-01
2.450249471195662110e-01
5.185516409567791918e-01
3.189267640718869146e-01
6.195746649709001908e-01
8.501599080773662998e-01
6.107077645777566621e-01
3.234594626177551002e-01
5.065826771014907415e-01
7.362382646926719509e-01
3.549885635046920451e-01
8.517462933469672759e-01
8.424904854308784552e-01
7.875635617834741975e-01
4.328658320899825274e-01
6.810657547901382003e-01
3.186465912173073733e-01
3.466317221774670165e-01
9.065020909846469577e-01
5.035436080155303307e-01
2.450249471195662110e-01
9.281022390449819026e-01
6.169776172446951312e-01
8.402600150466813522e-01
4.102736970427589558e-01
2.391978897977893870e-01
8.402426359899263231e-01
5.226074639155715573e-01
3.927766722177023495e-01
5.445695872315945429e-01
4.179386562912353331e-01
7.594857208352393529e-01
7.753907255859002201e-02
1.208642485049296500e+00
6.179348555356000139e-01
6.209763104733488914e-01
4.462018233363019837e-01
7.633531484521871580e-01
6.461831937437680917e-01
6.422704611312994860e-01
6.259806343412269714e-01
5.377717486395424684e-01
8.864450720608556544e-01
6.578929750198696524e-01
6.163037032552596273e-01
5.184986944324508906e-01
7.368124493520922247e-01
5.287909198380359443e-01
8.067537375382666243e-01
9.698224165646578410e-01
6.327470439143503267e-01
4.116038785345033646e-01
4.376361788197198899e-01
9.968319970426694487e-01
4.736491921123580640e-01
8.215845492644032744e-01
5.631474127375892813e-01
9.444354575724038803e-01
7.321515167062007112e-01
8.767646748133581802e-01
3.242598172764253883e-01
3.530849162369690819e-01
4.125988077256675379e-01
8.848232789727734637e-01
4.872726000033218985e-01
7.925107041898704630e-01
7.032177809845413519e-01
9.371370520755928357e-01
7.517698552430087666e-01
6.126233349038191500e-01
7.430385778885201242e-01
8.146811696842930495e-01
7.069870733263191598e-01
4.139947539206244032e-01
4.658497260220277880e-01
7.176528265877075707e-01
4.082821572177137703e-01
3.140039667597559481e-01
9.107698959192233046e-01
8.689258701575717225e-01
1.181024803985026850e+00
3.327563455881669685e-01
5.431788745634762439e-01
5.197258553268294667e-01
4.599999004413401482e-01
7.896608328631370410e-01
5.156228259059368879e-01
4.119461270113363160e-01
4.717844964809363995e-01
9.511798456445083039e-01
4.089850218710870955e-01
4.031406972985973614e-01
2.309019620750082380e-01
7.266252518821111339e-01
3.223455808383542398e-01
7.588614937698836549e-01
7.368391774127934779e-01
5.533896991932673037e-01
5.548181039506835388e-01
7.245000482848599210e-01
6.505186742590384208e-01
3.923821276824709381e-01
5.205049546756133072e-01
5.550910175098645594e-01
7.448095337246434244e-01
5.633192063934572280e-01
5.921650517094769750e-01
7.271585023175511919e-01
5.232806235264629846e-01
6.627225319327397779e-01
3.956802914890958367e-01
4.646030558952075618e-01
4.879397920617472573e-01
3.731641762118287908e-01
1.055438705346105621e+00
8.758195797666692428e-01
4.771091653060196003e-01
5.864885835808303360e-01
2.070860114361584847e-01
6.075931202697638644e-01
4.130854767143927742e-01
7.798980842287761561e-01
3.372703749832045017e-01
6.371632429535745157e-01
7.360115082157575594e-01
5.758475251952848151e-01
5.589555752267054700e-01
8.204893908160878491e-01
3.201734750439531041e-01
7.482666176872643238e-01
9.651681168771698571e-01
8.911312452285021779e-01
7.652656294969851780e-01
6.644677081319118050e-01
5.537895145379774231e-01
7.640278945211192996e-01
6.309682566976306806e-01
6.347044215773045561e-01
7.985707502649189715e-01
7.593437608874196165e-01
3.335103128435838449e-01
4.447364001431584613e-01
7.799579773351179579e-01
7.652944617488687262e-01
5.416146653975889569e-01
5.141805516773653162e-01
7.795837962709782909e-01
6.019037426656732581e-01
6.993921290410244351e-01
5.230448204902401477e-01
4.751671564456459440e-01
6.743392073480671822e-01
6.269563592060890533e-01
5.008555092093174288e-01
7.173866959945778277e-01
1.240375157851769938e-01
4.075857934773752800e-01
1.501761129973455955e-01
6.886391810465131158e-01
1.113132705158837998e+00
7.130927015530446056e-01
6.529338499088213066e-01
2.664294178705064464e-01
5.456887612325138637e-01
8.389066040448716066e-01
7.088127020880927720e-01
5.364792500162027800e-01
7.300857452281819260e-01
9.212202364560863055e-01
6.121709895343261376e-01
4.976710916020696818e-01
6.809515950229966252e-01
6.754716460348992868e-01
3.984238673205930392e-01
9.236708473347494674e-01
5.229774872229268068e-01
6.734225907150640511e-01
5.658929809229401586e-01
5.028081985182056846e-01
5.557516683877611330e-01
3.546136225022211153e-01
8.618289110161005961e-01
4.467710459416798785e-01
3.036989033728569320e-01
3.383715742751703393e-01
4.444687826990618706e-01
5.439862239887112150e-01
1.624099145570722935e-01
7.126548760192431553e-01
5.880251162661130904e-01
3.119352801280527721e-01
6.644351052873139762e-01
6.825762590096434712e-01
8.445923327957786109e-01
7.657705077656773440e-01
8.328527452432850087e-01
1.862612901350114980e-01
3.547715588811191090e-01
3.407413814843946454e-01
6.565426767211879344e-01
2.178021424147122131e-01
5.053790036384518958e-01
6.762362248435614953e-01
4.717187585777795622e-01
6.771605221855374612e-01
6.353397017215124398e-01
3.823699111250124516e-01
7.809625561328927823e-01
7.890779894234510872e-01
7.431745062102472765e-01
3.565307052303914315e-01
5.663268632374739431e-01
6.566169582588807785e-01
4.677054018820741010e-01
8.701728828230509416e-01
7.840524029697948372e-01
5.885532952912271298e-01
2.019852591756341742e-01
5.109792112029200029e-01
3.962398923929242311e-01
6.097544646525621115e-01
5.243612934169339379e-01
3.297100265187150048e-01
6.796073942733317219e-01
5.837245130104740110e-01
8.968957105083773529e-01
8.289102470409498435e-01
5.477562657751120501e-01
1.034765440842510209e+00
5.066332178619329385e-01
8.798789544839173971e-01
6.877298709599795057e-01
6.612554724831849473e-01
6.044830998344932205e-01
5.299290539841243763e-01
9.702393352792374470e-01
5.862008485682512759e-01
4.048158639165050920e-01
5.683710785085476225e-01
8.134251287963669697e-01
1.054644112343638307e+00
3.466317221774670165e-01
4.541681987219192140e-01
9.232929819881124933e-01
8.903305180362697246e-01
1.173451508014932143e+00
5.940614346344512686e-01
7.321251276374948214e-01
1.019982706256169047e+00
9.576599138982332393e-01
7.087014149203104685e-01
5.621266252591248236e-01
7.954746662909134569e-01
1.446894509353711111e-01
5.418458313768184098e-01
3.879975092401145020e-01
2.650647980444001961e-01
7.508944439665253823e-01
9.648701122809459907e-01
6.979022712158898800e-01
8.002224123441792347e-01
4.591161350226247717e-01
7.386075271349578086e-01
4.203821603041966171e-01
5.335201419328512440e-01
6.766304331691697094e-01
3.382870447787238999e-01
5.803390075637403500e-01
9.168334734253430485e-01
7.408704673647180661e-01
3.877234840088277235e-01
5.643600134401666191e-01
1.083128248259710436e+00
5.282820703182958821e-01
6.713637389479094608e-01
8.146321604098127889e-01
4.341518515755287688e-01
8.145504913878363062e-01
4.659405568073605175e-01
7.014329334647332326e-01
5.849095271395429174e-01
3.331465619795884181e-01
5.761823819972052840e-01
9.515808865238674086e-01
5.829371675631647154e-01
5.134851510121460905e-01
2.869556918562777281e-01
4.099631784717233662e-01
6.257492253392832326e-01
3.100545026329094012e-01
7.275491816948486123e-01
7.229271502353760148e-01
6.675467276973388042e-01
4.339107205070969475e-01
6.153515080124957182e-01
6.367837234897715248e-01
6.692623055217699068e-01
6.029668453799919003e-01
6.377133493576062628e-01
5.139268698446127770e-01
5.487180723901474710e-01
8.462637476820530358e-01
9.470996224991129475e-01
1.008662508875681540e+00
7.974421169809389198e-01
3.852489896490023935e-01
8.896286260259925749e-01
9.745452000066437970e-01
5.905553227526414428e-01
4.251199883579803163e-01
7.255740526429174109e-01
5.009852165183986683e-01
7.183253683578278981e-01
6.149602822766374599e-01
8.052346079855097205e-01
4.497585546517830490e-01
2.865266264703841825e-01
4.502520443711632847e-01
9.539270483358055497e-01
4.370805758986611167e-01
1.061228578341134154e+00
6.084029653823693762e-01
7.606660401722050713e-01
6.186877116104495533e-01
1.718517363204676573e-01
1.466957394296705408e-01
4.283112231808131609e-01
5.258136861738386125e-01
3.897058967574171806e-01
4.215512214120260559e-01
9.630859420481947542e-01
7.980687413067136804e-01
4.094962170761836107e-01
7.252761181775114752e-01
5.874129355178205891e-01
7.405193439204694750e-01
7.738369310731255668e-01
5.029015635790217154e-01
6.070665153538097325e-01
7.925107041898704630e-01
4.169178395898743839e-01
2.251721911320826164e-01
4.716749434856662981e-01
7.758468203559251153e-01
4.484924123985929989e-01
4.130854767143927742e-01
5.523438641397274695e-01
3.259718295993400683e-01
5.642424368043577054e-01
6.007821828967310207e-01
2.540929636073914200e-01
6.802104883711229677e-01
5.885532952912271298e-01
9.987435147870230567e-01
7.021118060088307189e-01
5.756516919950823707e-01
4.885206797517641086e-01
7.535827265851148260e-01
4.506316203644656904e-01
1.628630752137849580e-01
4.174705196427671017e-01
6.518129064511913873e-01
7.712659466420548338e-01
2.773938983931729108e-01
5.908731303993506323e-01
5.165209750349895046e-01
6.567231039036041107e-01
5.689920054830240881e-01
2.732922381935886658e-01
8.631289695004346063e-01
6.875320066253207685e-01
5.415496855001192822e-01
3.580799916041758069e-01
3.708207021877517606e-01
3.893473438770660988e-01
3.362486649959190999e-01
4.884325775780526402e-01
8.606056817599185838e-01
6.931865544052989714e-01
6.828171844741991459e-01
5.409511605677432833e-01
4.324050963531729241e-01
7.269112889845036340e-01
9.489579819546121175e-01
8.615730235722122154e-01
4.749560549895591732e-01
3.739714373197056685e-01
6.054560673563585960e-01
9.275936434258140739e-01
5.011458996284040568e-01
5.061787137416451365e-01
6.768671788513128673e-01
5.318159840746304878e-01
6.305960791561546763e-01
4.740581965024849298e-01
4.295975382803040032e-01
5.848758434108891624e-01
8.112647018027987489e-01
5.803638795908077075e-01
1.034923605428158977e+00
5.814104333215541764e-01
9.140897600854342997e-01
4.074754130681045305e-01
3.286404660233543940e-01
1.173790557858334305e+00
5.058887627948415178e-01
7.074918794078289830e-01
2.770174851005240413e-01
8.331089393080194361e-01
7.591592922743436445e-01
9.831060476605510967e-01
3.537921499950094639e-01
5.641358763254895881e-02
1.648764233489056485e-01
4.717844964809363995e-01
2.208702785690120352e-01
4.445660608603206332e-01
1.026944341552540552e+00
1.365005735810687904e-01
4.856764364999754946e-01
6.718300485782293663e-01
7.568821255631582590e-01
6.489599234421238316e-01
8.960450661140092476e-01
5.835987301931727655e-01
3.689616479345081412e-01
9.464156367496087130e-01
7.294041081491839940e-01
2.881688458140176934e-01
2.681068550237713510e-01
6.286541921865146376e-01
5.356657595922593718e-01
2.091522231073382199e-01
4.544476274411811678e-01
7.378294807024509128e-01
6.554198926718124429e-01
8.388026760711296825e-01
6.583407533460321481e-01
8.147955475937533887e-01
4.373487841130483389e-01
8.127253872579712768e-01
2.967551605037141438e-01
3.763515453149499090e-01
3.066515538876120051e-01
5.895697211777922719e-01
4.068632756209571433e-01
2.437854274881299799e-01
9.367696914122938256e-01
7.309132834507645615e-01
5.885959317223551368e-01
6.341495926989003662e-01
5.795938367784762013e-01
9.511798456445083039e-01
3.499702036291637008e-01
3.176698508607562199e-01
8.654457980758174518e-01
6.585755472469758676e-01
5.246050595627131941e-01
4.422286337137176226e-01
7.221946101023422049e-01
9.278690635058572944e-01
7.615215702378194118e-01
6.402964869493743549e-01
7.139699684969587068e-01
9.370073624752502939e-01
5.095052450331972738e-01
5.445841873438558300e-01
7.692942585872775130e-01
7.663772417415335436e-01
6.941815250243832391e-01
9.301209150691887029e-01
3.460588894352896183e-01
5.597102753778753215e-01
4.888381109136267777e-01
8.252059964955708038e-01
3.114187795224027111e-01
4.770307321044239268e-01
6.657308098172320943e-01
7.275882727227894753e-01
5.345450756914821300e-01
6.201894725127772290e-01
4.435612875865500571e-01
7.298103154132211667e-01
4.889145911456813653e-01
4.485171701938367450e-01
5.490146927871365490e-01
9.082044042716896914e-01
6.929737173764491942e-01
4.200909074761072781e-01
5.765421740129849093e-01
3.174538857043935902e-01
2.322364571196139649e-01
1.662549312162197868e-01
5.649250640710444804e-01
7.652944617488687262e-01
5.656644741913858798e-01
7.532613514699426638e-01
8.680532309289947790e-01
6.928791650886367837e-01
2.802895784259374912e-01
8.064174366769946145e-01
4.911548512020716961e-01
7.793295581544841255e-01
5.031694023567212515e-01
1.012685492259371767e+00
5.284813675830541957e-01
8.235164745794115726e-01
3.837895477409680733e-01
5.720768198425211226e-01
4.298884795661099267e-01
7.124049313016563856e-01
2.137758371219878051e-01
3.355099865174338558e-01
5.534123148359436639e-01
6.453927367501818280e-01
7.577291604334120967e-01
6.193385249790674951e-01
1.033712244465062380e+00
7.857508647146522751e-01
7.018570748674364257e-01
5.688724911077387425e-01
5.474757588199686831e-01
5.949401207819834392e-01
8.243352787524237391e-01
6.150440744788492342e-01
6.809287676619056873e-01
4.890735111957738024e-01
7.431745062102472765e-01
6.153701502261077483e-01
3.379521600502204959e-01
4.959395862476585481e-01
4.643322308291932821e-01
6.561397271659040742e-01
4.529680352282067224e-01
3.589849531438502050e-01
3.627999857779966586e-01
8.000175503638627950e-01
5.956554237042455124e-01
8.925801117782869998e-01
6.267048918975819394e-01
5.008802101850265975e-01
4.597032001932394030e-01
3.963094705532929085e-01
6.274792828178638038e-01
8.117185743181937196e-01
5.384702923649937745e-01
7.569949541139073812e-01
2.906199518372735158e-01
8.589135102430748292e-01
5.145517682576369323e-01
4.742186747227865595e-01
9.409137300230905332e-01
2.824586041986633100e-01
4.787904537175093345e-01
6.590990996881248565e-01
6.254987252490755711e-01
8.951565830261761780e-01
8.098092574149213796e-01
4.431016786915453198e-01
8.617557848092349815e-01
3.987680239455509978e-01
5.897152115356145696e-01
7.087014149203104685e-01
5.601115567003578377e-01
3.664125406547816821e-01
6.159112662028979335e-01
8.043417983146288197e-01
5.732610734224441451e-02
5.011149910258786422e-01
6.644677081319118050e-01
4.431935242568178501e-01
3.595918672934450000e-01
5.286532963000930563e-01
5.832133340149153744e-01
1.218210723505966042e+00
9.575921932744897447e-01
3.505137247088200847e-01
1.024794188171054943e+00
6.613415902760459986e-01
4.043082325584887449e-01
3.266480490112242951e-01
1.022550056821892150e+00
7.370396996947868873e-01
7.001877147100475929e-01
7.312816806918969181e-01
5.207117743017887213e-01
1.766821982476425856e-01
4.645499280443333712e-01
4.907988257943647348e-01
1.274266528887956662e+00
6.106251496689757419e-01
2.175583658175501145e-01
6.053207457195618479e-01
5.085358036136112814e-01
7.935944054126105041e-01
4.875064945936369298e-01
5.994258953783504484e-01
1.327524057495488963e+00
6.323826093534806736e-01
1.033212726861745034e+00
5.687848791369420898e-01
6.809515950229966252e-01
8.633123915140564764e-01
3.095913855821625371e-01
9.749427921830845500e-01
5.539405384313309533e-01
8.617740651975339672e-01
5.885532952912271298e-01
5.016967114229942126e-01
5.769188009639285575e-01
7.096050865934838692e-01
3.888479656135626072e-01
9.883920784262798520e-01
9.254383162667307872e-01
5.231323796628372103e-01
6.482557478693584674e-01
1.004895025786651352e+00
7.327061269271701871e-01
4.094590711929220195e-01
6.876018280944611316e-01
4.015706144168136871e-01
4.716913731913354169e-01
7.434193025560325019e-01
4.764600676425800874e-01
8.954722861876903695e-01
6.344863373442393151e-01
4.418054116003670706e-01
8.343065986379347709e-01
5.079381246246180703e-01
4.692721636534244456e-01
8.915341056868936187e-02
3.664125406547816821e-01
9.759264709798196602e-01
6.631985635280943647e-01
7.636831943656845478e-01
6.120049895672936557e-01
5.391563419219491671e-01
6.186500252406376132e-01
3.212952381543719982e-01
8.938173243157896408e-01
8.762729709772644204e-01
4.598488998401357164e-01
6.891882605686043828e-01
9.137607955077027277e-01
8.758573444468221725e-01
6.802674392986646223e-01
7.105359196760289153e-01
4.422286337137176226e-01
1.018213633885161479e-01
5.028081985182056846e-01
4.767396344201299541e-01
6.116364228767984246e-01
1.313008962662836343e-01
3.750970980792849296e-01
8.225993440950258861e-01
7.156553431187145931e-01
4.754507719290415046e-01
6.228518828571837362e-01
5.318159840746304878e-01
3.747891138575654701e-01
5.560635550860543175e-01
5.558809447945725069e-01
3.655092509624903729e-01
9.645562603721702377e-02
6.194801873690808369e-01
9.251432685251628207e-01
7.822859411040987698e-01
7.264563357440175784e-01
6.838516514742105645e-01
5.751952654397257669e-01
8.800886310111992739e-01
8.112809027953461483e-01
9.289086570511947416e-01
5.230178851028265408e-01
9.907301843062298330e-01
5.280554665420164051e-01
4.929666809144262474e-01
9.973459162712531301e-01
7.536386459044049912e-01
7.797184600874620397e-01
4.355809320382235672e-01
5.512196907391716527e-01
5.956990953777577813e-01
1.765954104956724002e-01
5.891251371483650079e-01
3.850846592048698391e-01
5.943743318479707272e-01
4.872726000033218985e-01
7.871515444192395128e-01
4.111456568478271678e-01
6.971836486610082373e-01
4.521664111244582118e-01
4.270191221774822798e-01
4.217350220857585263e-01
8.542357845843292496e-01
4.960485879516581820e-01
7.346007596014059171e-01
7.038147503937380867e-01
9.808747907254737886e-01
8.862710242043054798e-01
4.859843672015234928e-01
6.115075293897244135e-01
2.043556991246105459e-01
5.430626974411078001e-01
8.175667379246719380e-01
3.811036905709014322e-01
9.009534321145451496e-01
6.118206507150143469e-01
4.694673909385553845e-01
7.868313843907139837e-01
5.220500553532210208e-01
7.891852906633437525e-01
8.603140807580726968e-01
7.813230350510040889e-01
7.656406183090265216e-01
9.960010593183521443e-01
9.832250159126034728e-01
3.334473517641111662e-01
5.219092127015628746e-01
6.933285184059280182e-01
4.438229642261558583e-01
5.133294314818921400e-01
5.465771225072916240e-01
6.618803350952614517e-01
8.693721502167166548e-01
6.363049762311372426e-01
4.932899181285526069e-01
4.544222106229034996e-01
1.147304109335958611e+00
3.593342344278671607e-01
8.466341115262786543e-01
6.986343910897341303e-01
5.401887003188212688e-01
5.902721609827524807e-01
5.415352476402590653e-01
7.685811000903749468e-01
3.505500194796482005e-01
7.168929767677869602e-01
4.653268029812718254e-01
7.668401609656445572e-01
7.661748902830272101e-01
7.863288016312510731e-01
3.702866706237873395e-01
6.055824221494984227e-01
7.892619522745755178e-01
9.178899479761620794e-01
3.045184376192924813e-01
5.918630983475422491e-01
6.537955036045665080e-01
1.612034887801156779e+00
3.832103083375179575e-01
5.388273918360230175e-01
1.659106885872619008e+00
8.484199237198369881e-01
4.232024002278991781e-01
5.215206132133067829e-01
4.682714680131053187e-01
3.636313212269688400e-01
6.700128841963445270e-01
3.640386326222228019e-01
3.984238673205930392e-01
1.161972747768347247e+00
4.495843473121916567e-01
6.523676586558693202e-01
5.168166705782885062e-01
4.326998541595423742e-01
7.924179532150692484e-01
3.466317221774670165e-01
8.535896288840155721e-01
4.801202071462991050e-01
8.768592965136403627e-01
7.014571563062583781e-01
8.041189051577948277e-01
3.202012343641039149e-01
5.449421348036453949e-01
4.266917119965229488e-01
7.851434271477126803e-01
1.049088193561536819e+00
6.135485661044953742e-01
7.100764036823908887e-01
7.287760334291933928e-01
3.026829231051212932e-01
3.452559890493171468e-01
6.023231753447441106e-01
5.626716233722569571e-01
6.411352062287254405e-01
6.013068368952051435e-01
1.087011778756775016e+00
3.055927666090730854e-01
