4.633788961854770072e-01
7.157309937892345486e-01
5.770253282125582528e-01
4.692721636534244456e-01
6.133540358045256324e-01
5.872006707833740125e-01
5.234694190920529122e-01
7.442228224206670628e-01
5.211593335233282165e-01
5.418241511840399260e-01
3.140039667597559481e-01
1.026944341552540552e+00
6.341495926989003662e-01
6.167621790167752138e-01
7.464929201498862188e-01
9.349156837842484968e-01
6.766304331691697094e-01
6.467695855485727785e-01
6.136875918830924093e-01
7.154662863894075686e-01
9.963430423180692497e-01
6.099467180270997657e-01
7.475643819346916574e-01
7.690466863696535649e-01
3.981544324628007447e-01
6.644677081319118050e-01
7.047793485215113618e-01
5.479927052024300416e-01
7.700379325487982651e-01
5.632254877715890951e-01
7.101508794090996002e-01
8.580064882883532418e-01
5.659639343476866591e-01
3.537397792438172761e-01
7.470145304134923059e-01
3.793067533820430048e-01
5.803390075637403500e-01
4.810810729762206028e-01
7.811127152507633120e-01
6.268306003313832697e-01
5.489775977010709074e-01
5.793789213536745253e-01
8.567940779811653584e-01
4.861041588787321649e-02
3.246770500261896286e-01
7.002359902005816927e-01
4.401539725828244598e-01
7.470145304134923059e-01
6.051584395804762151e-01
8.533206857561114189e-01
4.261545931193754799e-01
8.203899757159263118e-01
7.726595003133811534e-01
5.946527395447246400e-01
6.908055231852291422e-01
5.741141477293558726e-01
3.504925562297421804e-01
6.947157208385682514e-01
1.059181103049848804e+00
4.006320507236243444e-01
4.411912598553100473e-01
7.703299620281197635e-01
9.011332950507288109e-01
5.817767862560964121e-01
2.466344773610310570e-01
3.981349223571311602e-01
6.627333432433962779e-01
6.767206024699652378e-01
8.256420455141237902e-01
8.680903288062941092e-01
4.458443486811417000e-01
5.282545928362237797e-01
3.579190964774230932e-01
4.773558376513084012e-01
7.214763658357064013e-01
3.314829358857406816e-01
8.775411761238379738e-01
6.453927367501818280e-01
7.753285723892008319e-01
6.597413191204013483e-01
4.764768324025867585e-01
6.950842009286684053e-01
3.644043594761259830e-01
3.296966474933001323e-01
7.439774967031765884e-01
9.232300344857612417e-01
5.442996262909408633e-01
1.624099145570722935e-01
1.810927161861747292e-01
4.398489752977658429e-01
6.601487058203245883e-01
6.363448443394833509e-01
7.605521147145363203e-01
5.902207061960911272e-01
6.852011537971117727e-01
3.632671436393603570e-01
3.991010129331370448e-01
5.852465779367131971e-01
6.270628099817391332e-01
1.121645854592256963e+00
6.676015777209779456e-01
6.434199339152814057e-01
2.911698516192810504e-01
4.748172747165926855e-01
5.674184480624190341e-01
5.310582133843623209e-01
6.522314999755475240e-01
1.641807759759010277e-01
6.281973002130379902e-01
7.398854646488962628e-01
6.516038111102067099e-01
1.134615031629016890e+00
3.901550175988182656e-01
7.509222034653779687e-01
5.613421288565441092e-01
4.340080681111593286e-01
7.088127020880927720e-01
1.214750208039857560e+00
3.891124018953004970e-01
5.106259657295459942e-01
5.025842637504570609e-01
3.357401278293316027e-01
6.735454067392349087e-01
4.012176428336357570e-01
5.488218530636426173e-01
6.931037689160588489e-01
5.893900968775219740e-01
3.964487002056849563e-01
3.856293127234468043e-01
4.873661309021180554e-01
9.003145005313688554e-01
5.025531774741387459e-01
8.064174366769946145e-01
4.311751473426480019e-01
7.110209186410835214e-01
5.491631232761564618e-01
5.130636289953012241e-01
3.987915108223908378e-01
4.807736329125427699e-01
4.677054018820741010e-01
8.881116500333811059e-01
4.851138746817877934e-01
3.423869063098552989e-01
9.329618594404959220e-01
6.718633811973168113e-01
5.679261198830866109e-01
5.562234375381923668e-01
4.157955785584720454e-01
6.043482127233595902e-01
4.489533552236423808e-01
5.956990953777577813e-01
5.612723294760563197e-01
3.714649355133037290e-01
9.440842928929598088e-01
6.995968797030592823e-01
3.982520116802305554e-01
2.037877852784661659e-01
5.185251663430247016e-01
6.878346687798746473e-01
3.894070568653434372e-01
1.098177796001323481e+00
6.231958521119983496e-01
9.728648691861906395e-01
6.661565526609758425e-01
6.327174795190081413e-01
5.512795311224685246e-01
5.858711470483113359e-01
4.628825979317148787e-01
3.486486659698848634e-01
5.056243149313836005e-01
4.176336041231670237e-01
7.213866857405123456e-01
5.170995405913336729e-01
1.089226779834221226e+00
7.482804002040291946e-01
1.011752327534105822e+00
8.939156627090822926e-01
5.291973270738332680e-01
5.421567715725851277e-01
9.677201335749632261e-01
3.834997093180243510e-01
3.397241324570332566e-01
3.424186512881461919e-01
5.737816898883782990e-01
5.925278026819076338e-01
7.072824821107446258e-01
3.992461348691643819e-01
9.445891742809929825e-01
6.416313860455966633e-01
4.825955239662265694e-01
6.052936886506489200e-01
2.511585236938296828e-01
4.659405568073605175e-01
4.743127986862458179e-01
4.811152572564449392e-01
8.152370205385486290e-01
9.160478760592800640e-01
6.688215736895499752e-01
5.264746670400309858e-01
6.665937780171460325e-01
4.227136070701519310e-01
1.947548656845895232e-01
1.127029107459272872e+00
9.065830088031276990e-01
7.915379005431562032e-01
5.258068805813589375e-01
4.841772386327030664e-01
5.433823041809043852e-01
4.012493452331642452e-01
8.100514687140226711e-01
6.074931767301743335e-01
5.125781165776338577e-01
4.300841771737380914e-01
9.495124741726529427e-01
4.497087673516311224e-01
5.237326114825309187e-01
2.237447744507675140e-01
6.694056684596122464e-01
4.881215375716648763e-01
1.278255941584788558e-01
1.053987422360858961e+00
4.512372676605237443e-01
4.502420641642592702e-01
3.219011529636930380e-01
1.094626982660441117e+00
4.766948816910768771e-01
6.503312289088325482e-01
5.656644741913858798e-01
8.921488757790968505e-01
6.754379544354895959e-01
7.098034596127643647e-01
5.875318708146207713e-01
3.497502557593966110e-01
7.416143267945188855e-01
3.660427738005203602e-01
7.212458049120645809e-01
7.218994439356188897e-01
4.254583568882751576e-01
5.933412865495846233e-01
5.062859536580669451e-01
2.430401560694510354e-01
6.284985798984645822e-01
4.744291210626885302e-01
4.166142752428105833e-01
7.458350843135902464e-01
5.816351860876349811e-01
6.675906069951679234e-01
7.377892815044031494e-01
2.106564784234139232e-01
6.745519503109498327e-01
5.740249139133689615e-01
7.440728819274874395e-01
6.500294607337463448e-01
3.500486080520180399e-01
6.585008219324226530e-01
7.632670964298159388e-01
5.046570336332540929e-01
4.437114716239823897e-01
1.648764233489056485e-01
5.445768871898677421e-01
9.909525172694995387e-02
5.166326424635265813e-01
5.006703295187014957e-01
4.276619456957560517e-01
7.059182819419443922e-01
9.696372343479713329e-01
7.461638572408292314e-01
4.325846665759109366e-01
6.101207660505661989e-01
4.480966590648344239e-01
8.261289518551488964e-01
1.038787235539453624e+00
8.432599470167084776e-01
4.286908796230354812e-01
8.381796485820944831e-01
6.994523373818796186e-01
6.191119998701111182e-01
4.344257673447500245e-01
4.783619806591339896e-01
7.783589984763655822e-01
5.459894525639995555e-01
4.682067054004050988e-01
2.769834880409421940e-01
3.968941177201066317e-01
7.615215702378194118e-01
6.585541954266137532e-01
9.329832856596226298e-01
5.843122171198825709e-01
3.543105312925888817e-01
9.232300344857612417e-01
3.664125406547816821e-01
6.829434514159359315e-01
8.776170059943174673e-01
4.035451595060787211e-01
2.683494808536803222e-01
2.863973493279916016e-01
5.568333567372143467e-01
7.710463712321012908e-01
5.593788806537274283e-01
6.756513913462662835e-01
9.184087174453350322e-01
4.996911587635541330e-01
8.179288718586805729e-01
8.165643144354275407e-01
2.802895784259374912e-01
5.938443386562921589e-01
7.807524303322306292e-01
7.895840937489446709e-01
6.986704366160518820e-01
3.876938828419536076e-01
6.308408833733493148e-01
8.217673599700007214e-01
4.847376289551946216e-01
9.944650365346491272e-01
8.555310352211635827e-01
4.157487715036274345e-01
5.227419572473389620e-01
6.144580081294251928e-01
8.452073485379578699e-01
1.055356450550136493e+00
1.004795607515939659e+00
9.626295248442480190e-01
5.463639460355989019e-01
4.979455930315248580e-01
7.084554706419966819e-02
8.619752006678749190e-01
8.500176010603426313e-01
5.759944875581589629e-01
5.161469127341178353e-01
7.491497235280105693e-01
4.340915436868436061e-01
9.474972293935290946e-01
8.520321142507749634e-01
5.096970190639986686e-01
4.759688256570080989e-01
9.748492118992381217e-01
5.129016893603635108e-01
8.526580167378939867e-01
6.136134369615586781e-01
5.911052600502997301e-01
4.497585546517830490e-01
8.212025714064473680e-01
4.000875635954003751e-01
8.524612054615777756e-01
6.475118139540476658e-01
5.339128022115805505e-01
6.101207660505661989e-01
6.425650666288684754e-01
1.169196201216742947e+00
7.937959906107497909e-01
5.925623735738637654e-01
9.359927011376391048e-01
8.215513196925510186e-01
8.236500457692547128e-01
3.249497372997460776e-01
5.038933691483336030e-01
8.696326920149192174e-01
6.872877431097963452e-01
5.890140958877927435e-01
3.212952381543719982e-01
4.494649688275372257e-01
8.633490852720635544e-01
5.508908007088977321e-01
4.461626200658615482e-01
4.920412190237506977e-01
4.883503775481674580e-01
5.877953990143379714e-01
6.409531287664786969e-01
7.697607095550430545e-01
6.870668922926016497e-01
7.464929201498862188e-01
4.312346475540512203e-01
5.549242051070505388e-01
8.652983281321635634e-01
6.240382673959592452e-01
7.678257235532131020e-01
5.533218633543578457e-01
5.995851406903838221e-01
3.338748589090538843e-01
4.392829931604341209e-01
4.768291650916330893e-01
1.046278232396130381e+00
4.363154067542015513e-01
6.970879441208853722e-01
3.671875052647097237e-01
3.253166386991860337e-01
1.088089008128266366e+00
6.804383493145678141e-01
4.473318711182716068e-01
6.545012277666659717e-01
6.047170468513984876e-01
5.725525158197839470e-01
5.521711933382755788e-01
3.651380221597979037e-01
3.897694593341228253e-01
1.061866569279025230e+00
5.969946833528332331e-01
8.039756819211745231e-01
5.469229689074563971e-01
7.511721313464174710e-01
2.249066667080604209e-01
1.023529042036656955e+00
5.325829023384803795e-01
5.293904169649976676e-01
8.811385144230984290e-01
4.439005573491220380e-01
2.781326633540113225e-01
3.052483410035236044e-01
1.893960810989289145e-01
9.151193027611774777e-01
7.718960898247568814e-01
7.121052289694288495e-01
6.352701560224077726e-01
8.503734579674073757e-01
3.823699111250124516e-01
6.867532957058058996e-01
1.901914382372516643e+00
8.411995528942922684e-01
6.711530019408055159e-01
9.137607955077027277e-01
8.307578824047965327e-01
7.190628034670328850e-01
3.934233121002997935e-01
7.576585017899802876e-01
2.898217276451570124e-01
7.535967056369546890e-01
2.754080538511602949e-01
6.261350021188766268e-01
3.033745889588302380e-01
5.991164937393368417e-01
4.191027947910098139e-01
5.311415318813501596e-01
6.951555648096672257e-01
7.090106322642492076e-01
6.567231039036041107e-01
4.130686759141114495e-01
1.096014978888387059e+00
5.809531404798785603e-01
8.783190540608598607e-01
1.098415336149167310e+00
8.552248580581229831e-01
4.401587415215930665e-01
4.920412190237506977e-01
7.063478667363937147e-01
6.532383213937441591e-01
3.927500914322433201e-01
5.654991189670923735e-01
5.511224778190678686e-01
6.693946383607729533e-01
8.409731758850053085e-01
5.487180723901474710e-01
5.641014094932718104e-01
2.826256336569034078e-01
5.313707926108452995e-01
1.458452087520892282e-01
8.972324574291477006e-01
3.737374879941577355e-01
6.052485989105786945e-01
4.513074476479397856e-01
4.066026563858251563e-01
4.765830366190017542e-01
8.508186983219601096e-01
4.047311701865698996e-01
8.758762280082132978e-01
3.767354564189119848e-01
3.907216343266292635e-01
5.026277909987868497e-01
1.220003339664162745e+00
6.289266991899704617e-01
7.869838090598196834e-01
6.239328409558592137e-01
8.808519342471152758e-01
4.703315914034958412e-01
6.889545027215165929e-01
1.325553184027309095e-01
3.583895690269152667e-01
8.640652375250330586e-01
8.888500428285077692e-01
6.410745022483345101e-01
3.492751496619174723e-01
5.890738821338227238e-01
5.966089202631247312e-01
8.893170291253902349e-01
7.304401749011445455e-01
6.881842256314703032e-01
3.823339250621331509e-01
6.333487864221654107e-01
4.616150172428806209e-01
3.115740279437742566e-01
7.287760334291933928e-01
5.277947695557670960e-01
5.753581918122160355e-01
5.711358246517215242e-01
9.698224165646578410e-01
6.614600388732264635e-01
8.363849791541824175e-01
6.908407653681991611e-01
8.111999043026548728e-01
6.423415480666765376e-01
4.745288713772407019e-01
6.240095111972866482e-01
8.804319536967827320e-01
4.618721785358408383e-01
7.220534135662327602e-01
8.078607037102422117e-01
4.058552324992452665e-01
5.626950040510956264e-01
8.029586750894760483e-01
6.805181367150268112e-01
4.927036154836931803e-01
3.618563723187101511e-01
5.867596511565797979e-01
5.630225376963058359e-01
6.143186331086791796e-01
3.212825333144342377e-01
5.741547177267928292e-01
3.753015465465416312e-01
5.499660368153591605e-01
1.058160325262475387e+00
2.466195050445704195e-01
3.542456505709535297e-01
6.889311356579322920e-01
5.830208267433546476e-01
6.080842295455177737e-01
3.736171869652266109e-01
4.442160586036209557e-01
3.799204265171323147e-01
8.344436932828788178e-01
7.096050865934838692e-01
3.990774895868930972e-01
3.443867247143337362e-01
4.367798216049559312e-01
2.975746499229193764e-01
9.259023431369530766e-01
4.334847595151034572e-01
2.709445984838863564e-01
5.228092298755157019e-01
3.608311013480859919e-01
7.466438376672844823e-01
7.155040897438612602e-01
5.136669432464716634e-01
5.857191021709793333e-01
7.089487672107385174e-01
6.186123434617556427e-01
1.761787908680680914e-01
2.970785035794084594e-01
3.837895477409680733e-01
7.667388496051061875e-01
7.470557412187743829e-01
6.211947033162626974e-01
3.808036145505047654e-01
4.277475015001679370e-01
6.675906069951679234e-01
7.003204883289998461e-01
6.644351052873139762e-01
8.960253028844251677e-01
7.818944744207123598e-01
8.815400400893358412e-01
7.245388123323872609e-01
6.537639396117952417e-01
4.386379373701838613e-01
9.010933193034545985e-01
7.026582815739059740e-01
6.067854282606227612e-01
6.733779414466593005e-01
5.925883043902990810e-01
5.328273858595686807e-01
6.444610499782182922e-01
6.386055365476216439e-01
4.163452852418852990e-01
6.021535470826334668e-01
6.694828893307123163e-01
7.636975506622230014e-01
4.443132261598870536e-01
7.939821601742749202e-01
4.580394304790338933e-01
2.758475158887029877e-01
5.597719735370373373e-01
3.631859535610373335e-01
4.545900141829885555e-01
5.530431573230182307e-01
6.208814049529572943e-01
9.789602199498036450e-01
4.764377164642885631e-01
5.770745079047266968e-01
7.633531484521871580e-01
8.005851175996561153e-01
2.069952675403900488e-01
1.156514681227458929e+00
7.131427730133229614e-01
6.922298159298814202e-01
6.547438426914590215e-01
2.439728263538017694e-01
5.310443295095026439e-01
8.653536234711574071e-01
3.428955333356709656e-01
4.585253920188371302e-01
3.804149339127543272e-01
4.667703564983449183e-01
6.244411326428256359e-01
3.121318080065534351e-01
4.642579419173413213e-01
7.117683651180347626e-01
7.499656853085150399e-01
8.584234803481658460e-01
6.620960788727949797e-01
9.567126959347420634e-01
6.683704255779170378e-01
2.134220709612658362e-01
6.443486107010047981e-01
5.990899884602343128e-01
2.795220157804065853e-01
5.626872102755886562e-01
2.861572844920083347e-01
3.458909425923963332e-01
5.066332178619329385e-01
8.396695301450323168e-01
8.585087416495024160e-02
9.350878399695464749e-01
7.020268750860053641e-01
5.418313777221941407e-01
6.873109988237763313e-01
5.358282602513545489e-01
7.974108115941771491e-01
5.773943803561301102e-01
8.552608675258305260e-01
9.560372580772587003e-01
7.111080398305056338e-01
4.194013380355648413e-01
1.092419361285279056e+00
7.137567195649270335e-01
4.789767403258459177e-01
3.100781682057546784e-01
5.810445414917251306e-01
6.546488849986616954e-01
5.574216685987507525e-01
7.437867996022804462e-01
8.016910290775733916e-01
7.476194116100213227e-01
7.278750686663850722e-01
4.268979667252708610e-01
4.376031799157316660e-01
8.552068544613382617e-01
3.112255324937713286e-01
6.153701502261077483e-01
5.393496084474250774e-01
4.870389297400488093e-01
6.230715971760701910e-01
3.357706521818080159e-01
3.690219752150729615e-01
4.058552324992452665e-01
7.843248746520377068e-01
5.569402301451400472e-01
6.029221016247692244e-01
4.050580414329565948e-01
9.443256905503707443e-01
6.904415643956721693e-01
2.759861901743690393e-01
9.335621658120450972e-01
3.715260842415539222e-01
4.167424879206105270e-01
1.162072462240823612e+00
7.250431226905990068e-01
3.159232855135814533e-01
2.560273971001988391e-01
3.034924412995633758e-01
5.761251837575085410e-01
6.531963084457818036e-01
5.254736222203432172e-01
1.212393792750297017e+00
6.052846701651884986e-01
8.110541477665146326e-01
3.985606766227173248e-01
4.336096830769234356e-01
6.550077586578464395e-01
5.872600894441353248e-01
7.553200931017375330e-01
4.682013093246006896e-01
5.534123148359436639e-01
5.034999220112406082e-01
7.350792749154444472e-01
4.880101291050255030e-01
4.933737895759943703e-01
5.319552594308810667e-01
3.679924200829464143e-01
7.120428227201764937e-01
8.576261100609460231e-01
6.146532394389346843e-01
4.849343615856583911e-01
4.226740246735850581e-01
7.386075271349578086e-01
3.507316061390235440e-01
7.403843850460535281e-01
5.585713076787701681e-01
1.356183754042755707e-01
4.295975382803040032e-01
5.174881688509750388e-01
2.929566978732328630e-01
5.535103373183043463e-01
5.990104866923762206e-01
6.544590522195596893e-01
5.425984854947436542e-01
5.720607084063500380e-01
1.074789438792448149e+00
5.541521103188781217e-01
7.814432686532585270e-01
5.618933776967767191e-01
4.737983416427808403e-01
1.948894042603631083e-01
7.998757842737000967e-01
6.254987252490755711e-01
4.629406204557849347e-01
6.106710440808260643e-01
7.059060157684962089e-01
4.491667997952009661e-01
5.979172731584385669e-01
4.838831198184400662e-01
7.319932108232031220e-01
4.057538923261316266e-01
1.000218908988500965e+00
6.020464626615630310e-01
5.405121235694112514e-01
1.009840940800838860e+00
4.918982322792288531e-01
6.788124919791627132e-01
6.258552665569310225e-01
6.483488598202484798e-01
6.688215736895499752e-01
6.074840925842174277e-01
2.711905796149380321e-01
6.516038111102067099e-01
5.833892125836772635e-01
5.171258698236606000e-01
9.450945959631721349e-01
2.713916749001406559e-01
8.138814225679044112e-01
5.852465779367131971e-01
9.229363929272088596e-01
9.752002306274174526e-01
6.410745022483345101e-01
4.773053611960211273e-01
6.974110522991356920e-01
4.185846002439589930e-01
3.399828540013637435e-01
1.322855461005436384e+00
5.574216685987507525e-01
6.125863836946326968e-01
2.109069214384640567e+00
5.951667380743203006e-01
6.889545027215165929e-01
1.075871059520046469e+00
3.466524268506122608e-01
5.066205817264047839e-01
6.902538647094886848e-01
5.346154207513844625e-01
7.944635026396197341e-01
1.421992061586928313e-01
4.645021233661138504e-01
8.432074390808641517e-01
1.030853135260396014e+00
4.532965622730940058e-01
4.540717486417149562e-01
5.038871191530575055e-01
8.808519342471152758e-01
3.968398394806825769e-01
7.930986316201110720e-01
8.324261051057711969e-01
3.701719534878442075e-01
5.810196110909175982e-01
5.142521482502969699e-01
5.478892378415729514e-01
8.939156627090822926e-01
4.667918098066982657e-01
5.714732614151045720e-01
7.866180890207561394e-01
6.504978416620277315e-01
6.789372820288279708e-01
7.278489869654564126e-01
6.430227485434319989e-01
7.361982386915471022e-01
5.228967101822189489e-01
3.130868029800314423e-01
2.662390961771368136e-01
5.409871788355521405e-01
4.620718070892179674e-01
4.662935299229474251e-01
3.830260430826674112e-01
6.869739449316313307e-01
3.235032506289075571e-01
6.203031088908103063e-01
3.941294320395532513e-01
7.487631083654701092e-01
5.958563664394747050e-01
5.370395157374738826e-01
8.268688039624056962e-01
7.287760334291933928e-01
1.940756775706530823e-01
5.985956533731703333e-01
9.776879863177933006e-01
1.102289817052691800e+00
4.225201635740044592e-01
9.344640752513445614e-01
6.380639119112433422e-01
5.232199681556456428e-01
7.955525547337110037e-01
9.616496912646930184e-01
6.332994202075973300e-01
5.513842830624738900e-01
5.344536547844676022e-01
4.817771095368636458e-01
7.781949890329659114e-01
8.181594878051506869e-01
8.016119340846692420e-01
5.574216685987507525e-01
1.184537299028369350e+00
8.807373543658012505e-01
5.716743060027996703e-01
5.994258953783504484e-01
8.574450960863875260e-01
5.077540177664632282e-01
5.873874556472766795e-01
7.568821255631582590e-01
3.083459799734115658e-01
6.529023690571975624e-01
4.545900141829885555e-01
6.609649904410288546e-01
8.357999260888976378e-01
4.987280553847668330e-01
6.912639522108076084e-01
7.078493728651545913e-01
5.058509675940350281e-01
5.423811592298760642e-01
5.732554109455310076e-01
9.290148690223182237e-01
5.578579735451292265e-01
5.355951378704938426e-01
6.083665215190403597e-01
3.428318723309840554e-01
7.232746618622161172e-01
4.778387071852661094e-01
1.697286473790774741e-01
3.625280314784664615e-01
8.999554996007388397e-01
6.023410365108896602e-01
4.591420796505080726e-01
8.904085744104537348e-01
4.886969794834167824e-01
6.707208507235872252e-01
9.155524025844441471e-01
8.284707400170682190e-01
4.610858525142946251e-01
6.765402878943004294e-01
7.247714837557438505e-01
5.881357849187386355e-01
8.144688387392882145e-01
5.385916530661949420e-01
6.485144582391798584e-01
6.755839756452688416e-01
5.247744749977646395e-01
5.901692603794083114e-01
4.819542923109779164e-01
4.317250045959781790e-01
7.828587903470014542e-01
6.712084462201892698e-01
4.341379328831853623e-01
7.593579544940457504e-01
3.466524268506122608e-01
8.054261822692153627e-01
8.230493163856025252e-01
4.013048364892222719e-01
8.888694907989881377e-01
5.344747491412457086e-01
9.306962475939736246e-01
6.318514846796322582e-01
3.993952889169545828e-01
1.170813626361085769e+00
8.009481518005747702e-01
8.467046937781773641e-01
4.426767846866324629e-01
9.273818930620680856e-01
8.481188143523372691e-01
7.254703955047850927e-01
3.648691066855601073e-01
4.795477920967591845e-01
7.287760334291933928e-01
5.793954476507067186e-01
3.807893370027646829e-01
5.997621791906244670e-01
6.314880806982055006e-01
4.176464846406118814e-01
4.156594418379814249e-01
6.931865544052989714e-01
8.928939999005880424e-01
5.719318495794364354e-01
6.904415643956721693e-01
5.984545645813672543e-01
6.716745400769960073e-01
3.238204233189346803e-01
6.235593431692547650e-01
8.628906373720677259e-01
1.994417638675700655e-01
9.957813370462766933e-01
5.890055559861531176e-01
3.175208779425135464e-01
6.231862922805527782e-01
9.612173766675410347e-01
9.351954697853809284e-01
3.485948155336578425e-01
4.974212536576869681e-01
6.127989140416471026e-01
5.595560894669149299e-01
8.915028025077784690e-01
4.935056452031360008e-01
9.598774001719385662e-01
4.874479998977340189e-01
7.247326948082588594e-01
6.362850440502599847e-01
6.479248996407807049e-01
9.033776119074260480e-01
7.052932501298081469e-01
6.384650270706274666e-01
7.289198716644887943e-01
5.787186416632518204e-01
6.901952294848275882e-01
7.598124302369115846e-01
9.075754257512387291e-01
2.572921783441862731e-01
3.510225364198366060e-01
8.433124614924740747e-01
4.313491172049240818e-01
5.830626653387434022e-01
7.905828670742409692e-01
4.909411740018241876e-01
9.811827651308315801e-01
8.189511592847025234e-01
1.079415751075485153e+00
8.386987738444393603e-01
7.337250976642998301e-01
4.488293527722752585e-01
4.505566533668672879e-01
6.780194470263355422e-01
6.747312064222450445e-01
1.132748472213834123e+00
6.379236406494190881e-01
4.815258478727102998e-01
4.369912462483402371e-01
4.405931479581037258e-01
5.242597910372558401e-01
4.738038675034049740e-01
7.241255428946731243e-01
6.037464511870905826e-01
5.318995405354616235e-01
3.897806784118681422e-01
1.047087252112916866e+00
8.202574597184758565e-01
3.281361108798268034e-01
5.432951014039044679e-01
6.216414623720670773e-01
8.648378083083609891e-01
6.436645996589868135e-01
6.542904043723135610e-01
4.637703483849555663e-01
3.765503833406893541e-01
7.687701765096690565e-01
8.361095580694194451e-01
1.118458992227259058e-01
5.190684368169290464e-01
8.402600150466813522e-01
7.306503697321443669e-01
8.596587004565874324e-01
5.871752093236728420e-01
4.788356008000489439e-01
2.386022201517482011e-01
4.305856107970169599e-01
8.001120890116388829e-01
8.564689395036567676e-01
1.988745078055795257e-01
7.855077769340839122e-01
8.837646016245421787e-01
5.946092211509755865e-01
4.402541420030880448e-01
4.946232477503190172e-01
1.466708470195571712e+00
7.789410439750921178e-01
5.559265861223513516e-01
5.635380045149321893e-01
8.655011122646246724e-01
5.650665035674319325e-01
5.955506378086162789e-01
4.389981760047217407e-01
6.842778420973396614e-01
5.916648394669097311e-01
4.339199898259717414e-01
6.208814049529572943e-01
4.059079493972758135e-01
6.103499279969493152e-01
8.738227013287938050e-01
3.939192398669344453e-01
7.673181325074975856e-01
1.019010490066394548e+00
5.769024156474381604e-01
7.191519066644884717e-01
3.055927666090730854e-01
7.615215702378194118e-01
4.958487880810076298e-01
1.098415336149167310e+00
7.559525717803675660e-01
2.687969193804053969e-01
8.096801372718330780e-01
4.580239380296400320e-01
4.697714009051661144e-01
3.503384058803280521e-01
9.787715320068652858e-01
1.065218870811927149e-01
9.028957462656567179e-01
3.687707416054115117e-01
4.404116432409717619e-01
1.105649816495031690e+00
3.369123503688584709e-01
6.359165238162444167e-01
3.169288533384064244e-01
7.750623143656767411e-01
6.122447962063621851e-01
5.553338328386274725e-01
7.070485964717432292e-01
6.511234005557916538e-01
6.261639545535064855e-01
5.614584997440011938e-01
1.182365354273318570e+00
8.300958563031661797e-01
8.354046187969514925e-01
5.556376508941782699e-01
4.524988160647472890e-01
7.324551277851751863e-01
9.247641977572719219e-01
7.157738696024242009e-02
6.544379664842604472e-01
8.405207871946073217e-01
4.929786451087522781e-01
7.171840622734036996e-01
6.730098107694606480e-01
3.353604253617936126e-01
6.916405537817210680e-01
4.055756564850044321e-01
6.826221364655948864e-01
3.463007834514832406e-01
7.439774967031765884e-01
6.735789097936886183e-01
7.014571563062583781e-01
1.002069292999110850e+00
1.001501114472856502e+00
5.638665205695858607e-01
6.158552445611604753e-01
7.235967299124904661e-01
5.007875940864001674e-01
5.636396471429734323e-01
6.691851355254160305e-01
5.905553227526414428e-01
1.084950625132917290e+00
5.647522897027407174e-01
2.478291100545801928e-01
5.514217041178851586e-01
8.689258701575717225e-01
9.273183868035553279e-02
6.085670168148745729e-01
3.823339250621331509e-01
8.533744608229587580e-01
6.815913831095238296e-01
5.316419924029228694e-01
8.233996353211917585e-01
2.684399136197820335e-01
7.336853444488442566e-01
6.307135614642987997e-01
3.594486923330114103e-01
7.363984122297198009e-01
4.568906744284150223e-01
9.372451541694994948e-01
1.104357397039008148e+00
7.640566335805331066e-01
3.410732287860443468e-01
1.145524791548526711e+00
1.026632918234994252e+00
7.417497344752862487e-01
5.687211782881195221e-01
7.306109489870684648e-01
7.774503618378870717e-01
4.422623339263958564e-01
5.182671804592268172e-01
4.571014481853947209e-01
4.477016035472052846e-01
8.134251287963669697e-01
5.849011058436557331e-01
4.662935299229474251e-01
5.632489145034654809e-01
7.212458049120645809e-01
4.882975492803460216e-01
4.875767067628054563e-01
1.066606049345645513e+00
5.555540677945566275e-01
9.419827766243177303e-01
7.407488869587177671e-01
4.445806562572714449e-01
6.392788318668872760e-01
4.417765850440086850e-01
3.126939955470481869e-01
6.431245441913144845e-01
3.428955333356709656e-01
4.990527640837913448e-01
4.597084021622133143e-01
4.844890485203152131e-01
6.226895848849182125e-01
6.363149427898776578e-01
5.006703295187014957e-01
8.584416196322575132e-01
5.963812035919046073e-01
8.930902921095005276e-01
4.917315194087943930e-01
6.127989140416471026e-01
7.009730171249581865e-01
5.159961286847233319e-01
7.813230350510040889e-01
3.825607504094183930e-01
3.736996707522486916e-01
9.056331358392473163e-01
9.719106009109536037e-01
4.475289857173366803e-01
5.823021415514283428e-01
9.495346673400558712e-01
7.860853561818296198e-01
8.870450938354721426e-01
8.260617582195032282e-01
7.305058477932271366e-01
3.419344595735757109e-01
9.108107348715769325e-01
5.685540314259297512e-01
8.459817831256524201e-01
6.059527647551117280e-01
6.101116031519681071e-01
7.870143010805509265e-01
4.054623151833139372e-01
5.507713016198068079e-01
3.766970300660851256e-01
4.227707947329324978e-01
6.703445573235146115e-01
4.476177439727291874e-01
4.277700218753167083e-01
8.258602428793265782e-01
3.763410859725324076e-01
8.988802125783150743e-01
6.349325790831463756e-01
6.082116837961037970e-01
4.552063556219054785e-01
6.503104083156227011e-01
4.756790221474046509e-01
5.266384652252651399e-01
4.199215580033588968e-01
5.429755972076204529e-01
7.504782976331366706e-01
4.589346046935941503e-01
6.365542338996701410e-01
6.407307300403279893e-01
7.888328389801350093e-01
4.250354803042158958e-01
4.596199846978883397e-01
8.672193661538468712e-01
8.295365039404765106e-01
9.506612222196027251e-02
8.375575459235724551e-01
3.737512416162376283e-01
4.071568718991045444e-01
4.096985740684256361e-01
6.781099869381387313e-01
4.682714680131053187e-01
7.208618639981004828e-01
4.654867567371376302e-01
6.883241478732116114e-01
4.084504600544630604e-01
4.557578918684379587e-01
9.464376853852612959e-01
2.192822701104751304e-01
6.146439398967690204e-01
3.651314585297359971e-01
6.195652159139385384e-01
3.738716290031010026e-01
1.399097384584125359e-01
6.212042021419477145e-01
6.161074222372069364e-01
3.651314585297359971e-01
5.541521103188781217e-01
7.635253107199607703e-01
4.167168390722648663e-01
7.890166875286853676e-01
2.572074709551172567e-01
8.462637476820530358e-01
3.142176922048816601e-01
7.812779569882870589e-01
5.527805269353078255e-02
1.012433115871927303e+00
5.756027545053267191e-01
3.984629461078226798e-01
3.388542001974906293e-01
6.661565526609758425e-01
5.191082330144386470e-01
4.874479998977340189e-01
3.748306103179213089e-01
6.472745281053637889e-01
1.049250767278189667e+00
8.203071482004068438e-01
7.354651991867219296e-01
8.989796682336126388e-01
5.890055559861531176e-01
6.644677081319118050e-01
5.421929505715824549e-01
7.333409969398514416e-01
7.529402503470847829e-01
6.833685104204842986e-01
5.372667919628236755e-01
6.395102905545367866e-01
5.382562597877038613e-01
4.915054468927934628e-01
4.979455930315248580e-01
5.006579890745591621e-01
5.740492476575471681e-01
6.241724980406992973e-01
7.852648395151535787e-01
8.378339219492854095e-01
6.199907090038451196e-01
4.097151018363046626e-01
3.358705888807063666e-01
1.025466761093420498e+00
4.473663536376014660e-01
4.985444452179728647e-01
6.260385133371902944e-01
6.182451865389887447e-01
5.327155941185018895e-01
3.048543539507500566e-01
5.697421071395286640e-01
6.809515950229966252e-01
7.385135379206484441e-01
9.690358802441846331e-01
7.689011300743248123e-01
3.153592287552259288e-01
2.583984735047956116e-01
9.555650187579844967e-01
5.330161408541002066e-01
6.485558710623885448e-01
7.971291736809699158e-01
6.392587129422021563e-01
3.715260842415539222e-01
7.150255422324162113e-01
5.262564278910428772e-01
5.655384804894193485e-01
5.816601693437704057e-01
7.266252518821111339e-01
9.207191534455262394e-01
7.288937150350220939e-01
4.103731623564518816e-01
5.971175307926354092e-01
7.490254108353513463e-01
5.215139182967079012e-01
2.599244454875521138e-01
5.408503349284005113e-01
7.721308246374909423e-01
4.347837709630762437e-01
4.374005814883712984e-01
8.962625191933494273e-01
8.452776930874712491e-01
3.831091211568931620e-01
1.040943224113484389e+00
2.526737853431829106e-01
7.115190417450777405e-01
6.815913831095238296e-01
6.588425618701764241e-01
1.104237325563385497e+00
4.513726343285996423e-01
8.699679038798413533e-01
6.161074222372069364e-01
2.891513071985661876e-01
6.554939203478274967e-01
8.894728002863169225e-01
4.667274557969365301e-01
6.623659564586267257e-01
5.015790207605125284e-01
6.645546646951129288e-01
2.783689843528937002e-01
8.562523175777627671e-01
7.740728479760099479e-01
8.367639795566830241e-01
1.893960810989289145e-01
5.167180677869392946e-01
4.180375715937121872e-01
8.791553854763564102e-01
7.840524029697948372e-01
3.346945617238315518e-01
4.993349296624419731e-01
7.193301793235524766e-01
3.651380221597979037e-01
7.460816368382023889e-01
4.734394369694778226e-01
6.840589211200401865e-01
4.156679477712664217e-01
6.197920728568784288e-01
7.814432686532585270e-01
9.721199140339064071e-01
4.558090276512948291e-01
7.339106696440537148e-01
5.671807892033193799e-01
4.759688256570080989e-01
4.107798134167563453e-01
4.805234165747247488e-01
6.257010366638986465e-01
3.436729426728897807e-01
6.348333600155791068e-01
4.826585941080083209e-01
5.034999220112406082e-01
7.570937066936944682e-01
3.392616911560144555e-01
4.376361788197198899e-01
5.487996110432550312e-01
4.760915411634472072e-01
1.810927161861747292e-01
4.908818522151905395e-01
5.880506514891574721e-01
6.089410199879629060e-01
7.772867350516972085e-01
7.490254108353513463e-01
6.930919440317493407e-01
5.526293830595950807e-01
6.434301246076364889e-01
6.227086743738707852e-01
6.685574131074952797e-01
9.589937020791499123e-01
6.398426763604383449e-01
7.435009371792999922e-01
8.762162714061977331e-01
3.018081884586527042e-01
5.796930822984724951e-01
7.888022058847609097e-01
5.000478965002947973e-01
5.035623329095376688e-01
4.364794809235333917e-01
1.081542282292661472e+00
8.404512321301890188e-01
7.614930215651080081e-01
3.186465912173073733e-01
1.034501940602927217e+00
4.861041588787321649e-02
4.502470542124057951e-01
8.085199062109809098e-01
7.454792404344794399e-01
7.025367690567728696e-01
4.659405568073605175e-01
7.139699684969587068e-01
1.101626240806703044e-01
9.293974333114537467e-01
6.190648279944067633e-01
5.586558012001946461e-01
5.242327303723766097e-01
6.372032186883688221e-01
6.039080007057671118e-01
6.008088381246867726e-01
4.503069434188719522e-01
8.544801425114095794e-02
4.826757979169373769e-01
7.224514726041569856e-01
3.861571552852765543e-01
5.935319990573145743e-01
5.075510201956117129e-01
8.015644845798697293e-01
6.614600388732264635e-01
4.654654232163540351e-01
6.143093436886929437e-01
6.300777220590134675e-01
4.350305320769827233e-01
6.391480814882860573e-01
4.853746948251684845e-01
5.299912749501245468e-01
5.170468901691076535e-01
5.130636289953012241e-01
4.263782282294834025e-01
9.245747788405960232e-01
4.961697571659556827e-01
1.421992061586928313e-01
5.650507845704483278e-01
8.225993440950258861e-01
2.285648687540548230e-01
5.445330903756712138e-01
8.215513196925510186e-01
5.634442130827166384e-01
7.328250813095633642e-01
7.461364484264871866e-01
4.925482996578153805e-01
1.043577101801429485e-01
8.199098088212835034e-01
6.244603296771543688e-01
7.461364484264871866e-01
7.254315317133077645e-01
6.618372032106635272e-01
8.371950789794323500e-01
5.859556505383876068e-01
6.557901983514714539e-01
1.037460830672581658e+00
8.506583580936187827e-01
5.849095271395429174e-01
3.369123503688584709e-01
7.084913011419070594e-01
7.150255422324162113e-01
6.231384975224246725e-01
8.705271649661849853e-01
5.971877520319424093e-01
4.604065324917773205e-01
7.336455955408125451e-01
3.426294717586275129e-01
3.757562892057249582e-01
7.709732072092488897e-01
5.099081373081416624e-01
1.765954104956724002e-01
6.879278492138881651e-01
5.567112659131041585e-01
8.790412465103744077e-01
4.950934276701841052e-01
7.122051017246708859e-01
6.950128516984355187e-01
4.164904112883500709e-01
8.191988709136123203e-01
3.338474217252208609e-01
5.525166429675758550e-01
9.265062742027338483e-02
3.616437695397382024e-01
6.463888241257131906e-01
6.103957810454053723e-01
8.243520059957579749e-01
1.119056690048066682e-01
7.760691387754208304e-01
6.024571599163150992e-01
5.257252272106652802e-01
3.960004211747665814e-01
3.900089398206381119e-01
5.035373666936495685e-01
5.467831059715867470e-01
5.525166429675758550e-01
6.636644374148783498e-01
3.035854279163107683e-01
9.121051827353338082e-02
4.895037016516887718e-01
5.706063712494656714e-01
2.851409825544275467e-01
6.169214014590052031e-01
9.296313777454680016e-01
6.811228490288537829e-01
4.148190741466390441e-01
5.254736222203432172e-01
1.419845073342034247e-01
5.879315060852260411e-01
4.607877501868897219e-01
3.314234416528137883e-01
6.479248996407807049e-01
6.829434514159359315e-01
7.393603029788693437e-01
7.748553511887877887e-01
4.461920218728248066e-01
4.368126964450281258e-01
5.993905190179110720e-01
4.915054468927934628e-01
3.390097235131677711e-01
5.315654721292372153e-01
7.174500425169001439e-01
3.768053426037151765e-01
6.591097930994378462e-01
5.528324312101374760e-01
5.535933065447093959e-01
6.341099991801728564e-01
5.930641052186416129e-01
3.387157632066313817e-01
4.139947539206244032e-01
5.442485827056019465e-01
6.576480211010791166e-01
5.212863933618661072e-01
6.507374971163554234e-01
7.556010640282144752e-01
6.627765920136544642e-01
9.772646429510933874e-01
6.886158353670134291e-01
7.337648551878794834e-01
4.727177557043594769e-01
6.458133885617510783e-01
1.190647456256651582e+00
4.794063158777076561e-01
6.595164000044961838e-01
4.316837166604003961e-01
6.059618031603615229e-01
7.417768219452764988e-01
4.977991545966370390e-01
8.947228544758715207e-01
5.740654712998566334e-01
7.699211827438064981e-01
6.929500768852889792e-01
5.430046275142277334e-01
6.675467276973388042e-01
5.215005289791649901e-01
4.517289864283787204e-01
1.148991464419406361e+00
6.909347621048175236e-01
7.578563792085990514e-01
4.660100395461703737e-01
5.063301244793597666e-01
2.235440910327734787e-01
6.326386546364081154e-01
7.064829871046197640e-01
1.070964363680092735e+00
1.085095520913404554e+00
9.222031055905963726e-01
5.275206296175475318e-01
6.577651502133504691e-01
4.730480234687984842e-01
8.031650463114005101e-01
5.911138609474864136e-01
7.481563758283048537e-01
5.759536571556951312e-01
3.534720067473262617e-01
5.439935083152821482e-01
8.131808961022649607e-01
3.702866706237873395e-01
8.004589219632124442e-01
4.816685780213529888e-01
3.040694231271290349e-01
4.565723123409938800e-01
4.766669155018591897e-01
6.615031216106842527e-01
4.964062074766850685e-01
6.660800971860921793e-01
3.306707951380229993e-01
9.337552855282357234e-01
5.021618196227065622e-01
6.561397271659040742e-01
4.365779846697790956e-01
5.467389535889985996e-01
3.281414118193981544e-01
8.220833156095463945e-01
3.397130531900245665e-02
7.083183597914173291e-01
5.787351303133647651e-01
1.074363081677649212e-01
1.021470197065121654e+00
7.770146721319609595e-02
4.385195670111176613e-01
6.888727249330532931e-01
4.700866837245654684e-01
3.957226885590975352e-01
6.884407932126241914e-01
8.761028942738181557e-01
6.643590444238982595e-01
8.127530286005195392e-02
3.377639030852119251e-01
3.986232493153665235e-01
2.051389202340834494e-01
5.399158886205620567e-01
9.334549115938730601e-01
4.927275189205078676e-01
8.178630054653920345e-01
5.593557747353218312e-01
6.292871602998427738e-01
4.653161433060379326e-01
6.107169453920167079e-01
3.698854713830972418e-01
3.626671952246262043e-01
4.513425458284944236e-01
5.990988232926848234e-01
6.981661374764032146e-01
3.839564032992169862e-01
7.134433495043543960e-01
4.463832281145485581e-01
8.028158648198121528e-01
4.119879035715207638e-01
6.618048579861032232e-01
3.517732989927519482e-01
4.341518515755287688e-01
2.243787313660321470e-01
4.462410334967480408e-01
4.864906857887691394e-01
1.836618136453834760e-01
7.624219504443537909e-01
6.013780469775872328e-01
4.617461861933480072e-01
7.925107041898704630e-01
8.024828383272153420e-01
6.275180526031750583e-01
7.846126891762162936e-01
6.463065562702157152e-01
5.720768198425211226e-01
3.749586156027223116e-01
8.555310352211635827e-01
4.753228250044104763e-01
2.891471911364276171e-01
6.852705026310570435e-01
3.648658296732316120e-01
7.188083445242484659e-01
9.902230587304867715e-01
6.590670215359660800e-01
9.178899479761620794e-01
2.911135163559795958e-01
8.762729709772644204e-01
9.603539125213218508e-01
5.291973270738332680e-01
6.111119817000909560e-01
9.561497648154057005e-01
8.574089024604155673e-01
6.973631655218771597e-01
7.471244359995762307e-01
4.032007146718502577e-01
7.125673754205597010e-01
6.816600031457448194e-01
2.937638111480642689e-01
4.386047872286252258e-01
6.084211889514452576e-01
9.183464341496248018e-01
8.806228042893642360e-01
5.775010833235287855e-01
6.965500952879130070e-01
1.200172861027053867e-01
9.565775320228155909e-01
5.358777365450065888e-01
5.733201316343294884e-01
6.515933598645796687e-01
4.152473215323761457e-01
7.016146455645219104e-01
1.288447902400466638e-01
6.855364699202995959e-01
1.307065126845241565e+00
8.414260518107941067e-01
5.910020688034005598e-01
5.645874672708908193e-01
8.819227858517920682e-01
8.584960420844224283e-01
9.514694523614527499e-01
8.103908080486126320e-01
9.500809461189106686e-02
7.438957574019328112e-01
3.048726563764667663e-01
5.984104879724980730e-01
4.212277716340773193e-01
8.941124044254985526e-01
6.400846285919983281e-01
6.786310610473406113e-01
8.310977927513134578e-01
7.086519651730763814e-01
1.987178868954775357e-01
8.136206206059753976e-01
1.419805375440427619e+00
8.540023377649137437e-01
5.981990105942537328e-01
8.186376061960091155e-01
5.232806235264629846e-01
6.610080087127508941e-01
4.027769745541130431e-01
6.766304331691697094e-01
2.445058483396245208e-01
5.908215707893681445e-01
6.704441233039072356e-01
1.207923739518225403e+00
8.988404364775749444e-01
8.911507931532444138e-01
4.390788366944106125e-01
6.566169582588807785e-01
7.437731821215114447e-01
5.495345508681241942e-01
4.841772386327030664e-01
6.364644786457089864e-01
8.969749223350546030e-01
7.780757528437323156e-01
1.439725953676208869e-01
8.233829467049788020e-01
7.021118060088307189e-01
8.490405284960071963e-01
8.753100751417078884e-01
4.007308482937643745e-01
4.251778290228675483e-01
7.502149767774731748e-01
8.799551889331547194e-01
6.278186809587215089e-01
4.327044629388508423e-01
5.720768198425211226e-01
1.063757297917699907e+00
7.309001332711481114e-01
9.001150202175116632e-01
7.297054444250705707e-01
7.209770033449330873e-01
1.024267094464201694e-01
7.011786945955496009e-01
4.815258478727102998e-01
3.882904774908191303e-01
2.794912468781308723e-01
4.352962294671097188e-01
7.568962272926229584e-01
5.600034628291375993e-01
6.008977059694551315e-01
7.909984853185799691e-01
7.407488869587177671e-01
6.145230714509128944e-01
6.637945655704473591e-01
1.161208838287178802e+00
5.122420336848356737e-01
4.109626537128560075e-01
6.716856454395845333e-01
5.277124976615220620e-01
4.076512323139294125e-01
4.082493338104407066e-01
3.661384453830557884e-01
3.343722526459879107e-01
6.991634318471208198e-01
7.285277192309767003e-01
4.731471938071644678e-01
8.219835138999442847e-01
6.651313272778569541e-01
8.534999623403703994e-01
2.957656525607145759e-01
7.802276101919981555e-01
7.975517051941997115e-01
3.345236881076156243e-01
4.587428572272881366e-01
4.885324291097196125e-01
5.128498902653186864e-01
2.681121632995667192e-01
8.458760948524153278e-01
4.910183137627750494e-01
9.367264914449709989e-01
8.738227013287938050e-01
4.025654383141946679e-01
3.829899334182775283e-01
8.125465769441556629e-01
1.047978620081954304e+00
7.611933896847844494e-01
3.725072090766101685e-01
4.574050982646927777e-01
6.768107958062932195e-01
6.546910850170333251e-01
7.660882009367884216e-01
8.575899011521174176e-01
4.795477920967591845e-01
3.116433425706095495e-01
3.638202003141350893e-01
1.093477907177997199e+00
1.000145035758559953e+00
1.131234439949792447e+00
5.198455649213921115e-01
6.034056858788128253e-01
4.210749614680598940e-01
6.081297427881524609e-01
5.096842296373792491e-01
9.631316075741336302e-01
9.655810426515092360e-01
