7.863288016312510731e-01
3.823699111250124516e-01
8.275931227077280017e-01
7.877162702863310662e-01
1.145686319622012839e+00
1.778945600572633678e-01
5.885959317223551368e-01
2.916862288368200495e-01
4.339199898259717414e-01
7.944635026396197341e-01
7.266122555442130482e-01
5.724879683137025221e-01
6.842778420973396614e-01
4.421371875915779404e-01
5.520886498080690430e-01
7.260927829754594276e-01
6.710643101436610802e-01
9.755515022327150287e-01
5.250864854652693703e-01
5.776653187651360488e-01
7.957395492424921279e-01
5.162912234384383625e-01
4.545645814355546710e-01
6.480902815308046128e-01
6.668892297302386751e-01
6.423821762381517475e-01
4.050580414329565948e-01
1.702393255256038906e-01
1.098950177387317151e+00
6.530493056757482595e-01
4.494500509744319139e-01
9.801648178994124549e-01
8.720407677730853679e-01
2.601591455068518743e-01
7.860245183708102212e-01
4.199128770954556056e-01
6.640983964735578393e-01
1.279403244023461061e+00
5.170403096201822146e-01
7.482804002040291946e-01
3.509285374337182128e-01
7.514500241847683615e-01
8.643042190387197898e-01
7.318086071276449500e-01
5.190087539601522248e-01
1.676601440642040142e-01
9.337982118716688928e-01
5.631005781062714544e-01
5.072214951054018206e-01
5.049016443677925015e-01
9.577953838848745072e-01
2.536851810456974832e-01
7.037537887169897921e-01
5.008802101850265975e-01
5.817767862560964121e-01
3.358511520860190114e-01
4.089850218710870955e-01
5.555084876109577241e-01
5.386059343923441656e-01
1.544801892457808579e-01
3.554544685228537837e-01
3.588454306817150385e-01
5.847495639732410710e-01
2.954064891979243379e-01
7.298889884381134507e-01
8.529981776230830537e-01
8.157117283592745238e-01
6.825533225940784154e-01
4.539956327735653607e-01
5.667693184446684906e-01
2.352338807613025551e-01
7.607799997654816071e-01
4.724813473456880297e-01
7.233132948896456860e-01
8.863870485136357003e-01
5.890567991108220935e-01
2.529554063018097931e-01
9.799756653594728917e-01
5.029140148736298555e-01
5.238001393470299583e-01
8.573727118898540889e-01
8.143545525293059972e-01
6.615031216106842527e-01
5.896552950458219255e-01
3.554824617169691781e-01
6.161354547277918536e-01
8.044532912371672451e-01
8.018017882937010787e-01
7.080344250741055223e-01
4.429277598695685048e-01
9.808747907254737886e-01
7.935789030996435178e-01
6.342485981308461085e-01
7.312816806918969181e-01
6.956674350990110778e-01
7.531077472049562127e-01
6.533118570586327056e-01
3.341110049878441290e-01
5.828368082332924249e-01
7.738369310731255668e-01
9.708421844300860748e-01
7.275491816948486123e-01
8.256084869218581757e-01
8.011850906692887797e-01
1.261642584083135232e-01
7.236998522753532725e-01
6.894104774971906435e-01
8.425254304922841220e-01
5.530582153356061736e-01
8.183242931165287670e-01
5.291766472251784315e-01
9.815146462304167319e-01
5.180292673927845426e-01
7.174373723174737316e-01
4.021908068338163611e-01
3.603350233939166536e-01
3.927500914322433201e-01
5.777063922224791037e-01
5.807289144089335942e-01
4.193537156900846719e-01
5.953062806992315270e-01
9.704942954485654694e-01
5.250864854652693703e-01
7.404788510923017153e-01
9.158207174976206177e-01
8.114105340339335948e-01
7.530658660044665664e-01
7.366387642110818756e-01
9.016132808264226695e-01
9.799756653594728917e-01
4.412871084887785567e-01
3.327645225582345767e-01
6.792097105510090937e-01
6.085670168148745729e-01
4.280269218589530800e-01
5.600420629933822170e-01
9.589937020791499123e-01
7.773164802532758211e-01
3.281970820270875833e-01
9.392604089400942158e-01
8.471990992550249011e-01
9.052497093717706278e-01
8.683501027589978216e-01
7.154914881818444927e-01
3.984903058204454229e-01
9.507568912793875615e-01
8.045329479646886606e-01
7.000549914265987717e-01
6.476769850053719635e-01
5.253105477141909452e-01
8.047241884887378349e-01
2.630753916675427351e-01
7.291030206478392728e-01
8.362816749861450294e-01
7.091096388109086046e-01
8.055060317935708314e-01
4.627507826344339215e-01
5.199520197547349287e-01
8.380240362950874822e-01
5.375796110556696483e-01
9.352385286494994121e-01
4.284331822517659649e-01
9.822028289324956640e-01
9.822503253820681346e-01
2.683583441170868111e-01
8.819227858517920682e-01
7.223872398505779557e-01
4.274999337831288382e-01
9.136785913563402195e-01
8.808519342471152758e-01
4.612010127431112605e-01
4.587428572272881366e-01
4.682714680131053187e-01
4.021908068338163611e-01
7.785379967320854577e-01
4.355809320382235672e-01
9.196145238925423904e-01
6.777932029877530296e-01
5.151847214187680324e-01
4.978723630461530658e-01
4.207958237000813950e-01
4.620718070892179674e-01
5.646031605002841403e-01
5.101834933374811420e-01
6.394096357515849371e-01
1.516510549621364334e-01
7.160085164700369376e-01
4.947075732470799236e-01
7.655396236357238093e-01
5.361535575283017385e-01
6.960011514241626340e-01
5.399445926644020899e-01
5.891593121135387801e-01
7.213098348302933172e-01
9.275936434258140739e-01
9.158207174976206177e-01
5.874129355178205891e-01
4.284331822517659649e-01
9.207191534455262394e-01
9.036589377942200185e-01
7.122800246774253496e-01
1.115238138843799021e-01
4.016182536106388534e-01
5.085612679637083744e-01
5.656959813891017097e-01
2.430401560694510354e-01
6.369334797823360539e-01
6.296577939440622940e-01
5.563834119573375370e-01
7.552639239896066226e-01
3.388796397020099604e-01
7.266122555442130482e-01
4.437793300140585040e-01
7.624219504443537909e-01
8.520321142507749634e-01
5.591402115100879699e-01
7.973482081938558785e-01
6.606640192463442141e-01
8.011850906692887797e-01
6.451672469742877336e-01
9.773586875686126607e-01
5.343903817034365566e-01
6.330823002567703695e-01
7.273407671335437863e-01
1.008587383189179398e+00
5.299843607879267671e-01
7.612789747297232790e-01
3.010276924542951704e-01
7.517698552430087666e-01
4.904137136033819289e-01
5.304064550798640587e-01
7.257944224443384496e-01
4.761808285565903853e-01
5.424753125664586451e-01
5.966527318687132597e-01
9.301209150691887029e-01
6.818430574759897222e-01
9.854430856877368639e-01
2.019701963651578669e-01
7.624648788025177870e-01
6.882775008043670040e-01
4.021908068338163611e-01
4.515934059680182244e-01
4.257258706573429641e-01
8.998159654353893311e-01
4.578432701927956372e-01
8.497864537396341289e-01
7.247714837557438505e-01
9.287600010854107913e-01
5.428740155743716489e-01
6.890947383973429208e-01
9.808984742002355706e-01
4.448581510000652051e-01
7.697607095550430545e-01
4.629036953484685912e-01
7.530658660044665664e-01
7.637549812463942933e-01
6.194518497068852714e-01
3.409015029703778010e-01
1.101751720974071924e+00
1.297812041411159079e-01
7.563184869396609722e-01
4.996911587635541330e-01
1.261642584083135232e-01
1.022550056821892150e+00
6.116364228767984246e-01
4.447364001431584613e-01
6.295992438198675378e-01
7.753907255859002201e-02
7.646894403395126938e-01
7.757875569544542271e-01
8.226326585022871729e-01
7.179572177201496430e-01
7.088992829405998952e-01
9.176204193954858868e-01
6.698361260280788487e-01
4.834569940197185889e-01
4.708822032996841656e-01
6.514052947563049312e-01
3.172728999990390153e-01
7.765438441647128931e-01
6.989709607108781642e-01
2.585728092537613598e-01
5.773779680146239324e-01
5.824357162362286955e-01
4.469529139480152846e-01
6.831386831149012240e-01
3.879975092401145020e-01
5.414414203126300951e-01
7.756542473981280494e-01
7.624219504443537909e-01
8.143545525293059972e-01
7.655540498148899475e-01
7.717347924142199389e-01
3.948879847534138565e-01
7.023910095002757759e-01
6.632851882098510510e-01
3.945160060547027170e-01
6.364644786457089864e-01
5.242056725009285323e-01
4.696247755329397422e-01
3.818057104892478293e-01
5.179368046238582712e-01
5.616603236205855998e-01
5.833557037259757827e-01
9.353892659040073942e-01
5.233345512189954141e-01
8.341524209986643790e-01
6.167434523679512504e-01
7.001877147100475929e-01
5.939658928515841874e-01
5.448105892348753532e-01
7.362382646926719509e-01
4.523375890200193039e-01
9.670981314418299890e-01
4.721957738507677749e-01
1.123072214289026594e+00
8.110865335811079380e-01
4.171961387557195367e-01
6.667578855303213370e-01
3.981973614267212414e-01
6.376733095918400984e-01
6.190648279944067633e-01
9.370073624752502939e-01
2.855297774617262530e-01
6.396613321914179640e-01
7.003204883289998461e-01
1.964548150658975423e-01
4.902894218790591063e-01
7.835684760150629646e-01
4.793440927832939846e-01
5.803390075637403500e-01
6.194518497068852714e-01
8.117185743181937196e-01
8.847461987385271120e-01
8.313529081053687708e-01
2.829602859036779994e-01
7.122800246774253496e-01
5.982782970925724086e-01
1.025156233155267715e+00
1.163070549041683055e+00
6.832535774408313722e-01
7.514083271520752838e-01
8.578615425178848231e-01
6.912521900200264691e-01
4.475437763153905513e-01
7.100764036823908887e-01
6.910993179571806033e-01
7.171460811939867064e-01
4.191114422370237347e-01
6.255950476989889930e-01
5.793954476507067186e-01
6.625387936049863535e-01
3.775266821005590079e-01
7.526333662018444004e-01
2.875019724101890994e-01
8.800695653793667583e-01
6.773524611090594449e-01
7.624219504443537909e-01
8.301637078526433733e-01
7.715296022690523170e-01
5.069936128926724184e-01
5.628821194557099838e-01
3.756902658504905901e-01
1.046278232396130381e+00
2.504817969842030867e-01
6.427785704167107150e-01
7.228371091327168152e-01
5.736763568096724386e-01
5.255076088204919671e-01
5.219695645313754406e-01
6.619019031458054370e-01
6.150440744788492342e-01
5.905381536998961511e-01
6.898084867043103863e-01
4.765718549983218866e-01
4.711279408027108651e-01
1.067895778546789076e+00
5.798833979113714454e-01
4.208394145781956253e-01
8.909162746436752878e-01
8.170405697171664317e-01
6.838631631592786420e-01
5.773943803561301102e-01
1.044153782287941867e+00
4.434596077620861498e-01
5.756516919950823707e-01
3.738716290031010026e-01
2.390726088701439489e-01
3.856659218268694844e-01
5.121968254110439434e-01
5.622044174851501541e-01
7.758468203559251153e-01
8.297567648585978395e-01
8.654457980758174518e-01
6.747760353372137532e-01
6.561291299095056706e-01
6.782118732466936306e-01
2.760630832674876856e-01
6.523676586558693202e-01
4.811152572564449392e-01
7.195467721262678307e-01
5.852465779367131971e-01
4.545696677573788924e-01
6.045730580313850577e-01
9.386744427430614435e-01
3.037488594525175056e-01
7.821202727557073908e-01
5.253105477141909452e-01
7.888941123092463314e-01
6.907820303940988005e-01
1.154739524387508931e+00
6.295797295314667918e-01
8.755741887037579163e-01
7.163873035105621234e-01
3.520324018637355779e-01
6.276925759409921479e-01
3.447578940856524943e-01
9.509349314734427683e-01
3.509436951552531436e-01
1.127529592214181253e+00
8.469518243646948497e-01
7.792996586893717881e-01
5.190419094082836526e-01
7.973795086652458730e-01
6.422196943812851222e-01
5.882039094124019707e-01
8.003800698913835499e-01
9.290148690223182237e-01
4.828479034833715877e-01
7.850979071886550198e-01
2.253608068491948224e-01
4.789089829711528634e-01
3.986115154389590631e-01
8.001120890116388829e-01
6.204831183461418931e-01
6.357871450533976176e-01
6.924185919359983066e-01
4.423827337690233175e-01
6.231671734975220422e-01
3.656935026327928218e-01
5.241583279462866951e-01
4.354362006010584762e-01
7.672166948211923687e-01
5.975918448901450519e-01
2.793893732547277908e-01
2.786515711359202618e-01
6.324712169553642349e-01
4.244847781438283452e-01
6.283722016283886935e-01
8.574089024604155673e-01
6.167996357262989227e-01
6.246811804388072709e-01
6.316353562429365409e-01
7.396025926208300572e-01
1.994417638675700655e-01
7.564170630919051508e-01
6.247580347170618165e-01
7.458213917289691075e-01
5.510626715247616270e-01
3.738716290031010026e-01
3.944623762717689996e-01
1.052949334080061972e+00
6.583194167473173097e-01
9.681421679168611405e-02
9.354323426161539334e-01
5.493042065994693246e-01
9.959033930054165262e-01
7.220534135662327602e-01
7.066722424918930878e-02
5.383204516931724415e-01
6.787557843927847223e-01
5.175409091861616906e-01
4.679101058196880603e-01
9.329190099544608650e-01
9.057138985926996844e-01
2.591451612762858403e-01
7.945101151427080843e-01
6.480902815308046128e-01
2.227498297911324754e-01
8.298245609828611702e-01
8.088740683234499906e-01
7.559525717803675660e-01
4.654867567371376302e-01
4.931701512288552136e-01
8.042462575471056585e-01
6.063597601044352636e-01
5.910020688034005598e-01
9.034780653280762852e-01
2.824586041986633100e-01
6.311152898473971762e-01
9.218891961666769719e-01
5.985956533731703333e-01
4.188176291248049132e-01
8.775411761238379738e-01
1.762842912700615383e-01
8.641571378502255207e-01
5.104912189931760658e-01
8.685543199597407504e-01
1.121552956973026038e+00
5.875318708146207713e-01
6.508834608263551758e-01
4.557578918684379587e-01
6.836214991329880863e-01
4.278195750487262528e-01
4.939136449098120440e-01
9.968319970426694487e-01
9.527860407964011680e-01
3.773373261455011951e-01
5.666823530454735414e-01
6.097453127529335326e-01
1.018040125484950487e+00
5.468787939352084404e-01
5.905553227526414428e-01
5.199520197547349287e-01
5.276371042870477979e-01
5.421929505715824549e-01
3.428955333356709656e-01
7.670138998862825463e-01
6.284985798984645822e-01
7.391047249609198344e-01
4.559829751773646911e-01
1.053577406246970938e+00
5.617690581265135652e-01
8.726964234383138841e-01
7.122675364239594575e-01
1.049955836024939471e+00
3.847782838366826108e-01
5.199520197547349287e-01
9.394341690749457019e-01
5.242192010875006414e-01
6.794823577888029487e-01
1.908893999477347114e-01
7.069255608867167640e-01
6.234253760892050078e-01
3.186465912173073733e-01
6.447883692957216972e-01
5.429901119729065861e-01
6.100657927869674868e-01
2.934158478023686789e-01
8.485616962397274365e-01
8.604963082221718240e-01
7.407218745095623946e-01
8.795931929042773989e-01
4.835030254870980038e-01
8.066255898553919002e-01
9.594693372257846464e-01
4.298566386705565123e-01
4.498282753950411661e-01
9.116896590546891277e-01
6.863008279129126921e-01
8.122703884407755925e-01
3.482929630270658050e-01
9.822265765830984208e-01
4.742851112892061405e-01
7.070239859286960860e-01
4.057093186809238583e-01
5.005407851885975701e-01
5.683710785085476225e-01
5.544924753630922076e-01
4.471546163813339692e-01
4.589346046935941503e-01
8.492180109427013290e-01
3.193002586435456092e-01
8.281160936762735902e-01
6.360061245788954931e-01
4.048158639165050920e-01
5.891593121135387801e-01
2.886397567780040196e-01
6.444610499782182922e-01
1.206883075591246746e+00
5.725928654029930343e-01
1.237997598887001338e+00
6.685684156322321270e-01
5.241583279462866951e-01
6.206158237595587046e-01
2.027878282425022161e-01
7.267292393244656479e-01
7.379903213100739157e-01
7.973482081938558785e-01
7.799579773351179579e-01
6.599771132723085687e-01
6.526716022022516217e-01
8.153679192252119012e-01
7.176655043983420912e-01
9.127753209040589955e-01
5.445330903756712138e-01
3.213892852083553575e-01
1.399892874137731003e+00
1.466708470195571712e+00
4.188608110968971010e-01
5.605984959702615678e-01
5.428812701448171296e-01
7.797034951437913364e-01
8.174186846310178556e-01
6.931865544052989714e-01
6.179724548209883928e-01
3.851978495944337055e-01
4.309510248172970237e-01
5.494899530308520186e-01
1.718517363204676573e-01
6.616970634005530094e-01
1.004721056721495476e+00
4.535445363224774873e-01
6.818430574759897222e-01
5.758801770168540113e-01
5.244899195346642840e-01
5.318090222211933060e-01
7.575313494345669030e-01
6.796642442527763839e-01
6.656980829069076844e-01
5.224730397720654951e-01
6.772056744982738463e-01
5.358918743071569013e-01
5.145908748698724278e-01
3.063301452855340390e-01
3.798458285334120332e-01
7.932380053789385155e-01
5.954982586847985537e-01
8.165314897087000423e-01
4.810013285437543806e-01
4.207958237000813950e-01
6.948107750684456851e-01
3.984903058204454229e-01
6.000190707984071059e-01
4.900469385702889147e-01
2.094271666167147605e-01
6.889661868477394702e-01
7.070239859286960860e-01
6.828171844741991459e-01
8.246364730325785874e-01
5.552199867085371165e-01
6.273436262871496805e-01
5.509729864168954050e-01
7.930986316201110720e-01
3.993167728972728536e-01
5.863362181028917153e-01
7.624648788025177870e-01
5.534123148359436639e-01
5.598876942553915326e-01
5.855586959479510689e-01
6.604814204246107767e-01
8.246364730325785874e-01
6.337835412015313530e-01
6.841510812980288181e-01
7.486941119307964909e-01
5.605830245688080415e-01
5.395286825169256506e-01
9.315712629841764736e-01
6.753481265996766902e-01
8.535537600058189511e-01
5.871158078370516398e-01
7.833267364829153978e-01
7.341096009591238092e-01
4.565312656763642618e-01
9.083668628552858948e-01
6.843815904224552771e-01
4.950994614214658252e-01
9.245326962854044650e-01
5.765912713779602905e-01
4.731857712800446314e-01
7.512971576845551835e-01
6.565532873404380521e-01
7.675500908305046277e-01
5.370466152088961831e-01
4.978723630461530658e-01
3.745023480320893161e-01
6.401653200043642133e-01
5.139268698446127770e-01
6.976745471754101091e-01
5.248490524589092265e-01
3.039624934155146785e-01
6.665390934630092135e-01
5.021245792336409552e-01
6.866836464474391777e-01
2.854595556830455960e-01
8.615182103165508476e-01
5.534726322544543109e-01
7.431337224921242823e-01
8.897396851786373850e-02
5.674025979423580335e-01
5.905553227526414428e-01
8.326137729028724177e-01
5.222983917341890159e-01
7.122051017246708859e-01
2.251647029895132712e-01
4.298748328904273830e-01
1.948894042603631083e-01
6.259999261507173118e-01
6.986223767407901963e-01
6.852705026310570435e-01
6.398729103856881650e-01
8.231326986156531911e-01
3.219011529636930380e-01
7.896454838470067239e-01
7.920934957002992993e-01
7.168929767677869602e-01
5.948791379168112403e-01
6.141514665216930569e-01
7.306503697321443669e-01
6.912874777932674908e-01
7.831304329152184440e-01
7.636401287143923522e-01
8.219502520480920227e-01
1.131644090572911709e+00
5.353974960789287252e-01
6.754716460348992868e-01
5.980405006253047828e-01
3.689046902779342663e-01
6.537534189581266642e-01
4.764768324025867585e-01
8.990194566583374902e-01
3.735003972443821652e-01
1.485636958997295642e-01
8.696140767077009670e-01
3.640386326222228019e-01
4.948582260271999211e-01
9.634285390821484274e-01
9.864001750024754545e-01
9.787243713856835781e-01
5.901692603794083114e-01
6.677881352424911432e-01
4.616255080164191060e-01
5.875828578295455573e-01
4.929008882246658230e-01
3.975699598512174582e-01
6.374531807230024993e-01
5.644070578159570140e-01
6.555785438851818858e-01
5.305311359923335912e-01
7.851130799218644096e-01
5.964074697204321263e-01
6.826221364655948864e-01
7.317822427718084777e-01
8.357827310362077045e-01
7.234034546721206382e-01
3.758466745688918698e-01
5.816351860876349811e-01
6.164346267617096808e-01
6.502791799253589966e-01
7.513944291694772959e-01
3.683394190646371302e-01
7.875177607776713273e-01
4.564235532876846912e-01
2.866681570450128613e-01
4.112663616873551975e-01
1.121491033775313451e+00
7.691049243194365559e-01
5.219092127015628746e-01
9.222449763331884709e-01
6.753930375307888312e-01
6.219555284527534811e-01
8.850353188853852249e-01
4.667220937637369116e-01
4.764488917912996224e-01
6.249021874708037272e-01
1.198940243403286088e+00
5.778954053810485547e-01
1.553842110380532771e-01
4.764768324025867585e-01
7.612647092190940601e-01
9.226429380999058294e-01
4.960909904442172280e-01
4.904373953627368943e-01
8.076037454520992309e-01
5.858373524764143303e-01
3.407185192646075000e-01
4.887322547005877871e-01
7.343882860457167094e-01
5.314820205852787138e-01
8.759895464782851970e-01
6.132799614666971655e-01
9.065020909846469577e-01
8.534999623403703994e-01
3.803472634348558645e-01
9.349587168874582410e-01
8.837838276911033075e-01
3.561899732361596405e-01
9.518484350392913962e-01
8.533027622398486889e-01
6.282070144039857418e-01
9.983508111539604046e-01
5.031569384131403533e-01
7.920934957002992993e-01
9.207191534455262394e-01
7.717641142019595613e-01
3.746543137926364730e-01
7.756542473981280494e-01
6.459982382285202052e-01
6.844623053169502924e-01
6.158552445611604753e-01
7.306897947314102693e-01
5.875233738390789329e-01
6.454747721166378405e-01
5.138358656178310113e-01
6.660800971860921793e-01
3.889857255738041197e-01
4.270191221774822798e-01
8.459817831256524201e-01
2.031965908271284038e-01
6.536166812671260207e-01
6.590777139064057932e-01
9.223915538786403578e-01
5.449202061309817990e-01
8.710871455598978574e-01
5.797096265229737533e-01
8.627257152939529217e-01
5.005592874170080586e-01
4.057093186809238583e-01
3.927766722177023495e-01
7.731741850955778927e-01
4.501522622079067171e-01
6.966934404739577591e-01
4.310424752512196922e-01
9.469450877013810830e-01
4.662935299229474251e-01
3.684964507005029644e-01
3.186915857937850372e-01
4.065741714118990546e-01
5.593788806537274283e-01
6.215368441522131082e-01
6.039169782139909293e-01
8.984031315924047023e-01
7.080220852500427320e-01
8.588953510111619893e-01
7.555589050639218707e-01
4.973360005812199058e-01
6.164252732379970068e-01
7.008641778945025325e-02
6.184804933771325119e-01
3.580799916041758069e-01
1.940756775706530823e-01
5.761251837575085410e-01
4.549718471903882455e-01
8.544154459267031543e-01
5.825359374727832051e-01
6.466666328273048547e-01
6.986704366160518820e-01
4.813432766676969399e-01
4.897751694774546416e-01
4.935955871826029906e-01
5.969683654775311821e-01
6.644677081319118050e-01
5.523423621890485163e-02
5.193537778051819931e-01
6.638162585577697117e-01
2.376780979118026382e-01
8.572460689486590679e-01
6.091144944520121562e-01
7.118182507617912824e-01
5.350096954878241773e-01
9.097704843345938430e-01
7.250690036851800135e-01
8.040234173308716814e-01
6.983461607184939801e-01
5.393352876570144394e-01
5.495419845448352714e-01
5.534123148359436639e-01
7.212458049120645809e-01
4.876293791633392050e-01
9.687816856840976154e-01
7.686101827164307787e-01
4.953711325278561395e-01
4.584063912739156921e-01
4.588050280363312750e-01
7.568539236805453818e-01
8.019759003371161876e-01
3.899452991186200257e-01
6.442770788593601416e-01
6.040247291356580783e-01
5.184986944324508906e-01
2.466344773610310570e-01
5.940961847220274095e-01
4.147386114511751320e-01
4.012176428336357570e-01
7.762025909946301816e-01
7.736158895411984204e-01
3.355654133968558051e-01
6.567231039036041107e-01
5.564367572145482166e-01
2.728388833050830464e-01
4.343886059694719304e-01
4.442646370687417523e-01
9.337552855282357234e-01
4.251867289837036878e-01
4.957943251379312577e-01
5.864885835808303360e-01
5.390418789554428658e-01
8.018809207586938825e-01
3.912861304464955170e-01
6.553141678492241384e-01
6.512799783169590517e-01
4.576885254501070199e-01
7.833871573812517530e-01
9.991119551284265432e-01
5.893387957506123209e-01
7.678257235532131020e-01
7.957395492424921279e-01
5.246592605994621072e-01
3.509436951552531436e-01
3.818846701210467653e-01
7.888175221350449684e-01
9.628120398036913441e-01
6.866836464474391777e-01
6.599878351931142140e-01
4.057538923261316266e-01
7.409785723466412177e-01
3.248380100068521958e-01
4.340915436868436061e-01
3.644370493974052327e-01
4.207958237000813950e-01
5.184325264797151611e-01
7.238932859493397709e-01
1.021008097903363998e+00
8.815209115216871005e-01
8.643777784096885464e-01
8.187365970188225095e-01
8.710124398592858919e-01
7.954123665167591728e-01
1.091773480448184896e+00
7.084665900644719905e-01
6.004536294467232027e-01
7.169562361236954118e-01
6.270821685520645561e-01
4.116038785345033646e-01
3.950684742533983052e-01
4.845237188559478603e-01
7.818944744207123598e-01
3.620756792110245148e-01
5.668246739612528007e-01
5.567875664032037042e-01
5.510850973639674910e-01
8.653536234711574071e-01
4.237232592877983040e-01
8.897845063731072424e-01
3.719615009199669919e-01
6.619019031458054370e-01
3.465016351294060715e-01
8.675156678015109035e-01
3.974027273636545621e-01
5.876933600595571905e-01
1.147142124794628071e+00
5.342990136975163118e-01
8.297567648585978395e-01
7.945256538592430084e-01
8.539484835405997121e-01
6.136412429569196858e-01
8.801839715627115535e-01
4.105307477740528510e-01
9.738677024446110719e-01
8.204562497723305592e-01
1.196257102693667473e+00
4.716749434856662981e-01
2.883201885528733355e-01
5.363446769047970353e-01
4.885324291097196125e-01
7.505060263712719504e-01
4.418534642217588626e-01
7.448095337246434244e-01
3.316859177618954324e-01
4.597032001932394030e-01
3.842360299206173391e-01
4.892266429927738525e-01
5.974072998952523195e-01
3.592166730697474719e-01
6.086217202875990884e-01
6.422196943812851222e-01
4.439733255464514694e-01
5.036434902119579782e-01
4.232597202308472917e-01
8.309787924946193671e-01
1.021907008287894270e+00
4.852065786123586077e-01
7.472481184467673065e-01
4.795477920967591845e-01
1.397869768339307317e+00
5.507862361706791221e-01
9.684352715792260424e-01
3.899677581711250562e-01
3.971385536539479566e-01
6.244027421148587997e-01
8.973711914355095853e-01
5.391348764130606819e-01
4.216255976199698718e-01
7.426039412034686205e-01
6.438890401070951341e-01
7.160085164700369376e-01
4.047311701865698996e-01
8.042940250935844970e-01
7.057098149511336072e-01
3.532077102295917426e-01
1.130888044079752408e+00
6.001343005551084131e-01
7.348399393581677153e-01
7.499656853085150399e-01
6.356876587459424632e-01
4.682876614657524028e-01
4.772492887642229009e-01
8.696140767077009670e-01
6.294821762318817404e-01
6.502167321416308932e-01
6.947038408884872451e-01
2.915752729688503853e-01
6.209288540867078376e-01
5.065889941450868461e-01
5.703580272575983212e-01
6.537639396117952417e-01
7.142712428348855225e-01
7.518115924101886893e-01
6.402964869493743549e-01
6.179066590739658027e-01
9.277419262252381005e-01
7.997655564902149683e-01
6.204831183461418931e-01
3.879011859780096549e-01
9.673744780920812136e-01
6.700460367388577643e-01
5.411529246643438373e-01
1.908167741074539847e-01
5.636396471429734323e-01
1.003514873241267980e-01
7.322174977015420971e-01
6.590990996881248565e-01
5.407999362017699152e-01
3.066515538876120051e-01
7.004050068528145934e-01
7.063355856294349921e-01
6.538902138726009339e-01
4.892266429927738525e-01
8.587682578843476300e-01
9.941973277734068581e-01
2.459580505386992078e-01
4.008652912137685709e-01
7.256258923208829259e-01
6.795960254186649285e-01
7.065812889377677264e-01
3.452559890493171468e-01
7.348000652500036312e-01
7.492326215830650282e-01
6.737129553478764521e-01
6.040247291356580783e-01
9.260289766919752585e-01
6.339318895118432051e-01
8.175667379246719380e-01
4.180203655691981934e-01
7.089487672107385174e-01
6.619234726020293280e-01
8.476587073295696051e-01
3.267820525384654839e-01
7.145853407587721140e-01
5.692950001047778485e-01
6.234158092147157326e-01
5.609235927853221115e-01
5.306905358189567545e-01
3.155429388678246405e-01
4.212365069936018780e-01
3.948879847534138565e-01
8.109246303666278743e-01
4.594120777070266337e-01
8.324431623186949736e-01
9.749427921830845500e-01
2.758475158887029877e-01
5.449421348036453949e-01
4.164349099727018277e-01
4.530185468517434755e-01
7.530379477918913711e-01
5.261473761523720594e-01
2.123710934460246724e-01
4.144889524494649313e-01
7.982098675209146066e-01
6.231384975224246725e-01
6.008088381246867726e-01
1.421992061586928313e-01
3.328954087554960029e-01
4.678616071158566703e-01
3.665381670559301197e-01
8.461932389234717578e-01
6.316844633579572488e-01
8.034668566804508139e-01
5.982782970925724086e-01
5.425984854947436542e-01
7.655396236357238093e-01
7.856748836226613575e-01
6.603955264886688381e-01
5.259157912057187412e-01
4.194186579338938237e-01
8.144361822633258141e-01
5.893216973594973540e-01
4.989485661865728505e-01
3.239340345542013888e-01
4.786832635089427468e-01
7.915379005431562032e-01
8.680161362223186572e-01
4.383870680322108915e-01
2.516997364811443191e-02
4.370852784708909033e-01
3.018485530361547098e-01
5.805131565350160061e-01
6.198109851012594262e-01
9.036589377942200185e-01
4.861041588787321649e-02
7.028527890566946823e-01
5.421712425927792678e-01
6.104324684449061733e-01
1.019342881705147530e+00
5.578809558840559513e-01
5.631239944481293280e-01
4.069529406621150147e-01
7.379903213100739157e-01
4.932300274082068170e-01
4.506216233234274227e-01
7.463832002696531021e-01
4.032007146718502577e-01
1.170395362988526505e-01
5.409871788355521405e-01
6.747087941983516135e-01
7.477845492568511165e-01
7.740875975586776203e-01
6.415604561996929300e-01
7.805424175740570680e-01
9.072713939629040159e-01
3.760658656941565092e-01
6.268306003313832697e-01
4.442694954996276868e-01
4.737541393975224779e-01
8.738227013287938050e-01
6.026090811759542420e-01
7.347601954689266801e-01
4.536103709004896678e-01
1.155560678333056979e+00
1.211200954279149367e-01
6.114339003563551422e-01
5.523438641397274695e-01
4.719160272692913827e-01
7.925416260066906471e-01
1.139676014348789623e+00
1.015800045194832801e+00
3.569787104574344005e-01
9.799756653594728917e-01
2.980309087856222727e-01
6.348135199230713344e-01
6.805637379169576784e-01
7.713684579705494260e-01
1.065218870811927149e-01
3.745151222234130439e-02
7.076274378588566227e-01
3.247756839892310121e-01
6.542904043723135610e-01
3.756381585356956543e-01
4.087463522872445965e-01
5.271304718881630880e-01
7.271194574551548273e-01
7.513110520690367000e-01
7.578846558490559548e-01
5.637882677252307184e-01
8.380413236957865442e-01
1.648764233489056485e-01
4.875415981503606333e-01
8.005535649603309212e-01
8.806609843372416035e-01
5.283851363396885326e-01
4.844428291236116957e-01
7.477019713153508773e-01
7.045471151640962937e-01
7.873803897175493116e-01
1.471079538359590932e-01
8.978471767736414533e-01
7.340034908391955826e-01
7.312816806918969181e-01
6.747536201351496121e-01
9.107086443569977208e-01
4.384722367538066989e-01
1.013873348660484508e+00
6.706322730983202973e-01
5.830626653387434022e-01
4.961697571659556827e-01
6.190553944818504295e-01
6.135485661044953742e-01
6.554939203478274967e-01
5.902893145720401469e-01
5.241583279462866951e-01
6.931155942038653706e-01
3.852636035873657216e-01
3.579190964774230932e-01
4.279502702807040371e-01
2.881831552148128583e-01
7.383390499705018151e-01
2.137758371219878051e-01
8.000175503638627950e-01
9.995544425233606756e-01
7.169562361236954118e-01
8.443816762445326418e-01
5.327086086922142583e-01
6.191119998701111182e-01
8.819227858517920682e-01
6.134096033018806571e-01
5.300604264956153555e-01
7.075411673803394530e-01
6.468416719604641596e-01
6.043661941932630954e-01
7.455886946882184230e-01
7.509222034653779687e-01
6.376733095918400984e-01
2.025239724590437163e-01
3.330127484382332526e-01
5.051716183873877775e-01
3.174092399149688881e-01
5.986044736315231374e-01
6.284985798984645822e-01
1.196010575189947911e+00
7.387418389488825676e-01
8.800695653793667583e-01
8.080856763566317547e-01
6.393090126284829422e-01
4.887322547005877871e-01
5.134397230574795357e-01
4.361608211921254585e-01
4.501871809339201280e-01
1.163470263982500086e+00
3.669255056357826894e-01
9.495124741726529427e-01
4.440072922037788805e-01
6.538481170327198333e-01
4.736491921123580640e-01
7.922479661351251590e-01
7.784037403233751151e-01
7.019298363307234778e-01
5.494527936956726810e-01
3.258698539094617153e-01
8.711058239874120979e-01
5.443433855566313095e-01
3.690219752150729615e-01
9.698224165646578410e-01
9.954641315235714938e-01
6.126602905710680780e-01
9.364889628279610134e-01
5.879825624888113111e-01
6.692402551352808482e-01
4.045216048221787486e-01
2.633550794927813077e-01
4.811152572564449392e-01
8.892780948597279744e-01
6.631877370337586619e-01
3.657560588045210004e-01
7.694836860967316783e-01
3.671875052647097237e-01
1.045416654850153115e+00
8.856334330508808250e-01
3.822152190978939656e-01
3.590864921904728391e-01
7.128174341570212569e-01
2.741498208825249305e-01
7.527449314880200193e-01
3.999260807382970517e-01
8.960253028844251677e-01
5.108982427251284458e-02
6.942289758275563827e-01
3.891273104164459373e-01
6.610510325844430879e-01
5.569249600037967651e-01
5.334991228591289270e-01
3.265299018396398134e-01
7.249266810756057611e-01
7.710902763116058711e-01
3.485140710625478921e-01
3.382307152400046424e-01
5.246863653180021680e-01
2.526612135698991790e-01
8.229492800056104063e-01
5.421205974015099738e-01
5.578579735451292265e-01
5.810445414917251306e-01
3.472034870645688831e-01
6.632418730405039708e-01
5.942439179608705047e-01
4.192931210712976253e-01
4.318718701295560791e-01
7.065812889377677264e-01
9.801648178994124549e-01
5.537895145379774231e-01
1.159353078036498674e+00
4.971960053786282363e-01
7.561073388203195522e-01
4.979455930315248580e-01
4.631939799726010332e-01
5.991606744167212728e-01
9.104229126322654908e-01
5.612025474516425527e-01
4.370382573016722838e-01
7.556572832997331401e-01
9.498898991647248824e-01
3.404415587654148201e-01
9.048666074366749079e-01
7.833418408337083916e-01
3.600125059372487057e-01
3.651839741784075888e-01
3.233410368229873710e-01
9.351739418401269210e-01
3.730887812015736826e-01
6.259999261507173118e-01
7.446457073003326377e-01
7.260019516320916910e-01
1.052349269699433876e+00
6.896679604019515519e-01
7.005620239610435007e-01
4.647837815193116562e-01
4.429760569570810880e-01
4.321613038538461016e-01
7.609082451297425331e-01
8.621215399914465838e-01
4.529680352282067224e-01
5.477562657751120501e-01
8.085359977605125481e-01
7.698920008239420465e-01
7.640278945211192996e-01
7.106726472513635873e-01
5.472323936511032105e-01
9.554975940794728784e-01
7.249525537577529155e-01
3.348600895776996933e-01
3.532046393388595940e-01
6.210427616026683584e-01
6.947038408884872451e-01
7.048894072402434041e-01
2.386022201517482011e-01
6.646198970548377050e-01
7.134308204252840513e-01
8.038802281042614073e-01
4.066026563858251563e-01
6.928909827135295574e-01
3.689046902779342663e-01
8.196782052273303698e-01
5.520736445448448659e-01
5.493042065994693246e-01
6.756289179510210907e-01
5.019136546513089936e-01
4.431016786915453198e-01
5.620644069769079598e-01
1.074533583925647351e+00
3.281361108798268034e-01
4.071976826754032386e-01
3.540326382580846754e-01
5.946005182365667885e-01
5.527421691698565231e-01
4.476177439727291874e-01
9.748024284937480965e-01
4.568264527960885085e-02
5.834562418492122982e-01
2.821290554292328334e-01
1.156514681227458929e+00
8.109731945437967937e-01
6.139101642257828173e-01
6.015294244177468164e-01
8.233328849150207684e-01
8.670527854073709628e-01
5.767549896712942381e-01
6.464916884017402054e-01
6.072843100854603549e-01
4.325984858477563977e-01
4.276169300703867582e-01
8.881116500333811059e-01
6.756513913462662835e-01
5.640074304443620790e-01
8.936207124233288557e-01
9.567126959347420634e-01
9.891983200622606054e-02
5.443944469269531572e-01
5.396075127842753227e-01
4.982081774726760948e-01
5.198655218821032209e-01
7.751658374194198009e-01
4.386237295530825420e-01
8.068498750243685569e-01
5.354892401960976711e-01
1.246009422386116672e+00
7.207084020628183874e-01
7.858116601701604642e-01
8.347008672175251220e-01
7.405598411775516920e-01
1.422395344946305873e-01
1.138079650590456904e+00
6.224701398546971243e-01
9.057138985926996844e-01
6.413376358846449854e-01
3.236449989840662900e-01
6.227468568632934520e-01
7.431745062102472765e-01
6.633718355237908648e-01
7.459446430927993976e-01
4.863625515692576728e-01
4.429277598695685048e-01
3.810858156663222696e-01
6.906293661914039150e-01
5.578579735451292265e-01
2.451580252579941555e-01
7.618643213524548541e-01
5.648072519009127435e-01
7.770042691354325237e-01
6.619342578573143010e-01
7.234034546721206382e-01
1.003554536880930659e+00
8.127253872579712768e-01
6.976745471754101091e-01
6.543220192226545384e-01
5.750812718705153870e-01
3.399885446147926094e-01
6.881492539591251845e-01
5.386987814763628535e-01
8.229159399492971261e-01
7.370664442454588627e-01
1.122761827584140448e+00
8.608609948396294120e-01
3.066515538876120051e-01
8.888889396205271742e-01
7.218994439356188897e-01
6.404680940797249367e-01
6.716190187719375260e-01
3.425947985113589889e-01
5.990899884602343128e-01
4.054137597297262641e-01
2.432613649467784689e-01
6.170619601354419004e-01
7.015056070086331808e-01
5.597488351334024559e-01
9.857778556083801602e-01
1.535100181661009255e+00
7.323759006215423417e-01
1.893960810989289145e-01
4.107798134167563453e-01
4.101411516034865756e-01
4.563774063929738056e-01
8.518355917778397401e-01
6.030742574926435395e-01
4.564594517694039455e-01
5.424898005965995695e-01
8.328868953476495918e-01
8.672563927903198522e-01
3.591118859278764619e-01
3.968669767445289209e-01
7.020268750860053641e-01
9.411317056821794091e-01
8.358343183169482105e-01
8.128717451523090887e-01
6.881259414854574707e-01
2.728388833050830464e-01
5.165209750349895046e-01
9.059360704564134448e-01
7.806924151560803438e-01
7.255999715559933172e-01
4.998633134102390962e-01
1.031533687313738179e+00
4.816742889872890898e-01
4.530185468517434755e-01
5.984104879724980730e-01
2.146557636612680675e-01
5.413836965774724286e-01
2.293144605802557856e-01
8.161377987318831906e-01
5.403970842752601200e-01
9.203436987715943873e-01
7.537505094435118513e-01
4.797799939471024677e-01
4.987096882823097710e-01
3.501692988620174196e-01
6.921354665214576318e-01
2.917406908975005431e-01
6.354887795059513955e-01
4.833937150614218137e-01
8.045170153571956639e-01
5.085358036136112814e-01
4.694673909385553845e-01
7.961138021022742262e-01
3.620756792110245148e-01
7.117060178952181460e-01
5.460848629236212393e-01
7.255222203714140061e-01
5.225805735535181684e-01
7.747075880065781295e-01
7.120428227201764937e-01
6.934231933819846594e-01
7.361181997440919833e-01
6.325696989735130060e-01
9.464376853852612959e-01
5.296112637370377074e-01
6.372032186883688221e-01
5.526293830595950807e-01
1.554900723675774477e-01
5.806044191435894009e-01
5.782573406137294647e-01
5.963812035919046073e-01
3.313450500585367609e-01
7.080097458560963286e-01
7.840978017694496538e-01
7.359981739492535979e-01
7.213098348302933172e-01
7.669559781660396647e-01
8.133437015992022179e-01
9.435580352450808617e-01
1.026658862963784280e+00
9.192399693957766793e-01
7.484320414052496595e-01
3.828924713240052236e-01
7.242159052941786745e-01
9.027552989372892300e-01
1.136424169393447148e+00
7.493846490099232982e-01
3.504925562297421804e-01
4.339338945468591557e-01
4.278466088916183518e-01
6.452287285581295162e-01
5.022735739407649946e-01
5.861162743461009184e-01
4.386379373701838613e-01
5.013190582886242197e-01
5.409871788355521405e-01
7.774503618378870717e-01
6.639790011682294990e-01
1.083359321781299567e+00
5.053601433979816315e-01
6.827024368547196520e-01
6.010043820915296209e-01
4.012414191636076710e-01
6.399132268642507837e-01
5.493116340456074553e-01
3.304045480661783052e-01
6.765515547400694496e-01
6.047890669844124822e-01
5.428667611978105212e-01
3.523224394869040044e-01
4.399680645412076818e-01
4.920412190237506977e-01
3.101231427484576475e-01
4.604587168041184286e-01
1.959280198676461304e-01
6.037643968652759430e-01
5.434622646548179503e-01
9.146660184054250520e-01
4.906447083597260117e-01
7.342422817596008233e-01
1.827496927884054434e-01
6.258649084498068005e-01
7.218994439356188897e-01
5.325340325548193476e-01
7.176528265877075707e-01
5.651529736860864128e-01
5.069999401891592816e-01
3.725242882587086468e-01
4.130854767143927742e-01
7.805424175740570680e-01
6.607177439982589995e-01
9.757623866906122156e-01
6.905941455729940337e-01
5.264814899301084594e-01
5.402892794014836353e-01
6.390374883199670952e-01
6.343872576825784204e-01
3.597956904772515729e-01
1.017479179689857682e+00
4.322532687210264846e-01
3.250589405048685543e-01
5.950446919304686055e-01
9.509349314734427683e-01
3.693642027846903431e-01
4.355482423367635914e-01
7.776438277880772798e-01
5.919407140824268776e-01
9.392604089400942158e-01
4.900292053059231989e-01
7.657705077656773440e-01
3.379521600502204959e-01
8.554589738145033095e-01
3.971618489703284682e-01
4.528872400557061861e-01
2.932506421392516716e-01
4.405931479581037258e-01
3.554451384378479184e-01
8.546311393179120142e-01
1.037513821827483751e+00
9.340773293358997087e-01
2.832226551365534251e-01
1.461937038745554085e-01
4.860774041599597028e-01
5.533218633543578457e-01
6.939325146896632157e-01
5.626716233722569571e-01
4.680988075112280655e-01
6.060974116024431257e-01
4.310607699957232919e-01
3.833332503677834291e-01
2.771195263714602564e-01
5.486069223572531683e-01
3.542456505709535297e-01
8.176325566050185456e-01
5.643364941930758549e-01
3.410073801117831649e-01
7.467261820358236379e-01
3.326909442918430382e-01
6.162382623547866256e-01
4.268845092520118234e-01
6.801535469784686372e-01
8.284707400170682190e-01
5.486661967704840048e-01
8.064974828769346793e-01
8.289271604700555462e-01
8.015644845798697293e-01
3.139287463485793683e-01
7.973795086652458730e-01
6.506436978679162042e-01
7.001997829586333877e-01
4.173976020248533203e-01
5.522762844448259045e-01
5.227688642209848968e-01
7.564170630919051508e-01
1.396783562692179015e-01
6.395102905545367866e-01
8.621581325865227408e-01
4.222742186734260716e-01
4.363200928757673958e-01
6.726086724528047567e-01
4.910123790743796679e-01
6.899022027252602607e-01
8.292655740569709888e-01
6.568611445579729535e-01
7.867856685028654651e-01
3.373824137750137675e-01
7.309132834507645615e-01
6.355076676841639460e-02
4.488591071130072496e-01
8.117347934437019186e-01
7.785976811138424214e-01
3.405243141924791384e-01
2.712086840917869446e-01
5.505399196037044085e-01
4.229820832897104310e-01
6.325204541310811557e-01
6.382142710195266577e-01
4.672750311419019420e-01
4.283654186391065988e-01
6.786650719591873493e-01
6.396411891843581943e-01
6.374531807230024993e-01
3.213892852083553575e-01
5.456887612325138637e-01
2.323108267570005159e-01
6.533118570586327056e-01
5.867681260558526013e-01
6.638054118868783604e-01
6.765515547400694496e-01
4.713356523010169830e-01
4.966914600319956574e-01
9.034981586931091213e-01
7.436370347332409425e-01
6.025286427307331438e-01
8.210697927862272705e-01
6.819346215143933243e-01
6.054831389444362832e-01
7.506863131266875433e-01
7.329969725109963807e-01
7.840524029697948372e-01
4.331011855807777589e-01
6.120049895672936557e-01
1.108969814306143498e+00
6.644351052873139762e-01
5.468051848371620061e-01
8.326308378077298400e-01
3.042379331047476709e-01
5.848421635615643766e-01
5.358777365450065888e-01
9.472100353814951745e-01
2.009501751423445892e-01
3.088476338024810919e-01
5.696142906264295425e-01
3.778286416498665701e-01
3.413540866598629986e-01
5.486661967704840048e-01
3.685800327297854562e-01
4.645021233661138504e-01
9.161718282323069174e-01
6.762699961292608641e-01
7.491497235280105693e-01
5.165209750349895046e-01
3.565526093794603169e-01
8.539843856020884472e-01
6.912521900200264691e-01
7.717054728544527897e-01
6.514679710623478837e-01
6.647612777764916325e-01
1.330654805354633430e+00
5.671807892033193799e-01
1.994417638675700655e-01
8.958869846839181417e-01
8.569205874003744672e-01
9.005340310222768041e-01
5.601270020885307233e-01
6.284208026401780778e-01
5.405408910463163075e-01
6.645655358658097978e-01
5.762968125555296695e-01
2.363286283157472467e-01
7.367055564971157766e-01
1.049955836024939471e+00
8.769160793376854501e-01
5.914581021966186514e-01
7.568821255631582590e-01
7.873193512951210948e-01
8.183902338331376924e-01
7.266122555442130482e-01
6.664188190202912088e-01
6.507896194969395864e-01
7.830096796152294925e-01
3.996428163209836404e-01
9.537478860776370526e-01
9.429010376575828190e-01
7.374812331168891788e-01
5.256435991961927456e-01
6.715191035502082739e-01
3.124294673301875047e-01
5.436440805529052511e-01
5.397150457344389585e-01
7.984765754840393859e-01
3.284411933662943484e-01
7.662182423137863241e-01
4.897869792568112501e-01
3.142736002311276589e-01
5.724879683137025221e-01
6.364844220702359223e-01
6.553670259965954648e-01
1.466708470195571712e+00
8.039756819211745231e-01
8.881504822255078535e-01
6.700239346793269712e-01
4.436291000445208854e-01
3.944202488128714656e-01
6.182734139053213118e-01
1.017989104855713478e+00
3.496689751979837890e-01
3.753847758078482366e-01
4.336096830769234356e-01
3.997135947997929040e-01
5.563681723339032326e-01
4.738867708828835013e-01
5.536989397230061005e-01
1.154838001235913181e+00
6.419456925522557533e-01
5.490666343304674291e-01
6.327470439143503267e-01
7.158949584555475143e-01
7.131928515058626461e-01
4.694782416617778176e-01
2.273064530445267351e-01
5.000478965002947973e-01
