8.671268133933180966e-01
4.486162287145738503e-01
6.760336679393099679e-01
7.982098675209146066e-01
1.046197399177897891e+00
4.315919939601070010e-01
4.872492228876049714e-01
8.806418938994808876e-01
5.919148399090371493e-01
4.106469408108537333e-01
9.957813370462766933e-01
5.252697949015004975e-01
8.139466491850885221e-01
3.534412542737313534e-01
4.915113935063089579e-01
4.844428291236116957e-01
4.375513345483591499e-01
4.176851309604671658e-01
2.903997427139095588e-01
5.965826363879956906e-01
6.043661941932630954e-01
6.984302033400432430e-01
6.394498938703460089e-01
7.675500908305046277e-01
6.281293092874783435e-01
5.587249512787367811e-01
5.675056395540539755e-01
5.685619885724255695e-01
6.296577939440622940e-01
7.212073924173508788e-01
5.396390513415888490e-02
4.715654413571480630e-01
1.767659947328028558e-01
4.377257723655782473e-01
7.306109489870684648e-01
6.131781384613067543e-01
6.210427616026683584e-01
6.967412353144039061e-01
6.300777220590134675e-01
1.188453067532895036e+00
6.857910666713419312e-01
4.936435696446601629e-01
5.656723506617786779e-01
8.340325444471649030e-01
1.061866569279025230e+00
4.945208911439677446e-01
6.038900464900247567e-01
8.881504822255078535e-01
3.899977075991144515e-01
9.273607233427751950e-01
1.146591719327056724e+00
9.825116379867696592e-01
4.823262280204322350e-01
7.929283524120105398e-01
5.246389338982482275e-01
6.958461718933396378e-01
3.546538674396493840e-01
7.133681816302056555e-01
4.404976005147947515e-01
4.156126654268361142e-01
7.632670964298159388e-01
4.942802190957166775e-01
8.338271219284693059e-01
5.828033628020106161e-01
4.125066377697363951e-01
3.211682349532927194e-01
4.619667179235260046e-01
4.530842288064971801e-01
5.199520197547349287e-01
7.639273248364383262e-01
5.742926986171270620e-01
7.942305221403118676e-01
5.320388596654787028e-01
4.521764768259847744e-01
1.141276862778878298e+00
4.913687144850073518e-01
9.773116629974246683e-01
8.049474173745656547e-01
5.125781165776338577e-01
1.002514404350046906e+00
6.812599142654438555e-01
4.729654132707400982e-01
3.680857785542634986e-01
6.631336098638136445e-01
8.717600739786046660e-01
9.725388108655786956e-01
1.862331127142062559e-01
5.358282602513545489e-01
5.493116340456074553e-01
2.712449002982997848e-01
8.654457980758174518e-01
4.647625123839029260e-01
7.325740006758084677e-01
3.876568877388159029e-01
5.127722112371817520e-01
8.452952810544518414e-01
5.706865283549708012e-01
1.441268504428544761e-01
2.246268624449252183e-01
4.056971639318222578e-01
4.582667735392046970e-01
4.092899363014895764e-01
5.803390075637403500e-01
5.743820157148081806e-01
6.508000449750405147e-01
6.791869998240704920e-01
9.332404770732799504e-01
5.436440805529052511e-01
6.460907027494028343e-01
3.376824837494447618e-01
8.856334330508808250e-01
5.158061351888897361e-01
1.020315732556684507e+00
5.192873914443828509e-01
6.469137744430866199e-01
7.015419494280056290e-01
6.000190707984071059e-01
5.039371234568870150e-01
6.318220039111163144e-01
4.246933440049024400e-01
6.055824221494984227e-01
7.349329957754030529e-01
8.939156627090822926e-01
6.356876587459424632e-01
6.243451651730028695e-01
3.907216343266292635e-01
6.106618646465584721e-01
8.768592965136403627e-01
2.154229523892892961e-01
8.856913579723763030e-01
8.058255882785922974e-01
7.633531484521871580e-01
6.112591024431914821e-01
6.820376604572720991e-01
5.035248845140360974e-01
9.563523436869265648e-01
4.816685780213529888e-01
6.005423922343482435e-01
9.184710091898656836e-01
7.284493393727150545e-01
4.205039975931782470e-01
5.730532529407683651e-01
1.106854785916054462e+00
7.753285723892008319e-01
7.411543102453241882e-01
6.513530737129541448e-01
3.760867543739766505e-01
8.546311393179120142e-01
8.220833156095463945e-01
9.080014127417123104e-01
8.367639795566830241e-01
4.396585665466494763e-01
4.432273716953091247e-01
4.421371875915779404e-01
6.824042734575851421e-01
3.580799916041758069e-01
7.446866571495051046e-01
6.409834678280968978e-01
3.583895690269152667e-01
6.066676304802125497e-01
6.781099869381387313e-01
9.157794280443847246e-01
5.961011754409611951e-01
4.383870680322108915e-01
9.376128879125957827e-01
1.153919536655029221e+00
3.635206901540611324e-01
2.967551605037141438e-01
6.064774383440613148e-01
8.877623130499103787e-01
6.832191050852988168e-01
7.540443092931352620e-01
5.424898005965995695e-01
4.084217156017709849e-01
3.014453924735057688e-01
4.684982783144044372e-01
1.167683918469631488e+00
8.829194820367938235e-01
5.198455649213921115e-01
5.430989974529685238e-01
8.492180109427013290e-01
1.795130982275191522e-01
7.544083789689314257e-01
3.643455323941215962e-01
7.481425978799093324e-01
3.088711154932215486e-01
6.083209728291597562e-01
9.873591252272925223e-01
3.607061531749058969e-01
1.016867943417610221e+00
3.633613696186770436e-01
8.666828349933215492e-01
1.074419909747876378e+00
1.230609814839360050e+00
7.968789958312466615e-01
9.659943218993448655e-01
8.775601323629264039e-01
1.016562600592471943e+00
3.545857659725665800e-01
6.812256427848905060e-01
5.463639460355989019e-01
5.405121235694112514e-01
5.809531404798785603e-01
7.144471036452632040e-01
5.734496168637260860e-01
1.013342260101695036e+00
6.150347631065500309e-01
5.423666770019485162e-01
7.212458049120645809e-01
7.486665169171803358e-01
9.440842928929598088e-01
3.394970099737339431e-01
9.125087872299405545e-01
3.664588140456886411e-01
7.949454290755508801e-01
4.156509362528080231e-01
6.738247007377169417e-01
4.794006585652393904e-01
3.766725810135829744e-01
8.819227858517920682e-01
7.045471151640962937e-01
4.606571251230534014e-01
3.877234840088277235e-01
5.557516683877611330e-01
5.773943803561301102e-01
1.098563850932313457e+00
4.497386384089112621e-01
7.014450446763753622e-01
6.001343005551084131e-01
7.201207361200580026e-01
4.908047553215695302e-01
7.011786945955496009e-01
6.997535346471847051e-01
5.022859941577269005e-01
6.326386546364081154e-01
5.542201498953213123e-01
1.277106680188900834e-01
8.325625823850180129e-01
5.697820615643549580e-01
6.718633811973168113e-01
6.045640610068447884e-01
7.985707502649189715e-01
4.120046165682276218e-01
3.139433023251336774e-01
7.748553511887877887e-01
5.752522791730073637e-01
7.773164802532758211e-01
9.048867626122496510e-01
4.005846451917580708e-01
8.918159332530668504e-01
3.448896028344861087e-01
3.837750454152523139e-01
2.692048162608557393e-01
1.029677376374434683e+00
2.904786472237456674e-01
4.827962589277670635e-01
6.878696084843453074e-01
4.642579419173413213e-01
4.368455762342138837e-01
8.916789114898364677e-01
9.731212112840911255e-01
5.790403399061696543e-01
4.804836334414778753e-01
2.727711013433933851e-01
5.404042727965009396e-01
5.735953576770483897e-01
5.581032161596481966e-01
8.806228042893642360e-01
7.456844935293126531e-01
6.726086724528047567e-01
9.352600595685003348e-01
5.885191905934744616e-01
7.211305797013749519e-01
3.383743926525870638e-01
5.322479752574704737e-01
6.371132803380740173e-01
3.950876849742470109e-01
7.319008973350079605e-01
1.234611493921195846e+00
9.681813919799082679e-01
6.344863373442393151e-01
6.665390934630092135e-01
8.076037454520992309e-01
4.388369434990057605e-01
4.763204071741602985e-01
5.129794076252865986e-01
3.555104593205417607e-01
4.149249936928878224e-01
4.853920928069412888e-01
3.537921499950094639e-01
4.364091483148057615e-01
3.502779917698631285e-01
7.081455028496191906e-01
8.622862311352906817e-01
4.479089207982110965e-01
1.014202396831359820e+00
5.081223650420501059e-01
6.843815904224552771e-01
3.033428751192986939e-01
9.037594537936186612e-01
2.830233679172695638e-01
7.752545934788166448e-01
3.477146310789406836e-01
7.225799723858445933e-01
5.767549896712942381e-01
2.057831746539132978e-01
4.920412190237506977e-01
1.096547484546452012e+00
7.373607624553397688e-01
4.427057288451691774e-01
3.116433425706095495e-01
5.491185857029676765e-01
9.264513388250160686e-01
5.979788805433997601e-01
3.790766946054507924e-01
5.331350552162329448e-01
4.028408782448184011e-01
5.166326424635265813e-01
4.738314987400650269e-01
2.581882679412056958e-01
6.208719159964077861e-01
7.351856963240970266e-01
4.729048507942139601e-01
8.511395601817923762e-01
1.572578462971318258e-01
5.994789677494496427e-01
1.147952505226961684e+00
6.513008610417146960e-01
8.107627917751403235e-01
8.385083532679096230e-01
7.678257235532131020e-01
3.837895477409680733e-01
4.451994083076016295e-01
8.706577626977486384e-01
3.111754705558428258e-01
7.930676663245866953e-01
5.825275843857375957e-01
7.924643259885485458e-01
7.308343894701450072e-01
7.675210883709985277e-01
5.059769735642912769e-01
6.992717434500989038e-01
6.734895757207718381e-01
6.021981768351633013e-01
4.617566829297554687e-01
4.139483514110143814e-01
5.706865283549708012e-01
5.800075841277655408e-01
5.956990953777577813e-01
6.689757637867332907e-01
8.530519120483159856e-01
7.270674041606614013e-01
6.290922651637107510e-01
6.595164000044961838e-01
3.439581001395051740e-01
6.132336740905542927e-01
4.199215580033588968e-01
9.452925169275167017e-01
4.249910158748503863e-01
4.832844540504038777e-01
5.834227252912016493e-01
6.356876587459424632e-01
9.553852407571833405e-01
7.955525547337110037e-01
4.484280549206012267e-01
9.117101193356438316e-01
7.774354838288575209e-01
3.421331582236563640e-01
5.134429676448159369e-02
5.986044736315231374e-01
1.036084958109588117e+00
5.065574105024683860e-01
4.163452852418852990e-01
6.063416598130888513e-01
6.096172149981535782e-01
1.525072873619526814e-01
3.159650567570189694e-01
9.883920784262798520e-01
3.913388999853285033e-01
4.682013093246006896e-01
5.978204871970709267e-01
8.754421120025203118e-01
8.340667913744831408e-01
5.671095303619313466e-01
5.038871191530575055e-01
6.822896645641219893e-01
5.326736843085642104e-01
3.286723720902967605e-01
1.005367531366980538e+00
6.004536294467232027e-01
9.304830785038240570e-01
2.832384522587809150e-01
8.779773769202513511e-01
8.134251287963669697e-01
1.084458268798936365e+00
3.017364558589165635e-01
6.485351639896705933e-01
6.809515950229966252e-01
5.737816898883782990e-01
4.803188877555534253e-01
7.435145446929291024e-01
6.294821762318817404e-01
4.543510586545239649e-01
2.046996196102859045e-01
5.231323796628372103e-01
1.420450741520173032e+00
6.619019031458054370e-01
5.544773391496438109e-01
7.500210690940081193e-01
5.955157173689781258e-01
6.522943353801695654e-01
4.797459991435634730e-01
4.273785053807960810e-01
7.741318496794267201e-01
8.530519120483159856e-01
5.486439673645701065e-01
8.995967848596504446e-01
7.284362777026528457e-01
6.029578960976750279e-01
6.684914055631295815e-01
4.040388197308418250e-01
4.764768324025867585e-01
5.197923538496974638e-01
8.600226772969695732e-01
4.211884669992322361e-01
3.458879976115737387e-01
4.589346046935941503e-01
1.793419235547847324e-01
7.199675895416466354e-01
5.765912713779602905e-01
3.945543219715332839e-01
7.696586250777134319e-01
4.755732204146067565e-01
6.804383493145678141e-01
2.934158478023686789e-01
7.564029792112340056e-01
5.170732140399525445e-01
1.022421382379749222e+00
8.169091334702784923e-01
4.945630328509666440e-01
7.424275152593605709e-01
9.571635183063627039e-01
6.307037696000272753e-01
6.195746649709001908e-01
9.172889091283632501e-01
6.832765609438400389e-01
1.028322057598262340e+00
6.378835744732355151e-01
8.253065823069428708e-01
6.538165479597161101e-01
4.912795821539804320e-01
5.447156235918068079e-01
4.907217549764084086e-01
5.992136998315109597e-01
5.100041579727446761e-01
4.993103808593317705e-01
6.343872576825784204e-01
6.928791650886367837e-01
3.982324920105961841e-01
6.477182909355381213e-01
1.868953944594945737e-01
7.464929201498862188e-01
5.312804541557941684e-01
4.584374289911185008e-01
6.898904868300946847e-01
5.509580417369898120e-01
4.512372676605237443e-01
3.411763473455522999e-01
5.971877520319424093e-01
2.692797614256252636e-01
7.210665816023598129e-01
6.409329043209162080e-01
5.417518964031171613e-01
7.321383219340569237e-01
5.375440450873563147e-01
5.222782475506139166e-01
7.278359468159122381e-01
6.382142710195266577e-01
3.620434115272876952e-01
3.636313212269688400e-01
4.950934276701841052e-01
5.065132000184147110e-01
7.868923471725444152e-01
5.243612934169339379e-01
6.863819961727567476e-01
8.179782786162681507e-01
4.339153551170314982e-01
6.326977714569134159e-01
7.605378764317236584e-01
9.598774001719385662e-01
8.904280906425774411e-01
6.326386546364081154e-01
6.223080407389125490e-01
3.555789164768223265e-01
8.923644416798890422e-01
4.821201619628657786e-01
7.324287168261088832e-01
9.172474871862035251e-01
2.196711882957631257e-01
8.465459002579122094e-01
5.214469785834183746e-01
5.405696615855459797e-01
6.468622710296794143e-01
7.711195491425497650e-01
4.058552324992452665e-01
7.342555524775330467e-01
6.754716460348992868e-01
6.307429388814581595e-01
7.004653897180364019e-01
3.535273746876066991e-01
6.753593537724960072e-01
6.326386546364081154e-01
5.444017421904365772e-01
6.850740507163062265e-01
4.042639759528410814e-01
5.626638302444141315e-01
8.322896725630893888e-01
8.753100751417078884e-01
7.569949541139073812e-01
7.287368146712279726e-01
5.355739549849966030e-01
6.964426251024644632e-01
5.736763568096724386e-01
1.043188537284671424e+00
3.517367504846573567e-01
9.655810426515092360e-01
8.460698768634820066e-01
7.301119874820630740e-01
7.585780932792499653e-01
6.541323759355438527e-01
3.784833719113526729e-01
4.715654413571480630e-01
5.549242051070505388e-01
5.655384804894193485e-01
7.224129315813452301e-01
7.195467721262678307e-01
6.984302033400432430e-01
2.861572844920083347e-01
6.381841935290220036e-01
8.770675361617684684e-01
5.731745306302038490e-01
5.496758251245071891e-01
6.881842256314703032e-01
6.540481253115604243e-01
4.363154067542015513e-01
3.982715332635016203e-01
5.911224620949719899e-01
4.215293510503445029e-01
3.445473691986714604e-01
5.820852133120838490e-01
6.117377344558260210e-01
4.633154797107415512e-01
6.802218777937637517e-01
6.037733701044356582e-01
8.252562863362982171e-01
7.310316563643013410e-01
3.520934227253789683e-01
3.652627759818465325e-01
5.885959317223551368e-01
5.883657683531067217e-01
7.745303465611133031e-01
3.549699527067520788e-01
8.179782786162681507e-01
9.299931599816164685e-01
5.773943803561301102e-01
7.124049313016563856e-01
7.741466015106989174e-01
7.911525289192964383e-01
4.070263323695954560e-01
8.771054085428019453e-01
5.522087212847562876e-01
7.492464397092815087e-01
6.114891204689769655e-01
3.386367071293279185e-01
5.107543621050926186e-01
4.698746366194028745e-01
7.924952441862773700e-01
3.098251339018391337e-01
7.013844928001407020e-01
5.961011754409611951e-01
7.690466863696535649e-01
7.432424890224291758e-01
8.219835138999442847e-01
6.609972536198658322e-01
9.883920784262798520e-01
6.890012416043714838e-01
5.193073055705295094e-01
5.329601995077329901e-01
4.302572676072543012e-01
7.747371361343506901e-01
5.421423013248585221e-01
1.020162001091782233e+00
8.321191947620275586e-01
6.105058564759171524e-01
6.434199339152814057e-01
9.684352715792260424e-01
8.694093609150373991e-01
7.738221910412950155e-01
8.426652397319425170e-01
8.537331345482178646e-01
3.137662962539251033e-01
7.600825326948986715e-01
1.108273985363295466e+00
7.007916371826281576e-01
7.117683651180347626e-01
6.294724225646434190e-01
6.106710440808260643e-01
8.109731945437967937e-01
8.615730235722122154e-01
4.788920466277298837e-01
7.226185312345817513e-01
6.871249971665334133e-01
8.718723298095708563e-01
8.526580167378939867e-01
9.315712629841764736e-01
7.317954247122699929e-01
9.749427921830845500e-01
6.365841579434469155e-01
6.128358908957151074e-01
7.444410255900928419e-01
5.352070510174159468e-01
6.928555310481453455e-01
4.304669846300564484e-01
3.557688674695194120e-01
6.593665391072672799e-01
8.464206718353564640e-02
4.310607699957232919e-01
6.064231196351294040e-01
9.651681168771698571e-01
4.492711139462637338e-01
8.960450661140092476e-01
6.242780054933070311e-01
8.968363108189534305e-01
6.214702872535445843e-01
6.722636307707586800e-01
4.484379548688289807e-01
7.824968932618785455e-01
2.382467991712035882e-01
4.782268326581473050e-01
5.177651755942616063e-01
1.135058847405128413e+00
6.863819961727567476e-01
2.684399136197820335e-01
9.312722923108670559e-01
7.798980842287761561e-01
4.755064225139223333e-01
6.249598672001253075e-01
1.012155647095621225e+00
7.309658889014691852e-01
4.598488998401357164e-01
4.822632447052037086e-01
6.567443371508446814e-01
1.862612901350114980e-01
9.337552855282357234e-01
5.393639299983663538e-01
5.964337381627141665e-01
1.092419361285279056e+00
8.000648168949909822e-01
3.296297686498081414e-01
6.273339387794087951e-01
7.569949541139073812e-01
4.580807488016795381e-01
4.175091334026386769e-01
9.352385286494994121e-01
8.960253028844251677e-01
6.629171895087783151e-01
7.460816368382023889e-01
5.153611814009864123e-01
7.147362059057504879e-01
5.812856457113804165e-01
5.072911666476480619e-01
7.423325513919699636e-01
4.968250951763744094e-01
7.862222756957859549e-01
3.349594849028879051e-01
3.259718295993400683e-01
6.493956201841003528e-01
6.644677081319118050e-01
1.783303024379275237e-01
6.537639396117952417e-01
6.675576969810199657e-01
5.282133819721356316e-01
8.397910327127018348e-01
7.587764513910525421e-01
3.244333179533051004e-01
7.820449921550225447e-01
4.773277938581930169e-01
5.447521449209112854e-01
5.606217046737269616e-01
1.186914866421743819e-01
5.352634650576036934e-01
5.929688839380092835e-01
7.158571137881402091e-01
7.715589084663163622e-01
7.069870733263191598e-01
6.041415026987827508e-01
5.207918776437319153e-01
6.330823002567703695e-01
1.066242125074852609e+00
3.645057173265347505e-01
8.145504913878363062e-01
7.986806489231682571e-01
6.194518497068852714e-01
5.567341538642860410e-01
7.394006735612717041e-01
5.523063178230841475e-01
7.151765933292894006e-01
6.334574191897485163e-01
3.690018639297050762e-01
5.018144573283875864e-01
4.364747913776734212e-01
1.018780499736105627e+00
3.419143146333570860e-01
3.735141334216924291e-01
2.892995635212886052e-01
5.096330783485579774e-01
9.140897600854342997e-01
5.132451228314397484e-01
7.547728003767270044e-01
9.056331358392473163e-01
5.946527395447246400e-01
7.883735922273811259e-01
5.745038565394899877e-01
6.517397078189234305e-01
7.826627212167563963e-01
9.434484720733151697e-01
5.367202336800537266e-01
4.868778278836062567e-02
3.920035047134816653e-01
3.410073801117831649e-01
5.979788805433997601e-01
4.461724202376329829e-01
7.176655043983420912e-01
6.334277883757223337e-01
6.926192792900219830e-01
2.021692065364997792e-01
6.903477017940923277e-01
7.295481944415362907e-01
3.334473517641111662e-01
7.466575604675137479e-01
4.194533020224358033e-01
7.797034951437913364e-01
4.365826764333593513e-01
5.783973006745298795e-01
4.383255778627667687e-01
7.362382646926719509e-01
6.056727078670863795e-01
5.965125573751460797e-01
3.466317221774670165e-01
6.161261102808321954e-01
9.107290606289809576e-01
3.908344032120849021e-01
5.141805516773653162e-01
5.741871778533038650e-01
6.818545016360684219e-01
4.903426820455877855e-01
3.574215536329695131e-01
7.590174543182734990e-01
9.020937782004031513e-01
3.996113672645061343e-01
4.297020499616779343e-01
3.527997499563782502e-01
4.314865610293778242e-01
2.937170852159735612e-01
4.500375673809344224e-01
5.525166429675758550e-01
5.971877520319424093e-01
5.966352064543538614e-01
5.271304718881630880e-01
7.525636546900255075e-01
5.251883082424334548e-01
6.186877116104495533e-01
8.080213856729111521e-01
6.558960768425998733e-01
4.682067054004050988e-01
1.011525601500845362e+00
2.300507455503222054e-01
4.127497201674061866e-01
4.376361788197198899e-01
1.999049862340848138e-01
6.354688984260187246e-01
4.998633134102390962e-01
4.032887724847316058e-01
7.156175237801783995e-01
6.032354474345081874e-01
6.288196146966481548e-01
8.805082840061760896e-01
3.677525727584182724e-01
3.707056539719398858e-01
5.216277552609359658e-01
4.792083893539009209e-01
5.343200958487583918e-01
6.537955036045665080e-01
1.023400121107339578e+00
6.781892291989741750e-01
6.379236406494190881e-01
7.136689482024621833e-01
6.202462854969152950e-01
8.768592965136403627e-01
4.216912454844085612e-01
4.768235684394998564e-01
7.313606712779620045e-01
5.245779632436367024e-01
1.161839821754760527e+00
4.619667179235260046e-01
3.588359217358161324e-01
9.055322026497771848e-01
5.085358036136112814e-01
7.072578552833731491e-01
5.634442130827166384e-01
1.028816856369867416e+00
3.285793300399306727e-01
9.687354828185079647e-01
3.609304808937502385e-01
4.022664739823443303e-01
2.795143229197332713e-01
7.720721275509702108e-01
7.318217900179592172e-01
5.912084873386734829e-01
5.408143348794822725e-01
5.674977119475449472e-01
6.882775008043670040e-01
3.574184090327194308e-01
4.107798134167563453e-01
8.208043643164212311e-01
5.483773549239620015e-01
8.276605657134086247e-01
7.719107565691338824e-01
5.507713016198068079e-01
5.228092298755157019e-01
3.091861149945350773e-01
6.013068368952051435e-01
5.706143859467232016e-01
4.762757331146106887e-01
2.729030323889034548e-01
8.075555839756082266e-01
8.234997812267280670e-01
6.491569519099559260e-01
6.714192180523741449e-01
9.741012158608548521e-01
2.120750849998013776e-01
5.594559141703084881e-01
6.047080455408069266e-01
2.012877057226654387e-01
5.422074235232159367e-01
7.855077769340839122e-01
6.015116113517864349e-01
4.131484918893211788e-01
6.551450790607323826e-01
6.912639522108076084e-01
1.181643141578736289e+00
8.077161445736630307e-01
6.360359971110494115e-01
5.535555901766878728e-01
7.770146721319609595e-02
6.846930242441296999e-01
1.506109396942059697e-01
9.633371560427059777e-01
1.039478307340385710e+00
5.477119560949812449e-01
5.753989378280943701e-01
6.360359971110494115e-01
2.771195263714602564e-01
3.869442628035027476e-01
8.350096852642635570e-01
5.159895748549122585e-01
1.897552499053064001e-01
6.766755148157264088e-01
7.843551609737990926e-01
8.054261822692153627e-01
3.754506918244129299e-01
8.386987738444393603e-01
5.765094470812855976e-01
7.008158157513965092e-01
8.378857627612035230e-01
4.826585941080083209e-01
4.386426735137607946e-01
2.418608973582881960e-01
6.372731882957418659e-01
1.516510549621364334e-01
7.190628034670328850e-01
5.740654712998566334e-01
8.772948195192293852e-01
6.146904404218028750e-01
6.141793213013372332e-01
9.361221099955516767e-01
7.820299377738691993e-01
7.156175237801783995e-01
6.410239243783345531e-01
2.954064891979243379e-01
4.392592442826074306e-01
1.010720286795963263e+00
4.991999411093260286e-01
5.526820108492884742e-01
6.595164000044961838e-01
4.066637090580086933e-01
5.544924753630922076e-01
6.350219027648255077e-01
5.862008485682512759e-01
8.648930448037501773e-01
5.523063178230841475e-01
5.069999401891592816e-01
4.576060376840505040e-01
5.452493216406103516e-01
7.292862616906372608e-01
4.011344478644972011e-01
4.945208911439677446e-01
5.690159143844379930e-01
6.009777095102954991e-01
9.553627732633387382e-01
6.356876587459424632e-01
1.129749583068504065e-01
5.190419094082836526e-01
8.906818795351330031e-01
6.789940199474678861e-01
1.631266235709143975e-01
8.264818978613531764e-01
3.090614488647577818e-01
8.030062898040551955e-01
6.960607773195284231e-01
6.056907682412474569e-01
3.596045994766528531e-01
7.884041920407731663e-01
3.430142374085105583e-01
4.986056335834279096e-01
7.309395852296182161e-01
5.706865283549708012e-01
1.111853172244702703e+00
4.838312535875299303e-01
8.208872922766060620e-01
2.595143233603566801e-01
3.927500914322433201e-01
8.158427795456762999e-01
4.323360705731536524e-01
4.330919512108158953e-01
6.871249971665334133e-01
2.797973139900887807e-01
5.163765358824113916e-01
6.322743448838472613e-01
8.989597753419253934e-01
4.731582153003989766e-01
3.690052156583701892e-01
6.693394933185644602e-01
6.069395405545306987e-01
6.771605221855374612e-01
1.127248014858263314e+00
7.491911702623688107e-01
5.035248845140360974e-01
7.640566335805331066e-01
1.056591620262606446e+00
5.222782475506139166e-01
2.885065172996211236e-01
4.349653226779690574e-01
6.273533140940908970e-01
5.850527262806669571e-01
7.930676663245866953e-01
7.416549439074952010e-01
2.851209702734849305e-01
6.420471474456642680e-01
5.656959813891017097e-01
7.876704515177010979e-01
8.693721502167166548e-01
5.285570024392005628e-01
3.286723720902967605e-01
7.939045789114332896e-01
7.089487672107385174e-01
6.111855332181461709e-01
9.049472335266183221e-01
4.930983190002907190e-01
3.736343680846596071e-01
6.230715971760701910e-01
3.062262364598791753e-01
6.554198926718124429e-01
4.073691773123785387e-01
6.710643101436610802e-01
6.785290487619747291e-01
4.085243929434646537e-01
7.626223241501209893e-01
9.651681168771698571e-01
9.464597350482715221e-01
9.370073624752502939e-01
4.105348963931136352e-01
5.532540441443700718e-01
5.568028290110736966e-01
3.994581239673250517e-01
7.317954247122699929e-01
6.886391810465131158e-01
3.677525727584182724e-01
6.801421598439134630e-01
7.945567331157845636e-01
4.996911587635541330e-01
1.099336775652891340e+00
5.334430800918765758e-01
4.364372786381718883e-01
8.177477647995522458e-01
4.950330982450125705e-01
5.131543598655620153e-01
5.940701217752244467e-01
6.482557478693584674e-01
9.036187376546320760e-01
6.364644786457089864e-01
8.181924435566935161e-01
6.501647014832109273e-01
9.111580138939791018e-01
6.152583138844590627e-01
7.149122957761012698e-01
9.670060509741960075e-01
6.747200001241812073e-01
3.869442628035027476e-01
1.060979138351448414e+00
4.948341154166600586e-01
9.465920546048641748e-01
4.964486711329074708e-01
8.875877475961755358e-01
6.039169782139909293e-01
3.156017713170782835e-01
6.254987252490755711e-01
4.442646370687417523e-01
4.125988077256675379e-01
2.948190891424783966e-01
1.002514404350046906e+00
7.360781867963427372e-01
6.611048203006826274e-01
8.044532912371672451e-01
8.676268331263897737e-01
8.522644850206002598e-01
8.978670204543374167e-01
6.247580347170618165e-01
6.860806108029817718e-01
3.753847758078482366e-01
4.320877601305780913e-01
5.035436080155303307e-01
4.362310737753493095e-01
9.184710091898656836e-01
3.717946974610536470e-01
6.228900829113300786e-01
5.581262187101850847e-01
5.549393657279041436e-01
4.465402377246661114e-01
7.213098348302933172e-01
5.358777365450065888e-01
7.026096715232956758e-01
4.783676134835493921e-01
1.186024325094939380e+00
7.490116008605949283e-01
6.904180963524915171e-01
8.522644850206002598e-01
4.836296572318684595e-01
4.486162287145738503e-01
5.995939901330836763e-01
7.568539236805453818e-01
5.211392771054333961e-01
7.199037976905771075e-01
4.529831875324972779e-01
7.459035547788805953e-01
9.766068370468999893e-01
9.246379098569953436e-01
4.707948917311038373e-01
2.060880014989394937e-01
6.071390962379984435e-01
6.500606651434850392e-01
6.886742025339371853e-01
3.656935026327928218e-01
2.358361026563311758e-01
4.385195670111176613e-01
6.233775446527790587e-01
1.040889882074276906e+00
7.245517346033807371e-01
5.910880590067795204e-01
1.053604730729730488e+00
3.211403077222254043e-01
7.014571563062583781e-01
4.682714680131053187e-01
5.980933279470724839e-01
8.320339820480265880e-01
6.479145660751336466e-01
5.298668476258895366e-01
4.653961027766546077e-01
9.443256905503707443e-01
4.079172938064378751e-01
5.012510174031975518e-01
4.171832860008518606e-01
6.354688984260187246e-01
6.972554443134173496e-01
8.305201105484402158e-01
7.389030776187150984e-01
5.872770684131110031e-01
8.379548938239093081e-01
6.108363211011916816e-01
2.256850634001841827e-01
6.217746637812717747e-01
1.003281912661191155e+00
8.039597713775099574e-01
6.948107750684456851e-01
1.016054103180775492e+00
6.700681402565968892e-01
8.941517631614419592e-01
6.050565918575466495e-02
7.705345144903923416e-01
5.330301280256767305e-01
6.551767765615739147e-01
9.451165830885202013e-01
8.139629574729905226e-01
6.485455173607431734e-01
6.538481170327198333e-01
6.444610499782182922e-01
7.601394208419458565e-01
2.585728092537613598e-01
1.098415336149167310e+00
3.501481719628772860e-01
8.638263881323641202e-01
4.095787876181046783e-01
5.573681343377687725e-01
7.774503618378870717e-01
6.854323711801607599e-01
7.150255422324162113e-01
6.450955332668035780e-01
4.939496772749340514e-01
5.046382272396923163e-01
6.467695855485727785e-01
5.463419027875541234e-01
7.056730394392285444e-01
6.260578087143927606e-01
2.861613158699465309e-01
5.947310887081593833e-01
6.291214917378039617e-01
7.340963355163887538e-01
8.821909056998251675e-01
7.089487672107385174e-01
4.469824200103090228e-01
6.667578855303213370e-01
8.541100665939986847e-01
3.330127484382332526e-01
8.602940404487929849e-02
8.954920250292499606e-01
8.862130234392128214e-01
3.761703323037608460e-01
9.159652599088418112e-01
3.057100484432409004e-01
2.650647980444001961e-01
4.979028729223079486e-01
8.936207124233288557e-01
4.180203655691981934e-01
5.136799333317774163e-01
3.972123315324072590e-01
9.378076873306621097e-01
5.529603529084357039e-01
9.958789794199237599e-01
9.417425751652128696e-01
4.902302574844266125e-01
1.306812854488273112e+00
4.764153673829270019e-01
3.392135335705562249e-01
9.090579607392635930e-01
6.350814658497522247e-01
4.581944126352250346e-01
4.336096830769234356e-01
5.073291773749556421e-01
5.129794076252865986e-01
6.366440144720652006e-01
7.322438934296494617e-01
5.897922649169127229e-01
6.075295160310001386e-01
8.546670988045557138e-01
4.373111209993535975e-01
8.925997233203029069e-01
1.042679821556310005e+00
1.085211465406089371e+00
5.367202336800537266e-01
5.508908007088977321e-01
4.894683149892401497e-01
3.623889744920025247e-01
7.229271502353760148e-01
4.524887360073617804e-01
7.852800187013502242e-01
7.477019713153508773e-01
5.636396471429734323e-01
7.075534904465122787e-01
7.491497235280105693e-01
4.084093977890737026e-01
7.067287929905703425e-01
5.984016734298185369e-01
3.031617803011622536e-01
4.631464539414803516e-01
3.697878318539682962e-01
4.865897448463504804e-01
4.513174751424995357e-01
7.302432270541586723e-01
4.205083502311063315e-01
3.207067899826873680e-01
5.590094148786612926e-01
3.571952837564906780e-01
5.386987814763628535e-01
7.873651292246870437e-01
8.986217308325284980e-01
7.731594703006423597e-01
4.156594418379814249e-01
4.900292053059231989e-01
7.954123665167591728e-01
9.142337565819819156e-01
3.515632487341694978e-01
7.594147342270670675e-01
5.588863680539964962e-01
5.313499425483539929e-01
3.093791929653795236e-01
5.679261198830866109e-01
5.421133631465605562e-01
7.661315431576387613e-01
2.431186973439514731e-01
8.251724733400420675e-01
1.029416460761122920e+00
7.500210690940081193e-01
4.155276443736327652e-01
4.695976327300537823e-01
7.122300742908702631e-01
4.111373349877741612e-01
7.616786262088823811e-01
5.303025990768069908e-01
5.989310060221579857e-01
3.478664806305451496e-01
8.987608948358875027e-01
8.557653186610413298e-01
4.693860264991732700e-01
5.815269501063135005e-01
3.076128513041074264e-01
9.759264709798196602e-01
5.008802101850265975e-01
4.131484918893211788e-01
9.242592530253663785e-01
3.763410859725324076e-01
7.157309937892345486e-01
6.952745371808480845e-01
8.899794336424508012e-01
7.460131336763066168e-01
8.120268485773641798e-01
3.993403244615841285e-01
7.883582932114058250e-01
3.313369426997769818e-01
6.203694160109483047e-01
7.426446667911623667e-01
6.669220738660562864e-01
6.666375321213808824e-01
5.085358036136112814e-01
5.698140291391675660e-01
6.369234938381221900e-01
6.316942856972672660e-01
8.877623130499103787e-01
2.680360980930752701e-01
3.805824328063118767e-01
6.108087687186430914e-01
3.850700588386440915e-01
3.778286416498665701e-01
4.867005056604403190e-01
5.807289144089335942e-01
5.671807892033193799e-01
2.881831552148128583e-01
5.841609802064441359e-01
8.028158648198121528e-01
3.957458180633677269e-01
8.238170707009704330e-01
7.931295993338073336e-01
6.479662371997727544e-01
3.477057028807394312e-01
9.178899479761620794e-01
8.043099488700420352e-01
3.313450500585367609e-01
3.855853909725505124e-01
7.247714837557438505e-01
4.876293791633392050e-01
4.410044747280902899e-01
1.063311815093884505e+00
6.962635818032967272e-01
9.222868508780638352e-01
7.261187389625536337e-01
5.489924351339470210e-01
8.716291453715446780e-01
6.307135614642987997e-01
5.420482635392603887e-01
6.303123441860136733e-01
4.773277938581930169e-01
4.074754130681045305e-01
2.706323401181588983e-01
8.631289695004346063e-01
8.028158648198121528e-01
4.125988077256675379e-01
1.660890820716401095e-01
6.829434514159359315e-01
3.347083494609797150e-01
6.634151676706014911e-01
5.375440450873563147e-01
9.486034466790490560e-01
6.787444440124463796e-01
6.330823002567703695e-01
5.600189022563060171e-01
4.888792896035638047e-01
1.010695141372731642e+00
2.957656525607145759e-01
5.742439919072295229e-01
8.806228042893642360e-01
7.951943941332006993e-01
4.310150360459710783e-01
5.396390513415888490e-02
7.745451135839265255e-01
3.790660832452525386e-01
9.664079550747425307e-01
7.828286194715667889e-01
5.228765198207986353e-01
9.976643223840117036e-01
5.859471990924386420e-01
6.004358800377918026e-01
8.609157244951460841e-01
7.968008474546818265e-01
3.212850742020400552e-01
7.159958971338401534e-01
5.087204779477936256e-01
5.109792112029200029e-01
4.836929979816040892e-01
8.126766130043999725e-01
3.967817006961591453e-01
1.366553121887680022e-01
3.700438243047889930e-01
6.694166989219594299e-01
1.623858947036152800e-01
3.654599293590103937e-01
3.198860707056564445e-01
5.011397176028736800e-01
3.133451951613738240e-01
1.166175542756830774e+00
6.631877370337586619e-01
5.410304070887086425e-01
6.246811804388072709e-01
5.759536571556951312e-01
6.438380171713359301e-01
6.245659344680906111e-01
5.401097001632225725e-01
7.070732087281690337e-01
6.509668980639503610e-01
9.588578929257211003e-01
3.965802847329795155e-01
8.202408982288190709e-01
7.138696001876176922e-01
2.655690298776708924e-01
2.221323185343708762e-01
4.204691797333514613e-01
6.374531807230024993e-01
4.918982322792288531e-01
5.094605185221774413e-01
1.021752796968736332e+00
7.023060110204331075e-01
3.890378764218661578e-01
9.195937073019208041e-01
8.921488757790968505e-01
6.027163658513263744e-01
5.239014638004326763e-01
6.607929733319825027e-01
6.571161413628738845e-01
5.051590550544261538e-01
6.257685028878150479e-01
7.261966180593641962e-01
6.505082577937415511e-01
7.601963175051824617e-01
8.472521055178826588e-01
7.408569564598695978e-01
6.444303808292664026e-01
4.541885092232874621e-01
6.923713882825215382e-01
5.932719669296826481e-01
3.569379361901063308e-01
4.348768554703849598e-01
5.799082309001192259e-01
1.047627294019210842e+00
9.278902564404766240e-01
4.504117878760125482e-01
1.076355647602918575e+00
8.112161027072615216e-01
5.630849682935804568e-01
4.425706884781732131e-01
5.965913974223797656e-01
5.314333526173009581e-01
7.577574275810816662e-01
7.158949584555475143e-01
1.659581323071896430e-01
6.240382673959592452e-01
8.726776767373464194e-01
3.798600354145226232e-01
5.361535575283017385e-01
5.023170473876593656e-01
7.399798034148807879e-01
3.291277076242542510e-01
2.706629925744996612e-01
7.914762158563931616e-01
4.190552402157631806e-01
9.295250247678058519e-01
5.382562597877038613e-01
3.848037964960449031e-01
6.801193867186258180e-01
6.726866341150641304e-01
5.273973595331232778e-01
6.348333600155791068e-01
7.252372751977462784e-01
1.399695122586986362e-01
4.549412769463358486e-01
5.481257921026088109e-01
4.703533733252706073e-01
3.658054603756388801e-01
2.834242005321548907e-01
7.564170630919051508e-01
9.326834081198649429e-01
8.180606364775865336e-01
5.786939104496653385e-01
4.765383132841871650e-01
8.524075454264032903e-01
4.713356523010169830e-01
3.910563720217254957e-01
7.208234923876746247e-01
4.302572676072543012e-01
5.462978216270905074e-01
7.980530636966299829e-01
5.040934508931250724e-01
1.005815578298513424e+00
6.570948840675608915e-01
5.443944469269531572e-01
6.344863373442393151e-01
7.385806706326257798e-01
5.983487916264372819e-01
8.170570022219374451e-01
4.313536972550111592e-01
8.568663645035319298e-01
7.719107565691338824e-01
7.335263746542612928e-01
4.764656557648329627e-01
7.792996586893717881e-01
5.817767862560964121e-01
2.276452658482264746e-01
9.470996224991129475e-01
7.532613514699426638e-01
4.891088407936159954e-01
4.515482305650559414e-01
8.824016856898924122e-01
3.426757136739739251e-01
6.201610699234730850e-01
7.317954247122699929e-01
4.200083868272295184e-01
5.885532952912271298e-01
8.109731945437967937e-01
7.321383219340569237e-01
7.893693035553668302e-01
6.927610110070759886e-01
6.650442197471917449e-01
8.328868953476495918e-01
7.090106322642492076e-01
3.725072090766101685e-01
9.236918489228748141e-01
9.272760541297152548e-01
3.223455808383542398e-01
3.016244419095899798e-01
7.939821601742749202e-01
4.876293791633392050e-01
9.051690293771740281e-01
7.911679365793594654e-01
8.402600150466813522e-01
1.138079650590456904e+00
5.071898325485898473e-01
8.099222713267200113e-01
3.590864921904728391e-01
8.175667379246719380e-01
5.994258953783504484e-01
3.218475979803916420e-01
3.868521454994282016e-01
7.142586846612329898e-01
4.279187158451688289e-01
1.497896163070241982e-01
3.428318723309840554e-01
5.225402431986231333e-01
3.739404566225786875e-01
9.004741484534402041e-01
6.600307263603079067e-01
7.380975873451481872e-01
6.610510325844430879e-01
6.572330810761171094e-01
4.797459991435634730e-01
3.093791929653795236e-01
5.334500847938671297e-01
1.039744349085712338e+00
7.379795964213016479e-02
5.340953053058248301e-01
2.376530706758839540e-01
3.824671073403467791e-01
6.702007919934828140e-01
6.009777095102954991e-01
6.553141678492241384e-01
8.459817831256524201e-01
8.161214031796566459e-01
3.476342937975624992e-01
3.392135335705562249e-01
5.159633612004286274e-01
8.464206718353564640e-02
9.873831228727627529e-01
6.544485091820693157e-01
4.233126447860970920e-01
5.159109418809935121e-01
6.341495926989003662e-01
6.747200001241812073e-01
8.787750374759771832e-01
3.720705146033094768e-01
6.491984468331328806e-01
9.411099035716392613e-01
5.003804898196402284e-01
6.189233554873236898e-01
1.066494046190196165e+00
3.071407385571487958e-01
9.124063157209870711e-01
4.103731623564518816e-01
4.467710459416798785e-01
5.766076390245823413e-01
3.367112953575320256e-01
7.277707530763862787e-01
3.863848661081495384e-01
1.012433115871927303e+00
7.459857359336912186e-01
7.005982686765246381e-01
9.128778753196924445e-01
6.115351448491962438e-01
6.292384251955787100e-01
4.467661326442791681e-01
8.259945755134283640e-01
7.696732069166941637e-01
8.322214730610867361e-01
2.601658098461540058e-01
4.255876132194618133e-01
9.087326072581803915e-01
7.257684896378195916e-01
8.459817831256524201e-01
5.101899005045643642e-01
4.428891297816014427e-01
7.045471151640962937e-01
1.249558345917953506e-01
8.409905851752774719e-01
5.441975486929438999e-01
4.979455930315248580e-01
4.349606656118047976e-01
6.424228095494243229e-01
7.055137231682984122e-01
6.372831852083541415e-01
8.248541391540670231e-01
2.777333561728887457e-01
9.585863899829389911e-01
8.451897642299536217e-01
6.108730614780830681e-01
7.937959906107497909e-01
5.036434902119579782e-01
3.935910247197813572e-01
9.664079550747425307e-01
8.455591884166292482e-01
8.868901717564720011e-01
7.504367083675431704e-01
2.585300258847442745e-01
4.833937150614218137e-01
4.190638856994590156e-01
6.929028007415479751e-01
8.744057513447471841e-01
6.729763643023713993e-01
5.456521142142179981e-01
3.650425445980023942e-02
9.852996824592406000e-01
4.506216233234274227e-01
1.050281572065071112e+00
4.107299761141752215e-01
1.461011695586454273e+00
3.875089779033628612e-01
4.911548512020716961e-01
5.910880590067795204e-01
8.145668238821998086e-01
5.869970409125672139e-01
7.431337224921242823e-01
3.551313111481104734e-01
5.770909029984225835e-01
7.504367083675431704e-01
4.914519338455772268e-01
9.305470189769556866e-01
2.615173596974241232e-01
9.400645888575019926e-01
4.927036154836931803e-01
3.540326382580846754e-01
4.968190192916344117e-01
1.098266861516002946e+00
1.673066185953905605e-01
8.052346079855097205e-01
6.603955264886688381e-01
1.205271797527946109e+00
4.391405384010048096e-01
5.486439673645701065e-01
8.131808961022649607e-01
8.386987738444393603e-01
5.806625102908244962e-01
6.153328669283554264e-01
7.813080084521299984e-01
3.629588142939322304e-01
4.166142752428105833e-01
6.043482127233595902e-01
7.766923087176551554e-01
6.657744507035013859e-01
1.908893999477347114e-01
3.288080420185586217e-01
3.306304270940820800e-01
7.155040897438612602e-01
9.161098479530263017e-01
5.600729469563239249e-01
4.186665623129722791e-01
5.415352476402590653e-01
5.696142906264295425e-01
4.854384935232109455e-01
4.695487835906211327e-01
4.692830053539062130e-01
5.207117743017887213e-01
4.666577589739470122e-01
4.039303518551211059e-01
3.810929654269373801e-01
7.090848845820874047e-01
8.120268485773641798e-01
6.889545027215165929e-01
3.055927666090730854e-01
7.748553511887877887e-01
7.403573991740222127e-01
6.456696897197499174e-01
2.526737853431829106e-01
5.265497285585388765e-01
4.109626537128560075e-01
6.445735285037437201e-01
7.735422370897016009e-01
6.429616866212481963e-01
6.316058956386342293e-01
7.192155653266699700e-01
3.594486923330114103e-01
3.736068790519966321e-01
3.746404936274237985e-01
5.910794588604241229e-01
4.814516616197790366e-01
6.020286189608321514e-01
2.629493854733551683e-01
1.212104404089896059e+00
6.061245405746740200e-01
7.706806899147640166e-01
6.133540358045256324e-01
6.740706711269156548e-01
4.390788366944106125e-01
3.288080420185586217e-01
6.136319740117961441e-01
8.384910465939516833e-01
5.359908595334321735e-01
1.466708470195571712e+00
8.460522566482069351e-01
1.780512754311677215e-01
7.225414176518799581e-01
4.700322944287509963e-01
5.122484926611390321e-01
4.334755087813245145e-01
8.427701271155287888e-01
5.640622477503673959e-01
4.672535333947938074e-01
7.287760334291933928e-01
7.491220949193611034e-01
5.136799333317774163e-01
4.012850164216338889e-01
4.755732204146067565e-01
5.364792500162027800e-01
2.560273971001988391e-01
8.376266228345762288e-01
2.927308253228295132e-01
3.588454306817150385e-01
7.584789531091084003e-01
5.778214289825615024e-01
5.819017848494133505e-01
4.399347130532573757e-01
4.848475480967305296e-01
7.303613830156041598e-01
8.427351617532454764e-01
7.213866857405123456e-01
6.135485661044953742e-01
2.923242898387944932e-01
3.436264312447299130e-01
3.884129876804818249e-01
9.744283228389089002e-01
1.229980144887566768e-01
4.738867708828835013e-01
5.553338328386274725e-01
7.359981739492535979e-01
5.968894257721301111e-01
6.480902815308046128e-01
4.985444452179728647e-01
7.557416278946508248e-01
2.954365651996753162e-01
5.884424694729997185e-01
5.572458089170122530e-01
6.317630506263521850e-01
5.110113486644731751e-01
5.169021567757555724e-01
6.144580081294251928e-01
4.510619131458052378e-01
6.756513913462662835e-01
7.407218745095623946e-01
4.450092146727674947e-01
5.046256904226689155e-01
7.241255428946731243e-01
4.781367764076613902e-01
4.391215514135909936e-01
7.177415806695455203e-01
5.815269501063135005e-01
3.651314585297359971e-01
7.056117554360814559e-01
5.533369365479440249e-01
3.549885635046920451e-01
5.015232918222405356e-01
8.257595220740482356e-01
5.296803161463545795e-01
3.245655101382708962e-01
4.584891678608327692e-01
1.032110241291556374e+00
4.027769745541130431e-01
4.436339445849426522e-01
5.861331872381612129e-01
3.737374879941577355e-01
9.364889628279610134e-01
5.784878991751908339e-01
7.007191114853896785e-01
2.196711882957631257e-01
7.081331591534967274e-01
3.675097132057512650e-01
5.556908532353530550e-01
5.881357849187386355e-01
4.674901174623354305e-01
4.501871809339201280e-01
6.342485981308461085e-01
6.487630145399472248e-01
6.204357373083623228e-01
7.484182533018358674e-01
3.685800327297854562e-01
8.147955475937533887e-01
8.808710337925139688e-01
3.625959818230879983e-01
4.872726000033218985e-01
4.528367577077420658e-01
4.362217054566993601e-01
7.003446343971754251e-01
5.769351872112042923e-01
5.743820157148081806e-01
6.268306003313832697e-01
8.610434540912009771e-01
2.977120353479627557e-01
2.887731193798518947e-01
1.485636958997295642e-01
5.235098930101023118e-01
