9.085606516125543930e-01
9.666508386021346322e-01
9.155052283473994468e-01
9.952821870539061422e-01
9.927592085010085166e-01
9.955520406465026007e-01
9.363588984019979300e-01
9.097183007543513389e-01
9.173522102591374905e-01
9.155811616610710635e-01
9.789361347305791661e-01
9.522923565704433102e-01
9.735363711507603046e-01
9.817000526401765681e-01
9.821013577759953872e-01
9.935738690329352085e-01
9.910684026370560895e-01
9.630599962356692911e-01
9.812303511721431892e-01
9.005630083455052892e-01
9.622972568477513589e-01
9.171250959341589182e-01
9.875666063976582532e-01
9.520520575082269676e-01
9.905024229375273270e-01
9.506840512214743688e-01
8.991525449600421549e-01
9.813732888475712457e-01
9.781591964640843351e-01
9.689515525765598492e-01
9.645842382129986570e-01
9.411838966181816923e-01
9.056216959199626659e-01
9.617788595263493390e-01
9.937230255928902745e-01
9.624720993960251825e-01
9.231923479009729316e-01
9.081563931669219825e-01
9.317361684595375504e-01
9.988992412348854932e-01
9.987202180208687441e-01
9.735580966207004749e-01
9.775349211296313623e-01
9.739593425124051240e-01
9.661388781973605511e-01
9.782569853393893178e-01
9.837639572850519487e-01
9.211274960454524097e-01
9.592846432434675163e-01
8.898753696863787033e-01
9.385286489944394406e-01
9.606959232844501928e-01
8.562213619751259941e-01
9.820961874547675663e-01
9.313696676412991371e-01
9.697216460550005523e-01
9.601659566139606472e-01
9.713129506495955523e-01
8.664358051898447544e-01
9.927977726317841478e-01
9.091932343439845798e-01
8.903404871520300690e-01
8.674710423667013615e-01
9.141039902247797277e-01
8.788503710406450065e-01
9.092718564810549076e-01
9.043040028344886405e-01
8.976781072503693393e-01
8.623846422890341090e-01
9.115615880571111829e-01
9.007448021024351270e-01
8.906055979740850059e-01
8.742439448849045336e-01
9.438433757609497876e-01
9.313309319744467185e-01
8.939250279690692524e-01
8.501629773755157160e-01
8.866589105746719435e-01
9.987069186854462544e-01
9.229238069268703715e-01
9.608854964877893146e-01
9.251194068849358798e-01
9.236467039057493222e-01
9.484602433474970118e-01
9.629407029837597776e-01
9.355000580954341283e-01
9.417032620527604481e-01
9.476398745989940142e-01
9.661048086697069381e-01
9.118138376930138289e-01
9.559411058863348520e-01
9.551414771961672656e-01
9.160526052338824332e-01
9.365028163509974135e-01
9.530339559873306499e-01
9.193754697402600762e-01
9.279336438519740771e-01
9.441225542939435389e-01
9.659679375930667611e-01
9.650969439675733952e-01
9.566360333045043074e-01
9.678715487441330589e-01
9.575605383769680845e-01
