8.798540371226709622e-01
8.710957381864465887e-01
8.972111460821193818e-01
9.044222758333038126e-01
9.011680909663654093e-01
9.986474603802615313e-01
9.056268472714363860e-01
9.986474741299623537e-01
8.995328980168527666e-01
9.698646605995830949e-01
9.965412603218313237e-01
9.172706704837793046e-01
9.214624036270300245e-01
9.108796932984689620e-01
9.986474741299623537e-01
8.653210589979165590e-01
8.796113524563065056e-01
8.945893777955927773e-01
9.986474741299623537e-01
8.958066748747542940e-01
9.986474741299623537e-01
9.091850269621590819e-01
9.604561556574725545e-01
9.508676861963900606e-01
9.734698123559637484e-01
9.262024075377919274e-01
9.855961450245992461e-01
8.734293120945203492e-01
9.790145981827922395e-01
9.483507929903490785e-01
8.823531260643295848e-01
8.383884968132221394e-01
8.931289201822047996e-01
9.385701848870815489e-01
9.055623730305840668e-01
9.454503819602783077e-01
9.986475016285719652e-01
9.986475016285719652e-01
9.110347860662205699e-01
9.912300927650230520e-01
9.902150407030863022e-01
9.100100590603341644e-01
9.688737173018685533e-01
8.941859688702132880e-01
8.892384797452730361e-01
9.333934390269793546e-01
9.892134909639919149e-01
9.462940020801166030e-01
8.302827579273440728e-01
9.986475153774807545e-01
9.986475153774807545e-01
8.986739363248765766e-01
8.800322115235513776e-01
9.502454919067515604e-01
9.427056302061700421e-01
9.986475153774807545e-01
9.929015120911566239e-01
9.986475291261257548e-01
9.986475291261257548e-01
9.924390591798558647e-01
9.925915189170784192e-01
9.905314366800872516e-01
9.927383043512600924e-01
9.986475291261257548e-01
9.352592028723908379e-01
8.898429199796735745e-01
8.735900206323642392e-01
9.698704018312184205e-01
9.986475291261257548e-01
8.870431910499350092e-01
9.234398690823927280e-01
8.747573836926955115e-01
9.986475428745067440e-01
9.986475428745067440e-01
9.943447546725089348e-01
9.780281379190147728e-01
9.453019438138016151e-01
9.142665422530436015e-01
9.019642415191605478e-01
9.005538029434547731e-01
8.695069066234546451e-01
9.349437028077651757e-01
9.086147918999400996e-01
8.985254487957927694e-01
9.413213217428099133e-01
9.986475566226238332e-01
9.507048123741350665e-01
9.192506899198894521e-01
9.392325392810518814e-01
9.036936004186563176e-01
8.599650593939186516e-01
9.986475566226238332e-01
9.739760491134393794e-01
9.339169136860681064e-01
9.648779326997690697e-01
9.019446885755055821e-01
9.843374807429661200e-01
9.986475703704769114e-01
9.688754750075806443e-01
9.252466897483677677e-01
9.986475703704769114e-01
9.161962141460374687e-01
