9.552083944676764693e-01
8.899268609636148408e-01
9.986475703704769114e-01
9.806534490223887124e-01
9.039543518873039973e-01
9.622414671937565833e-01
9.136480934741229021e-01
9.925438021222835472e-01
9.929388807595100896e-01
9.986475841180662005e-01
9.975096692359852746e-01
9.986475841180662005e-01
9.975495349880965090e-01
9.927255681297895151e-01
9.948161853935215682e-01
9.830498220954433375e-01
9.986982691489655339e-01
9.713920035675197573e-01
9.223172463422634193e-01
9.180888977931164208e-01
9.470889203288096470e-01
9.519826657246056589e-01
9.327097385619850245e-01
9.763698278147436849e-01
9.271070816048919694e-01
9.354463202883873674e-01
9.085748354610416744e-01
9.634046190319039971e-01
9.384465744933325748e-01
9.611815638452986255e-01
9.541534030333715943e-01
9.557216018858920581e-01
9.819779948297855388e-01
9.544187930945479126e-01
9.550162525641863187e-01
8.892287752231670117e-01
9.944953762112636042e-01
9.147508524654891504e-01
8.957939380352211156e-01
9.235540549816342315e-01
9.902647707379622632e-01
9.344410748875887629e-01
9.777992381660169929e-01
9.871323576732350391e-01
9.259198323143943421e-01
9.734794756793906378e-01
9.587797048331276883e-01
9.753129369251920533e-01
9.667256422654620929e-01
9.812584489665767684e-01
9.768042145720791103e-01
9.112341184482486423e-01
9.700382977132371298e-01
9.136857510527337523e-01
9.049508538199385610e-01
9.765700698557562287e-01
8.929364124209974163e-01
9.244103187743464289e-01
9.965839155091772428e-01
9.734275750185185094e-01
9.006818679439617670e-01
9.174887801913162999e-01
9.134631899934013699e-01
9.027907088197552055e-01
9.099250618590067896e-01
9.113071110772223982e-01
9.986441131305932029e-01
9.216322675816078780e-01
8.821940578345354167e-01
8.200972942907662766e-01
9.267452850739296144e-01
9.986440316578288900e-01
9.710286344212425425e-01
9.986440316578288900e-01
9.328049584100301939e-01
9.435679582917750885e-01
9.326124064861730512e-01
9.177111132745734423e-01
9.986440316578288900e-01
9.346424892165207110e-01
9.401602208700885477e-01
8.943133218339733848e-01
9.986441517383704003e-01
9.465489010969895256e-01
9.986441517383704003e-01
9.986441517383704003e-01
9.393268772043360526e-01
9.986441517383704003e-01
9.988857434986944117e-01
9.986441517383704003e-01
9.988414093587598686e-01
9.125354819229557490e-01
9.447146149803906656e-01
9.980979113578434259e-01
9.463041116748905912e-01
9.549236274975868577e-01
9.191493813755320375e-01
9.942597921488742774e-01
9.443675365624474294e-01
9.008321451226315446e-01
9.372680324089968096e-01
9.986440748749682017e-01
