9.968956397216990339e-01
9.986440748749682017e-01
9.152142626304020645e-01
8.999295632394995748e-01
9.256963327904329519e-01
9.423153934754097127e-01
9.986440748749682017e-01
9.986440996705131523e-01
9.307078905607623076e-01
9.986440996705131523e-01
9.988414766169780856e-01
9.986440996705131523e-01
9.445935465439427858e-01
9.316777430462326315e-01
9.015785181336943843e-01
9.078200844172682471e-01
9.222530926000866991e-01
9.131013885726286805e-01
9.234952973971269907e-01
9.117418216041125456e-01
8.908931446059501491e-01
9.986442123023515638e-01
9.185588642947000171e-01
9.210966369753489369e-01
9.089746825106046479e-01
9.198771031179806545e-01
9.330095476813364819e-01
9.333829039171540609e-01
9.354398087698734265e-01
9.386600203293247180e-01
9.440071318395916178e-01
9.613452294801556608e-01
9.507132362964075822e-01
9.737575191697548371e-01
9.742879681262495151e-01
9.086986471308153845e-01
9.538156571801773564e-01
8.794053363273672819e-01
9.405270526642756090e-01
9.134096108551281734e-01
9.678826885548693637e-01
9.175801342384359849e-01
9.651585452640212281e-01
9.972127291551238226e-01
9.563964360463108605e-01
8.979502752287077394e-01
9.986831117608657715e-01
9.636303197887697847e-01
9.799069690587686177e-01
9.462028247743112797e-01
9.986146837101060880e-01
9.769433135168564819e-01
9.445945005649645232e-01
9.631223744307610968e-01
9.986831566781674274e-01
9.305386179109274014e-01
9.986147117434328591e-01
9.986442289476969991e-01
9.986442289476969991e-01
9.986442289476969991e-01
9.986442289476969991e-01
9.986442289476969991e-01
9.986442289476969991e-01
9.986442289476969991e-01
9.986442289476969991e-01
9.986442289476969991e-01
9.986442289476969991e-01
9.986442289476969991e-01
9.986442289476969991e-01
9.986442558627580679e-01
9.986442558627580679e-01
9.986442558627580679e-01
9.986442558627580679e-01
9.986442558627580679e-01
9.986442558627580679e-01
9.986442558627580679e-01
9.986442558627580679e-01
9.986442558627580679e-01
9.986442558627580679e-01
9.986442558627580679e-01
9.986251376154594572e-01
9.986442558627580679e-01
9.986442558627580679e-01
9.986442558627580679e-01
9.986442558627580679e-01
9.986443153556286978e-01
9.986255036970659305e-01
9.986443153556286978e-01
9.986443153556286978e-01
9.986443153556286978e-01
9.986443153556286978e-01
9.986443153556286978e-01
9.986443153556286978e-01
9.986443153556286978e-01
9.986443153556286978e-01
9.986443153556286978e-01
9.986443153556286978e-01
9.986443153556286978e-01
9.986255036970659305e-01
9.866721156474654864e-01
9.574474190759715286e-01
9.375737160623133226e-01
