9.590762299230216614e-01
9.614661936645225726e-01
9.553291895185778149e-01
9.523519089921048675e-01
9.497323405297378729e-01
9.358098961002994098e-01
9.365035921047027978e-01
9.275543110282791215e-01
9.331715499834051242e-01
9.650726918049041814e-01
9.239191179404101506e-01
8.806422693137513358e-01
9.134813460941014762e-01
9.347730446628773615e-01
9.147277511688317597e-01
9.248091528614115209e-01
9.329306033832689415e-01
9.561707104647430011e-01
9.986443394346746771e-01
8.923397907582354405e-01
9.131173849948296395e-01
8.998884999599305878e-01
9.040572047984376525e-01
9.087128791369538661e-01
9.328809057042267705e-01
9.477472934451312003e-01
9.203696689716679424e-01
9.147267082566645779e-01
9.986443394346746771e-01
9.433935074148296351e-01
9.349178598042774402e-01
9.075919078684328012e-01
9.016081829536742864e-01
9.188375275494374828e-01
9.162412088491790341e-01
8.998381826173380560e-01
9.365270747833632781e-01
9.110753956960940814e-01
9.299141041800856877e-01
9.986444212265788156e-01
8.609200111110393294e-01
9.988387332452028922e-01
9.560174526311139287e-01
9.986444212265788156e-01
9.986444212265788156e-01
9.986444212265788156e-01
9.103333791077442561e-01
8.980850610662874933e-01
9.026579984552453029e-01
9.986444920345534104e-01
9.143561198841990700e-01
9.986444920345534104e-01
9.180310583339159614e-01
9.986444920345534104e-01
9.986444920345534104e-01
9.049971302390297234e-01
9.986444920345534104e-01
9.093629023369443898e-01
9.182491245536748004e-01
9.241000019309050240e-01
9.008215545318506434e-01
9.986444920345534104e-01
9.243690493928292673e-01
9.075109921338023744e-01
9.986444247671434349e-01
8.950832537096363728e-01
9.986444247671434349e-01
9.263382231113875820e-01
9.083596449314762511e-01
8.999609797772548658e-01
9.938535394741560003e-01
9.349846342577314839e-01
9.695150761723316801e-01
9.033577639380029334e-01
9.175987294979127684e-01
9.240760016914969510e-01
9.180068277298280011e-01
9.143130964316812381e-01
9.574691984935498335e-01
9.962846214857936644e-01
9.585045973109004303e-01
6.898458219798079272e-01
9.343837203400988667e-01
8.096244878228934239e-01
9.866951568368352854e-01
9.594215449869523127e-01
9.804553010751473341e-01
9.505653328363461441e-01
9.757694649333763515e-01
9.526790729040474082e-01
9.649617887009849238e-01
9.947060185517884179e-01
9.507811945477314675e-01
9.748285466009650735e-01
9.862298903709229014e-01
9.824991430697116446e-01
9.584559813931377015e-01
9.122074281540321072e-01
9.405018591757022817e-01
9.657005023539609878e-01
9.731450670814121295e-01
9.446578061609897103e-01
