9.427866791354969633e-01
9.669640425647834103e-01
9.934762500854064093e-01
9.733605308801833722e-01
9.847933926244341052e-01
9.524822482023000969e-01
9.353184704648885850e-01
9.405333183340484071e-01
9.135994867138033104e-01
9.270911671276123034e-01
8.895135954734945116e-01
9.305251009108607141e-01
9.169342741001917929e-01
9.356481332834287734e-01
9.525191699935567913e-01
9.253697473079105507e-01
9.373869089317293790e-01
9.932590092073588783e-01
9.174396233447281723e-01
9.302626534679113712e-01
9.986258594232261254e-01
9.733108025476280289e-01
9.557915953079805238e-01
9.682083813918836990e-01
9.250951340110735721e-01
9.115888169622481385e-01
9.684992697633553194e-01
9.986445444279582473e-01
9.986445444279582473e-01
9.633018578740477622e-01
9.628551459281836644e-01
9.521004118689466722e-01
9.781148607610049561e-01
9.735737697253191714e-01
9.831671188646728954e-01
9.786231898200913326e-01
9.747652588217545766e-01
9.751870606200826463e-01
9.783576300391624292e-01
9.748463738478539975e-01
9.986445444279582473e-01
9.734676088137529382e-01
8.977936443840621727e-01
9.812668922551998074e-01
9.464637444743365657e-01
9.723351930404022792e-01
9.623866099394389195e-01
9.531923730696809649e-01
9.750654752188775420e-01
9.766959344433178147e-01
9.669339604210512862e-01
9.121129493195097027e-01
9.986446191173485865e-01
9.857045017778157669e-01
9.347205724906153534e-01
9.718877764588892409e-01
9.968072008575586951e-01
9.968134687899262714e-01
8.821625643740405032e-01
8.761368394616999566e-01
8.838941155489116186e-01
9.161052475360856873e-01
9.154735501480214532e-01
9.881196021940741314e-01
9.695604287609511651e-01
9.547861014096538090e-01
9.986446828272732557e-01
8.917359128874371432e-01
9.302032539758789964e-01
9.222636286043437437e-01
9.175740736948085896e-01
9.986446828272732557e-01
9.928658312020333110e-01
9.497479361599631131e-01
9.570614739887932654e-01
9.986449828957433272e-01
9.407072396731164243e-01
9.986449828957433272e-01
9.722959463514736500e-01
9.986449828957433272e-01
9.690694512792279447e-01
8.682360509101917367e-01
8.779211878595135632e-01
9.986449828957433272e-01
9.988404306202443017e-01
9.340291018141431145e-01
9.832130164834410602e-01
9.988404306202443017e-01
9.602240468290548225e-01
9.464799736954958576e-01
8.776134282335653625e-01
9.377095845179487243e-01
9.986439565530056406e-01
9.811335713942342940e-01
9.430931257373773580e-01
9.137418143427230577e-01
9.271930918348421091e-01
9.133527015192315357e-01
9.728754116412173802e-01
9.986438134069682837e-01
9.608762738811195137e-01
9.213773108768226194e-01
