9.558851677858274387e-01
9.422909164694960316e-01
9.988393067519916180e-01
9.738326383055383451e-01
9.687463099163204916e-01
9.567197477595610344e-01
9.315328099862194566e-01
9.549110917466270276e-01
9.591564244626104019e-01
9.618291951335627976e-01
9.284381711633092893e-01
9.762736045151196862e-01
9.923790544787092216e-01
9.255836108372568205e-01
9.864960681207287641e-01
9.712447759030855554e-01
9.203043083189270668e-01
9.637082538079019267e-01
9.763590919438793758e-01
9.714319421545679623e-01
9.746015380200260259e-01
9.177671467171586439e-01
9.602030290227611120e-01
9.127728071165879253e-01
9.045281849140923702e-01
9.783513354504239645e-01
9.986149396588808180e-01
9.403622582736499425e-01
9.697174401634607310e-01
9.322587274302882587e-01
9.827404196440087114e-01
9.446744467864162109e-01
9.602152607332430367e-01
9.463832595351888699e-01
9.794302524586609993e-01
9.661735455286958318e-01
9.520792174757946036e-01
9.706042023969245758e-01
9.487397650126014881e-01
9.532094549688973073e-01
9.455334221290114805e-01
9.341780396796075525e-01
9.271044095418999875e-01
8.765341533900217197e-01
9.275428683326576440e-01
9.153142538088383517e-01
9.582617565258578773e-01
8.929823187285484964e-01
9.142907880866762982e-01
8.909757598209764318e-01
9.495091968655559045e-01
9.238518619895165207e-01
9.484472537291939176e-01
9.339586336909465603e-01
9.667888104556212614e-01
9.393279557919268496e-01
9.731100439694436721e-01
9.431239637586482649e-01
9.694294837567962730e-01
9.110937136154979576e-01
9.642166993737455449e-01
9.986440210302650611e-01
9.642726262908889456e-01
9.405732974765396159e-01
9.888590230727720698e-01
9.376427201941189837e-01
9.962353214337367202e-01
9.409179023351290638e-01
9.654747160996871580e-01
9.609539371260115148e-01
9.486060401882268067e-01
9.986260326813698462e-01
9.634065414587624776e-01
9.265420028317693513e-01
9.217442192234219789e-01
9.234620493784014839e-01
9.986439551358580191e-01
9.986439551358580191e-01
9.981670335220208523e-01
9.567324111026533906e-01
9.897456906721550096e-01
9.567188388944816158e-01
8.612817899431708391e-01
9.104249032094751115e-01
9.800813896628808308e-01
9.202414731798495007e-01
9.877235803035717687e-01
9.566858466400236516e-01
9.151213124896251383e-01
9.203353002409746519e-01
9.986439792269876659e-01
8.786109887998891921e-01
9.712770455225334665e-01
9.783300658593652166e-01
9.755824050538679515e-01
9.712987866620127475e-01
9.598949544012046475e-01
9.698903802373253225e-01
9.785669602245254950e-01
9.986439792269876659e-01
9.269045190206279816e-01
9.420855189318375622e-01
