9.924027405011190961e-01
9.176016361011487543e-01
9.726409162948483900e-01
9.333068582770708277e-01
9.905011799641093573e-01
9.241000019309050240e-01
9.661778178404487605e-01
9.201675305927000670e-01
9.856033200347341650e-01
9.295857356987549114e-01
9.724240992521486771e-01
9.086290154674584452e-01
9.454301866945895583e-01
9.224033137507349212e-01
9.778213490524519935e-01
9.324938558481294937e-01
9.702718337714731911e-01
9.783870734139635816e-01
9.845673159235872607e-01
8.926620265474722871e-01
9.803069449446717432e-01
9.986445904460372613e-01
9.869685246894454034e-01
9.216866593038984812e-01
9.749446059371166262e-01
9.802117050843542900e-01
9.644400378516361227e-01
9.838662223256136041e-01
9.836370124545780191e-01
9.191688914671156674e-01
9.770292068734774960e-01
9.857585077779819072e-01
9.393245194170405377e-01
9.073123464598930044e-01
9.539476633137364825e-01
9.157060921290551825e-01
9.641844079524084510e-01
9.610813402812852235e-01
9.847971140283321434e-01
9.096192863388470329e-01
9.656731426636006033e-01
9.986448912607808204e-01
8.529103121616277150e-01
8.920048114390333183e-01
9.077011165449496710e-01
9.986448912607808204e-01
9.255934154101675970e-01
8.908533365475340693e-01
9.256413887518315509e-01
8.649488028262367623e-01
9.097910898897031418e-01
9.158848695443690957e-01
9.824950264178884396e-01
8.911076361392965550e-01
8.993163676598381340e-01
8.432893440689660514e-01
9.064161950614617602e-01
8.808083890641026370e-01
9.671125288162101263e-01
9.958765524034435268e-01
9.610817272669053279e-01
9.986447575022631140e-01
9.226186994232010719e-01
9.228286511798567959e-01
9.073192349120585698e-01
7.061839928984091630e-01
9.654247005163638651e-01
9.361078829720351768e-01
9.713371804442173518e-01
9.986447575022631140e-01
9.330700568601684175e-01
8.675388808673906160e-01
9.457323659465036725e-01
9.153903796428856099e-01
9.758838544071340992e-01
9.427090906247831414e-01
9.799917992721647320e-01
9.986447992602442980e-01
9.368080242454653872e-01
9.986447992602442980e-01
9.987791303224934358e-01
8.923908047427389079e-01
9.224751336573813187e-01
9.842896091589438123e-01
9.548800469990954554e-01
9.421559191171470227e-01
9.497592434213660839e-01
9.851489872954247717e-01
9.450478786389541197e-01
9.436244215245860323e-01
9.184020105566450543e-01
9.981718526924344692e-01
9.499886011480159764e-01
9.125791957450534175e-01
9.668039625273489035e-01
9.135492043320954103e-01
9.986449245196103996e-01
9.986449245196103996e-01
9.986450310082584103e-01
9.125923019636535960e-01
9.890742515467765283e-01
9.986450310082584103e-01
