9.986450310082584103e-01
9.986450310082584103e-01
9.986450310082584103e-01
9.986450310082584103e-01
9.986450310082584103e-01
9.986450310082584103e-01
9.801257999661261433e-01
9.170524964137316548e-01
9.890854503606866244e-01
9.516867281696649306e-01
9.481640331758071083e-01
9.376054358365668584e-01
9.476303244398543990e-01
9.261706362675680149e-01
9.120228808846947421e-01
9.668904166235980924e-01
9.739566845532018347e-01
9.986456254268301080e-01
8.463727482981213690e-01
9.985312617381616462e-01
9.986753067654808858e-01
9.986753067654808858e-01
9.291561814351286808e-01
8.567103857103373077e-01
9.977585744585607541e-01
9.657028368817694997e-01
9.717064625434231884e-01
9.167757322829321875e-01
9.089811534841542029e-01
9.503711032742422349e-01
9.355539139978145124e-01
9.107835954242099463e-01
8.937763096976284460e-01
9.934480326245169746e-01
9.983078780149869935e-01
9.949921723606046653e-01
9.819635281126098958e-01
9.894723294744794950e-01
9.944687442638541208e-01
9.251405702669086573e-01
9.819073159638490589e-01
9.538277460347527326e-01
9.621816475382437561e-01
9.804512484764641433e-01
9.961812582350743073e-01
9.338227215023732208e-01
9.990865696461814771e-01
9.913978555043838625e-01
9.773999687158242411e-01
9.969862643003375435e-01
9.845968886254972130e-01
9.463477336811366714e-01
9.599828374633119221e-01
9.722554739066201490e-01
9.782790541645477456e-01
9.135109094575808442e-01
9.678146083931228327e-01
9.059452112318037154e-01
9.800674448697046515e-01
9.895586315045239445e-01
9.404738443877825871e-01
9.874590668575821129e-01
9.969308949510604645e-01
9.640142581859921789e-01
9.249352268240720321e-01
9.635039592085281601e-01
9.354150523928478345e-01
9.410934682036221632e-01
9.675973721249755410e-01
9.604175489577869707e-01
9.774590036379281477e-01
9.278213185226313886e-01
9.193406912270221110e-01
9.952501041488437394e-01
9.923201336525028227e-01
9.956606671985337442e-01
9.924485043662814032e-01
9.259745263855175823e-01
9.559625959739717072e-01
9.220541668202680841e-01
9.601203034830133598e-01
9.106826689949197862e-01
9.436919953489193436e-01
9.157935252598549125e-01
9.555406053500460350e-01
9.168203593683630359e-01
9.473436620744440928e-01
9.243320718545205983e-01
9.825023507160774994e-01
9.224566351228615790e-01
9.813642013501403527e-01
9.119308666061428648e-01
9.686832351667755692e-01
7.404568977221872572e-01
9.135270391304195492e-01
9.278917009808349547e-01
9.728761341024920739e-01
9.146891476010687860e-01
9.499607661899628352e-01
9.158922851911430740e-01
9.543237272902577173e-01
8.953043885718032779e-01
