9.671778875330507841e-01
9.217833100872290242e-01
9.743834224996648086e-01
9.034300374767584296e-01
9.316184546770273078e-01
9.357920697961334966e-01
9.253387925638177913e-01
8.937070042951066329e-01
9.404030511566472406e-01
9.173740862295203247e-01
8.950812447807384720e-01
8.310237108042687337e-01
9.825551040826180360e-01
9.525576630795943300e-01
9.398043340717431304e-01
9.568146369530190487e-01
9.988774942717292271e-01
9.763685481552669687e-01
9.627070105519678345e-01
9.547945219753296575e-01
8.891170908252152838e-01
9.050465589008093170e-01
9.961828280538274072e-01
9.950948527344297689e-01
9.722861398038380454e-01
8.667511019887672585e-01
8.851095092833128897e-01
8.836655798676911200e-01
9.058340448209274420e-01
9.092386314134408565e-01
9.986717490163254940e-01
9.986717490163254940e-01
9.184607741609592813e-01
9.051953271827392067e-01
9.579527032790198238e-01
9.072444773984452704e-01
9.129350369258085740e-01
9.734832328455933492e-01
9.111122703521874477e-01
9.986717469721321239e-01
9.820159391464898802e-01
9.963754581562468404e-01
9.035900555502388576e-01
9.133413838437465238e-01
9.986717469721321239e-01
9.986717469721321239e-01
9.986717469721321239e-01
9.090182300154791006e-01
8.676369147764477763e-01
8.732204282905750015e-01
9.986717442465317118e-01
9.986717442465317118e-01
9.986717442465317118e-01
9.391223813805031906e-01
9.823620727314276158e-01
9.789479412346839826e-01
9.295764856254008501e-01
9.755580923442527252e-01
9.702416714528280250e-01
9.986717333440245925e-01
9.988564540157301996e-01
9.236530490594624387e-01
9.640490920584993129e-01
9.988540336415523413e-01
8.943882614254792252e-01
9.476531392438579671e-01
9.987265595004463092e-01
9.986957421526493350e-01
9.987115751194575175e-01
9.887626557194101329e-01
9.857140594122136834e-01
9.986717234634815421e-01
9.986717234634815421e-01
9.986717234634815421e-01
9.986717234634815421e-01
9.986717234634815421e-01
9.986717234634815421e-01
9.985640814953828936e-01
9.986717234634815421e-01
9.986717234634815421e-01
9.426254593918074187e-01
9.690904534323058206e-01
9.015213915809403566e-01
9.371016214181209225e-01
9.085643271757402051e-01
8.950997170080648990e-01
9.009439034504657107e-01
9.986717115385032040e-01
9.227072270885879890e-01
9.397172032509265582e-01
9.286858478649412385e-01
8.988690195625828050e-01
9.986190436297865958e-01
9.584428146280011829e-01
9.699739266603059074e-01
9.578959747244311096e-01
9.546730006023267379e-01
9.482497699375699307e-01
9.295311391113177946e-01
9.710153406826295130e-01
9.487362316759597736e-01
9.514431337009024992e-01
