9.715511352151023905e-01
9.770456647548281248e-01
9.145898812026782565e-01
9.509373978357505974e-01
8.868175227019101658e-01
9.093512499789230263e-01
9.552652516758460832e-01
9.590752382879037530e-01
9.775003247389123517e-01
9.810728530537417003e-01
9.476491205379972138e-01
9.540578605665755996e-01
9.094889487885057244e-01
9.242386150514316778e-01
9.452216618586266605e-01
9.533991394389632612e-01
9.643325637173894016e-01
9.229213116031698139e-01
9.594307947521120150e-01
8.997467160633956240e-01
9.136877839290932224e-01
9.584463099425672983e-01
9.555733128235327500e-01
9.803576246140474071e-01
9.643288710028662392e-01
9.306519150690177877e-01
9.660322998519068616e-01
9.814854963256890441e-01
9.555516214637415073e-01
9.662889096471907191e-01
9.156925923286098890e-01
9.602158735385970534e-01
9.987335935983344681e-01
9.986557400533022655e-01
9.986557400533022655e-01
9.303988382312186056e-01
9.121854030433528271e-01
9.372463732379940904e-01
9.321274601440602270e-01
9.103928895572062086e-01
8.890716589548630644e-01
9.119652187143850730e-01
9.395401491059370835e-01
8.916268574307125716e-01
9.488353499522287349e-01
9.483289320108788667e-01
9.377307945678692302e-01
9.367267123761888747e-01
9.373056587404352546e-01
9.619786337885875005e-01
9.439578613496635295e-01
9.522749237764097652e-01
9.215232069017251781e-01
9.711026054383362638e-01
9.201852625544638675e-01
9.453902919424841400e-01
9.035181224729433858e-01
9.119470059538934414e-01
8.604271025538130502e-01
9.637357335191363283e-01
9.486628947975034309e-01
9.258572659206428801e-01
9.443521515361095187e-01
9.478238772497901143e-01
8.925408756564938706e-01
8.993092797177720810e-01
9.705932704697373126e-01
9.711113431196715107e-01
8.956928309926068810e-01
9.046730966846129318e-01
9.516542080301282347e-01
9.986539087984211971e-01
9.696749741108667831e-01
9.641996324054666889e-01
8.984441158682321404e-01
9.127438846105657699e-01
9.495947871895410453e-01
8.857175257303445681e-01
9.172972645796699798e-01
9.986533033940998560e-01
9.369842690456408052e-01
9.986533033940998560e-01
9.615904139611778367e-01
9.158749911513006658e-01
9.495597180059212050e-01
9.013850398184415358e-01
9.138443237962686760e-01
9.362650500094585881e-01
9.986533033940998560e-01
9.986533033940998560e-01
9.546499009086670817e-01
9.977314722261970692e-01
9.610677071704911700e-01
9.010375444535974054e-01
9.038748001131200471e-01
9.986529952514924258e-01
9.766974860170667405e-01
9.986529952514924258e-01
9.268253078340786821e-01
8.848065669848634851e-01
9.196358883261882555e-01
6.244469268294571274e-01
