9.780593999958112628e-01
9.922258100480388920e-01
9.799417876280640538e-01
9.464299754234386519e-01
9.446116676996063610e-01
9.988381558980095054e-01
9.986458470142827171e-01
9.988381558980095054e-01
9.988381558980095054e-01
9.444359761093995553e-01
9.988381558980095054e-01
9.138827113285992176e-01
9.511742614481651925e-01
9.632230196632358687e-01
9.433114115367960961e-01
9.480392763354554830e-01
9.531291703959638983e-01
9.463443627590457652e-01
9.648905595917209865e-01
9.469454004041717443e-01
9.419787745059930995e-01
9.655767368118496341e-01
9.675211282983712247e-01
9.543883094569861614e-01
9.686164362506463066e-01
9.718009610345460514e-01
9.711964640878161248e-01
9.697330772613620420e-01
9.429202305884815116e-01
9.861834598851791922e-01
9.460381093732543878e-01
9.900821067139130571e-01
9.713386794690936910e-01
9.366517658313630035e-01
9.289196969961758255e-01
9.652182233219690488e-01
9.846183675044437589e-01
9.673039619570453773e-01
9.756694481097013538e-01
9.970257651095679741e-01
9.697729645349417726e-01
9.579584792108073454e-01
9.514332724554306342e-01
9.564620409022147607e-01
9.332260655437533137e-01
9.685701182422391531e-01
9.878100967332533733e-01
9.764316384914233371e-01
9.379896755613073012e-01
9.744678016429439982e-01
9.431512469272465005e-01
9.397585375395861584e-01
9.670652034752142967e-01
9.675860006899527077e-01
9.691311028087535862e-01
9.813175026788231170e-01
9.817323444955673439e-01
9.739643213757188667e-01
9.832848963537573761e-01
9.879559898569361120e-01
9.885197323982810591e-01
9.696184881365229602e-01
9.657859075311382435e-01
9.697469324276292157e-01
9.671388731925206761e-01
9.671245728047893619e-01
9.574256844823242352e-01
7.880196970800416034e-01
9.219691171707750099e-01
9.195008743569481613e-01
9.564894280686243588e-01
9.347999042437338257e-01
9.640390338606702469e-01
9.377050234205362989e-01
9.600583237361575151e-01
9.596125694683040885e-01
9.598419703689916593e-01
9.634158926420403057e-01
9.478659042333439366e-01
9.626817926459619867e-01
9.046755954691608759e-01
9.731690106463463108e-01
9.564480372027915900e-01
9.513185031458992746e-01
9.248675972137774259e-01
9.495240698792341005e-01
9.291342777274689269e-01
9.427434520532445017e-01
9.525657460913898866e-01
8.787636587935108157e-01
9.553460922714959169e-01
9.112775397611124761e-01
9.510360358729387231e-01
9.284347783328273929e-01
9.399215525777510072e-01
9.777397903394824397e-01
9.525209209440441693e-01
9.262431026631126052e-01
9.561800580504384861e-01
9.559299283692948013e-01
9.428158712588788903e-01
9.466246713849859606e-01
9.499472842600654721e-01
