9.583927002086157776e-01
9.948833485316969094e-01
9.572494040752225208e-01
9.860146339437401153e-01
9.928976615739140144e-01
9.322125601484818613e-01
9.780271890079448305e-01
9.865410899436228842e-01
9.118841414311761318e-01
9.701835240972100927e-01
9.591184837494159954e-01
9.738739487851159060e-01
9.846979761148084709e-01
8.981418566515105839e-01
9.931802589261000680e-01
9.094194603083346484e-01
9.854288138868696478e-01
9.875710464840496972e-01
9.207790544874197014e-01
9.898050495773291768e-01
9.925448188549637063e-01
9.266616775058066358e-01
9.879424209163812920e-01
9.455925879091322539e-01
9.430877187356094815e-01
9.650468203913717957e-01
9.923719176714392853e-01
9.581122392382678266e-01
9.887524923567140300e-01
9.556539148485803103e-01
9.852617730712397437e-01
9.727073811154354210e-01
9.762438797387879008e-01
9.419619059425812235e-01
9.640598587663914421e-01
9.639181403811173388e-01
9.669253711998112566e-01
9.696152571155548516e-01
9.866245351777848116e-01
9.494151112758727473e-01
9.632716581118732080e-01
9.223156522771488453e-01
9.811354189892509403e-01
9.876125580658373648e-01
9.847553533843188545e-01
9.722447803682940926e-01
9.083354786313111440e-01
9.943999021346170419e-01
9.933761441395893010e-01
9.442619513012316945e-01
9.719282433940690247e-01
9.911027328382369106e-01
9.116200258756060881e-01
9.786332423684767079e-01
9.054977632870787607e-01
9.762689655170964098e-01
7.929632581758178089e-01
9.713033835074942335e-01
9.589050432301031712e-01
9.364584568909011253e-01
9.776065514661606004e-01
9.206860127050269238e-01
9.536403895370196837e-01
9.651787162855905988e-01
9.408296752296969601e-01
9.657600457945847428e-01
9.472274570944948513e-01
9.702087122773357386e-01
9.216525686833849651e-01
9.837785855165716020e-01
9.846820765667794184e-01
9.219455032283353502e-01
9.630667991961746610e-01
9.267844856117019026e-01
9.658033177635101385e-01
9.634971037954379591e-01
9.469506787342081289e-01
9.494267767291906246e-01
9.259706022167936146e-01
9.117463680898920675e-01
9.122481475163813913e-01
9.516882053864832436e-01
8.615211669378302073e-01
9.541532151760434566e-01
9.710466491066180872e-01
9.744325066673978908e-01
9.443259679869988599e-01
9.498594527803262411e-01
9.384169568558698993e-01
9.290496196709581156e-01
9.377595636279709712e-01
9.375596679165639769e-01
8.967569004066180405e-01
9.432165221534082322e-01
9.373908286131259482e-01
9.394322373942658455e-01
9.181080626368656183e-01
9.014348876768660812e-01
9.463644616532536080e-01
9.711825411081598247e-01
9.367626536699071860e-01
9.338675277670608343e-01
9.333352562502128524e-01
