9.442983092741359386e-01
9.585714795928980125e-01
9.578321660176121188e-01
9.369421351451715507e-01
9.709954383687072754e-01
9.526671346604266288e-01
9.546210103187623419e-01
9.616014729096077351e-01
9.016759087345779244e-01
9.463263869304622267e-01
9.549621791006086546e-01
9.064731300236091860e-01
9.685423121789801248e-01
9.571036147204677880e-01
9.624951409262312296e-01
9.712536851917568104e-01
9.646984497332148356e-01
9.837731949741427284e-01
9.348023704902692632e-01
8.790989074456636576e-01
9.822994449890521951e-01
9.551271235757832212e-01
9.725615617747307429e-01
9.779474319366585622e-01
9.779595966620543424e-01
9.680932690559680420e-01
9.855218592014413082e-01
9.715297533800112406e-01
9.734609699065470689e-01
9.745318479438049852e-01
9.755444046153644022e-01
9.503266552375266851e-01
9.879511493640422692e-01
9.446508139538560833e-01
9.730289219103853693e-01
9.687150511362494498e-01
9.719470365007891743e-01
9.061666115445324854e-01
9.791571530556471004e-01
9.133494781544001517e-01
9.505722700510249590e-01
9.654535028478833381e-01
9.573602082989556283e-01
9.736752165351972854e-01
9.649151366426990117e-01
8.909117020731731618e-01
9.447253870106033791e-01
9.169144079955173776e-01
9.430429285126574745e-01
9.409568420349438966e-01
9.467699521649366456e-01
9.406659137453400321e-01
9.419255917839481906e-01
9.406255342473393011e-01
9.586497957989387197e-01
9.685581755916261582e-01
9.733125124906014669e-01
9.733171972492992152e-01
9.593798316159194428e-01
9.632492580489649958e-01
9.107262312453604514e-01
9.619316743670200953e-01
9.774774036226584473e-01
8.886490477448949488e-01
9.497331786068845538e-01
9.481913987276020528e-01
9.313262462587055257e-01
9.772031134098779770e-01
9.982292441456326326e-01
9.988925217592087291e-01
8.994656972767619552e-01
9.267827850031878922e-01
9.988370001979948176e-01
9.986999348309512081e-01
9.225262912091544143e-01
9.648356478372849265e-01
9.696491486298464135e-01
9.774690032848074583e-01
9.723263481192618851e-01
9.710028254520700619e-01
9.579753031004145658e-01
9.302384642745211707e-01
9.563841932078397390e-01
9.707756327163774568e-01
9.711027661466036243e-01
9.763197081133458965e-01
9.634279381630196371e-01
9.768017689262751269e-01
9.811793412711621309e-01
9.312948686394597608e-01
9.592362558448035426e-01
9.324968618955216115e-01
9.780243232461091063e-01
9.887810843393031179e-01
9.678663863838782300e-01
9.737154002641876804e-01
9.829076009561936722e-01
9.746377286599043899e-01
9.786456162059319341e-01
9.670903833954767048e-01
9.703951961648932256e-01
9.707762381838085375e-01
9.773817820787781274e-01
