9.445662454453086498e-01
8.986341402304774961e-01
9.352426260902980681e-01
9.034997646430803497e-01
9.063406039871005904e-01
8.940644933832222474e-01
9.048512783608673171e-01
8.815433625254704975e-01
9.053477894738044540e-01
8.907846811806297005e-01
9.527955507542281710e-01
9.117734805606860782e-01
9.593384124146181469e-01
9.003304779016130244e-01
9.199249939310316648e-01
8.676979261916260011e-01
9.055990529521205090e-01
8.999057303638677840e-01
8.266390171526376562e-01
9.308284623212125242e-01
9.288450116934616752e-01
8.261138409427979390e-01
8.609684766610705697e-01
9.045116087864407683e-01
8.859025901641339740e-01
9.255216022093126771e-01
8.961418536513563460e-01
8.924402596694772649e-01
9.011636334108793500e-01
8.798610722430235676e-01
9.326994033472656431e-01
9.558028279300494479e-01
9.155040187020454523e-01
8.893349275741332383e-01
9.019126758079063499e-01
9.696152349533090353e-01
9.167434297814880395e-01
8.823753983585677085e-01
8.948066883953461614e-01
9.735201157767636726e-01
9.302910154802859211e-01
9.542706268989361584e-01
9.392916673310776066e-01
9.195883476487568542e-01
9.479710566977420649e-01
9.408150757193436409e-01
8.694185639646738739e-01
9.590689914018589723e-01
9.266687497350644120e-01
9.937896277911706377e-01
9.016235178537048700e-01
9.014088864125284761e-01
8.333635824059030250e-01
9.427726632710142773e-01
9.582894144053911711e-01
9.119907734665887444e-01
8.996221867627177682e-01
9.263870355383790889e-01
9.313393944823409321e-01
9.099690718591756378e-01
9.496227860881369942e-01
9.136624955835859208e-01
9.085047759039609483e-01
9.379420769759529986e-01
8.768008687009267721e-01
9.352226438119660701e-01
8.890922315564917522e-01
9.132858049125495148e-01
9.238894562216491968e-01
9.054880720677705996e-01
8.631879701615460254e-01
9.365731465500055641e-01
8.623625536090727683e-01
9.377013533550242474e-01
9.795482451910094701e-01
9.460002891071734865e-01
8.462995329906707331e-01
9.560782161536164336e-01
8.794878297458994520e-01
8.798610722430235676e-01
9.315582662875068198e-01
9.610278417569882992e-01
8.949353639981896258e-01
9.025041469391715809e-01
8.537103355149885386e-01
9.071648020083538100e-01
8.613727517810050305e-01
9.036755336875440525e-01
8.952134260862919524e-01
9.030454021792752028e-01
9.753712706015417178e-01
7.982492461738128764e-01
9.102968096446470980e-01
9.063821018078743741e-01
9.323467516052972304e-01
9.667332607407196354e-01
8.349264348668149482e-01
9.114122728329823175e-01
9.241322476144376852e-01
8.736806990514310867e-01
8.479690203182825847e-01
8.741733021026306671e-01
8.853269880258797242e-01
9.072375703335034958e-01
9.684085721989547091e-01
9.461226076166459054e-01
9.033042017256192047e-01
9.440856700939986856e-01
8.900014613339837233e-01
9.311468816702576090e-01
8.788801458180047765e-01
9.024587713101615005e-01
9.279357992391488175e-01
9.206357736731968222e-01
8.854889476471283771e-01
9.281516484378199427e-01
9.064258553070627666e-01
9.442668803458221793e-01
8.998331029458065400e-01
9.477153842674267414e-01
9.414706291158396745e-01
9.267991510653379450e-01
9.354271098788202732e-01
8.884908559021066354e-01
9.439324135901553392e-01
9.409475957516161282e-01
9.368021947912066327e-01
8.570140861259535336e-01
9.159015911389112308e-01
8.793559174349203644e-01
9.102799092095930078e-01
9.275067794413353051e-01
9.544696594034367543e-01
9.746536591690992957e-01
9.167195776572057975e-01
8.739534037179221837e-01
8.849777260176172611e-01
9.419015559881169786e-01
9.344101415109186126e-01
9.092683577377764781e-01
9.230398555872254551e-01
8.583437870002125214e-01
9.328192960416097357e-01
9.196094825221550195e-01
9.024313449768998074e-01
9.439606385593670712e-01
9.438268660593219783e-01
9.554296936954390640e-01
9.858813216927598821e-01
9.129356518229996276e-01
8.852246840682899132e-01
9.266903136168291866e-01
8.675186912935913819e-01
9.698813868651747772e-01
8.902308141467520919e-01
8.848197925379693851e-01
9.253221329104367454e-01
9.288319791398249592e-01
8.580146750865528249e-01
9.468730149095828663e-01
9.614418357578714547e-01
9.368375497946201946e-01
9.203857398079526853e-01
9.441618048787148165e-01
9.156610491558822007e-01
9.167619804425259922e-01
8.655056084896378676e-01
9.538289229747324294e-01
9.832690740223777315e-01
8.981575860794487332e-01
8.599635080491905281e-01
9.467453404945681550e-01
9.867394212045658142e-01
8.903581868902838981e-01
8.998074463874816686e-01
9.509466962468440254e-01
9.278013209179665211e-01
9.072093779256962254e-01
8.892442990633379063e-01
9.141673102201463008e-01
8.337262142506924878e-01
8.475349858163755412e-01
9.113834607855559877e-01
8.517917766059652784e-01
8.713515993564026063e-01
8.680925516346703619e-01
8.878861170279283010e-01
9.620888493167090161e-01
8.671807970671119303e-01
9.102195538973385514e-01
8.710880808610915738e-01
9.728841984909808449e-01
9.496025595737225267e-01
9.386590371743785965e-01
9.458212916256995006e-01
9.022098327038292620e-01
9.053477894738044540e-01
8.553528500830496206e-01
8.706898045512014850e-01
9.390916460534879384e-01
9.198997772292952790e-01
9.368966151810362852e-01
9.499436425478381407e-01
9.026227796995890396e-01
8.969786865565474443e-01
8.732961064897999393e-01
8.645302432870924925e-01
8.251702865630935468e-01
9.213895486516630040e-01
8.516769613095585001e-01
8.249714380207509024e-01
9.566179238647455341e-01
8.950635985241118808e-01
8.984331071001060431e-01
9.172779332246026041e-01
8.934924588842628745e-01
8.816016980663692326e-01
8.258380003064665908e-01
9.932511199063047691e-01
8.784921929120695916e-01
9.104227934631605734e-01
9.373702134571602063e-01
8.922113088345687837e-01
8.982546197525205223e-01
8.856459642952067002e-01
9.013380230312487695e-01
9.613876112531776208e-01
7.451519060060123323e-01
9.483001624379460148e-01
9.516186585503830786e-01
9.149669009958077970e-01
8.783045152683520707e-01
8.513782549137081102e-01
8.762176427177073013e-01
9.306273799631989974e-01
8.897140480767410375e-01
8.689028126529909635e-01
9.363176564658147738e-01
9.095612480903860764e-01
8.942380066318289522e-01
9.322875593803217065e-01
9.123241702414642829e-01
9.601153645015846338e-01
9.811508740626398994e-01
9.125091188298654066e-01
9.190280027626430703e-01
9.658697223440749768e-01
9.214540489453582062e-01
8.449085651608535530e-01
9.337361372752719380e-01
8.708371133577057499e-01
9.032502681392070576e-01
9.065036686506030561e-01
9.173158808170102096e-01
8.938977964533030285e-01
8.320009707871468541e-01
9.272645795234365496e-01
9.431570397274738893e-01
9.305606346897584702e-01
9.245891223641092838e-01
8.959628575658097338e-01
8.869716484675567170e-01
8.988047844952455900e-01
9.263076104345147055e-01
8.911658423118117289e-01
8.929763598580284789e-01
8.745560924363344757e-01
8.576586319049919194e-01
9.413901157410116127e-01
7.732723990461107810e-01
9.620967859849726134e-01
8.912869384501872494e-01
8.963427132037870004e-01
8.645150655562605646e-01
9.145493047454020807e-01
8.741597904961387888e-01
9.016149208896677703e-01
8.641583890258344169e-01
9.376918368775334356e-01
8.949253085391813967e-01
9.333901714855905585e-01
8.633639592472285296e-01
9.112429571239434312e-01
9.576917520259331518e-01
9.227933335264447701e-01
9.563672694720404266e-01
8.441248697447373273e-01
8.918071065738276682e-01
9.092792356036962786e-01
9.325883948820045122e-01
9.081647889357007397e-01
9.334256889481722386e-01
9.283195360901095317e-01
8.785489028662772926e-01
8.611272910926939250e-01
9.441124511436653766e-01
8.586253880693442975e-01
9.292003991325255008e-01
9.450307815939531508e-01
8.483496820650640036e-01
8.913769538704769957e-01
9.312278750510614156e-01
8.914617893590276454e-01
9.330689668055662800e-01
9.431828036427470918e-01
9.024776389578554880e-01
8.385945486410948391e-01
8.811043712842555609e-01
8.858573045500118814e-01
8.631162786317556623e-01
9.599552394266649413e-01
9.046950553611634582e-01
8.464615765860591390e-01
9.286044132140536256e-01
9.085931671166066481e-01
9.114914157267618444e-01
9.241474621389432764e-01
9.144573436261010935e-01
8.848065474371051842e-01
9.430260327484808469e-01
9.163400571336938194e-01
8.695111356175164730e-01
9.046366400114838058e-01
9.505635942928581938e-01
9.464845996938647810e-01
8.960945467852394763e-01
9.413200473179472727e-01
8.882606577085070398e-01
9.232759877958314210e-01
9.090385296772257595e-01
9.099136324614827132e-01
9.268588242572538549e-01
9.608999774343164324e-01
9.399183801511133973e-01
9.062358728933938012e-01
8.834772267292626546e-01
9.293453150731530998e-01
9.286990375059301916e-01
8.937700403880731725e-01
9.005634409905501903e-01
8.958296864267684123e-01
8.953981622004592023e-01
9.554296936954390640e-01
9.065402346829122271e-01
8.725047354674743127e-01
9.461937560288548044e-01
9.397245132415339430e-01
9.029650050340549683e-01
9.438904956993385831e-01
9.207591933700810527e-01
9.018458215503434294e-01
9.167280445879615325e-01
9.224330867942528434e-01
9.083382574774637730e-01
9.190369164062970331e-01
9.340191403330369013e-01
8.658095389347872928e-01
8.586249392152798254e-01
8.855456403909075513e-01
8.925189195295522016e-01
8.522852251218602238e-01
9.348101446098362466e-01
8.873775513605813847e-01
9.058132667944958083e-01
8.781292451655250408e-01
8.385945486410948391e-01
8.730205178125562959e-01
9.224853197986689901e-01
9.131450332259091196e-01
9.982244423874245820e-01
9.507320197020698860e-01
9.091324092915392674e-01
8.593160312991074967e-01
8.658754965945292259e-01
8.882998970015044682e-01
8.992972960871810084e-01
9.201802260687665935e-01
9.081457008111771811e-01
8.986111557023720442e-01
9.395443383721316932e-01
9.444240984793874638e-01
9.172667169200692250e-01
9.060832517309937995e-01
8.893253906987198532e-01
9.538493641610028551e-01
9.233546576759831259e-01
9.500314879847311378e-01
9.266155904189152803e-01
9.832386204091169146e-01
9.169369226978986154e-01
9.127564365427999205e-01
8.665907962928900421e-01
9.193053622125342272e-01
9.209717236224024273e-01
9.883177459998339076e-01
8.699151437558497735e-01
9.349809389848651175e-01
8.725043770957319200e-01
9.563939815794372246e-01
8.587671062368783526e-01
8.922442327245095894e-01
9.156781342995254924e-01
8.422667262294514234e-01
9.898807257525431558e-01
8.795691677206158854e-01
9.953310518905349458e-01
9.198150722995256379e-01
9.159944052197099840e-01
8.432794537476293595e-01
8.493247869900615310e-01
9.458249734600138181e-01
8.762239752751584954e-01
9.010023559104508584e-01
8.739958793312059271e-01
8.960945467852394763e-01
9.605459377861512715e-01
8.674038634551533011e-01
9.257289105428332388e-01
9.087642893401575162e-01
8.451276002202877669e-01
9.069140466241540910e-01
9.908662966542003403e-01
9.822712975111778100e-01
8.551749651403188768e-01
8.941676052888555271e-01
9.316783023917166728e-01
8.881146251173348549e-01
8.881318230347294840e-01
9.894800028439384443e-01
8.986204783869985446e-01
8.583224887673278625e-01
9.394672490321039904e-01
9.413513645225144444e-01
9.384829929644452617e-01
8.983914023690955375e-01
9.164179506392117203e-01
9.196475218332536006e-01
8.631595688406561440e-01
9.018344929703081547e-01
9.801344277698289531e-01
9.118881049691625051e-01
9.772142589400255597e-01
9.490555688610112783e-01
8.750195610294247972e-01
9.440709521495531664e-01
9.079201791035214075e-01
8.821582833639758370e-01
8.666809701443006775e-01
8.716409201599880641e-01
9.306228913314622542e-01
8.876958376041822474e-01
8.816133587740533351e-01
9.811976262908346236e-01
9.277898124136195745e-01
8.804265777922827274e-01
9.870463218217044865e-01
9.208241888269911302e-01
9.391992813330752865e-01
8.986467017671485591e-01
8.869186342485616548e-01
9.120579766384453446e-01
8.936992962982597266e-01
9.086314564756764467e-01
9.215174771192083947e-01
9.785665894344119931e-01
8.802043616191358444e-01
9.138387414371369477e-01
9.565414442200893541e-01
9.205953237692118263e-01
9.445046090211770551e-01
8.652678696922752044e-01
9.199207128650085386e-01
9.492397284464513252e-01
8.223398315262070435e-01
9.274388765001220225e-01
9.485621964324711941e-01
9.245312401825227511e-01
9.471244483759062582e-01
9.248136683201427788e-01
8.967064293550514043e-01
8.788710218565417565e-01
9.183597728565360274e-01
8.595315027385213025e-01
8.312208685426636379e-01
9.458642570769713043e-01
9.082566033001837624e-01
9.148120950168250332e-01
9.270605214500268199e-01
9.596177017552242061e-01
9.510718461174385574e-01
9.043134609433300941e-01
9.294148695798648552e-01
9.337884094143940050e-01
8.420620113325328893e-01
9.673426619672295113e-01
8.675910776546928993e-01
8.515305123740296578e-01
8.899778092769099480e-01
9.329816516786298974e-01
9.305606346897584702e-01
8.724943507074258697e-01
9.832971354336887959e-01
8.957537753588701301e-01
8.790504090433894913e-01
9.273147728355415342e-01
9.702726837829848128e-01
9.080725281454746778e-01
9.513870851119895500e-01
8.984413208982200416e-01
8.524448331082730146e-01
9.130311556502349601e-01
8.922970037754612838e-01
8.761104653425103583e-01
8.502281682333023838e-01
9.536015572719582778e-01
8.106705424549538463e-01
8.812743779257661281e-01
9.237126218931513977e-01
8.711308936258311819e-01
9.173491310486719952e-01
8.894012946302656264e-01
9.466269214269994459e-01
8.833981741197057813e-01
9.355531722746186496e-01
9.104938002837474897e-01
9.779771611223606609e-01
8.617869749576088090e-01
9.147646079614821790e-01
9.249459672026637547e-01
9.485880217464096598e-01
8.511461972683099786e-01
9.350854640599375323e-01
9.541563673521321620e-01
9.781646753001601580e-01
9.295344042242233984e-01
8.057528291456674818e-01
9.099346123970349920e-01
8.812244935638035015e-01
8.173391738881291557e-01
8.454823193862408548e-01
8.878837666908093729e-01
8.857869383171252942e-01
9.056137069393899175e-01
8.484991340746362853e-01
9.541407547100627662e-01
9.542751102171028732e-01
9.518426262618386868e-01
8.864830290611226404e-01
9.276825275835840490e-01
8.990375164413665354e-01
8.643789742762825190e-01
9.003947818452484597e-01
9.510064932554387340e-01
9.464861193145244211e-01
8.204915328423215692e-01
9.544908328140828679e-01
9.051376058830780114e-01
9.154279312149025127e-01
8.652347024024389377e-01
9.468236603734927481e-01
8.553879740049497027e-01
8.901071282186427958e-01
8.702888756532030090e-01
8.633639592472285296e-01
8.653160385503749774e-01
9.565740397324701272e-01
8.775103624617254239e-01
9.368021947912066327e-01
9.303426550205762258e-01
9.277110468207770966e-01
9.180274864320298045e-01
8.589519550975779349e-01
9.034776226690767187e-01
8.835259981127268070e-01
8.430717404235203993e-01
9.305429665595014166e-01
9.025908628270155054e-01
8.594433875206003437e-01
8.772945636495083077e-01
8.522642001463200945e-01
9.613374542375088261e-01
8.627283935301259810e-01
9.122813231073736429e-01
8.904626540682509805e-01
8.959880785251469471e-01
9.148120950168250332e-01
9.321283726948810244e-01
8.809878624394676949e-01
9.574744709246104657e-01
9.152351912759912889e-01
8.739184738577717715e-01
9.363528547623488629e-01
9.330183603602475451e-01
9.481926650175592775e-01
9.396997183119727426e-01
9.084659388825215842e-01
9.288747841087457990e-01
9.428593795641829756e-01
9.853546193930303732e-01
8.502188664076587576e-01
9.734700324306201358e-01
8.368877918143391437e-01
8.701565109400259956e-01
8.713310890689881516e-01
9.510317090125621764e-01
9.424903737557980277e-01
9.519949197801131913e-01
9.048442121810994498e-01
9.529287248063307292e-01
9.045254871922014939e-01
8.630322494874149708e-01
8.583774820469119993e-01
8.789506543917711134e-01
9.231465120552477810e-01
9.539109309889044486e-01
8.899383198680795859e-01
8.753286127063754085e-01
9.273634585150047904e-01
9.346545845024690768e-01
8.797123271342215389e-01
9.363639073092431264e-01
9.009281655088652307e-01
8.866983484882956512e-01
8.773817203887771532e-01
9.389156759073146175e-01
9.321485201641606100e-01
8.983154963185077113e-01
9.825536446832123794e-01
8.620652244707114331e-01
9.079347585047933267e-01
9.429193689323297489e-01
9.347598636600068511e-01
8.861071905458438591e-01
8.483496820650640036e-01
8.662581141555545372e-01
8.740075988197263390e-01
9.397873527951056127e-01
9.422563415619001903e-01
9.146710124965021782e-01
9.850525912872155621e-01
9.161289233990098646e-01
9.121903630654949469e-01
8.998031691088109740e-01
9.409339676585838363e-01
8.796450339605464963e-01
8.938649311602566705e-01
9.549223946047730172e-01
9.396997183119727426e-01
9.555165540962600179e-01
9.131218485036657340e-01
7.623917028522279038e-01
9.573464593569879222e-01
8.554386041561073961e-01
8.739636755786199807e-01
9.314452916825796125e-01
9.379159567763809546e-01
9.315443649138271942e-01
8.987135123033548334e-01
9.902040169637076339e-01
8.090808669685608523e-01
8.657955783313044940e-01
9.571583877823325315e-01
8.966431995418618905e-01
9.381939817970154083e-01
9.459321508916996857e-01
8.857343118686471506e-01
9.407981698850376162e-01
8.685263348499719926e-01
8.859358810337090162e-01
9.146256431156897237e-01
8.826382016940229613e-01
8.758313801118167152e-01
9.536712882861683171e-01
8.585834511281764669e-01
9.096756347852791302e-01
9.607705678157756335e-01
9.038204468794203139e-01
9.611892364310699044e-01
9.351435540292102333e-01
8.751699640172467820e-01
9.004207587461011686e-01
9.120465584216480570e-01
8.877451859652831789e-01
9.641260656137771168e-01
9.170842190587182863e-01
8.564378212197755191e-01
9.220013415130077217e-01
9.533494679491094637e-01
9.259285076983359009e-01
9.509139953587589789e-01
9.339264375172147137e-01
8.782720724391531730e-01
9.099753717932294039e-01
8.643789742762825190e-01
8.698409237179094422e-01
9.189587297858214932e-01
9.143993919722775976e-01
8.669566687380101389e-01
8.787736582330594182e-01
8.866473756757052849e-01
8.746255654449734962e-01
9.453530663639048148e-01
9.401532288352191236e-01
9.368497403211796248e-01
9.580714505501959355e-01
8.750550111748007787e-01
9.169961476160163327e-01
9.511443704035026370e-01
9.231315991940004517e-01
9.185809241511669887e-01
8.870844434364097975e-01
8.977413257851449835e-01
9.119718502688440864e-01
9.250732707257447451e-01
9.552064864858075266e-01
8.652832813957097580e-01
8.213919537214211530e-01
8.786949862925467203e-01
9.477167239715601488e-01
9.393840606981064267e-01
8.762302431477858589e-01
9.884698311148724104e-01
9.379436933284411859e-01
9.012011447055271463e-01
9.387072647995515773e-01
9.866642197932750102e-01
8.926721977571026034e-01
8.977546508430509498e-01
9.573708184660243425e-01
9.464570660003389646e-01
9.334256889481722386e-01
9.237268043574881071e-01
9.560472309156718973e-01
9.441001103444538467e-01
9.501994225839559549e-01
9.254225215582345676e-01
9.320470360821686562e-01
9.288584043011304248e-01
8.857425923749460139e-01
9.100218911863821036e-01
8.826260034861624915e-01
8.825856694541800440e-01
9.372940304191679228e-01
8.652517414770681814e-01
9.461744555732178874e-01
9.446800451750544392e-01
9.274665113551241458e-01
8.668082141863340251e-01
8.919898057322463991e-01
8.731087855822962096e-01
8.818272237549037440e-01
9.219979060945249216e-01
8.597060657653488036e-01
9.763520657656753476e-01
8.661764256567936471e-01
8.148966488333189151e-01
9.179303904673808967e-01
8.234565445136580175e-01
9.182001425578528719e-01
9.345285139137369246e-01
8.850471670534530988e-01
9.734913647997076591e-01
8.672021016668650661e-01
8.699552013813930396e-01
8.900882396595206636e-01
9.466269214269994459e-01
8.953680398561937315e-01
8.799678476069013877e-01
9.471713785502795524e-01
9.782208266703464883e-01
8.951331990328484922e-01
8.920492703756510711e-01
9.437821829491254144e-01
8.861883274991831927e-01
9.012741578691749744e-01
8.786207585280176868e-01
9.181704190761306172e-01
8.285429052289512430e-01
9.507495478793768218e-01
9.466831003322748739e-01
8.755305967744222428e-01
9.449105732116728218e-01
9.418271850833087599e-01
9.665256428444565229e-01
9.203756845624221361e-01
9.294525291999427008e-01
9.147400367986522340e-01
8.533418657611471225e-01
9.057383526038910171e-01
8.631925853846263985e-01
9.505966259943315899e-01
8.770039965092931711e-01
9.386927911868920837e-01
9.198997772292952790e-01
9.311778477944707699e-01
8.796582945954952715e-01
8.857051673072544595e-01
9.085931671166066481e-01
9.119475012280507942e-01
9.623118133615089498e-01
9.258710853609962710e-01
8.740443725580477885e-01
9.040807515119511084e-01
9.815037118604352795e-01
9.296589045522929418e-01
8.986641770286876163e-01
8.917779978854898371e-01
9.256236225397752593e-01
9.033764155629822046e-01
9.300942165340726486e-01
9.468236603734927481e-01
9.268668881708971297e-01
9.387936232601412634e-01
9.128570480355766570e-01
9.358620536077950636e-01
8.952457350099235489e-01
8.345667314518452340e-01
9.119539543702525064e-01
9.913022064383910648e-01
9.474566696543623712e-01
9.417865597959873547e-01
8.830121483432605833e-01
9.654926590179212509e-01
9.215147934794187812e-01
8.926746648787841076e-01
8.655636375148174633e-01
9.198910710369921917e-01
9.208534968554048517e-01
9.213895486516630040e-01
9.229254988783378577e-01
8.927984078043890159e-01
8.343468269084036715e-01
8.876209382222709499e-01
8.773915045501328169e-01
9.491966035299231885e-01
9.103202526123483906e-01
9.339797218692380554e-01
9.041740754107729927e-01
9.070788722338311016e-01
8.841952024582130365e-01
9.613048805895560989e-01
9.665129797497642450e-01
8.951331990328484922e-01
9.038067271585509266e-01
8.844725998829978675e-01
9.129499623602546077e-01
8.712926490896876208e-01
9.249797329727740269e-01
8.829823793519370190e-01
8.624329544396942548e-01
8.634390463540444483e-01
8.217659640817039923e-01
9.087463117190826001e-01
9.051884431451543422e-01
9.253752254123949195e-01
9.654926590179212509e-01
9.079752135376637501e-01
9.377577333313086294e-01
8.694330375174710301e-01
8.559489805644828753e-01
9.408665429740489250e-01
9.521951227019604946e-01
9.060583302480251788e-01
8.749667022373850411e-01
9.635983710407511893e-01
9.410672720789065027e-01
8.320758220732158428e-01
8.873027795717306487e-01
8.638783802625982222e-01
9.478850082188873261e-01
9.538493641610028551e-01
8.836429134626592186e-01
9.429143906008738973e-01
8.846325832894371688e-01
9.544072487641938052e-01
9.028924081260262247e-01
9.412120314129320819e-01
8.498734997575776440e-01
8.831474216293284663e-01
9.345495643871818414e-01
8.987489835927671145e-01
9.001570338516141634e-01
9.018489037592224422e-01
9.328396590405519939e-01
9.183748500615196431e-01
8.884329594335991231e-01
8.816974238040530265e-01
9.098539038501558540e-01
9.233044005236950014e-01
9.559591406181628948e-01
8.891242780049156691e-01
9.733918480165479892e-01
9.029327521788456101e-01
9.322394904458337628e-01
9.035979481602454122e-01
9.196744930108704530e-01
9.116623292726468986e-01
8.868386892277151379e-01
8.754480423286250534e-01
7.628142009322960160e-01
9.234108950518968850e-01
9.156195961291773155e-01
8.446660400257315349e-01
9.017994789894135943e-01
9.000940871905190876e-01
9.117452694905048283e-01
9.237809105956875655e-01
8.874672589198207007e-01
8.695552994367709010e-01
9.465466142389822313e-01
9.222625572598731614e-01
9.979703540354784019e-01
7.933750027740003041e-01
9.379429192239060464e-01
9.384228974798544121e-01
9.024255213255588659e-01
8.934589132461777661e-01
9.247917877141033083e-01
9.722567422113675972e-01
9.501994225839559549e-01
9.600303943001163853e-01
9.628442349670384148e-01
9.601821593426546064e-01
9.435296927204399609e-01
8.621009475804815025e-01
9.329544949815179455e-01
9.389369352268089886e-01
9.267504951569627281e-01
9.258649717383259370e-01
9.327081158748290468e-01
9.501722599154704962e-01
9.634056252666302056e-01
9.254433312790862898e-01
9.305039421711945868e-01
9.288771235086829003e-01
9.345076220802912559e-01
9.436986817202308586e-01
9.267996473482197350e-01
9.401318340422643027e-01
8.194791459297450231e-01
9.055379425973344443e-01
9.454784608966897430e-01
9.024255002382363111e-01
9.263861371316304272e-01
9.189214847966784561e-01
9.412483240838095400e-01
9.429834401540245770e-01
9.374217615593969377e-01
9.232823330953614516e-01
8.706049597449445621e-01
9.732074590399192315e-01
9.297055292426504858e-01
8.921732964931116117e-01
8.659249254529546302e-01
8.660349721138828061e-01
9.135143420856123297e-01
9.387357268783368403e-01
9.557637970980384923e-01
9.904639573199902625e-01
9.075343818630644543e-01
8.999505396767094600e-01
9.665880935978834465e-01
9.202854116634526793e-01
9.702726837829848128e-01
8.725047354674743127e-01
8.778433299023278291e-01
8.501660351907751600e-01
8.796660693332559733e-01
9.273123369585422049e-01
8.834772267292626546e-01
8.409747469441039014e-01
8.950749065909251456e-01
9.448847130271105232e-01
9.678998103804719033e-01
8.720079730559952003e-01
8.875883045736745469e-01
9.440197015995437368e-01
8.825771870533013486e-01
8.868513015692197632e-01
9.095358920851952522e-01
8.681771904485243718e-01
9.300697775680706325e-01
9.333742466870814658e-01
9.477153842674267414e-01
8.996175984394404468e-01
9.317622194160521953e-01
9.205953237692118263e-01
9.088181827926326006e-01
9.091973524422333197e-01
9.301297801346535277e-01
8.918376696858385522e-01
9.291103429383240631e-01
8.987122051799559808e-01
9.229703527933095231e-01
9.655778984814473720e-01
9.416992033050408661e-01
8.953425391426396152e-01
9.278097394834724509e-01
8.358577160858188249e-01
9.243485625010566809e-01
9.361532974411989061e-01
9.643182973455031171e-01
8.783880281727213246e-01
8.703408724460125478e-01
9.070768014910731702e-01
9.292311322604388524e-01
8.680553677155437020e-01
8.946355482560813810e-01
9.349728914714098282e-01
8.926940615332960016e-01
8.540046791761332079e-01
9.677920549343794754e-01
9.423000101839413833e-01
9.380348979776116369e-01
8.558901042972669737e-01
9.083263006263845307e-01
8.313058625453777495e-01
9.389357932111206395e-01
8.989199195938837317e-01
9.300121378961387908e-01
8.980066207797983147e-01
8.380753093828195999e-01
9.566421635766491072e-01
9.525976484403926303e-01
8.606207905191523011e-01
9.191993412869423619e-01
9.282125672767281843e-01
9.520537462562703723e-01
9.116126951414899038e-01
9.498978471151009462e-01
8.929763598580284789e-01
9.420904100519214008e-01
8.620652244707114331e-01
9.100014281660356863e-01
9.292264199757847010e-01
8.090985319266551512e-01
9.164719767010149898e-01
8.965578729223899757e-01
8.966715743548941964e-01
9.528997925692517246e-01
9.116482432483405951e-01
9.920764098134452480e-01
9.615912616399450163e-01
9.345682753455365477e-01
9.259441673985517873e-01
9.189555889745217865e-01
9.797078816089584974e-01
8.796420283498846970e-01
9.230890028732450237e-01
9.044372274829288738e-01
9.336122804662924102e-01
9.021792321443212748e-01
9.647611191508528306e-01
9.545237990851240806e-01
9.593398563559193404e-01
9.054393196540612143e-01
9.476001568265182140e-01
9.095912831078045713e-01
9.110929655037726116e-01
9.093915858573510258e-01
9.256690043452832084e-01
8.883206258283716794e-01
8.913489932321311260e-01
9.211440099546853721e-01
8.569801241494978683e-01
9.099763233606652513e-01
9.131820174791401845e-01
8.482682894266966311e-01
9.081220336923556680e-01
9.169369226978986154e-01
9.413171771680403088e-01
8.636790819400594899e-01
8.739440265691111875e-01
9.547300251894738077e-01
9.371762293774493768e-01
9.075038895471512213e-01
8.960735990228728687e-01
9.318344875792782256e-01
9.609795587093219460e-01
8.788213276556943176e-01
9.487389688758671724e-01
9.039249348326083844e-01
9.096756347852791302e-01
9.597501089354789627e-01
9.294340822119426804e-01
9.508023318548652902e-01
9.438240650889816452e-01
9.402507675652479469e-01
9.358536426891340687e-01
8.716886875652698485e-01
8.987427256259773456e-01
8.469269939440892125e-01
9.363565118292614953e-01
9.237718978374952483e-01
9.175280048503224872e-01
8.735004146933476044e-01
8.986879737207971175e-01
9.406618377129564168e-01
9.157355554024931843e-01
9.342106810185373256e-01
9.671651069270985612e-01
9.155568462167276156e-01
9.517917641455370115e-01
8.958158920457625074e-01
9.249117297947156979e-01
9.156585197586936120e-01
9.173413292793121121e-01
8.358861911050199378e-01
9.278868676994643794e-01
9.767514666701480053e-01
9.169932604102586371e-01
9.189936929253011977e-01
8.965037545203538016e-01
8.323128509044056544e-01
8.830657538053736655e-01
8.991620461557314758e-01
8.775434883371252548e-01
9.237865500499390370e-01
9.520641579138332533e-01
9.209717236224024273e-01
9.236674632871180179e-01
9.786257684464688689e-01
9.380877303647405796e-01
9.274436574267527211e-01
8.838669417041679077e-01
8.731369884411210869e-01
8.175483586760257104e-01
8.937535823532151147e-01
9.046000731493228919e-01
9.152257292806325051e-01
8.950526796653455186e-01
8.886385984944141780e-01
8.861246359408807560e-01
9.098542539812471963e-01
9.606837031436115115e-01
9.431495086538431716e-01
8.412065176000170785e-01
9.796548275964979124e-01
9.631976126813457384e-01
9.399319795550549195e-01
9.389736978092793063e-01
8.983464173905238992e-01
9.387936232601412634e-01
8.875229464551379621e-01
9.237852199069088721e-01
8.724328162748212767e-01
8.880747523124512544e-01
8.988560365093911653e-01
8.972905350293364224e-01
8.891184994977578970e-01
9.139549730289138196e-01
9.171448500487945354e-01
9.201296834913152978e-01
9.736755034747164306e-01
9.670010654588574450e-01
8.531569261760596490e-01
8.895889988779814850e-01
8.933711801830132027e-01
8.927479488725842405e-01
8.371926490519070452e-01
8.904313576987400447e-01
9.169867399334609148e-01
8.889799174920325342e-01
9.290852676887785266e-01
9.280655652392755250e-01
9.317388594128902524e-01
8.980178408256113132e-01
8.945349790091872144e-01
9.064450306495264176e-01
8.579881847112538207e-01
9.160761661762579777e-01
9.374640762389053750e-01
9.298665583795288070e-01
8.673962092493525677e-01
9.011302682542040587e-01
9.272916273519846708e-01
8.923112402636699247e-01
7.822326960084415859e-01
9.104076390398574414e-01
8.923577818617192126e-01
8.978658411315139087e-01
8.415630629473135338e-01
9.119831342138745578e-01
9.055722204136479325e-01
8.513973805467481837e-01
8.619621095219957008e-01
9.553301457519551843e-01
9.068325986892471491e-01
9.909257428881294016e-01
9.240252746447270571e-01
9.415226165619078325e-01
9.431629486671797569e-01
9.309631368743230828e-01
9.198090972463095483e-01
8.420577342203562354e-01
9.233184670038295794e-01
9.498212808793629058e-01
9.251070384511620448e-01
8.706352553995634347e-01
9.654926590179212509e-01
9.188726526661182836e-01
9.387187779655679076e-01
9.129203173311686292e-01
9.021669969168384373e-01
8.297399142543498973e-01
8.572432669290549478e-01
8.804105779555634337e-01
8.877469563592590429e-01
9.049750378109614468e-01
9.177760388298766836e-01
9.882634635458693584e-01
8.734066625410765727e-01
9.667326322047996578e-01
8.596958929418011541e-01
8.650338380277152739e-01
9.063428833659723516e-01
9.078536237401100273e-01
9.304083776204316036e-01
9.700363471925890213e-01
9.882008163146512869e-01
9.008720391490344648e-01
9.331003493798640802e-01
9.279779839832632549e-01
8.549006811741211020e-01
8.812727330754551724e-01
8.886385984944141780e-01
8.522305434769515964e-01
9.400947867197603225e-01
9.094656416994005843e-01
9.240754943947285804e-01
9.339678878003095930e-01
8.663552861178167586e-01
8.724978124688750336e-01
9.160655997361805136e-01
9.325237657662160951e-01
8.830657367701580940e-01
9.243952944046192055e-01
9.163379501581309095e-01
9.111087231727289515e-01
9.028641361060557591e-01
8.860672537157331385e-01
8.963427132037870004e-01
8.603725544429509098e-01
9.151155440160931853e-01
9.315825054160377094e-01
9.208806764520147681e-01
9.259040827572212473e-01
9.790548363008860777e-01
8.547669126679946494e-01
9.549464601776411765e-01
8.237037522865213734e-01
9.059074787663282669e-01
9.517127652103772872e-01
9.148272734856792709e-01
8.739440265691111875e-01
8.990645703505066866e-01
9.366437569707497524e-01
9.039401753346313351e-01
9.567208248781415847e-01
8.414069978746909761e-01
9.463758904463290822e-01
9.131073953077819549e-01
9.105191169534561091e-01
9.169268033039688071e-01
9.492513539197088290e-01
8.380753093828195999e-01
9.063877378239145743e-01
9.252364278371508766e-01
9.445642026951125425e-01
9.240080800221874835e-01
9.899791233307806415e-01
9.312145819177292116e-01
8.819128892847908352e-01
9.190884679038819893e-01
8.355761413261927339e-01
9.500108808761426049e-01
9.513668047256671478e-01
8.726568647779184840e-01
8.627829930268354763e-01
9.225758167388021791e-01
7.780751603521811610e-01
9.561002345176652373e-01
8.891007866770244128e-01
9.462519810714702384e-01
8.224332320559234466e-01
8.554509184354965878e-01
9.004600145736185723e-01
8.451528329280693086e-01
9.471024062201556237e-01
8.946977411194221297e-01
9.502880228862997658e-01
9.367673666696997303e-01
9.017994789894135943e-01
9.376840974486932989e-01
9.178199916821476734e-01
9.118560808514548643e-01
9.180804217961076041e-01
9.063141297175431044e-01
9.262205755664132401e-01
9.218198253574437784e-01
9.677729670917474269e-01
9.159976785043864034e-01
9.309549418026822343e-01
9.229748934820739548e-01
8.817847045766623593e-01
7.594132762868751607e-01
9.301297801346535277e-01
8.860528190453006436e-01
8.999466481444325927e-01
9.806157348219828318e-01
8.912825253323377606e-01
9.166618364538352548e-01
8.680097126562391630e-01
8.973378328819857641e-01
9.408378429865865700e-01
8.917917985062616681e-01
9.511373431627274666e-01
9.102630726351176316e-01
9.466046717597624838e-01
9.305907034606599737e-01
8.963809718555281192e-01
8.540932439739556958e-01
9.444645127962156828e-01
8.752737435789557097e-01
9.452971248209993682e-01
9.220287729804026444e-01
8.781039907925777266e-01
9.303343650124240582e-01
9.219923852413288712e-01
8.827200783862387823e-01
9.095612480903860764e-01
9.135933874615465022e-01
8.955899019419012452e-01
8.739210696066752604e-01
9.010062307553542427e-01
8.740820463741506563e-01
9.054467688025442662e-01
8.522801371667240167e-01
9.311468816702576090e-01
8.937535823532151147e-01
9.116333234501061700e-01
8.607897141383910045e-01
9.006359463127067144e-01
9.041092972357562818e-01
9.481693672845601384e-01
9.100423455498498626e-01
8.787309611201381543e-01
8.692166990458596310e-01
9.627741295629559382e-01
9.024839486109170750e-01
9.125885493245411428e-01
8.454080343538408204e-01
8.324553878169277388e-01
8.700249169746345768e-01
9.773520717751268405e-01
9.380332190347687726e-01
9.118412868955403372e-01
8.828854396581253816e-01
8.789764889201427955e-01
8.685429156536674800e-01
9.388043078978004496e-01
9.257705988901100413e-01
9.042050139470831915e-01
9.789160571922662646e-01
9.064423633932245927e-01
8.469163712971038427e-01
8.606601794410275730e-01
8.921732964931116117e-01
9.189559677435298335e-01
8.788213276556943176e-01
9.021971466316711652e-01
9.105895224430793355e-01
8.434073393431985588e-01
9.260747440250728379e-01
8.857418795420838320e-01
8.313058625453777495e-01
9.085625638435281815e-01
7.510163686731549104e-01
9.050679970914660144e-01
8.365216247621984902e-01
8.819000933210652260e-01
9.079341165682979220e-01
9.533497795534285890e-01
9.273494696209125809e-01
9.198223810067103212e-01
9.431935836671346829e-01
8.657584347404150282e-01
9.507375347809089439e-01
9.521130071203859346e-01
9.898796945083017107e-01
9.426530110782057603e-01
9.176975720242896983e-01
8.797629806131042063e-01
8.960637758434474298e-01
8.500471742000796915e-01
9.453011241673507925e-01
9.564846238249176125e-01
9.663728519254631832e-01
8.650488541432128642e-01
9.125639640008105236e-01
8.734113441526215604e-01
8.817167431428664104e-01
9.555125056970283914e-01
9.003054923262913123e-01
9.131328480731839559e-01
9.043893070707414994e-01
8.144677048246239393e-01
9.444918225679864721e-01
8.553609821871844821e-01
8.963809718555281192e-01
9.359963502351091869e-01
9.236906939085469670e-01
8.700249169746345768e-01
9.133153434260103953e-01
9.260929858866353559e-01
8.690412014630425341e-01
9.238031167313276448e-01
9.573210645525310758e-01
9.586109810765319761e-01
8.745600208062264125e-01
8.768008687009267721e-01
8.825856694541800440e-01
9.918685704393879199e-01
9.488293666432967566e-01
8.364363838050665745e-01
9.415763912076643427e-01
9.165118920242466549e-01
8.424061353675021957e-01
8.788870166292405139e-01
9.121068790575469487e-01
9.496326299925677006e-01
9.586520853636513184e-01
9.510548989588291091e-01
9.510701588180688892e-01
8.626798641571238324e-01
9.528569314276460478e-01
8.985986159507273197e-01
9.006043798306900827e-01
9.844950878212795908e-01
9.053477894738044540e-01
9.514052067267874113e-01
9.337412970412612978e-01
8.983443708829378371e-01
8.799389091872192870e-01
8.979886135609718156e-01
9.329350533137554802e-01
9.229179478151064986e-01
9.516396149917315528e-01
9.568845310548985683e-01
8.637158998275227262e-01
8.801088133140597680e-01
8.956001714000707548e-01
9.216412412089300954e-01
9.151726875641925663e-01
8.632183368481901597e-01
9.086551957415462955e-01
8.504037032817386432e-01
8.959697371347247197e-01
9.649250549313121983e-01
8.578752571324693710e-01
9.174802904592669339e-01
9.029650050340549683e-01
9.100311182719562630e-01
9.354625392227217118e-01
9.437928749096147207e-01
9.354560055724552292e-01
9.392812531860238456e-01
9.029149759949297582e-01
9.000282051844076259e-01
9.318344875792782256e-01
9.154617669034057492e-01
8.118196535553307003e-01
8.415707476789557884e-01
8.720254030779988064e-01
8.664833251024418592e-01
8.802043616191358444e-01
9.323344988157782343e-01
9.715898398120353940e-01
8.422667262294514234e-01
9.067412700549027926e-01
8.966194682510200131e-01
9.171553923275321818e-01
9.416428034739872110e-01
9.071288435066486855e-01
9.598290043069651611e-01
9.257682521292311950e-01
8.661185604461919540e-01
8.739178190366173604e-01
8.407944780402728524e-01
8.603338192416352115e-01
9.941324461025836667e-01
9.608891505540382294e-01
9.392761115628585067e-01
9.945233065664337291e-01
9.404542105069391145e-01
9.468730149095828663e-01
9.418605343047297129e-01
9.282378905265469271e-01
9.636558583131953348e-01
8.768938246547129944e-01
9.105622341987543722e-01
7.833391387408021878e-01
8.940610504080989118e-01
9.006043798306900827e-01
9.223199402898495380e-01
9.468501982858124055e-01
8.834430796671173258e-01
8.915463208724750954e-01
8.868513015692197632e-01
8.987278388346486846e-01
9.475057178717278816e-01
9.558458430194554101e-01
8.588961181004797218e-01
9.621056285682009213e-01
8.450724324243278351e-01
8.954450814236865064e-01
9.229254988783378577e-01
9.002716470113950598e-01
9.293900243676423978e-01
8.796266829400186671e-01
8.649276628900982589e-01
9.391412271514097965e-01
8.806617976503611223e-01
8.660494169214156823e-01
8.900373879827127022e-01
9.609589120668466933e-01
9.030586004061635919e-01
9.190019943796706725e-01
9.883940814100345973e-01
8.869365106197062421e-01
8.676413006352307056e-01
9.069730137240619161e-01
8.228675941122640669e-01
8.735625974223952817e-01
9.702270263049738164e-01
8.467868580899390318e-01
9.104348731357065905e-01
9.552978748077091131e-01
9.670534384644380310e-01
9.283470956011277142e-01
9.062650658954852778e-01
9.187774469905708452e-01
9.138257798721023395e-01
8.956979659213236689e-01
9.085842168635710481e-01
8.681629523964564665e-01
8.201768390365401507e-01
9.104993707993719321e-01
9.725043986977522925e-01
9.283352667186755003e-01
9.587020036413056445e-01
8.478151877526731717e-01
9.260747440250728379e-01
8.783745537284119997e-01
8.693940996694417001e-01
9.024674984857677940e-01
8.846078945285518191e-01
8.968910228975246479e-01
9.109419632469141215e-01
9.148750820483732005e-01
8.738752102030141744e-01
9.115787618428938810e-01
9.396530803377076690e-01
8.832088682297356552e-01
9.829094185805657968e-01
8.603350958211291033e-01
8.973012433921698783e-01
9.406132316904656232e-01
9.100640508691189012e-01
9.115629001004895704e-01
9.176336885346462191e-01
8.696533900678239393e-01
8.774225578083270083e-01
8.227174185822508923e-01
9.442767947509224102e-01
9.127128779834707828e-01
8.384978477661478857e-01
8.583816905834326105e-01
9.270446113412312839e-01
8.969865831530580147e-01
8.445786286638412577e-01
9.283459418678442487e-01
9.002907254713883312e-01
9.396505200999030194e-01
9.381801511706251429e-01
9.106170861082791834e-01
9.226665618013215608e-01
9.024404555159176722e-01
9.718687966186421168e-01
9.528703002756394591e-01
8.923647906275646857e-01
9.129452323630175004e-01
9.673457187871715712e-01
8.607187815860649627e-01
9.598984391605867028e-01
9.150275119520598910e-01
9.069064137409222903e-01
8.303839778470523125e-01
9.511312584193196695e-01
8.969183310615091997e-01
8.393853451503091589e-01
9.410452261866251167e-01
9.880086959501920285e-01
8.784090058403661860e-01
9.545378485233143584e-01
8.664844329811614010e-01
9.203615130775996134e-01
9.038303576379448367e-01
9.123924949569609533e-01
9.618659222748328075e-01
8.724943507074258697e-01
9.449731302675031808e-01
8.910510081754505762e-01
9.009170701659360292e-01
9.215460468338159128e-01
9.440702575630581794e-01
9.130037444392198331e-01
9.481020165611115935e-01
8.242780635123132527e-01
9.761979807291218947e-01
9.286571180022974437e-01
9.452331831171952858e-01
9.173787270934429250e-01
9.101608705661481391e-01
9.223399391330978636e-01
8.584997843534297735e-01
8.637926396108984717e-01
9.413541952111298405e-01
9.295538807208800769e-01
9.277012070657293386e-01
8.978346881908297883e-01
9.189020806387145912e-01
8.968080393033958098e-01
8.876506796003976740e-01
8.588304477242232338e-01
8.835259981127268070e-01
9.624241552720093074e-01
8.648218864345996737e-01
9.189020806387145912e-01
9.162180776811331695e-01
9.089282214861957865e-01
9.061620175280606926e-01
9.600016003513864860e-01
9.497353825092998969e-01
8.360758132647351237e-01
9.236453119376090148e-01
9.324785596880624805e-01
8.576076329124814324e-01
9.068823373575223279e-01
9.307261391966216157e-01
9.118527086352954392e-01
9.291783094183101444e-01
9.576392936379743981e-01
9.412634048246460994e-01
9.742126777044058938e-01
9.115401666746132392e-01
9.342511006473402935e-01
9.033060742607430527e-01
9.062550090294446692e-01
8.943424639025474576e-01
8.845781812801313260e-01
8.867970798332986959e-01
9.073420214469432032e-01
9.349071259608068285e-01
9.509926375494874851e-01
9.620888493167090161e-01
8.861315105132102632e-01
9.092733553581178185e-01
8.734602966083462317e-01
9.417882961493905247e-01
9.232968177882766581e-01
8.895889988779814850e-01
9.284479790438210367e-01
9.288624827640546977e-01
9.614986373985602297e-01
8.948473419748163016e-01
8.285429052289512430e-01
8.782911660905485807e-01
9.293538480853149597e-01
9.080527879610909014e-01
9.634718688888534999e-01
8.926822133866251230e-01
9.201238782181910825e-01
9.823285030484079083e-01
9.071892374785092139e-01
9.439606385593670712e-01
9.126667301337076932e-01
8.783845530934896173e-01
9.778892242487944308e-01
9.037152762080151724e-01
9.126005611779541837e-01
9.302690694494459844e-01
9.302471106146784630e-01
8.988219402934519708e-01
8.926478949737954860e-01
9.214935906120602649e-01
9.292905546073699785e-01
9.358872740770428633e-01
9.227603135654259825e-01
9.177448231942236800e-01
9.317607025763695594e-01
9.202586482309712546e-01
9.117540041748676272e-01
8.858597338490876716e-01
9.277351114629277529e-01
9.235096646542169108e-01
9.063988120439836482e-01
8.848403719897264263e-01
8.994598851062906020e-01
9.474715025581993411e-01
8.781676981831354478e-01
9.485826740331015916e-01
8.802043616191358444e-01
9.421314823857732668e-01
8.374662130676996386e-01
8.383065687589847936e-01
9.160961809449100768e-01
9.555125056970283914e-01
9.278691114086153879e-01
9.584491998053720208e-01
8.921153418681081471e-01
8.535625140611418082e-01
9.228492028778463308e-01
9.409099038206047982e-01
9.218532620551684875e-01
9.500165201427366313e-01
9.439714152562954652e-01
9.380135689372196550e-01
9.124905179148904422e-01
9.506696711516255949e-01
9.974350247905970912e-01
9.605103313177475455e-01
8.746154022285614893e-01
8.956362561326530747e-01
8.998761205932738205e-01
9.113220265258644703e-01
9.343724153214610917e-01
8.874672589198207007e-01
9.631992748865074727e-01
9.450188528879539529e-01
9.297522775943410922e-01
9.725473902871146770e-01
9.022714257015381767e-01
9.196998521627466339e-01
8.851410377117774342e-01
9.264970174268949421e-01
8.788721915589933209e-01
9.661637531995946881e-01
9.530644032694930434e-01
9.098056625906270067e-01
9.076454364959917198e-01
9.457902607050583388e-01
