8.486244643593517933e-01
9.784435263443602704e-01
9.451544175901195333e-01
8.167346476890765539e-01
8.890242665251155696e-01
9.182227971126476485e-01
9.495629779637851930e-01
9.252947864573798364e-01
9.195608071858245580e-01
9.135036095043750359e-01
8.721403306085750984e-01
8.886522728368962953e-01
9.831630907417391319e-01
9.419773625350812418e-01
8.998630936408332781e-01
8.655056084896378676e-01
8.887043012000281905e-01
9.746050167323132563e-01
9.515255394407530209e-01
8.591620482272078752e-01
9.446235873977051334e-01
9.216559293056800772e-01
9.091151471845596577e-01
8.924409082431897788e-01
9.357234800790881213e-01
9.169961476160163327e-01
9.449668718206811757e-01
9.381923663009971159e-01
9.274665113551241458e-01
9.187525287913919092e-01
9.439012975630242108e-01
9.463839423687990804e-01
9.527620436811368165e-01
8.732423431490515808e-01
9.154676044427396686e-01
9.202860276646761539e-01
9.538237207211501811e-01
8.822045696786936508e-01
8.988233808637559052e-01
9.205491621748490561e-01
9.319885052792772351e-01
9.176634783579201704e-01
9.430062179851526061e-01
9.172349479935627548e-01
8.917779978854898371e-01
9.261534750556164042e-01
9.181355291440980171e-01
8.573898895493491379e-01
8.964336378460365795e-01
9.396863837900558680e-01
8.862940005705406410e-01
9.301356698945877355e-01
9.137913212869478441e-01
8.503542221789963662e-01
9.387357268783368403e-01
9.581877695706968456e-01
9.051904390973313230e-01
8.705955666920001113e-01
9.394794376929804791e-01
9.679993314010276739e-01
9.268920030155575196e-01
9.676776789245087329e-01
9.176435422548281373e-01
9.272456900450494199e-01
9.091444459329280914e-01
8.714830359673958471e-01
8.760678337608185373e-01
8.455561848014142567e-01
9.116448562621860541e-01
8.972232450395349890e-01
9.571810870383206105e-01
8.783948107908173819e-01
9.075929584391280169e-01
8.489708606417345482e-01
9.028966282908903462e-01
8.804197960873230144e-01
9.373635446095041068e-01
8.874911312718251066e-01
8.453264980105208437e-01
9.311777884460870069e-01
9.413176961379710050e-01
9.399984500362451589e-01
8.994082883282850105e-01
9.674804550690654370e-01
9.787033778872974432e-01
8.895051458059042293e-01
8.823091198170451843e-01
9.041760442112740659e-01
8.422667262294514234e-01
9.310188031429449396e-01
9.192669790468643853e-01
9.223945539088610479e-01
8.946238074204440061e-01
9.612184716346743318e-01
9.008900861875481780e-01
9.176208872464119981e-01
9.015330276920722197e-01
9.270383100711102609e-01
9.068869583290894987e-01
9.618559985335800588e-01
9.225758167388021791e-01
8.976172766998659069e-01
9.522772939313791651e-01
9.107406581341952467e-01
9.214704310092403095e-01
9.496455055923078703e-01
9.536831307725820439e-01
9.419641728076181275e-01
9.485621964324711941e-01
8.817065677255093714e-01
8.508572267392057187e-01
8.570101221902090005e-01
9.371081057706539541e-01
9.347293568394562380e-01
9.521325220247707222e-01
9.143467139246836961e-01
8.485774723533356934e-01
8.431073977685340504e-01
8.446518641083100576e-01
9.230890028732450237e-01
8.422667262294514234e-01
9.538353724271620981e-01
9.398120326126699897e-01
8.533347544716106681e-01
9.699275889684985108e-01
9.474185205755232264e-01
8.762176427177073013e-01
9.547839203834779243e-01
8.796563883340574597e-01
9.326489283325575252e-01
9.538135595748633566e-01
9.765976801518636563e-01
9.294434651296640260e-01
9.220423569173246126e-01
9.404237701733804133e-01
9.387357268783368403e-01
8.972905350293364224e-01
9.268624017769938606e-01
8.943815070207071782e-01
8.388786531024741144e-01
9.236294110733540563e-01
9.220197724760046398e-01
9.318213002947375312e-01
9.544072487641938052e-01
9.837279642554597192e-01
9.380925025572250942e-01
8.960568053235794528e-01
9.888226445020041888e-01
8.278518735757541824e-01
9.406626128197634884e-01
8.938744499411362954e-01
8.828770224106857745e-01
9.121966730925280542e-01
8.772354919518440264e-01
9.179078843733214921e-01
9.301465640116048927e-01
8.960932880273320134e-01
9.633013976142660306e-01
9.367779723094119548e-01
8.943156061969130821e-01
9.580395162421330157e-01
8.666322089784900262e-01
8.941615683521880742e-01
9.205092075284978526e-01
9.456232049574653242e-01
8.762302431477858589e-01
9.593168399707023841e-01
9.316570776596471148e-01
9.252252996296209675e-01
9.138772144946579745e-01
8.993633502568747495e-01
8.562467844208032641e-01
9.189215585479889592e-01
9.364199986424374123e-01
9.880995741188296488e-01
9.305039421711945868e-01
9.002024472739837968e-01
9.497758057664537068e-01
9.444312922572809521e-01
9.163165190667108551e-01
9.283195360901095317e-01
8.177632454297316666e-01
9.579164598484847248e-01
9.100731336045493336e-01
8.573521269843038528e-01
8.626055850034985983e-01
8.118196535553307003e-01
9.430260327484808469e-01
9.224876340630415728e-01
9.816744629554803314e-01
8.512647784449708377e-01
9.700841460491671508e-01
8.668539240772307197e-01
9.413511613348348739e-01
9.185166954588113164e-01
9.407697441508826586e-01
9.378304558156772552e-01
8.596255476440295418e-01
8.727310654523761091e-01
9.183482522623763744e-01
9.684834366038893583e-01
8.657193833026900487e-01
8.964423969572760109e-01
8.808088223612003942e-01
8.839851686276991583e-01
8.895791022342152132e-01
9.093592130233728588e-01
9.300291618129489235e-01
9.227943899672811368e-01
9.635382037950839251e-01
8.870157940252944018e-01
8.971145155432522778e-01
9.003915520910839021e-01
9.523125052351723019e-01
9.428991044985156611e-01
8.831894327918820009e-01
8.937887238347351770e-01
9.044263132865730803e-01
9.391402658343080967e-01
9.270839098588780081e-01
8.753924611851914284e-01
8.208955650185499886e-01
8.846234762148410535e-01
9.365814668290239897e-01
9.400672794961679735e-01
9.178703349851543569e-01
9.297801067693984844e-01
9.094408290887896484e-01
9.609382339451608690e-01
9.402425750856215902e-01
9.265262253739617870e-01
8.359673001776217749e-01
9.253588703996181719e-01
8.885713723129342601e-01
8.641597594756763590e-01
9.371540252003949245e-01
9.101460446920360825e-01
8.819128892847908352e-01
9.190280027626430703e-01
9.516221681766742213e-01
9.214542186525415124e-01
8.573508834913566856e-01
9.344075254010535403e-01
8.874692528764623889e-01
8.866150022502126138e-01
9.522854429808715881e-01
8.908633342612147787e-01
9.231336227125842564e-01
8.496996960390199582e-01
9.691469752672339233e-01
9.178504605276758266e-01
8.916782665529203733e-01
8.989357632052030755e-01
9.563621140935020248e-01
9.080857188027882110e-01
9.517147531096978863e-01
9.513296428657908033e-01
8.917587379240589085e-01
8.803152906624572838e-01
7.986664497840075816e-01
9.111357772462135296e-01
8.615152581569915924e-01
9.274529747053497086e-01
9.796548275964979124e-01
9.073568174387492968e-01
9.106246886079550906e-01
9.425849686309942799e-01
9.174032270404893774e-01
8.889297742109298905e-01
9.278793782426100201e-01
9.282702248221610386e-01
8.595238446232779106e-01
9.440459763429617235e-01
9.163845682390852065e-01
9.220684750751452219e-01
9.145242995142185416e-01
9.533571980509003563e-01
9.334203256947082306e-01
9.021421382939084355e-01
9.528480153802613151e-01
9.103978509532597574e-01
8.120619923771382753e-01
8.626757711964508912e-01
9.081875457050067046e-01
9.347733216274977108e-01
9.306986580320416591e-01
8.853317862967108320e-01
9.523974658649271285e-01
8.994437766697761516e-01
9.049808527139407976e-01
8.765240801870518572e-01
9.601968420676405547e-01
9.249602981145084168e-01
9.335082626821153973e-01
8.896690917710721180e-01
8.987278388346486846e-01
8.758765753690710421e-01
8.124059779902530476e-01
9.561234646732633680e-01
9.241933697045611185e-01
9.716089054984855533e-01
8.778500534541657796e-01
9.496326299925677006e-01
9.800456681277446291e-01
9.203712885109476272e-01
9.497353825092998969e-01
8.498822990824449475e-01
9.134966957941501597e-01
8.603383640559311152e-01
8.814825386897192638e-01
9.430480245359641467e-01
8.869605796224186989e-01
9.958026212339535777e-01
9.151121032589877302e-01
8.923577818617192126e-01
9.032966811069981228e-01
8.988210191841318197e-01
9.071344162292617197e-01
8.770565664315279619e-01
9.672177047535581718e-01
9.482716278631665441e-01
9.739906009174172929e-01
8.982140505126183783e-01
9.048442121810994498e-01
9.518187890846663279e-01
9.110855576460211713e-01
9.279585663186920019e-01
9.490411093094104356e-01
8.602924574261702206e-01
9.605006684322986432e-01
9.315666990971687156e-01
9.146186261284913188e-01
9.234057766935719336e-01
8.855776441810480071e-01
9.013869847133947344e-01
9.759038777182570401e-01
9.460907089446638496e-01
9.570354488108608892e-01
8.999057303638677840e-01
8.987927693042631061e-01
9.245916092921833140e-01
9.618756666608241357e-01
9.181415438679836338e-01
8.571578556111111302e-01
8.076192362969741856e-01
8.871401990853889918e-01
9.124779780606606661e-01
8.887976683825080659e-01
9.518005331961614246e-01
8.443386323470717381e-01
9.125190954267722310e-01
8.897577790163617717e-01
7.808977352303854147e-01
9.320150582416433238e-01
9.430359429159940188e-01
8.903711633261420788e-01
9.368021947912066327e-01
8.537103355149885386e-01
8.817538598065211009e-01
9.136573565602312819e-01
8.728178805290918163e-01
9.288862604222052344e-01
9.128062737012215822e-01
8.662775459397409339e-01
8.866849132401095623e-01
9.547216694300051376e-01
9.085065828028137114e-01
9.436153670828842932e-01
9.173491310486719952e-01
8.214423679115145926e-01
9.331666880498613592e-01
9.464852396998325590e-01
9.304484418393256240e-01
9.078363869993435475e-01
9.790548363008860777e-01
9.280497960172476857e-01
9.566076167555968013e-01
9.544072487641938052e-01
8.891081738024558812e-01
9.102222301362319357e-01
9.017551599643822691e-01
9.128570480355766570e-01
9.442921669406317831e-01
9.466097701244784446e-01
9.135667958531094035e-01
8.692404659438984771e-01
9.026603113951700008e-01
9.196077441859267232e-01
9.412820619554735924e-01
9.466581595898776458e-01
9.264864425878120979e-01
9.217463793747410206e-01
9.038067271585509266e-01
8.654899207401148820e-01
9.402146665836357275e-01
9.637762197204113868e-01
9.495220226556260190e-01
8.853680875273303164e-01
9.366587820091321070e-01
8.624374995551522538e-01
9.600314755067693717e-01
9.085171778832347167e-01
8.690412014630425341e-01
9.098056625906270067e-01
9.306068411170480559e-01
8.852828176489005996e-01
8.743261587030750626e-01
9.425902622217622318e-01
9.260163138605923550e-01
9.106160377453069721e-01
9.347637278549997264e-01
9.035565593110652660e-01
9.344190967274828008e-01
9.480471308757316695e-01
9.652624329346327636e-01
8.780957137764403564e-01
8.360778983370172890e-01
8.961985693724603408e-01
9.244597639079885631e-01
8.980635336767734955e-01
8.736000763037150563e-01
8.776227186066420938e-01
9.134930085453357718e-01
8.966290553058076096e-01
8.437315972603007808e-01
9.264126802219714296e-01
9.452504256776671498e-01
8.765928184164495374e-01
8.423213771028507102e-01
9.002398345206088504e-01
9.380348979776116369e-01
9.056891731270564350e-01
9.083377814489959068e-01
9.543039831004150875e-01
8.927984078043890159e-01
8.889263836366407823e-01
9.068069472338289305e-01
9.104270620631282895e-01
9.170741460997511307e-01
9.413252399228925205e-01
9.517391324037729472e-01
8.664917217369764169e-01
8.310841283870513685e-01
9.673627170720593416e-01
8.784292284099489700e-01
9.926407658081972674e-01
8.935990166082021791e-01
8.213710294106271181e-01
9.298779472710114735e-01
8.842532006530274824e-01
9.653059892264553854e-01
8.789795876365354976e-01
9.251746517883423504e-01
8.895207592383399531e-01
9.135338699361990056e-01
9.252945656784136164e-01
9.220354199662392780e-01
8.616094260302110674e-01
9.341479303450341831e-01
8.679753494560262794e-01
9.358828546375300705e-01
9.411380895597639684e-01
9.338634245000962952e-01
9.304367462763883934e-01
8.808454178764396625e-01
9.323062055509284685e-01
8.196559987165575878e-01
8.655157823903445458e-01
9.264476417059642754e-01
9.249747324159316442e-01
8.596506711000926337e-01
9.383021446980186475e-01
8.963872055090956747e-01
9.072482104954836535e-01
9.652764029229372600e-01
9.977768104106647939e-01
9.483686810261785505e-01
9.201991953152400816e-01
8.836124772748716882e-01
9.004188399325402381e-01
9.136680860607054866e-01
9.371400443809381198e-01
8.654520658351759765e-01
8.707286292884495182e-01
8.700590251953155274e-01
8.710460121718950344e-01
8.643390529563064195e-01
8.999334738522728472e-01
9.032439293351117726e-01
8.950845444865762612e-01
9.137223947926599310e-01
8.604660317677603754e-01
8.269725422637940193e-01
9.544041330867624184e-01
9.122205495335707903e-01
8.679481109608905287e-01
8.587584976344299070e-01
9.448118097958123629e-01
8.881993993200034687e-01
9.125656249797472475e-01
8.277825794887394562e-01
8.621333122526896320e-01
8.981343877002767595e-01
9.557637970980384923e-01
9.007320520550422538e-01
9.105601112019201526e-01
9.477153842674267414e-01
9.111422104073141348e-01
9.024350004196511899e-01
9.315504256706532704e-01
9.390671244516028970e-01
9.549732446487830817e-01
9.670534384644380310e-01
9.517945486705738922e-01
9.428224342902981059e-01
9.529054959706095840e-01
8.897577790163617717e-01
8.672314446342683780e-01
9.100381233567108596e-01
9.071288435066486855e-01
9.090903374980171536e-01
9.601354943400997044e-01
8.700663957450427421e-01
9.263126813567477136e-01
8.621441227264486917e-01
9.669769108950950764e-01
9.369694436950262162e-01
9.129665168367494532e-01
9.004600145736185723e-01
9.108042749542023531e-01
9.371400443809381198e-01
8.903058664050315096e-01
9.563799153972558642e-01
9.528117406682297119e-01
9.250051431485253328e-01
8.887814920970595889e-01
9.432858741434699823e-01
9.044546682169064544e-01
9.321962082459812615e-01
8.158402384751187730e-01
8.672551528402400178e-01
8.715780333124328871e-01
8.853647441571808052e-01
9.903304537772019689e-01
8.809688376780399066e-01
9.170842190587182863e-01
9.138917070854821745e-01
8.376449811581482274e-01
9.124779780606606661e-01
8.734359247942304894e-01
9.038680012439888056e-01
9.345285139137369246e-01
9.264856265600885932e-01
9.390950415399194062e-01
8.597385972762888739e-01
9.140383420947429949e-01
9.972789033069401343e-01
8.738752102030141744e-01
9.308945099374695831e-01
9.014462662935004422e-01
9.301029908939323354e-01
8.830855875006723421e-01
8.654520658351759765e-01
9.480553412918723000e-01
8.793800957871128476e-01
9.787207034455239762e-01
9.264066499348626582e-01
8.655056084896378676e-01
8.998309653649406714e-01
9.032821896728594480e-01
9.089303287970074141e-01
9.379375405962638856e-01
8.876115001567437268e-01
9.015075281645201777e-01
9.150098477667306662e-01
9.495593480272708220e-01
9.743284144799555513e-01
8.858324899468346114e-01
9.193107213822926393e-01
8.798347232753463976e-01
8.456813053120005863e-01
9.779771611223606609e-01
8.868054039869049943e-01
9.532823315123323260e-01
9.538909038627803039e-01
9.641260656137771168e-01
9.411364444410432739e-01
9.449295859572750533e-01
8.536229714734007157e-01
9.140480511284312382e-01
9.112902067715855647e-01
9.341655902041972048e-01
8.806371441461426919e-01
9.042668844432374398e-01
8.820757758424589978e-01
9.807897307181695501e-01
8.570829258385063154e-01
9.611892364310699044e-01
8.873775513605813847e-01
9.183913449207784518e-01
9.167512674685392993e-01
9.011765697219387139e-01
9.238182281028866072e-01
8.876058734700561503e-01
8.434119349412302347e-01
9.417742456840066945e-01
8.807830688741087322e-01
9.001640947644055091e-01
8.699552013813930396e-01
8.890414561265068683e-01
8.686368372540170801e-01
9.128405382195508011e-01
9.202398695042920407e-01
9.250206911152595302e-01
8.956639298275500538e-01
9.385686041827486781e-01
8.716187782464441813e-01
9.129708077861568016e-01
9.071434839567504849e-01
8.406180804265549478e-01
9.219005433496657576e-01
8.395662712389774240e-01
9.358461645968635390e-01
8.983141658063981128e-01
9.175435916485419341e-01
9.332468877758072212e-01
9.279588314400285531e-01
8.964742204138728132e-01
9.577042541098177431e-01
9.315819204316078128e-01
9.362886135221389905e-01
9.295705610651336936e-01
8.805570467261173428e-01
9.400238864116520210e-01
9.532823315123323260e-01
9.417531581651658046e-01
9.126640014716795868e-01
8.121866058913203013e-01
8.770818687632598865e-01
9.479850240702759612e-01
9.619532626719179413e-01
9.092256406456253881e-01
9.833921138009243945e-01
9.219312278162798968e-01
8.493847918482247961e-01
8.735242683192036006e-01
8.990031467893733197e-01
9.117924177058286395e-01
8.993010221665759252e-01
9.371315234610545497e-01
9.384928359452724411e-01
9.210770429076196031e-01
9.867194831096410823e-01
9.279559849437964969e-01
9.338680959184374464e-01
8.876283770724497924e-01
8.895223779837757583e-01
8.580012640922999312e-01
9.135047793413026973e-01
9.300022664711522502e-01
9.315993580186920919e-01
9.322785695396718086e-01
9.297798454805943358e-01
9.534974174617981690e-01
8.706471112926936762e-01
9.159382751281422985e-01
9.465135743087659259e-01
9.032335646308945476e-01
8.915770621541510010e-01
9.179197342341149923e-01
9.137913212869478441e-01
9.411584845077369810e-01
8.879271309167812154e-01
8.790504090433894913e-01
8.998958881807910259e-01
9.192845840594371376e-01
9.397113815259998670e-01
8.999135492471830311e-01
9.012796159832295873e-01
9.222037582437041525e-01
9.172388978102048451e-01
8.918729051208061920e-01
8.925145132930186742e-01
9.038795930415755020e-01
8.087648850438449166e-01
9.550187232434789175e-01
8.758400511695959567e-01
9.627507822693165407e-01
9.129665168367494532e-01
8.984453335974348365e-01
9.437139220618030455e-01
8.770751865457130370e-01
9.726726550610257371e-01
9.569171020875123501e-01
9.402687808931572411e-01
9.107210274851962328e-01
9.306246509539275458e-01
8.347726431539492786e-01
9.641103567919253603e-01
8.437514186362851110e-01
9.391160122082676809e-01
9.091772944913022458e-01
8.720679038767332747e-01
9.336318499676392602e-01
9.181480728309276973e-01
9.617233367532268540e-01
8.882664834950345645e-01
9.555125056970283914e-01
9.215623928966639733e-01
8.980914299576875370e-01
8.953054266000762818e-01
8.954585697925691035e-01
8.973694965043580440e-01
9.538749229201365365e-01
8.963283251000698781e-01
9.058285884501409146e-01
8.570872062573896555e-01
8.930596581334440121e-01
9.037628872490084397e-01
9.296608692437311472e-01
9.594741594428528586e-01
9.134978372096755894e-01
9.373845905282857105e-01
9.408110513344467574e-01
9.050757360815505637e-01
8.747685015808907005e-01
8.679204675323985985e-01
8.964814697388747700e-01
9.559591406181628948e-01
8.986006859253433676e-01
8.718250656036878876e-01
9.036894470316324535e-01
9.432357806886846330e-01
9.230890028732450237e-01
9.049908823688638249e-01
9.551398910496056160e-01
9.757564733219423747e-01
9.470447094298894974e-01
9.413901157410116127e-01
9.421162273691284783e-01
8.724218860407427778e-01
9.215827060919659086e-01
8.977066337990717848e-01
9.765976801518636563e-01
9.244266209849254512e-01
9.196950325452518671e-01
9.518949344824561010e-01
9.108778483673090065e-01
9.252548164299136957e-01
9.087048588274547756e-01
8.919484868961995438e-01
9.106763825196613205e-01
7.988854153234165034e-01
8.983365167454460121e-01
8.858631563187118196e-01
9.291056924918573712e-01
8.792728501277563558e-01
9.273655188798237692e-01
8.740824532435814698e-01
9.182529284725247098e-01
8.689183431461631191e-01
9.335234877746518833e-01
8.644403237526004924e-01
9.860817933674778102e-01
9.238636245594106233e-01
9.573347957050712953e-01
8.994814047130766932e-01
9.344167777199932079e-01
9.453852569931262551e-01
9.734700324306201358e-01
9.560525621735649349e-01
8.979743973493036213e-01
9.376536297820868837e-01
8.775929724834919954e-01
9.318832438849454780e-01
9.012325907288100124e-01
8.898618989387658829e-01
8.613930212009387466e-01
9.434771101918224545e-01
8.696857977060596934e-01
8.908558148243833630e-01
8.825374958745153542e-01
9.053477894738044540e-01
9.236029042906445108e-01
9.135997223357175123e-01
8.932403877626885480e-01
9.413909060867678980e-01
8.775809481088790998e-01
9.232050631091357484e-01
8.815463473369555825e-01
9.542432110576460902e-01
9.579727655936660646e-01
9.327581381949354711e-01
9.012797979541439242e-01
8.862631580273119258e-01
8.658658502330554008e-01
9.469973126044474165e-01
9.199573840792791835e-01
9.706806394838521923e-01
8.180329157547845398e-01
8.468128964503537359e-01
9.011735811448348121e-01
9.151384523654033654e-01
9.375821935713148925e-01
9.106540899233483977e-01
9.353953640228739319e-01
8.398798525437579654e-01
9.029128334475714501e-01
9.511271866853494572e-01
8.892873067152435862e-01
8.895161533497567552e-01
9.358536426891340687e-01
9.178993511494411006e-01
9.230235381610076839e-01
8.803328175590674487e-01
8.794664578071713645e-01
9.080008602911608939e-01
9.273125488464224464e-01
9.571153557943398171e-01
9.536112615714972263e-01
9.620565350509205915e-01
9.197052928810037775e-01
9.198150722995256379e-01
9.234057766935719336e-01
9.370451008447406860e-01
9.153633614850459344e-01
9.584944555364471874e-01
9.140113694544391709e-01
8.958288866267976047e-01
9.251605863522182061e-01
9.392752283909256983e-01
9.223092488971040837e-01
9.264267701349679918e-01
9.320920255697925372e-01
9.792164331917512232e-01
8.288575596039462479e-01
8.789379012826190607e-01
8.346187343441280326e-01
9.550294809499615400e-01
9.017997983623590175e-01
8.731633136293691644e-01
9.290290545835531155e-01
9.254876222456154267e-01
8.480043264476126996e-01
8.441399627445075327e-01
9.440273411565316408e-01
9.286967625242259494e-01
8.805079989260218287e-01
9.391146482614858293e-01
8.654899207401148820e-01
9.234733631151875732e-01
9.123191615625924067e-01
9.303741164950372067e-01
9.526406127016209258e-01
8.892268883756703213e-01
9.548938286127079955e-01
9.294413751586431127e-01
9.166946535015628728e-01
9.407715937314151677e-01
8.758346753078025682e-01
9.326917670865416676e-01
9.585614511155183814e-01
9.733558007370404219e-01
9.256175070872971755e-01
8.822889343220651215e-01
9.066772576560961916e-01
9.280172197290398328e-01
8.587260002417227422e-01
9.420109328105372715e-01
9.678503723173785822e-01
9.535759331845569120e-01
8.891995412558003631e-01
9.603140558560563367e-01
9.079253081866791586e-01
9.416451856232314066e-01
9.489155742100230384e-01
9.287172325092051262e-01
9.212299442714940723e-01
9.080008602911608939e-01
9.533851176042957842e-01
8.586505536121240567e-01
9.909848241958290060e-01
8.906367180119666438e-01
8.681287338470922155e-01
9.392867334256225220e-01
8.271040778517420033e-01
9.011655584654265638e-01
8.830000842028469243e-01
8.934567418129226724e-01
9.006958214051967726e-01
9.166461283865389165e-01
9.230700586923964446e-01
9.349100071581657456e-01
8.498208358377774552e-01
9.522553480405111515e-01
8.931972422922940247e-01
8.966421290689341461e-01
8.682376703035761256e-01
9.272031554032345024e-01
9.006371949881123440e-01
9.070693624998261706e-01
9.147308673027464421e-01
9.645957087986871681e-01
9.215188713143004362e-01
9.195335579299354078e-01
8.721677566727041864e-01
8.885412009649759080e-01
9.388682699038978230e-01
9.011568580071620538e-01
9.397513378857230704e-01
9.387925179051846980e-01
9.401141725057055032e-01
8.923537410371918943e-01
9.645963676362193651e-01
9.112827579331906902e-01
8.816974238040530265e-01
9.356018231361663551e-01
9.078536237401100273e-01
8.433764909319613201e-01
8.582027929221347495e-01
8.945951462981608371e-01
9.368666720800407077e-01
8.925296319081770235e-01
9.644779713942730481e-01
8.793822121840879635e-01
9.565892354372868001e-01
9.090831948472771762e-01
9.477288652749350506e-01
9.117540041748676272e-01
9.426893878528720405e-01
9.254567158583910658e-01
9.174504429417136286e-01
8.725141900042601151e-01
9.134938718836335125e-01
8.648325359378645771e-01
8.897564989713608874e-01
8.865523975008315904e-01
8.827458537956244244e-01
9.359724645211336957e-01
8.756327034083141170e-01
8.494819134028464003e-01
9.529287248063307292e-01
9.258221501582526436e-01
9.155133944233987409e-01
8.748339433522446251e-01
9.430540858480966904e-01
8.983180021447348951e-01
8.455097061901269972e-01
9.319379287615936480e-01
9.151863229798082866e-01
8.764050635583047200e-01
9.064267092613088606e-01
9.180023472780093341e-01
9.135689286323480651e-01
9.285776915205232740e-01
9.860182166036466356e-01
9.277898124136195745e-01
8.425594413188558507e-01
9.096080608595833450e-01
8.843437454908589235e-01
9.370600386071018528e-01
9.093663154901987511e-01
9.604267625851340417e-01
9.785665894344119931e-01
9.320233868424128154e-01
8.746017600424642602e-01
8.891082569321933082e-01
9.439324135901553392e-01
9.317975059907807056e-01
9.097583050888862211e-01
9.134085438817187708e-01
9.106942454839124235e-01
8.868513015692197632e-01
9.128367414022917625e-01
9.041395000739850252e-01
8.382456246489664586e-01
9.342890585943812720e-01
9.283459418678442487e-01
9.517945486705738922e-01
9.476493540319717024e-01
9.006371949881123440e-01
8.532679198183638070e-01
9.594684417909065122e-01
8.338165057424684612e-01
9.175270990531594340e-01
9.299931336854647679e-01
9.290009628783933993e-01
8.915994104225691830e-01
9.539884187125676762e-01
9.410417020517755082e-01
9.218156196760930454e-01
8.668697205773875369e-01
9.018428197442560634e-01
9.081064398731358844e-01
8.027851500891030057e-01
8.461992708986532108e-01
9.440709521495531664e-01
9.200977447789625563e-01
8.644428029086871357e-01
9.295638835421050628e-01
9.075575570374010415e-01
9.550057442936140673e-01
9.180250010997772492e-01
8.795646641539996979e-01
9.280400872654488431e-01
9.325858431460978260e-01
9.023610132749997348e-01
8.740820463741506563e-01
9.455523622426987851e-01
8.865558419090695530e-01
9.248629236536557441e-01
9.389502473105176827e-01
9.520641579138332533e-01
9.205786798465840359e-01
9.177892522389625718e-01
9.719895445837913872e-01
8.625922686094407155e-01
9.305039421711945868e-01
9.319723674529133417e-01
8.506011029317791516e-01
9.255297414196713701e-01
8.873687895159931838e-01
9.482177887533258520e-01
9.085529311407886111e-01
8.122525152010214855e-01
9.028593262495548943e-01
8.843774294591723040e-01
9.325449792672534377e-01
9.069315415735091923e-01
9.069864990699736396e-01
9.352407235094607474e-01
8.765968743536322050e-01
9.503911240571495389e-01
9.629296252300405534e-01
8.863822105843333077e-01
9.346961568758378469e-01
9.605232171612175796e-01
9.217817388901825559e-01
9.319841999024042201e-01
8.620844786631400858e-01
9.222037582437041525e-01
9.930686415962791669e-01
8.798940146905481763e-01
9.329816516786298974e-01
9.323286236763049795e-01
9.210403543074480170e-01
9.091313875412930789e-01
9.000282051844076259e-01
8.768776074353820116e-01
9.127628642743224052e-01
8.323128509044056544e-01
9.450904228327964285e-01
9.313316102729624069e-01
9.109063062631326257e-01
9.175592896028530454e-01
7.792098487578398291e-01
9.448873896891482049e-01
9.026813868463262613e-01
8.916231437245116798e-01
8.514039728243494309e-01
8.906138882654544009e-01
9.135338699361990056e-01
8.863450421712181226e-01
9.606084976583286750e-01
9.541743658090748870e-01
9.295001156562229250e-01
9.176208872464119981e-01
9.134985468202730940e-01
8.849044942832000604e-01
9.049963558943571185e-01
9.334596921469988651e-01
9.282563045925237288e-01
9.218729215095601282e-01
9.017165689581079224e-01
9.144744339293846558e-01
8.618845215115590319e-01
9.364226413791750803e-01
9.604534000222908485e-01
8.297097714407637437e-01
9.241226076900432851e-01
8.537114508349300523e-01
8.184330506590739018e-01
8.953471764938525368e-01
9.156317470131772884e-01
9.429834401540245770e-01
9.662462514130831792e-01
8.957049413830502349e-01
9.005344770823975331e-01
9.302678468855668514e-01
9.080008602911608939e-01
8.486481719403246027e-01
9.459992909903371938e-01
9.431495086538431716e-01
9.260065948903206667e-01
9.310300580863245523e-01
9.578309854804192280e-01
8.567632194588360450e-01
9.187972081858999385e-01
9.299087972282490400e-01
8.460053771890527763e-01
8.706908646793841688e-01
9.577107104764362999e-01
8.912158520420291330e-01
9.274741883531676390e-01
9.751827780264422652e-01
9.461107099054335556e-01
9.081045564982149765e-01
9.393638618331244805e-01
9.239895546425710426e-01
8.498208358377774552e-01
9.380857692102587686e-01
9.043134609433300941e-01
9.634293858608546923e-01
9.051345229041277696e-01
9.111819709805366596e-01
9.437799884977807752e-01
9.201304454641000552e-01
8.773817203887771532e-01
9.461744555732178874e-01
9.427159445519054382e-01
8.935990166082021791e-01
8.952569476437006735e-01
9.523871410680706528e-01
8.606942922663064488e-01
9.538556462474426789e-01
8.439836170808794336e-01
8.530564903213525563e-01
9.553742935331679398e-01
8.743976097393806324e-01
9.536314106192775863e-01
9.114071670548132831e-01
9.295394184882881383e-01
9.334203256947082306e-01
9.233184670038295794e-01
9.051485076969995047e-01
9.266903136168291866e-01
9.003775528189439381e-01
8.666227929932407426e-01
9.342977592873813464e-01
9.223506012757122230e-01
8.933302706470463983e-01
8.109522468948153762e-01
9.090279033894222982e-01
9.080857188027882110e-01
8.565890809967119379e-01
9.573832249771478953e-01
9.063401670041850711e-01
9.242139391059955855e-01
8.668088850453737892e-01
9.549363361884954937e-01
9.349512783061112442e-01
9.161349424040926559e-01
9.314463491228939240e-01
9.151305887028481356e-01
9.441937807644921188e-01
9.078677297971503579e-01
8.868878665636269476e-01
9.325014949967704858e-01
8.980702304423279214e-01
9.549128220758097418e-01
9.380191916579310174e-01
9.616096577277728485e-01
8.915770621541510010e-01
9.041761486174985096e-01
9.456871574601228847e-01
9.739351661098464286e-01
8.702740971644367107e-01
9.160961809449100768e-01
9.152098632091293373e-01
9.545273420280360188e-01
9.201963877978072137e-01
9.443402079500022861e-01
9.518100182124095143e-01
9.833921138009243945e-01
9.591948174786960601e-01
9.163359467050614660e-01
9.029508512706997392e-01
9.185842705574510658e-01
8.755501461537782415e-01
9.800456681277446291e-01
9.010002415188537173e-01
9.146186261284913188e-01
9.026141784629336806e-01
9.246886743907604123e-01
8.969786865565474443e-01
8.505312343279919363e-01
8.362895440226505439e-01
8.822045696786936508e-01
9.245714107753294497e-01
8.044065952261572061e-01
8.788223391648856131e-01
9.017490668247618579e-01
8.718908171541690511e-01
9.362982122936652774e-01
8.664844329811614010e-01
9.218783382603435994e-01
9.154424551597013515e-01
9.311959505581580698e-01
9.079926856145807967e-01
8.908081693856739758e-01
9.396622566971876145e-01
9.175355110605222242e-01
8.820061544448806190e-01
8.928811024453674472e-01
8.088956128501693099e-01
8.818305849461511858e-01
9.361937327742880788e-01
9.758707436353167841e-01
8.557965202403658989e-01
9.371762293774493768e-01
9.476712153127436755e-01
8.815134416887280278e-01
9.221649591951048830e-01
8.730205178125562959e-01
9.441444877103971622e-01
8.919930328650622631e-01
8.792603306387714035e-01
9.035394890268266810e-01
8.568857682870200110e-01
9.250914100497640291e-01
9.529561650745907997e-01
9.394538188274994539e-01
8.738030419801292581e-01
9.933949923804550330e-01
9.184061174193093313e-01
8.282954210273747453e-01
8.644814730588280538e-01
9.682575340842027867e-01
9.021772261356496569e-01
9.333406184207694301e-01
9.042826478933089218e-01
9.191516269216958301e-01
9.411018771646127989e-01
8.965553112917655776e-01
8.736216575813824381e-01
9.046708656133166659e-01
8.241017249211306517e-01
8.700774501105050796e-01
9.303310963840502046e-01
9.223657274891762237e-01
8.889799174920325342e-01
8.943009511911107490e-01
9.209427451240264073e-01
9.300577065336924631e-01
9.607732730618498973e-01
9.351063006910099729e-01
9.275067794413353051e-01
9.687538696831438090e-01
9.133659891284947596e-01
9.115787618428938810e-01
9.205595089072714510e-01
9.444520097793747127e-01
8.961514508299500692e-01
9.154897862071764703e-01
9.364956764480250051e-01
9.246394983147778746e-01
8.557662317686623998e-01
8.190663926288631602e-01
9.208894271721917990e-01
9.418083238990947459e-01
9.453384252656813480e-01
8.876283770724497924e-01
8.783457720125249502e-01
9.255540529725582166e-01
8.988277755332497732e-01
9.095608061430960900e-01
9.494228822025693182e-01
9.582894144053911711e-01
9.269341617364261765e-01
9.494635685263174141e-01
8.605833191053102738e-01
9.530644032694930434e-01
9.316435594465856118e-01
9.252389120276284240e-01
9.136752025162722113e-01
9.441803823677016316e-01
8.716818818175949835e-01
9.082874662917416186e-01
7.952957919078621485e-01
8.865050160039773530e-01
8.759096685763834156e-01
9.192824751453620991e-01
8.568068156416276393e-01
8.817547210709635319e-01
9.133911415462678818e-01
9.390991976623542792e-01
8.756995086426452302e-01
8.942887358011225585e-01
9.059959903497749600e-01
9.155246700167218865e-01
9.111896258901170942e-01
8.796813579553127704e-01
9.345664434842432255e-01
8.682376703035761256e-01
9.067367113902875531e-01
9.096835060410942697e-01
8.716321972844343069e-01
8.848546939230989006e-01
8.917126426576289511e-01
8.878561291103795883e-01
9.533157300940429124e-01
8.641993233971152488e-01
9.351279818135523891e-01
9.220423569173246126e-01
9.618424739739368512e-01
9.267274238306211220e-01
9.173787270934429250e-01
9.173999592515608148e-01
8.979858331770006474e-01
9.005441492432952888e-01
8.536072903592577532e-01
8.722108111222163229e-01
9.354273366638348186e-01
8.944226132251892336e-01
9.178635353351012327e-01
9.556439841249619871e-01
9.575517481536695019e-01
8.846940989240588138e-01
8.559595258746766078e-01
9.279413408926399098e-01
8.725347477237321847e-01
8.864699040118174667e-01
8.588961181004797218e-01
8.664421046205171839e-01
9.250424585752312634e-01
8.414069978746909761e-01
9.871578310241228005e-01
9.913676284827754870e-01
8.916467369126286346e-01
9.639075482707730735e-01
9.399385371723388838e-01
9.219438345507499077e-01
8.649683411252334642e-01
9.398502095473795226e-01
8.932997107465440179e-01
8.880714764915985659e-01
9.364235222461814168e-01
9.399984500362451589e-01
9.072678761535669656e-01
9.310098339408627854e-01
9.110057760337775257e-01
9.005634409905501903e-01
9.841915305401293113e-01
8.866687870380641767e-01
9.089204177682018715e-01
8.734602966083462317e-01
9.274071369343107607e-01
9.831275926737181869e-01
8.639834702144623124e-01
9.550810413969040846e-01
8.986879737207971175e-01
9.090909408293205152e-01
9.101259324583587107e-01
9.277110468207770966e-01
9.440229359865098813e-01
9.287763067782158766e-01
8.587595080244334600e-01
8.755838222854877007e-01
8.622446192957388122e-01
9.121132985569068152e-01
9.790207224314055878e-01
8.951710281705261840e-01
9.413845179783533190e-01
9.125091188298654066e-01
9.469069289937251943e-01
8.674959715066762334e-01
9.278097394834724509e-01
9.544102211362500698e-01
9.065158950832791218e-01
9.026152126630712091e-01
9.118913944355784285e-01
8.944163724000859794e-01
9.402072561456795707e-01
8.968501768736757418e-01
9.479090881005406422e-01
9.182352498300920818e-01
9.313489376666237440e-01
8.665609280500584655e-01
9.168123543884754145e-01
9.652643405201632998e-01
9.186085634417141543e-01
9.404018977786923195e-01
9.594791371984768835e-01
9.463003294125763576e-01
9.195252312687270946e-01
9.291670747389187968e-01
9.365755725380288110e-01
9.261534750556164042e-01
9.653343487168543069e-01
9.078842595846970953e-01
9.529287248063307292e-01
9.335814225671600353e-01
9.205705003088729965e-01
9.474146556400429020e-01
8.850154903588619559e-01
8.794165476849540308e-01
8.380596514849893985e-01
8.913563911319670741e-01
9.102669818331079465e-01
8.387705515041541382e-01
8.914617893590276454e-01
8.470525712411872687e-01
9.176871786534929187e-01
9.584019526007040435e-01
9.042668844432374398e-01
9.035394890268266810e-01
9.316162029145855783e-01
8.923681626529077482e-01
9.393773291323407326e-01
8.341899071837828306e-01
8.696827951655919930e-01
9.273494696209125809e-01
8.843918585860562898e-01
9.887548884734788102e-01
9.430540858480966904e-01
8.940487834420910440e-01
9.502484221825047150e-01
9.194011667904949947e-01
9.473569803730712557e-01
9.841194558738486364e-01
9.612099305467856070e-01
8.699556966845057859e-01
9.043785685996241774e-01
9.267312224919640462e-01
9.362982122936652774e-01
8.739958793312059271e-01
9.560136688121162463e-01
8.825307368088183280e-01
9.545395614150786745e-01
8.819128892847908352e-01
9.977768104106647939e-01
9.494697128202960190e-01
9.385545049092720582e-01
9.047921270991305942e-01
8.978806770592975273e-01
9.291013499323051983e-01
9.163379501581309095e-01
8.989734350560504295e-01
8.922220802523199712e-01
9.488878725606211262e-01
8.539328958466142483e-01
9.064197975037684429e-01
8.567632194588360450e-01
8.617057610118770139e-01
9.292337166828557038e-01
8.893040919612605899e-01
9.719895445837913872e-01
9.082692325511702025e-01
9.105055669764312576e-01
9.465289544501002128e-01
9.449357845735394390e-01
9.254433312790862898e-01
8.238810240339748958e-01
8.923520480321944781e-01
9.508135195015584573e-01
9.440709521495531664e-01
8.591771106575978312e-01
9.385065093312336959e-01
9.379721684015261962e-01
9.034643891520367509e-01
9.227603135654259825e-01
9.610146969739573608e-01
9.611300781560051520e-01
9.305332142776385762e-01
9.098697215147866224e-01
9.133866155753217475e-01
9.295415175160931520e-01
9.087481097769759542e-01
9.123996848306406005e-01
9.200123324975593153e-01
8.636900869121153512e-01
8.764251733995749305e-01
9.187827700543925724e-01
9.068253118621405484e-01
9.590102149170416368e-01
9.867324850046814699e-01
9.351055997274220211e-01
8.542936400802351171e-01
9.620888493167090161e-01
9.801784581516599371e-01
8.742278703605854684e-01
9.161216420864799481e-01
8.532348730369094802e-01
8.521077093581124196e-01
9.103712314273890716e-01
9.176098944373647370e-01
9.142588297077551829e-01
9.352781077119186603e-01
9.295255545599565572e-01
9.025575052135466070e-01
9.801191118076034714e-01
9.306673556368216804e-01
9.577401549822364135e-01
9.406398501261495904e-01
8.651105220702075549e-01
9.779810949530837183e-01
9.266155904189152803e-01
9.176634783579201704e-01
9.017959363689197483e-01
9.343719489774697795e-01
9.299087972282490400e-01
8.638115487938408110e-01
8.856086338017605808e-01
7.995825998865777606e-01
9.200742415931824070e-01
9.693397189965510252e-01
9.536712882861683171e-01
8.579013815663963927e-01
8.958054464863819399e-01
9.550294809499615400e-01
9.069043877968456790e-01
9.251663123624309648e-01
9.320208812276750132e-01
9.496794562778332338e-01
9.294413751586431127e-01
9.351279818135523891e-01
9.037477176907889875e-01
9.297303200133113510e-01
8.638424754130588079e-01
9.459992909903371938e-01
9.537927434040991415e-01
8.516769015029587164e-01
9.299931336854647679e-01
9.169730447607284951e-01
9.269017330642579378e-01
9.872485442474528972e-01
8.736321555872691436e-01
9.334818443215263661e-01
8.681916495377774989e-01
9.147465970060399965e-01
8.639951811101433954e-01
9.200919351892845599e-01
9.420652707290041450e-01
9.541692718559349196e-01
9.039848038376735451e-01
9.007877390783106675e-01
9.494276890574425698e-01
9.417851743683044452e-01
9.270839098588780081e-01
9.084161566762513074e-01
9.143435163899085172e-01
9.232429403367092835e-01
9.312958887862823332e-01
8.909603221555216779e-01
8.707803543210362873e-01
9.038580976830047353e-01
8.944978216525026893e-01
8.548375388373182782e-01
9.198910710369921917e-01
9.085101964018859055e-01
9.395920922051526070e-01
9.171328232359596822e-01
9.094408290887896484e-01
8.768159457616421237e-01
9.315856767452574960e-01
9.897144431396220909e-01
8.987849711568811628e-01
9.630970427583018800e-01
9.767183953341227465e-01
9.141622784230306609e-01
9.066055901948953943e-01
9.439012975630242108e-01
9.307233523992683999e-01
9.135706927385414122e-01
8.901580889891942405e-01
9.147308673027464421e-01
9.555445947592988709e-01
9.276508775675149643e-01
9.301138339320972337e-01
9.036616130116880141e-01
9.445662454453086498e-01
8.992576430473636639e-01
9.217236155094251648e-01
9.093290160139952949e-01
9.407922424616208534e-01
8.870888042205807844e-01
9.033042017256192047e-01
9.602804006090159827e-01
9.138387414371369477e-01
8.910868844776445030e-01
9.574514844059099916e-01
9.405183287261479341e-01
8.980822226669779029e-01
8.987863474727770807e-01
8.866150022502126138e-01
9.466212381442028478e-01
8.945836136395076688e-01
9.216451958393575561e-01
9.225758167388021791e-01
8.861779371338418532e-01
9.326596572172799471e-01
8.968208259791966563e-01
9.511443704035026370e-01
9.560136688121162463e-01
9.226515279911762235e-01
9.079210110241269227e-01
9.228419773169972418e-01
8.554386041561073961e-01
9.083525432727556082e-01
9.593646538343698627e-01
8.880479265783691734e-01
9.477183467595929889e-01
8.675967118677652135e-01
9.277676799830436583e-01
8.576695122807194149e-01
8.381957294087645227e-01
9.480624664170710370e-01
8.937000507227376156e-01
9.357043322667708551e-01
9.179710983498375887e-01
9.468711205768287620e-01
9.160655997361805136e-01
8.496436501822793863e-01
9.119718134555906408e-01
8.916104523796148928e-01
9.396944101336732746e-01
9.209202860381884292e-01
9.309301466621859866e-01
9.103202526123483906e-01
8.752433662625085375e-01
8.701636722111333322e-01
9.379129183306267326e-01
9.412120314129320819e-01
9.275327685731200589e-01
9.318951248688649436e-01
9.169810840975142208e-01
9.153794845588688611e-01
9.251931915581980137e-01
8.770719522969996351e-01
8.940550062137525567e-01
9.586570117238878419e-01
8.587092408018510703e-01
9.382338200441011633e-01
9.199122458486694853e-01
9.516404269953840922e-01
9.309342003242460084e-01
9.050040671461002662e-01
9.307571991994619820e-01
9.499340694791952311e-01
9.548526821422710364e-01
8.985478124880776907e-01
9.730551289446943697e-01
9.306268844368466020e-01
9.729493860738293032e-01
9.043209743734421657e-01
9.220423569173246126e-01
9.184168139292498978e-01
9.404713692599535602e-01
9.492716460048166160e-01
8.831894327918820009e-01
9.513215913228869614e-01
9.015379399055922782e-01
8.722191577137221596e-01
9.087391188300435463e-01
8.896955407805103855e-01
8.393962101207971260e-01
9.563423420662650054e-01
8.378296775874881641e-01
8.497528424998472829e-01
8.722897969717930966e-01
9.118402168390362661e-01
9.944811059887692650e-01
9.403570223853556787e-01
9.550810413969040846e-01
9.018943152520775275e-01
9.741196896024347796e-01
8.509118823342135540e-01
8.862647566342983785e-01
8.651105220702075549e-01
9.503592904765489902e-01
8.847577858028351505e-01
9.579825641248731483e-01
9.401514982004227639e-01
9.289180398535886729e-01
8.936622818375182797e-01
9.356906279755216049e-01
9.262769240876852495e-01
8.570125085577176005e-01
8.463146908631890009e-01
9.146573513488919227e-01
8.583051694830614586e-01
8.409147671970024218e-01
9.561661769552789458e-01
8.779875098285100377e-01
9.686454113305313918e-01
8.430717404235203993e-01
8.766563277109467034e-01
8.986110315268377446e-01
9.203936239980793355e-01
8.591771106575978312e-01
9.023722575239100374e-01
9.049459533886712315e-01
9.247654056163593372e-01
9.085101964018859055e-01
9.525404001735926496e-01
9.882008163146512869e-01
8.388327965178098422e-01
9.615127997730128495e-01
8.554239485017930411e-01
9.191150526995356396e-01
9.402614146692340746e-01
9.409681915292343879e-01
9.152351912759912889e-01
9.220259553503205030e-01
9.617006834648396119e-01
8.700872953531837428e-01
9.469556120931706955e-01
9.030404043564930205e-01
8.640913713225529813e-01
9.123131537097903809e-01
9.425519016832643038e-01
9.242188516288112332e-01
9.458212916256995006e-01
8.681367867194658139e-01
8.881877788432953613e-01
8.754310098650412986e-01
9.507495478793768218e-01
8.851251403386904970e-01
8.913563911319670741e-01
8.413318479757364576e-01
8.755308351548043433e-01
8.583071616472860432e-01
9.134231038045630413e-01
8.708040970621171439e-01
9.005613322407965970e-01
8.640810037256758669e-01
9.400486249068771283e-01
9.654636241430607502e-01
8.764545612443837008e-01
9.452432500447797148e-01
9.619987893589175831e-01
9.427829581395469338e-01
9.434789762620209297e-01
9.156927064875819422e-01
9.146710124965021782e-01
9.227780367835314301e-01
9.326549553304919193e-01
9.106745958580083622e-01
9.148524557509006838e-01
8.682748634986464653e-01
9.265667610019896472e-01
8.916968199711801102e-01
8.587671062368783526e-01
9.277874832769981150e-01
9.681194629520262218e-01
8.742278703605854684e-01
8.635455631758157669e-01
8.853680875273303164e-01
8.987863474727770807e-01
9.013028641247704531e-01
9.193411464714118519e-01
9.114508472420980167e-01
