8.886650752255302876e-01
9.079542193925227433e-01
9.338394324265792967e-01
9.099546419235146066e-01
7.917289896810902894e-01
9.063915980620831370e-01
9.026624073816841287e-01
9.120474574934632761e-01
8.888390778841592788e-01
9.747961321674006863e-01
9.015827015445474490e-01
9.144529487888384267e-01
9.004647390346052216e-01
8.869827152983827956e-01
9.115380427354095039e-01
9.487925183757877079e-01
9.375902815600714035e-01
9.379836686332461149e-01
8.920959157758602265e-01
8.390710985340563699e-01
9.824559495175239077e-01
8.834488360442139809e-01
9.242497065726876793e-01
9.081575142734212847e-01
9.058822258286748363e-01
8.443140933423967098e-01
8.983910071468658165e-01
9.498212808793629058e-01
9.037431261604362831e-01
9.299371410503383117e-01
8.699125898925209599e-01
8.216047986137117176e-01
8.895051458059042293e-01
9.466983418021517327e-01
8.871767062906524837e-01
9.862970672457544996e-01
9.772780814422806772e-01
9.049908823688638249e-01
9.525925165936957040e-01
8.599373165170889344e-01
9.111289299383186213e-01
9.520175437957613118e-01
9.325014949967704858e-01
9.026152126630712091e-01
8.762461344885595915e-01
8.730528858370663059e-01
8.754645250517020250e-01
9.341493651536727505e-01
9.257890849833101399e-01
9.164619343009108299e-01
9.425263436145542295e-01
8.644000022474843670e-01
9.055687993662221436e-01
8.009144578576374851e-01
8.814922949644014016e-01
9.014110327504396558e-01
8.801181759788583303e-01
9.178993511494411006e-01
8.683806308246356798e-01
9.187181672340181127e-01
9.294362194776650821e-01
9.572182316956300285e-01
9.267628486434802415e-01
8.416252458239237288e-01
8.637657752690127699e-01
8.878861170279283010e-01
9.235989857223562138e-01
9.427359751761730244e-01
9.444720822564021123e-01
8.758676183272545712e-01
9.370451008447406860e-01
8.873955854170253454e-01
9.174788509460476416e-01
9.220134334744337634e-01
9.126914086110557989e-01
9.179876007493817935e-01
9.324622083069211698e-01
8.787105960791059545e-01
8.490439170529943125e-01
8.889224588139459371e-01
9.196475218332536006e-01
9.605939989622369612e-01
8.953393505707015754e-01
9.853546193930303732e-01
8.926478949737954860e-01
8.565929674900309987e-01
8.593843676110974883e-01
8.022378997011031521e-01
8.958241312250224686e-01
9.125767987180027907e-01
9.189525353249653472e-01
8.792246225592109665e-01
8.785447639399706077e-01
9.688024942446203935e-01
9.235723169717020564e-01
8.947969573360786688e-01
9.259037592869431288e-01
8.881037634116887292e-01
9.568940875084093189e-01
8.650492285731793407e-01
9.514400224171055687e-01
9.442986059322020509e-01
8.829184846795274932e-01
8.433764909319613201e-01
8.714689581800029172e-01
8.954160472914379776e-01
8.849033637421637177e-01
9.023997308939929463e-01
9.397113815259998670e-01
9.089541448489465436e-01
8.893323556617042103e-01
9.545095876004243696e-01
8.977546508430509498e-01
9.342405675312329683e-01
9.251233966772793860e-01
9.532538325123008915e-01
9.891187305156863285e-01
8.958296864267684123e-01
9.039817846463668038e-01
8.871926030770584948e-01
8.544558538400495173e-01
8.770632153926526398e-01
9.173362628852237410e-01
9.083408412340701066e-01
9.313327505748156820e-01
8.749667022373850411e-01
8.986134166007178070e-01
9.003775528189439381e-01
9.501890730053127454e-01
9.596162568325811160e-01
9.396154521784323421e-01
8.122525152010214855e-01
9.791580002305270147e-01
9.123158221483600450e-01
9.232024860506614639e-01
8.524211302707958016e-01
9.100188113567723169e-01
8.595592803222908973e-01
8.713879079810373796e-01
8.831338176720515687e-01
8.833243542043512919e-01
8.807830688741087322e-01
9.177877209455748142e-01
9.138772144946579745e-01
8.877727116025021514e-01
9.477731678847591823e-01
9.674744704611643042e-01
9.149691825177878046e-01
9.152616090580014685e-01
9.347043770446791244e-01
8.750807813696335202e-01
9.016068564163567389e-01
9.039786734623677100e-01
8.799856289765303208e-01
9.248686641022616506e-01
9.240649269459700887e-01
9.372718152676624559e-01
9.019396361873567303e-01
8.235346750408608640e-01
9.555165540962600179e-01
9.241736904155928300e-01
8.964420305802722755e-01
9.264957571272224301e-01
9.528917122878438617e-01
9.320783372258126809e-01
8.946032689487197764e-01
8.973898675660320068e-01
9.359963502351091869e-01
9.093663154901987511e-01
8.595276737779325993e-01
9.858813216927598821e-01
9.156748731360710991e-01
8.700803671693665420e-01
9.089078435046158422e-01
8.518230222152795017e-01
8.654899207401148820e-01
8.842833153352105402e-01
9.484516304749559534e-01
8.711251786549868426e-01
9.345076220802912559e-01
9.880086959501920285e-01
8.771826971839752352e-01
9.260929858866353559e-01
8.363971700032813983e-01
9.126667301337076932e-01
9.543625417861737459e-01
8.999057303638677840e-01
9.256836502035379333e-01
8.854699288172727112e-01
9.206608375474447659e-01
8.836810898590257146e-01
9.479324575031436995e-01
9.876717330194156874e-01
9.594558506511932094e-01
9.313955578003295654e-01
9.338206193015631262e-01
8.961276657948218372e-01
9.015870839547930338e-01
8.685629741969351780e-01
8.425248066956431137e-01
9.068360281869789485e-01
9.272317156781262337e-01
8.831936531244841682e-01
9.858813216927598821e-01
9.294917463225310650e-01
9.679964141258500243e-01
9.024881546248438857e-01
8.626638480366233264e-01
8.726488481204432990e-01
9.518064472149904143e-01
9.199486099672748995e-01
8.883626186586998097e-01
9.168254836455178580e-01
9.370068864148219934e-01
8.877727116025021514e-01
9.152668027838150033e-01
9.215595117181326623e-01
8.518876788139426726e-01
8.846940989240588138e-01
9.376169348216405464e-01
9.291668515723278121e-01
9.422563415619001903e-01
9.764139864421669257e-01
9.569125004610566920e-01
9.093396759133171026e-01
9.519176238581945615e-01
9.734267706698725986e-01
9.306068411170480559e-01
9.248686641022616506e-01
8.857323080892930411e-01
9.036278024662061092e-01
9.541192096782411536e-01
9.538100068300034984e-01
8.985965026988282922e-01
8.857452282828207624e-01
9.645862339277180286e-01
9.501318655034820537e-01
9.358451834335366204e-01
9.404011375539261808e-01
8.706049597449445621e-01
9.394714448359754444e-01
8.917611702924267414e-01
9.135338699361990056e-01
9.524224363434560248e-01
9.481506778512460709e-01
8.940291508050091096e-01
9.061454252814651333e-01
8.821907614359699723e-01
9.395486604780307616e-01
9.565097686398099652e-01
9.172388978102048451e-01
9.285716375831766234e-01
9.392077415435972076e-01
9.504874605373684338e-01
9.517147531096978863e-01
9.349809389848651175e-01
8.900014902850147402e-01
9.151004943891664078e-01
9.413382641136868179e-01
9.004600145736185723e-01
8.725047354674743127e-01
9.580327619598210109e-01
8.722561670542532397e-01
9.129444532636862286e-01
9.422239014483190234e-01
9.163400571336938194e-01
9.190872897317355905e-01
9.443626466430476984e-01
8.689183431461631191e-01
9.307995734281188094e-01
9.703552285111531894e-01
9.199122458486694853e-01
8.636752936532569036e-01
8.667971830662154487e-01
8.771785990357349183e-01
9.057819254280919941e-01
8.658290765465772587e-01
9.237211428435838645e-01
8.866473756757052849e-01
9.418083238990947459e-01
9.522007046277262132e-01
9.273514477137758671e-01
9.492049154106653175e-01
9.551142685747558980e-01
8.347186128620305290e-01
9.073071470457126919e-01
9.622717709904463623e-01
8.305171949488434624e-01
9.035242341168220337e-01
9.320629767421487744e-01
9.115937353047721681e-01
9.273494696209125809e-01
9.924731533779828085e-01
9.237753682085378948e-01
9.280208661887203725e-01
8.814227634478908335e-01
8.899209878456186829e-01
9.066362970651724584e-01
9.411792734146593453e-01
9.315722736012127525e-01
9.235446394498227907e-01
9.333901714855905585e-01
8.468018840823972049e-01
9.078536237401100273e-01
9.312227349774689911e-01
8.812727330754551724e-01
9.008175005836627225e-01
8.753347329026894830e-01
9.250027506235658503e-01
9.325280159978840411e-01
9.032502681392070576e-01
9.474220890723906718e-01
9.285628927068740879e-01
7.696668045702063088e-01
9.080063898277279666e-01
8.850573378995014728e-01
9.837577193794172503e-01
8.377398025961808603e-01
8.882779609833670875e-01
9.268972507861583665e-01
8.016147757195174472e-01
9.360698051855738111e-01
8.987849711568811628e-01
9.583954413673352324e-01
9.221573428949625395e-01
8.360454810518347379e-01
9.114921921290529694e-01
8.877214135881692503e-01
8.848117181875767567e-01
9.031654508123232450e-01
8.755308351548043433e-01
9.582642593564056899e-01
9.135382156487579230e-01
9.425601343883384109e-01
9.550585403773365067e-01
8.368939314891620240e-01
8.956047120743227952e-01
8.992290945935470514e-01
9.433569093963005692e-01
9.415084466800299756e-01
9.004253993550493940e-01
9.188483009662496981e-01
9.010901253498622143e-01
9.658896642818556311e-01
9.678945886316908664e-01
9.226423102123173514e-01
9.360996071743719060e-01
9.257289105428332388e-01
8.672621273675846787e-01
9.203657429183527139e-01
8.558486039294290748e-01
9.062278396744606335e-01
9.359276093192568924e-01
9.169810840975142208e-01
9.129846344678547165e-01
8.920415096397070753e-01
8.347568770864334242e-01
9.346821579057859042e-01
9.496326299925677006e-01
9.076683613282811036e-01
8.978069733271049069e-01
9.101259324583587107e-01
9.351130136604166587e-01
9.006261658233668532e-01
9.559804978796352382e-01
9.187920082193971050e-01
8.918031501891117152e-01
8.588304477242232338e-01
9.194841172484246039e-01
8.734179459654745070e-01
8.711251786549868426e-01
9.465798042942540347e-01
9.389124040250159675e-01
8.599118849692720667e-01
8.900672211861759830e-01
8.777729898061890079e-01
9.280521094709761609e-01
8.372573386750081781e-01
9.070265668465986586e-01
9.438866598980495404e-01
8.407059375527441425e-01
9.456850196340370607e-01
8.941355969285513794e-01
9.310300580863245523e-01
8.871995389916618180e-01
9.404768725252488082e-01
8.923408025824617340e-01
9.284834547420198758e-01
8.871640599810940442e-01
9.229285485981812975e-01
8.532256182911166498e-01
8.998715649319440901e-01
9.379129183306267326e-01
9.088881560263789572e-01
8.717984679395462955e-01
8.912804049656484207e-01
9.436361024754866822e-01
8.833981741197057813e-01
9.704857404839458690e-01
9.484963911344500564e-01
8.697470051201454666e-01
8.973694965043580440e-01
8.843254568746932165e-01
9.273330460012706444e-01
8.655777518030720596e-01
8.592769935375617063e-01
9.251937068704566558e-01
8.945714588898203701e-01
8.522642001463200945e-01
9.060908985715437902e-01
8.521662502331203148e-01
9.563672694720404266e-01
9.057732081395557522e-01
8.713212208727303398e-01
8.787736201261916458e-01
9.253740690525086299e-01
9.197793786820385176e-01
8.963427132037870004e-01
9.260929858866353559e-01
9.443796729662847778e-01
9.840848895946561203e-01
9.215460468338159128e-01
9.516051187219145557e-01
8.964507265860415242e-01
8.889375417907734445e-01
9.478775733903972434e-01
9.269710380429132535e-01
9.154493863566048883e-01
9.170434152364339564e-01
8.854589123042323484e-01
8.608605795466780508e-01
9.025041469391715809e-01
9.693949042880568578e-01
9.137529957434799011e-01
9.532538325123008915e-01
8.794741560761049071e-01
9.028593262495548943e-01
8.739112655719777356e-01
8.804934936160442316e-01
9.295001156562229250e-01
9.004600145736185723e-01
9.164242915625225860e-01
8.484622428868273669e-01
8.601682281964487808e-01
9.268017550708708141e-01
9.528671383489296653e-01
8.858631563187118196e-01
9.154618132089592519e-01
9.099455535494446190e-01
8.969336292905648600e-01
9.319122603515729297e-01
9.117660260728284172e-01
9.052522749070576191e-01
9.151737632312502146e-01
8.702030460756245978e-01
8.706908646793841688e-01
9.234422220490114963e-01
9.517127652103772872e-01
8.725427994682909416e-01
8.450769516738837472e-01
9.314644721207323563e-01
9.784435263443602704e-01
8.390891030246738769e-01
8.620124982842549688e-01
9.082023969637365024e-01
9.434782679808561001e-01
9.247370738498150722e-01
8.548727834596934194e-01
9.148642027327369419e-01
9.067896004592802539e-01
9.036342077759432767e-01
8.955899019419012452e-01
9.327165003073125682e-01
8.961741594655717735e-01
9.102059422771316965e-01
9.117452694905048283e-01
9.011636334108793500e-01
9.148284314278501972e-01
9.082656826509692971e-01
9.515724620000473033e-01
9.090525750386746484e-01
9.519333605572831702e-01
8.569801241494978683e-01
9.400341003029256681e-01
9.329818796996783847e-01
9.064197975037684429e-01
8.889401307599927859e-01
9.024060764979946470e-01
9.055990529521205090e-01
8.836810898590257146e-01
8.627035844141262011e-01
8.200217601359551800e-01
8.812306912803286041e-01
9.303741164950372067e-01
8.520007665713313916e-01
8.632650035830076174e-01
8.009144578576374851e-01
9.563672694720404266e-01
8.976325130818157971e-01
9.432568636510729743e-01
9.531343880940481572e-01
9.176240435498834724e-01
8.608010910688136397e-01
9.688409772839141620e-01
9.256162357502407678e-01
9.337174659221514350e-01
8.790001781204197506e-01
8.914617893590276454e-01
9.783860763835757757e-01
9.104740686040215802e-01
8.927984078043890159e-01
7.678157698504570750e-01
8.389642373462282698e-01
8.773416632615110844e-01
9.312402911255650562e-01
9.730172186662823242e-01
9.093457805250440007e-01
9.000282051844076259e-01
8.963966487806294126e-01
9.560398956925684200e-01
8.915462325727652182e-01
9.884158305902482899e-01
9.637677022065780363e-01
9.130119571007853096e-01
9.199249939310316648e-01
9.043046148318434341e-01
9.204924019534400648e-01
9.296069780497439039e-01
8.742678078669707809e-01
9.278469224854497543e-01
8.802311260898753043e-01
9.266903136168291866e-01
8.750958002212072540e-01
8.752682945770821066e-01
9.598058558398041562e-01
9.224248791749448673e-01
9.380135689372196550e-01
9.255711380224945772e-01
8.638592479809507063e-01
8.881336283877341309e-01
9.149518298241174907e-01
9.564955008654546509e-01
9.290873331469140517e-01
9.699603039446164088e-01
9.274529747053497086e-01
9.215460468338159128e-01
8.691912656360601952e-01
8.982914284032095242e-01
9.292131496691296011e-01
8.787105960791059545e-01
8.645229999147381328e-01
9.028197103702406690e-01
8.375959261156721292e-01
9.365832968946237180e-01
8.615845570347401283e-01
8.746048740256732179e-01
9.352671800966593230e-01
8.944968515177972312e-01
8.676331077436068018e-01
9.235096646542169108e-01
8.748323327094087443e-01
9.263870355383790889e-01
9.762799783134844533e-01
9.361091789902408200e-01
8.636611178174078418e-01
9.226223838582491288e-01
9.506435303781551882e-01
9.491887254375191985e-01
8.674517484227917130e-01
9.354271098788202732e-01
9.333406184207694301e-01
9.046366400114838058e-01
8.782673352841591230e-01
9.286993051719079073e-01
9.714157453785198237e-01
9.153602340223752076e-01
8.897143511529106430e-01
8.700803671693665420e-01
9.272655158677841625e-01
8.857700227739059295e-01
8.832386132391466527e-01
9.411980778685656857e-01
9.853030768484015711e-01
8.377092214808862236e-01
8.613930212009387466e-01
9.145206451916012558e-01
9.479658206704424384e-01
9.427829581395469338e-01
8.030662382733583238e-01
9.544038139318541392e-01
9.286636504838572392e-01
9.555978103869535722e-01
8.841054635196553546e-01
9.322544520264995915e-01
8.865187281803257324e-01
9.552016921765840163e-01
8.537927732797513380e-01
8.650107460861625741e-01
9.920979042975445195e-01
9.429193689323297489e-01
9.640007642217548467e-01
9.426024616184713878e-01
9.478741529935690302e-01
9.392342464068530461e-01
9.220635824798690816e-01
9.833921138009243945e-01
9.511211192918670454e-01
8.328510337342008851e-01
8.517876236213127727e-01
9.211818316502524695e-01
8.272630624040305802e-01
9.192710178457327297e-01
9.646150486554948555e-01
9.323323665183675946e-01
9.081705837998960140e-01
9.441377626326464823e-01
8.754778522335360247e-01
8.568000334167564791e-01
9.374574160522910482e-01
9.055762713277817344e-01
8.966431995418618905e-01
8.798679077512371327e-01
8.757192466243876039e-01
8.853290390143196964e-01
9.066997463109423006e-01
9.253112230220733592e-01
9.345266594065775312e-01
9.556792608341574402e-01
9.052784666835115290e-01
8.634422350573909277e-01
9.402507675652479469e-01
8.891995412558003631e-01
9.017735518992844312e-01
9.330021001411782366e-01
8.773752816916464692e-01
9.796923909528678642e-01
9.146573513488919227e-01
9.513908649820376207e-01
7.435032865205859487e-01
9.010608849188277425e-01
9.041337524364053690e-01
9.315085418099100512e-01
8.999466481444325927e-01
8.517035810607317403e-01
9.375447825516585176e-01
8.866473756757052849e-01
8.854251212494391732e-01
9.615444518386356831e-01
9.456232049574653242e-01
9.646248008813297359e-01
8.589059308252673386e-01
9.398982105155579969e-01
9.485941537016037151e-01
9.237396932605418387e-01
8.672314446342683780e-01
9.181503659316054833e-01
9.280356546069581380e-01
9.687900305786409927e-01
9.437307851324995278e-01
9.386635930031503872e-01
9.557493434766520801e-01
9.106990219415618260e-01
8.839197386865088601e-01
9.066259452515912365e-01
9.715215819282797538e-01
9.304858767506255512e-01
8.986204783869985446e-01
8.465410441106792083e-01
8.713515993564026063e-01
9.257584446762112673e-01
8.822045696786936508e-01
9.065284878466889351e-01
9.356564272665748305e-01
9.229531743917174236e-01
8.742162644123521176e-01
8.862885911708944242e-01
8.880479265783691734e-01
9.611892364310699044e-01
9.267504951569627281e-01
9.638248373882880582e-01
9.928753700462548126e-01
9.063526377323097849e-01
8.903295834213033055e-01
8.927207928472982168e-01
8.924067452522901345e-01
9.560525621735649349e-01
8.815272082437445311e-01
8.640843143544715277e-01
9.043538947825834340e-01
9.184001127601844061e-01
8.900292835949699111e-01
9.387182137941559867e-01
9.513129520391140348e-01
9.141314138481392293e-01
9.310098339408627854e-01
8.433825127107418274e-01
8.819409086314383694e-01
8.641956506678623029e-01
9.364593563481395933e-01
9.549326478908495286e-01
8.963217578231756910e-01
9.479090881005406422e-01
9.326109367058623700e-01
8.727977822021889542e-01
9.517445033934219811e-01
9.245448849764822397e-01
9.342461326339129846e-01
8.998848470731002358e-01
9.200820436179198980e-01
9.077564929301710217e-01
9.108366165671137882e-01
8.854223781169093810e-01
8.842271678723728767e-01
9.272067017198596384e-01
8.975811733744202270e-01
8.800407664426789234e-01
9.263945845880566798e-01
8.579883984501037730e-01
9.138160041449856497e-01
9.562834497099943487e-01
9.537918073396514096e-01
8.674554691217429836e-01
8.511844910211936455e-01
9.147082003223693247e-01
8.200119899789948263e-01
9.823305946961415902e-01
9.032904485949296847e-01
9.409158249597840973e-01
9.103592086369525216e-01
9.347733216274977108e-01
9.211687356658101455e-01
9.091973524422333197e-01
8.804841232402361717e-01
9.440392897579845677e-01
9.190540971804288528e-01
9.436153670828842932e-01
9.849639548498430042e-01
8.688132009751818874e-01
8.621132093669614527e-01
9.815658675548499801e-01
9.694351122077682348e-01
9.131479772001001027e-01
8.526298846396893616e-01
9.263924949799231534e-01
8.581838239916133038e-01
9.152898093728449869e-01
9.069445949264195450e-01
9.459569285854412257e-01
9.286967625242259494e-01
9.538909038627803039e-01
8.218708866037846006e-01
8.924147811919378448e-01
8.851280703882606904e-01
9.733596077012434122e-01
9.691130773276280808e-01
9.521388784247917236e-01
9.338308038984231008e-01
9.071150457794295852e-01
8.884928512118626109e-01
8.991790594328521458e-01
9.504111344012390328e-01
9.008175005836627225e-01
8.853743035208705425e-01
9.446835347769381164e-01
9.520818623656203128e-01
9.347247322877230147e-01
9.028318336748757389e-01
9.359907649725115464e-01
8.657609873323751648e-01
8.980445140186636976e-01
8.859223490455022665e-01
8.746154022285614893e-01
9.117071670628219549e-01
9.439425895590535243e-01
9.237809105956875655e-01
9.408380919733480008e-01
8.911583379463214882e-01
9.076883231818180242e-01
8.617801802575538739e-01
9.203857838227605948e-01
9.410983313048775223e-01
8.842689714524823996e-01
9.412197303077144417e-01
9.347637278549997264e-01
9.269931472175355625e-01
9.417742456840066945e-01
8.812919104233342127e-01
9.178504605276758266e-01
8.583094996738123150e-01
9.056356238606252385e-01
8.481016753777252948e-01
8.926478949737954860e-01
9.283524190816920818e-01
9.310138560817853293e-01
9.330313939297236736e-01
9.058428948818701976e-01
8.738855988553401177e-01
8.736000763037150563e-01
8.952328656886886504e-01
9.005367868138505205e-01
8.774280398056375496e-01
9.278445070016736462e-01
9.453843391888084868e-01
9.498309344993719483e-01
9.670010654588574450e-01
9.454224380817597417e-01
8.587260002417227422e-01
8.834774716936967254e-01
9.055532740230389788e-01
9.175835853976236356e-01
8.924262425362776696e-01
9.419356312267752607e-01
9.010692409643239476e-01
8.248203841735932684e-01
9.023936194798749533e-01
9.209717236224024273e-01
9.363694322458336883e-01
9.320500254837745802e-01
9.543365673105682623e-01
9.107290156126460756e-01
9.552324379164769397e-01
9.485941537016037151e-01
8.528245279535212608e-01
8.499472627743841491e-01
9.300212182770402070e-01
9.332612611351682741e-01
9.364381411417949108e-01
9.435836041499543470e-01
9.020561098593359306e-01
8.855439489231634598e-01
9.067634095911258907e-01
9.227357612360077566e-01
9.264066499348626582e-01
8.759198156089801346e-01
9.025624404025741621e-01
9.275151366263628683e-01
8.198999188300194474e-01
9.708066867184889093e-01
9.478321733146246597e-01
8.343491223963278580e-01
9.631345584252711811e-01
9.278828636459267587e-01
9.529097910822800221e-01
9.560525621735649349e-01
9.683390705363821294e-01
9.321543128156796199e-01
9.376712900015967689e-01
8.738752102030141744e-01
8.604581195933936888e-01
9.365466769341498354e-01
8.807409017716146815e-01
8.889927956672929454e-01
9.513565408709591109e-01
9.939218314117248543e-01
9.118527086352954392e-01
8.951311355088822364e-01
9.097817803707939355e-01
9.410825706626992915e-01
8.842933319221683020e-01
9.220120900949889675e-01
8.881906022227642472e-01
9.517445033934219811e-01
9.358237735290360071e-01
9.374030422840864407e-01
8.951706886632947446e-01
9.003054923262913123e-01
9.567232340221688558e-01
9.421778030945539006e-01
8.759663499501587625e-01
8.871080420934408517e-01
9.001382213116857489e-01
9.426654974042643076e-01
9.138803056401244573e-01
9.362982122936652774e-01
9.578158540669384768e-01
8.696278991577771622e-01
8.891184994977578970e-01
8.921022734281944810e-01
9.633139605744021061e-01
8.390891030246738769e-01
8.070861933825711487e-01
8.758346753078025682e-01
9.353245119627351389e-01
9.691405641221434442e-01
9.785697466421753310e-01
9.179445242944153094e-01
8.626638480366233264e-01
8.919902963524710682e-01
8.690412014630425341e-01
9.363169623245054529e-01
8.955786814991366640e-01
9.009692104459846584e-01
9.072401156640000908e-01
9.050044809000877821e-01
9.211818316502524695e-01
8.847228071274779726e-01
8.933869636681681659e-01
8.853153047339759052e-01
9.179710983498375887e-01
9.075857448124532434e-01
8.770007587772679081e-01
9.368730346608253878e-01
8.633297384283667997e-01
8.436100824178314195e-01
8.724770392781677764e-01
9.043195641903301052e-01
9.396997183119727426e-01
9.067935058631813039e-01
9.249664232070795578e-01
8.616384293435022101e-01
8.487565953646839523e-01
9.549363361884954937e-01
8.145512406996117116e-01
9.270823895116200308e-01
8.880612604942732524e-01
8.359730831197401679e-01
8.774280398056375496e-01
9.245504304513574301e-01
9.483219787753478514e-01
9.377081783892980971e-01
9.014217631376369999e-01
9.294268700089293178e-01
9.390161279511792802e-01
9.200573661159568983e-01
9.002907254713883312e-01
9.186971825303922312e-01
8.833384673780110274e-01
8.730699875912639740e-01
8.492003468927747933e-01
9.608459443104814257e-01
9.456307670990535819e-01
9.429834013165008244e-01
8.847543708102598714e-01
9.303352401769341418e-01
9.085171778832347167e-01
8.770687178900731240e-01
9.283275763134960501e-01
9.458537670369145944e-01
9.257038633134840877e-01
8.217659640817039923e-01
9.543365673105682623e-01
9.694115791341880728e-01
8.993546817230329005e-01
8.982857025806868512e-01
9.910390889023595884e-01
8.683768561427159804e-01
9.678618943663620522e-01
9.038763933507527604e-01
9.790940767677407397e-01
8.825945783709324699e-01
9.199573840792791835e-01
8.872530269528019486e-01
9.002758872545479907e-01
9.590208513652691558e-01
9.187774469905708452e-01
8.812919104233342127e-01
8.487938498021524447e-01
8.498208358377774552e-01
9.546887030298024657e-01
9.299753008018291078e-01
9.779470117720098221e-01
9.135847624564998881e-01
9.035508406603633969e-01
8.238480216455754679e-01
9.087031385986436005e-01
9.879822991407052335e-01
8.148966488333189151e-01
8.829488249460870630e-01
8.489761457307569703e-01
9.111922913654234568e-01
9.433846301796749989e-01
9.134085438817187708e-01
9.167512674685392993e-01
8.866795383127380470e-01
9.695790958272177962e-01
9.021463717456125186e-01
9.561897950647706423e-01
9.359632920227122233e-01
9.517747695717669876e-01
8.870055697009947560e-01
9.361347611159969162e-01
8.842477234861830793e-01
9.451499796764926131e-01
9.243567126783269750e-01
9.304286694635124366e-01
9.439739462974386930e-01
9.069267506554816727e-01
8.664844329811614010e-01
9.715043541615197009e-01
9.495375233252361102e-01
9.637662852881636599e-01
9.420526720477534477e-01
8.872503324792955226e-01
9.408735171987773205e-01
8.627035844141262011e-01
9.469069289937251943e-01
8.435695729470080728e-01
8.682288545821460479e-01
9.012506614994102438e-01
8.944638906777043763e-01
9.097109384122477049e-01
9.095396858169458865e-01
9.315935411136951894e-01
8.457230950396319447e-01
9.557767621860482343e-01
9.640251882074285517e-01
8.735893688824938330e-01
9.187399899802627390e-01
8.871908721197816483e-01
9.344761368857644745e-01
8.822282734622156619e-01
9.158312567619265598e-01
9.153721300817064810e-01
9.459262794041914946e-01
9.885428207106632392e-01
9.808588209381209344e-01
8.768938246547129944e-01
8.806500469675211384e-01
9.342855234121320018e-01
8.801189985727689846e-01
8.807830688741087322e-01
9.113611696069999768e-01
9.381923663009971159e-01
8.352382123891499699e-01
8.518230222152795017e-01
9.544708444942150427e-01
8.958227896599748608e-01
8.698131091064706943e-01
8.622244776663192667e-01
8.696878065614782605e-01
9.369138367544818102e-01
9.358639224226444897e-01
9.236906939085469670e-01
9.485779196437167382e-01
8.706898045512014850e-01
9.351118143699707064e-01
9.271011971620525260e-01
9.361706691559082971e-01
9.478775733903972434e-01
9.125627993038856189e-01
8.200448857155481219e-01
8.666446149533038046e-01
8.713130727425625333e-01
9.571508857038036888e-01
9.109144571513229094e-01
9.786257684464688689e-01
9.135718375958923332e-01
9.865944323377472402e-01
8.825767592807317596e-01
8.794129097146302643e-01
9.544388173547962984e-01
8.460053771890527763e-01
9.138783535750332199e-01
8.655233220157297902e-01
9.369531988335710881e-01
9.360658013484638440e-01
8.602924574261702206e-01
9.213287515116953541e-01
9.436963463953966791e-01
8.738618511279698797e-01
9.343869308235961402e-01
9.444052646415953545e-01
8.654558916254549983e-01
9.148649676926675633e-01
9.922826107902931181e-01
8.014721117899659131e-01
8.959808467692078615e-01
8.927401912590647859e-01
8.650110246361555344e-01
8.777675188005672480e-01
9.068807521072153044e-01
8.684566677300659121e-01
9.413171771680403088e-01
9.320285912558043950e-01
9.209916781911390293e-01
8.703742108036521818e-01
9.403886108462923277e-01
9.091272879289584719e-01
9.530158473623699944e-01
8.979590292489564307e-01
9.317607025763695594e-01
8.265329692856819843e-01
9.524312640790880691e-01
9.225919508963298377e-01
9.423191176999219376e-01
9.537169471613510252e-01
9.089578470670233168e-01
9.178993511494411006e-01
8.695578643284551656e-01
9.128077108285812535e-01
9.277776921534661714e-01
9.115210661694705951e-01
8.793822121840879635e-01
8.935905870107205828e-01
8.843652011259121037e-01
9.440472664666464953e-01
8.689523860473619132e-01
8.964742204138728132e-01
9.222775323260463676e-01
9.827547082528385047e-01
9.198808061092824673e-01
8.248442836390064148e-01
8.728145505747950672e-01
8.853592524017116494e-01
8.715219901301967109e-01
8.946030558232317409e-01
8.969855515186864192e-01
9.234457188897082780e-01
9.226290683150094596e-01
9.395160215992599539e-01
9.085120031021124420e-01
8.740820463741506563e-01
9.442005592281221826e-01
9.460531274439935023e-01
9.244396132365340080e-01
9.352226438119660701e-01
9.657998920235063567e-01
9.193225518098835369e-01
9.241322476144376852e-01
8.602472535638276963e-01
8.959193791992849931e-01
9.124140385034764655e-01
8.921834355531682581e-01
9.056751282430722805e-01
8.934066109195716310e-01
9.912370689664165013e-01
9.204020816451650155e-01
9.427268342063993556e-01
9.503159516359733772e-01
9.253851857785940771e-01
8.871293883270953140e-01
8.811409034467156953e-01
9.686574225845193675e-01
9.246342876789931386e-01
8.619168169281062886e-01
8.944831552699311628e-01
9.559185967219524516e-01
9.442575217679377575e-01
8.836049446732624491e-01
9.203657429183527139e-01
8.807830688741087322e-01
9.173712500429188621e-01
8.953680398561937315e-01
9.215623928966639733e-01
9.546887030298024657e-01
9.555542362375867294e-01
9.219924517211307569e-01
9.223399391330978636e-01
8.818372931048434893e-01
8.836020225003745621e-01
9.017994789894135943e-01
9.332845706618031478e-01
9.073642137907214078e-01
9.178383844715573003e-01
9.247208148962070551e-01
9.832683655819118851e-01
9.216451958393575561e-01
9.305039421711945868e-01
9.106042250327369691e-01
8.926478949737954860e-01
9.004454596263783417e-01
9.544592248969201442e-01
9.703735668645917523e-01
9.118493850741020701e-01
9.131654595095686222e-01
8.881390567917909484e-01
9.260139888901731675e-01
8.452592645022768414e-01
9.217248600363808775e-01
8.877045194554068486e-01
9.285628927068740879e-01
9.350854640599375323e-01
9.390925540474222011e-01
8.297399142543498973e-01
8.866902876942522882e-01
9.214628782484769465e-01
9.481352901468877992e-01
9.406105925853754934e-01
9.066269356031453341e-01
9.115790046641985001e-01
9.433931545910242411e-01
8.697968655123987647e-01
8.920742581298005680e-01
8.453287236129146676e-01
8.970596975841691467e-01
9.019126758079063499e-01
9.012797979541439242e-01
9.244668757625394973e-01
9.043976358285116257e-01
9.028193676864195716e-01
9.639013787719276083e-01
9.083454815836959906e-01
9.332372663293297954e-01
8.862311569031753322e-01
9.146186261284913188e-01
8.781054098765894711e-01
9.351279818135523891e-01
9.599702000158186754e-01
9.395920922051526070e-01
8.584742195330364867e-01
8.913276687352539307e-01
8.658290765465772587e-01
8.810952510148739592e-01
9.388641060004337957e-01
9.326109367058623700e-01
9.003855350381150258e-01
9.304367462763883934e-01
9.235601742767466371e-01
9.199291782201577394e-01
9.880694098282719606e-01
9.115937353047721681e-01
7.655372122339556551e-01
9.474897291630330898e-01
8.815433625254704975e-01
9.686908740991888589e-01
8.916772275033554296e-01
9.584945841573058178e-01
9.427359751761730244e-01
8.387125920925732059e-01
9.296038997629799683e-01
8.910809804245488630e-01
9.144361550537409844e-01
9.292759117026012650e-01
9.225897772464729529e-01
8.311581359952758818e-01
9.149691825177878046e-01
8.842532006530274824e-01
8.378179056028999261e-01
9.108778483673090065e-01
9.208315176096333321e-01
8.636587231962102873e-01
8.706049597449445621e-01
9.401777810479128306e-01
9.521667099687061153e-01
8.709044545207123011e-01
9.102734700055078454e-01
9.915088424093356778e-01
9.606892712106094301e-01
9.132375947831306018e-01
8.791538879839790877e-01
8.927664919801036048e-01
9.395892369161403801e-01
9.055436937472089998e-01
8.753796369694073487e-01
8.632650035830076174e-01
9.549882862182144105e-01
9.293274166351556120e-01
9.463949815647747510e-01
9.519370310783337175e-01
8.861098126003510433e-01
9.125834004480398720e-01
8.862286322399239857e-01
9.266155904189152803e-01
8.534778515682974742e-01
9.522772939313791651e-01
9.198910710369921917e-01
9.002520392572230801e-01
9.717520426278786205e-01
8.986088947103318958e-01
9.085171778832347167e-01
9.410825706626992915e-01
9.373139668555585668e-01
8.896978590869571990e-01
9.550580999435083207e-01
8.491652513819243353e-01
9.845032163131819392e-01
9.045084555815865457e-01
8.791956688050557300e-01
9.490885364835102145e-01
9.367889806014364495e-01
9.585146444807219890e-01
9.773520717751268405e-01
9.223199402898495380e-01
8.746154022285614893e-01
9.352553379877860396e-01
9.020423782004134416e-01
9.010059892054143038e-01
9.072458647405613474e-01
8.781997955598394023e-01
8.613098833271207733e-01
9.123086769698935949e-01
8.552175238963584114e-01
9.534288225133219496e-01
9.643182973455031171e-01
8.676483054012168461e-01
8.397094993861684564e-01
9.478614385141407306e-01
8.670701434145494657e-01
9.482610719534173560e-01
9.523570615025198638e-01
9.372888703967161561e-01
9.151997306995501846e-01
8.364363838050665745e-01
9.093578823272999712e-01
8.630284279908290168e-01
9.085171778832347167e-01
8.796266829400186671e-01
8.948955710199691937e-01
9.580327619598210109e-01
8.535860856028160137e-01
9.111028879681171144e-01
9.100731336045493336e-01
9.113489493832599431e-01
9.586570117238878419e-01
9.299337285511631856e-01
9.063825791363590012e-01
9.298106723587674649e-01
9.072438165702066959e-01
8.850867401737133600e-01
9.417882961493905247e-01
9.179802256392841642e-01
8.613625830895487168e-01
9.587444077049148694e-01
9.690801757637457214e-01
9.477183467595929889e-01
8.657273188464479352e-01
9.510835212538372163e-01
8.852823165115136783e-01
8.366068393257888314e-01
8.715141961820516148e-01
8.862940005705406410e-01
9.255630213795694727e-01
8.142794915758988505e-01
9.067298488113910704e-01
8.701672525712347284e-01
9.081197542009227242e-01
9.140178103928184861e-01
9.524853554424168589e-01
8.939284273392505975e-01
8.962363474031128652e-01
9.503946004191903274e-01
9.328396590405519939e-01
8.229120597206669441e-01
8.877045194554068486e-01
9.257314617736697171e-01
8.946754489442171332e-01
8.554796071587608131e-01
9.818835314015611493e-01
9.572410559395087004e-01
9.427726632710142773e-01
8.450349486269350674e-01
9.627507822693165407e-01
8.867673053850846365e-01
8.658290765465772587e-01
9.399399074168494073e-01
8.659437593678496192e-01
9.093358459273820360e-01
8.980066207797983147e-01
9.705591480020845374e-01
8.737340825399169120e-01
8.919955756775659328e-01
8.619732176000002299e-01
9.480439723807485564e-01
9.419360848130482466e-01
8.971168388536953087e-01
8.526026869971963240e-01
9.074143463307065005e-01
9.001115925163648557e-01
9.181620395248223376e-01
9.335119287067918936e-01
9.018509621229036100e-01
9.054100057737651808e-01
9.638248373882880582e-01
8.973903066155141106e-01
9.261811518015846678e-01
9.309674218561161396e-01
9.154676044427396686e-01
9.475955996830441874e-01
8.617266119879158914e-01
9.731618223658794475e-01
9.361066441411005634e-01
9.152192759062649507e-01
8.674889466721903419e-01
8.617318954686152832e-01
8.759603883011857217e-01
9.453157837988473977e-01
9.425405120622878385e-01
9.029569436847190156e-01
9.304529323527825913e-01
9.214975186876833702e-01
8.866150022502126138e-01
9.056156687293694940e-01
8.704535092535399254e-01
9.409681915292343879e-01
9.329213832993578093e-01
9.192464052227503624e-01
8.691963960207460538e-01
9.495329088285040520e-01
8.787389815937554083e-01
8.591771106575978312e-01
9.425271057231792149e-01
9.306349462106153769e-01
9.268624017769938606e-01
9.432881045779786255e-01
8.315427471875777021e-01
9.093663154901987511e-01
8.820637992447311060e-01
9.303880514171468663e-01
8.987514695316952684e-01
8.113456788272245257e-01
9.553742935331679398e-01
8.831936531244841682e-01
8.565929674900309987e-01
9.263924949799231534e-01
9.519558998290803542e-01
8.885896037860627761e-01
9.027067384725284693e-01
8.868414621766469441e-01
9.106427979318016952e-01
8.890797689353759914e-01
8.688132009751818874e-01
9.166946535015628728e-01
9.008720391490344648e-01
9.395547104601098543e-01
7.477917000756864052e-01
9.226008294667522591e-01
8.869931775793469253e-01
9.427268342063993556e-01
9.147129587181677124e-01
8.087648850438449166e-01
9.120289172501214736e-01
9.634274443391965814e-01
9.514118469309963411e-01
8.606249318381218316e-01
9.147400367986522340e-01
9.482830045494426985e-01
9.363546971011157405e-01
9.428002496453758985e-01
8.729110535354430711e-01
9.263499133529027318e-01
9.332763163719743904e-01
8.768667502613283204e-01
9.112776382945951825e-01
9.134417364301736786e-01
9.416666354498013369e-01
9.219479159526627887e-01
9.377285558980534841e-01
9.493066587559254588e-01
9.288771235086829003e-01
8.825113795850519915e-01
9.196631387737419505e-01
8.930548309042088961e-01
8.702099660659093905e-01
9.119621832544532181e-01
9.085950398059654542e-01
9.364540364977455011e-01
8.797837341831306057e-01
9.295237442320377630e-01
8.932595828239623392e-01
8.311581359952758818e-01
9.262187823207169712e-01
9.167152027475251597e-01
8.924067452522901345e-01
9.493072622299922880e-01
9.125639640008105236e-01
8.742805468801763125e-01
8.913705132354755589e-01
8.952334515056384889e-01
9.002896745819115587e-01
9.484552126076349898e-01
9.312227349774689911e-01
9.118308001703464560e-01
9.160843341257467465e-01
8.706874305166614203e-01
9.114921921290529694e-01
8.451442109626761123e-01
9.565879333352771408e-01
9.571818753933469814e-01
8.804320848751470141e-01
9.081294218262445650e-01
9.366788970455893759e-01
9.502130106906118145e-01
8.910966039155383545e-01
9.317045123826501740e-01
9.319379287615936480e-01
9.049750378109614468e-01
9.693899186135519486e-01
9.644052236508537934e-01
8.088701285489827697e-01
8.844078770057440808e-01
9.438402702586782267e-01
8.734608421640099873e-01
9.094682147107702175e-01
9.137026279992140898e-01
9.267991510653379450e-01
8.962032927697851648e-01
9.006266649185531437e-01
8.959178757523938996e-01
8.917241716529479278e-01
9.156031820758864237e-01
9.142512902711220635e-01
9.614554121291881694e-01
9.310037567776612288e-01
9.424903737557980277e-01
9.026582153247814100e-01
9.240810600362684424e-01
9.409849717790127466e-01
9.516015009061838947e-01
9.021669969168384373e-01
9.555889753339625869e-01
9.330163346244154665e-01
9.142557704853840894e-01
8.780415561299568239e-01
8.609667519681494241e-01
9.270514307464158277e-01
7.742422275913595220e-01
8.709718905150148904e-01
8.671497252861140037e-01
9.446242642933655453e-01
8.811195688437705176e-01
8.862535587734177156e-01
9.398352522333640602e-01
9.217203774822424478e-01
9.246723030535599630e-01
8.818445771124456822e-01
9.597501089354789627e-01
9.596951836045259920e-01
9.843192466969281629e-01
8.511844910211936455e-01
8.982322160212125040e-01
9.141622784230306609e-01
9.506399161257617081e-01
8.485939536448937615e-01
9.875511596311010720e-01
8.775864833821822586e-01
9.674562915464667290e-01
9.463458266021315124e-01
9.472047207961146187e-01
8.705034940144745770e-01
9.295690936405811566e-01
9.361200525060655586e-01
8.985022954985332211e-01
8.951832381417915707e-01
9.224125055246185090e-01
8.937887238347351770e-01
8.532679198183638070e-01
9.790654006106219720e-01
8.834622110249340521e-01
9.070749418468531111e-01
9.259006691334633610e-01
8.062299751953355686e-01
9.532006401194329515e-01
8.673934297626649803e-01
8.824152124341791970e-01
8.941950252148223033e-01
9.136893232738647619e-01
8.654159793493384489e-01
9.060550068768877807e-01
9.365146022326292785e-01
9.457690842736282688e-01
9.458249734600138181e-01
9.682739247983653819e-01
9.314117901185242632e-01
9.106246886079550906e-01
9.065082716199152069e-01
9.064096310862066463e-01
8.689254885020408770e-01
9.423014663264932533e-01
9.470589160738037693e-01
9.128949985979130100e-01
9.445370141946498599e-01
8.747685015808907005e-01
8.757314119452979106e-01
9.434075658610167059e-01
9.392952818216898647e-01
8.493972342784140706e-01
9.055436937472089998e-01
9.250747697437265993e-01
9.165303725918576561e-01
9.081197542009227242e-01
9.123086769698935949e-01
9.136676153628823238e-01
9.380613612550630087e-01
9.271309773379021735e-01
9.157918272421237127e-01
8.747708859646843305e-01
9.487118466990277499e-01
9.086501275354953444e-01
9.144623913006750815e-01
8.743587197608692074e-01
9.359581662219929044e-01
8.981111795285142696e-01
8.707813059280832269e-01
9.164892345169030063e-01
9.325637878263670633e-01
8.551747362211672421e-01
8.701856737813197240e-01
9.282620490222959209e-01
8.698409237179094422e-01
8.428136784948113691e-01
8.908377053994246397e-01
8.766877764494898084e-01
7.591241930683285677e-01
8.706874305166614203e-01
9.246694464754819931e-01
9.432528057897884288e-01
9.107552779865195625e-01
9.646689088597198980e-01
9.118139109356561134e-01
9.139011568866388657e-01
8.965188723656949410e-01
9.529144341460138445e-01
9.511192594153633495e-01
8.896978590869571990e-01
8.613970645064883414e-01
9.572671894026175687e-01
9.232267633779471794e-01
8.646480104151332835e-01
8.744434183122835602e-01
9.222264858280128097e-01
9.164377983350415757e-01
8.847194554210767725e-01
9.231953678217770243e-01
9.600158701718914944e-01
8.368319902614408390e-01
8.910623045940510023e-01
9.531349760242910918e-01
9.678136545503124299e-01
9.053054367378191580e-01
9.601303071221670704e-01
9.422658279476192611e-01
9.425902622217622318e-01
9.093162304386691597e-01
8.980475455071758040e-01
9.543365673105682623e-01
9.540675929903776886e-01
9.069669642008986177e-01
9.691336207121548085e-01
8.435189086032067740e-01
9.178198669763490969e-01
9.506435303781551882e-01
9.604308973228338209e-01
9.438904956993385831e-01
9.563488598578065991e-01
8.910809804245488630e-01
9.484976341928467169e-01
9.161431658760620378e-01
9.787535667395861338e-01
8.873504141683351554e-01
9.399842676215820481e-01
9.484516304749559534e-01
9.700997318882169651e-01
8.767087126063520808e-01
9.300247114042247132e-01
8.579767392212683808e-01
9.113748177749703139e-01
9.170552943712517724e-01
9.120474574934632761e-01
8.799572657340318793e-01
8.324376314480620431e-01
8.723132165706229957e-01
9.009081271401416791e-01
8.311581359952758818e-01
9.639370621409195650e-01
9.038094564822056753e-01
9.431678817103732460e-01
9.442986059322020509e-01
9.442907955433957889e-01
9.161938599905792291e-01
9.513147976521828530e-01
9.388051642579033906e-01
9.051505052118037353e-01
9.566076167555968013e-01
9.234108950518968850e-01
9.566211276056512114e-01
8.792384302257618689e-01
9.022671577540664067e-01
8.955163573254956155e-01
9.454784608966897430e-01
9.473569803730712557e-01
9.332783936655785206e-01
8.560864821022952098e-01
8.908243980750901736e-01
8.392725489056963584e-01
8.843774294591723040e-01
9.639133987530011938e-01
9.236650946223456948e-01
9.406132316904656232e-01
8.892061959042811825e-01
9.302596600887229616e-01
8.680553677155437020e-01
8.953225592282670897e-01
9.333278487564212744e-01
8.962485842931972035e-01
9.273634585150047904e-01
9.645963676362193651e-01
8.971191620666445488e-01
9.380104215514001309e-01
8.570927026399809412e-01
9.130119571007853096e-01
9.471613790151072187e-01
9.125064355593841547e-01
8.419020166515520653e-01
9.486043288806033091e-01
8.966413825542209892e-01
9.223652572861686938e-01
9.548617126656947507e-01
8.753817137338621990e-01
9.342405675312329683e-01
9.668067435558558298e-01
9.141509479320325537e-01
8.926822133866251230e-01
9.276953315639586695e-01
8.983464173905238992e-01
8.791835492247895845e-01
9.017994789894135943e-01
8.225848263410470151e-01
9.693866061704176085e-01
7.905466022596530085e-01
8.633460053635720888e-01
9.519176238581945615e-01
9.796548275964979124e-01
9.725473902871146770e-01
9.110341150392654574e-01
9.417289290605499463e-01
9.252401540654083822e-01
8.907654287136808069e-01
8.997926927085267979e-01
8.990031467893733197e-01
9.440536525320097905e-01
9.018344929703081547e-01
8.973870338505860467e-01
9.483992603811478572e-01
9.590207097596316066e-01
8.895048444829868339e-01
9.641808271879075409e-01
8.285429052289512430e-01
9.529770466925954198e-01
8.831894327918820009e-01
9.360409997671175208e-01
9.149691825177878046e-01
9.000861462260602019e-01
8.489049597460550656e-01
9.302199057299372909e-01
8.918644681620813142e-01
9.063401670041850711e-01
9.261525177754225124e-01
8.456402441036835471e-01
8.862344708885401268e-01
8.074894968603307799e-01
9.257486348175387736e-01
8.406827560176695080e-01
9.203857838227605948e-01
8.922554105461609764e-01
8.547967387734294320e-01
9.066269356031453341e-01
8.921530130562091987e-01
8.422418732543247577e-01
9.529595262939072331e-01
8.266045860976942716e-01
9.758236383582468143e-01
9.547216694300051376e-01
