9.254840906649877130e-01
9.051833297781187726e-01
8.843774294591723040e-01
9.599194944398686813e-01
9.028909108247227255e-01
8.889763645702863926e-01
9.426235913994850391e-01
8.528880446662671089e-01
8.964696753169609789e-01
9.324303229933138537e-01
8.973889739992425563e-01
9.377081783892980971e-01
9.338166573776167656e-01
9.121321854440744836e-01
8.637818723146013511e-01
8.867417013198951592e-01
9.315696115099398877e-01
9.189020806387145912e-01
9.135718375958923332e-01
8.504101629119354966e-01
9.409487877899836983e-01
9.447912897482961814e-01
9.520714512754142600e-01
9.233775022453892811e-01
9.177806313933167814e-01
8.927984078043890159e-01
9.409475107061886501e-01
8.866176926149011983e-01
9.197052928810037775e-01
8.606878934873725129e-01
9.542432110576460902e-01
8.538939426241211050e-01
9.379420769759529986e-01
8.757030101119714915e-01
9.298779472710114735e-01
9.485621964324711941e-01
9.434223731169742999e-01
8.897140480767410375e-01
9.577653428377388423e-01
9.340033781940695334e-01
9.387436724801059285e-01
8.853867062960746326e-01
9.230448750448642103e-01
8.715602296638700341e-01
9.190869724842768429e-01
9.180804217961076041e-01
8.925296319081770235e-01
9.412653006866601446e-01
9.481991259416904239e-01
8.093827823282934153e-01
9.132165314056341909e-01
9.040297377084313135e-01
8.304143340242562399e-01
9.549945343634514971e-01
8.973244068374162108e-01
9.479516122531633782e-01
8.999128830555673808e-01
8.993521615348430975e-01
9.510922601556244249e-01
9.252910446548401335e-01
9.555451876609468709e-01
9.545378485233143584e-01
9.090525750386746484e-01
8.671392522096132982e-01
9.016261280354322949e-01
9.452187958113404953e-01
9.562663307956361658e-01
9.239250933573901481e-01
9.515183198958778732e-01
9.375054862475802331e-01
8.929888585614219609e-01
8.938268401867524027e-01
8.859864046354671840e-01
9.006958214051967726e-01
9.251444049489458976e-01
9.786217996306451061e-01
9.555822419451482919e-01
9.085948200482211190e-01
8.601905879888619433e-01
9.308928260021270829e-01
9.283459476809472477e-01
9.470204821035751452e-01
9.253542579021425407e-01
9.202056737681614251e-01
9.432214986708552518e-01
9.396530803377076690e-01
8.674651035136418109e-01
9.119541603053136214e-01
9.502428556967200679e-01
8.969494034927717463e-01
9.000873074163705523e-01
8.727438143637969992e-01
8.872091423113308561e-01
9.096975761693624207e-01
9.492921713688370344e-01
9.541744746927239840e-01
8.737340825399169120e-01
8.716043625560483399e-01
9.392939109166515976e-01
9.074887825752275816e-01
9.442177206390044431e-01
9.053323925464125121e-01
9.358592501958633569e-01
9.559958713424636656e-01
9.487691417414362283e-01
9.434782679808561001e-01
9.586859305557380306e-01
9.285530523499766486e-01
8.978345335724779996e-01
9.309753102338550468e-01
9.258204018676903235e-01
8.913938837637351842e-01
9.151364755152785468e-01
9.027284930494530180e-01
9.231953678217770243e-01
9.131158811029197464e-01
9.428140030780416403e-01
9.273661067104198574e-01
9.056796148940189362e-01
9.915088424093356778e-01
9.343192512635452029e-01
9.233044005236950014e-01
8.569801241494978683e-01
9.102835118649726942e-01
8.990111726517268087e-01
9.870463218217044865e-01
9.054016421456848596e-01
9.247032742803547034e-01
8.486189150334623177e-01
9.423191176999219376e-01
9.321356377849854269e-01
9.137157360623331392e-01
9.211119905352245230e-01
9.237396932605418387e-01
9.624999861187951700e-01
9.092683577377764781e-01
9.260004742681237078e-01
9.273512927817587626e-01
9.431830976177564274e-01
9.311959505581580698e-01
9.057388469797682529e-01
9.102041971577259361e-01
9.232759877958314210e-01
8.536207182783185354e-01
9.338634245000962952e-01
9.211036420979672457e-01
9.603287209910750244e-01
8.991620461557314758e-01
8.601687531761803562e-01
9.019985787728371784e-01
9.143882617289865733e-01
9.031105329755579891e-01
9.376665801847061665e-01
9.388043078978004496e-01
9.280960820414112522e-01
8.615460680497879498e-01
9.481926650175592775e-01
9.033984800835506146e-01
9.186715151148207026e-01
9.258561881386723202e-01
9.097329990970703939e-01
8.769582451298685299e-01
8.867526651253881953e-01
8.900383085854661758e-01
8.930469730446709553e-01
9.427465707910419601e-01
8.658754965945292259e-01
9.250424585752312634e-01
9.232731316918031395e-01
9.779652081928085217e-01
8.931660478394246594e-01
9.336714503820791045e-01
9.329816516786298974e-01
9.689655577200022574e-01
8.748339433522446251e-01
9.182739734923479613e-01
9.248331183854129334e-01
8.481803966626502156e-01
8.848718758736383583e-01
8.985022954985332211e-01
9.234188508091744074e-01
8.979743973493036213e-01
8.948254121166353547e-01
9.459262794041914946e-01
8.699114505885178206e-01
9.102704745233647365e-01
9.192122517822709504e-01
8.709958279593449371e-01
8.417687412926739832e-01
9.915088424093356778e-01
8.977405853769271360e-01
9.076979585083658764e-01
9.012433572340389221e-01
9.153794845588688611e-01
8.228324891132501318e-01
9.756539133549024800e-01
9.134540796621444247e-01
8.791835492247895845e-01
9.460308153860195191e-01
9.470447094298894974e-01
9.367075273643713507e-01
9.071576394035303359e-01
9.111545942568458623e-01
9.311999580315256653e-01
8.852305345833361150e-01
9.371315234610545497e-01
9.143665796385498368e-01
9.127744408736414572e-01
8.725564880751077723e-01
9.342091790605487889e-01
9.201920406741359582e-01
8.604567747480201811e-01
9.244232139403023574e-01
8.742729448507374768e-01
9.457690842736282688e-01
8.924409082431897788e-01
8.910961630144875745e-01
8.764704765319678570e-01
8.867876620866611548e-01
9.524986798332027993e-01
8.681072997293396432e-01
9.461681229765049883e-01
8.911491029259611674e-01
9.377577333313086294e-01
9.177504978341254338e-01
8.961985693724603408e-01
8.732106536462056479e-01
9.399404325817601880e-01
8.874791343043559877e-01
8.473055845022490207e-01
9.370451008447406860e-01
8.349432277566433136e-01
9.649655154404753743e-01
9.350757564530695065e-01
8.683919536613380341e-01
9.302199057299372909e-01
9.238182281028866072e-01
9.026593769075069718e-01
9.351063006910099729e-01
9.667326322047996578e-01
9.065158950832791218e-01
9.257692314226044772e-01
8.885114298918614928e-01
9.446779877330544473e-01
9.594403159079266663e-01
9.429143906008738973e-01
8.751207447717799237e-01
9.583130691859823580e-01
8.948955710199691937e-01
8.770039965092931711e-01
9.523137888341045576e-01
9.180670674002364695e-01
8.675372753761018130e-01
8.620391909382963957e-01
9.835081286364618647e-01
8.416252458239237288e-01
8.999995738507953202e-01
7.862942492967075481e-01
9.400214115188862962e-01
9.275409733984881777e-01
9.242834249630951238e-01
8.989962460711338199e-01
8.723800144485643893e-01
9.075340279692380996e-01
9.717488325225531742e-01
9.396944101336732746e-01
9.207996875507518109e-01
9.612682391791439462e-01
9.420668678488912651e-01
9.185166954588113164e-01
9.101789255874670470e-01
9.106042250327369691e-01
9.237074645626229819e-01
8.756399801536344230e-01
9.397113815259998670e-01
9.058901639328188482e-01
9.103610555277690253e-01
9.379437614506719312e-01
8.540398798882484765e-01
8.763789351878149558e-01
8.932526816604234865e-01
9.406105925853754934e-01
8.558901042972669737e-01
9.159394726199748815e-01
9.950470957825686691e-01
8.921637084604256973e-01
8.789506543917711134e-01
9.193968823739744334e-01
9.508483059381991342e-01
8.971168388536953087e-01
8.369850535429796956e-01
9.234733631151875732e-01
9.244244273999381312e-01
8.853169397432560928e-01
9.235989857223562138e-01
8.931054966504285986e-01
9.417056610690739404e-01
9.261573374052287644e-01
8.965683320235261489e-01
9.626593081913306094e-01
9.349809389848651175e-01
9.541332411401233227e-01
8.841054635196553546e-01
9.283195360901095317e-01
8.918912290548659527e-01
8.554789101040177757e-01
9.022518877785815627e-01
8.832279129369187132e-01
9.532276709345781640e-01
9.915643413343723234e-01
9.604267625851340417e-01
8.914899197658849861e-01
9.122807440447984195e-01
9.010512294916880327e-01
8.886572722364172172e-01
8.890046606704397059e-01
9.622775889662602555e-01
9.270385547846373697e-01
9.189062211518116419e-01
8.895736314449377291e-01
9.436597563918612819e-01
8.563970762935131376e-01
9.193801789977110728e-01
8.983491251375105291e-01
9.435642982857492811e-01
9.700301924332926928e-01
9.099736788444944269e-01
8.846689158057843283e-01
9.700363471925890213e-01
8.937412491380266610e-01
9.542854568318074326e-01
8.963283251000698781e-01
9.196216734915502178e-01
9.253172729609604463e-01
8.799478843474032308e-01
9.408158594603717173e-01
9.443284047544028281e-01
9.089601135897426021e-01
9.039965754823866551e-01
9.275709077364380217e-01
9.404068442661958072e-01
9.523137556314609231e-01
9.239100649579505831e-01
9.085517337643523872e-01
9.350786733138782836e-01
8.994814047130766932e-01
8.526433629515003387e-01
8.898829904223568565e-01
9.246253626662350733e-01
9.818435134222477378e-01
8.685131122562848027e-01
9.753584311013241415e-01
8.093454694878214895e-01
8.705568066507844982e-01
8.636086432579695993e-01
8.733245523017105771e-01
8.903794572986855060e-01
9.078216464727560941e-01
9.323483557027125723e-01
8.917279715414186958e-01
8.497912618853278310e-01
9.131158811029197464e-01
9.196172679866303490e-01
8.600375771910580003e-01
8.577750305416225185e-01
9.764972143560669560e-01
9.488304746245368460e-01
8.644814730588280538e-01
9.116770257099841013e-01
9.382326632325127536e-01
8.656818154194955151e-01
8.662581141555545372e-01
8.557623004103205311e-01
9.486141512750497773e-01
9.297419927350955016e-01
9.061969848990161225e-01
9.346562178625476003e-01
9.850150756698327070e-01
9.144490997443907032e-01
9.515776084318303685e-01
8.193908082616243593e-01
8.404798808101011653e-01
9.353015106957262015e-01
8.503763209811836532e-01
9.149815068558775355e-01
9.024313449768998074e-01
9.482133937352892339e-01
9.269329319298306169e-01
9.324622083069211698e-01
8.038552944478097873e-01
9.469069289937251943e-01
8.713310890689881516e-01
9.520175437957613118e-01
9.184495048978559284e-01
9.368420026240743548e-01
9.411506157862592481e-01
8.357437237755871440e-01
8.872530269528019486e-01
9.398910124223843754e-01
9.513339360114796417e-01
9.322133875031825001e-01
8.930596581334440121e-01
8.895578771052917721e-01
9.207369585289755243e-01
9.013509480492126746e-01
9.091057067058446739e-01
9.280865996598809398e-01
9.330919981797588525e-01
8.744340925364204598e-01
9.466718296888807505e-01
9.043679195873427501e-01
8.770007587772679081e-01
9.078792492550054050e-01
8.800525025658669787e-01
8.543784312465878550e-01
9.178917282534911903e-01
9.362982122936652774e-01
9.522207762869226988e-01
9.234288048268552984e-01
8.906367180119666438e-01
8.511844910211936455e-01
8.894382034783049340e-01
8.832386132391466527e-01
9.167280445879615325e-01
8.941676052888555271e-01
9.891119598068198737e-01
9.296608692437311472e-01
8.502199858614891692e-01
9.008399404887103001e-01
9.035389750988060964e-01
9.479105473942142090e-01
8.384318980159319867e-01
9.380242266345136803e-01
9.698663677713207365e-01
9.224446608875619402e-01
9.081352214928677391e-01
9.651396402633045657e-01
9.349512783061112442e-01
9.127628642743224052e-01
8.697261172181336430e-01
9.287526472746354678e-01
9.099055748848808856e-01
9.430686099842757741e-01
8.924409082431897788e-01
8.397619296283332924e-01
9.061529575863208619e-01
9.015375131723285529e-01
8.748974109573844915e-01
9.387357268783368403e-01
9.027594685510973438e-01
8.799389091872192870e-01
9.571513933986367517e-01
9.106170861082791834e-01
8.518763440534097287e-01
9.798533326722695946e-01
8.618704082967687530e-01
9.293743820910637110e-01
9.088325444044278445e-01
9.396530803377076690e-01
9.560323417736666940e-01
9.259265101253357777e-01
9.441823194780947226e-01
9.087391188300435463e-01
9.030487270693285939e-01
9.344917969734964913e-01
8.878349084665793089e-01
9.478047890800261888e-01
8.216383644794761354e-01
9.466275402866146660e-01
8.642562365255705981e-01
9.522212188686676182e-01
9.100451274294518722e-01
9.361516499505251332e-01
9.078502343388007434e-01
8.770751865457130370e-01
9.198939408511261906e-01
8.913475578625537077e-01
8.632002117104796701e-01
9.546948783934736671e-01
9.397425686987858073e-01
9.156585197586936120e-01
9.098168705383057331e-01
9.239100649579505831e-01
9.140089306515755130e-01
9.181658358079077820e-01
9.483219787753478514e-01
9.067890750398962529e-01
8.533879866629989763e-01
9.589913112551703422e-01
9.289997413378433544e-01
9.091001700245161521e-01
9.343152968178948248e-01
9.248193024242779003e-01
9.119718134555906408e-01
9.316004110504160218e-01
8.422667262294514234e-01
9.163624303654639425e-01
9.917054878938498241e-01
8.776119604665979512e-01
8.617098738404210811e-01
8.896693918718361349e-01
9.053876525653185015e-01
8.639587063470081096e-01
9.384217119126788687e-01
9.217817388901825559e-01
8.787553411078444787e-01
9.640839733963454394e-01
9.192914900577060511e-01
9.451677273135847823e-01
7.630660462182292658e-01
9.494470563996985080e-01
9.405418779403001972e-01
9.694115791341880728e-01
9.098168705383057331e-01
9.857258837999717249e-01
9.462519810714702384e-01
9.618225640499186158e-01
8.757258479233634985e-01
9.211350818313044364e-01
8.759981788247623857e-01
8.673934297626649803e-01
9.177206814282675706e-01
8.999505396767094600e-01
8.924335892972151685e-01
8.958434774187080674e-01
9.115737447140740413e-01
9.640251882074285517e-01
8.945044359727798433e-01
8.753817137338621990e-01
9.151186037993491729e-01
9.453952750597451882e-01
9.523696232254973415e-01
9.197793786820385176e-01
8.789622040750022514e-01
9.549945343634514971e-01
8.182126442623641749e-01
9.680116974944960040e-01
9.030487270693285939e-01
9.562009815757707143e-01
8.995832176874150043e-01
9.575273591140701646e-01
8.411778005869720021e-01
9.305071957584256648e-01
9.541297124489497294e-01
9.254723139459288817e-01
8.595421587834541910e-01
9.162199206315798650e-01
9.310188031429449396e-01
8.399317093474252260e-01
9.286218821605177753e-01
9.082348060536570289e-01
9.548468865549737394e-01
9.262294062578183551e-01
9.163111984770926366e-01
8.722416336054952257e-01
8.595429884560357170e-01
9.082123084652918843e-01
9.196847697718517622e-01
8.105040405829451178e-01
9.047697887518905135e-01
8.740287370636659059e-01
8.993248102656983267e-01
9.347829573019281746e-01
9.099600059555800202e-01
8.663397507056859181e-01
9.016235178537048700e-01
8.951706886632947446e-01
8.963809718555281192e-01
9.278097394834724509e-01
8.942562698912230879e-01
8.808171939237269266e-01
9.342977592873813464e-01
8.832650606740254373e-01
9.064267092613088606e-01
8.697261172181336430e-01
8.600375771910580003e-01
9.227780367835314301e-01
9.370268397838620311e-01
9.125775883545425016e-01
7.718657799895207727e-01
9.375447825516585176e-01
8.914761843598957292e-01
9.123592161330001948e-01
8.350982204945246457e-01
9.225004162762685533e-01
9.441803823677016316e-01
8.978340364065198198e-01
9.130366293636736907e-01
9.086347040664770613e-01
9.275036975114470117e-01
8.934370121135045695e-01
9.530762690201881604e-01
8.997809499391768995e-01
9.241646079098878586e-01
8.843984091202278242e-01
8.505611552176661760e-01
8.703768416539082731e-01
9.431812633283093161e-01
8.887036386205997562e-01
9.173089028034976389e-01
9.214875978604203377e-01
8.922062426424099968e-01
8.676598088086044935e-01
9.168312795050171937e-01
9.578387312543558130e-01
8.874486850335503441e-01
9.164840144550131518e-01
8.825278636325513126e-01
9.373388714852386450e-01
9.154603267236866015e-01
9.117615682207952377e-01
9.446301369333393039e-01
9.451546952321343564e-01
9.319994528684651947e-01
9.318862466508163189e-01
9.229446885492718078e-01
8.926822133866251230e-01
9.574535750430483994e-01
9.033464928901848712e-01
8.886497851236777601e-01
9.214540489453582062e-01
9.368112783964330781e-01
8.809074336912150471e-01
8.563530232214953131e-01
8.755308351548043433e-01
8.782291576037062342e-01
9.234057766935719336e-01
9.136676153628823238e-01
9.451677273135847823e-01
8.771424771145419630e-01
9.046896632235940094e-01
9.316522993833494803e-01
9.508135195015584573e-01
9.325890859925286547e-01
9.517542542287230622e-01
8.914598365945084479e-01
9.477153842674267414e-01
9.003775528189439381e-01
8.376660820181603961e-01
9.189805966605752996e-01
9.042578873737427969e-01
9.255383892404079882e-01
9.573092324633815098e-01
9.360168131206733078e-01
8.848965584676603546e-01
9.223062867554778776e-01
9.385405774705116722e-01
9.058901639328188482e-01
9.457902607050583388e-01
9.095435421256400366e-01
8.824012700996266556e-01
8.258898451852942912e-01
9.678756839330663331e-01
8.449559417540223327e-01
8.732496832946425869e-01
8.498396110694164118e-01
9.532318269430536395e-01
9.446235873977051334e-01
8.966806777403339979e-01
8.617869749576088090e-01
8.622333278113886168e-01
9.857562936993109481e-01
9.192889137611186534e-01
8.793049819340092998e-01
8.761600967952457575e-01
9.172638471213340194e-01
9.413511613348348739e-01
8.860923932154132210e-01
9.429900658508650890e-01
9.275022784008194465e-01
9.288580251141479449e-01
8.542644350095979222e-01
9.071863610077021134e-01
9.021364665910072134e-01
9.095983518697144943e-01
9.044566929708650616e-01
8.521462129201495816e-01
9.082311722449480929e-01
9.317607025763695594e-01
9.335454105083753618e-01
9.335340176471222939e-01
9.222945946954179686e-01
8.422667262294514234e-01
8.506011029317791516e-01
9.063401670041850711e-01
8.430335660182081137e-01
8.370907257018830316e-01
8.949679773622141177e-01
9.090108157196905569e-01
8.657193833026900487e-01
9.062119924566489626e-01
8.897272448850442883e-01
9.607413961891573262e-01
9.768708072399703291e-01
8.559133472285348487e-01
9.093915858573510258e-01
9.030711446663568509e-01
8.897272448850442883e-01
9.172531420339339325e-01
9.068263671885683497e-01
7.999735336993611945e-01
9.160574799623434350e-01
9.032904485949296847e-01
9.241362041977972952e-01
9.067412700549027926e-01
9.728574871398033563e-01
9.643209744218484980e-01
8.789379012826190607e-01
9.128077108285812535e-01
9.146669402462410670e-01
9.012110936358664892e-01
9.011765697219387139e-01
8.943082791660488251e-01
9.315085840133880968e-01
9.405418779403001972e-01
8.346014034360828004e-01
9.702160776842503331e-01
9.189020806387145912e-01
8.893220669024407554e-01
9.437272727653988058e-01
9.314944054120095629e-01
8.877727116025021514e-01
9.609678534762466917e-01
9.722650925506594044e-01
8.503992001175033622e-01
9.404524614368580115e-01
8.615460680497879498e-01
9.203810617175353093e-01
9.538749229201365365e-01
8.825945783709324699e-01
9.281203833559650285e-01
8.814318370764073762e-01
8.734113441526215604e-01
8.567791034399656613e-01
9.577277369315252420e-01
9.477153842674267414e-01
9.552301400559948252e-01
9.010901253498622143e-01
9.554822804009385218e-01
9.257114740301047862e-01
9.677729670917474269e-01
9.513939663377287692e-01
9.728574871398033563e-01
9.304529323527825913e-01
8.896308026858793516e-01
9.487143134541998757e-01
8.719996992191449969e-01
9.208894271721917990e-01
8.620391909382963957e-01
9.609208837611996623e-01
8.957217924233209505e-01
9.468852171659234429e-01
8.824761241393186406e-01
9.417858116885147179e-01
9.141622784230306609e-01
9.738752689934790929e-01
9.207186605815937952e-01
8.918672415608829285e-01
9.099128358939312378e-01
9.438581243519862385e-01
8.680556679749763527e-01
8.739958793312059271e-01
9.296620150311266650e-01
9.145493047454020807e-01
8.979143005626694096e-01
8.807110219105286353e-01
9.458622687987234823e-01
9.549360416192615997e-01
9.283275763134960501e-01
8.428608699459547715e-01
9.043107065932932676e-01
9.469069289937251943e-01
9.014359177736551709e-01
9.203670993122204935e-01
8.901669072112972092e-01
9.102438678626951774e-01
8.530564903213525563e-01
8.917917985062616681e-01
9.388565051507662407e-01
8.496436501822793863e-01
9.015199011012854369e-01
9.385320682036635276e-01
8.321325472347914642e-01
8.730493581976948025e-01
8.884644766664017146e-01
8.649910116339762922e-01
8.930960332025414949e-01
8.512769004174445264e-01
9.167909326145964322e-01
9.268920030155575196e-01
9.235381648755806028e-01
9.409780374296492500e-01
9.130377536411623529e-01
8.635236015375777896e-01
9.715898398120353940e-01
8.628067989494487833e-01
8.657574908734487762e-01
9.021553257606927945e-01
8.799807826115613185e-01
8.783880281727213246e-01
9.091352250909388033e-01
9.296074660601850725e-01
9.193225518098835369e-01
9.246253626662350733e-01
9.197750302285110369e-01
8.817034470131404067e-01
9.439906586682239586e-01
8.970191757989588455e-01
8.964336378460365795e-01
9.096469273028742197e-01
9.344362507428228826e-01
9.087948362178855932e-01
9.296178088097788450e-01
9.361502538418248198e-01
8.676915695949534157e-01
8.931660478394246594e-01
8.874264892948943162e-01
8.955970284063984321e-01
8.963809718555281192e-01
9.086599275616098481e-01
8.795646641539996979e-01
9.708066867184889093e-01
9.319002563159353159e-01
8.963071129285711258e-01
9.317936578303331885e-01
9.170773650487971107e-01
9.578241297869198867e-01
8.811043712842555609e-01
8.992830152758961582e-01
9.138651147093252991e-01
9.600016003513864860e-01
9.410452261866251167e-01
8.905591884647914291e-01
8.813107491419646111e-01
8.953216663421734722e-01
8.599599384886095210e-01
9.329350533137554802e-01
9.297434189520137338e-01
9.113834607855559877e-01
9.541489169003208870e-01
9.007153956921877258e-01
9.098626632570634420e-01
9.102669818331079465e-01
8.741369950426257640e-01
9.298460351540237534e-01
9.398446448739150583e-01
9.437258677047193345e-01
9.401473895672308734e-01
9.791204273209028752e-01
9.063934016541047578e-01
9.345218046162024894e-01
8.614132355341950209e-01
8.215913583590628289e-01
9.052495543758698471e-01
7.774673602313258991e-01
9.520368746075605904e-01
8.987656680015125854e-01
9.419356312267752607e-01
8.468018840823972049e-01
9.510317090125621764e-01
9.380191916579310174e-01
9.391792167952160986e-01
9.701408613787029234e-01
8.567955931793209690e-01
9.839671416753453803e-01
9.439801197214772177e-01
9.195608071858245580e-01
9.159175609905965132e-01
9.067935058631813039e-01
9.253542579021425407e-01
8.852828176489005996e-01
9.026624073816841287e-01
9.281342604981608346e-01
8.640600256549089142e-01
8.774750109127159581e-01
8.813446219012598393e-01
8.794674641392737913e-01
8.964742204138728132e-01
9.552620307575153680e-01
9.258014242166450192e-01
9.475674056822777080e-01
8.751221881004311864e-01
9.024587713101615005e-01
8.320009707871468541e-01
9.171988631271629222e-01
9.011568580071620538e-01
9.738646101889102402e-01
9.714215715620788671e-01
9.161691385327132009e-01
7.732723990461107810e-01
9.346176414967863888e-01
9.697614076220957280e-01
8.816016980663692326e-01
8.835244394089043496e-01
8.649121773663236423e-01
9.261070974992160476e-01
8.739309240678981849e-01
9.397113815259998670e-01
9.236453119376090148e-01
9.019126758079063499e-01
9.014667234770181725e-01
8.376200814412427809e-01
9.257289105428332388e-01
8.961985693724603408e-01
8.514228600611890574e-01
9.435292221912557897e-01
8.909591437633253008e-01
9.411791897272351326e-01
9.098761150766339068e-01
9.089902455398134462e-01
9.654004368222435239e-01
9.642472156146545403e-01
9.896480633533502047e-01
8.521388930380929816e-01
9.006570125598272192e-01
9.436963463953966791e-01
9.001942634121368192e-01
9.192436132102720370e-01
9.263924949799231534e-01
9.439973678882848107e-01
8.737498212856366075e-01
9.024831824458844354e-01
8.439390291784394371e-01
9.568569951765838466e-01
9.446992060633402355e-01
9.259265101253357777e-01
9.553507110269812141e-01
9.278278617743034307e-01
8.474398915966744328e-01
8.931984319024556251e-01
9.288771235086829003e-01
8.706773602550884616e-01
8.800872689313895547e-01
8.877929019419315004e-01
9.291993238890038365e-01
9.046613737490551976e-01
8.979952090127594211e-01
9.039866964868854549e-01
9.593360563921462525e-01
9.281249126370988423e-01
8.834772267292626546e-01
8.750757492392722270e-01
9.445384407740532451e-01
9.134569247836374917e-01
9.342511006473402935e-01
9.536145283110368798e-01
9.241002255593361303e-01
9.043005532571424254e-01
9.909678162558156478e-01
9.139567503757095590e-01
9.301333609234805344e-01
9.419538727869947170e-01
9.009542304275759417e-01
8.800525025658669787e-01
9.072309115925751843e-01
8.873228346046846404e-01
8.719208132795598365e-01
9.290307901557706138e-01
9.336737251318066866e-01
9.101825357825129581e-01
9.103501125268259608e-01
9.579231201347796487e-01
8.940726905875966413e-01
9.725069944619317841e-01
8.843108570821386349e-01
9.405687495028525191e-01
9.265734154616496188e-01
9.424205466490803706e-01
9.357478643259888873e-01
9.284265030599424540e-01
8.922380758797729960e-01
9.205786798465840359e-01
9.385320682036635276e-01
9.029737748267909758e-01
9.347261741755759079e-01
8.480074765390915870e-01
9.222186199361738224e-01
9.407639355702541728e-01
9.372857014533817477e-01
8.874904107746600657e-01
9.084015176942399350e-01
9.047252765094019322e-01
9.163134003692894325e-01
9.793494055492828476e-01
8.920959157758602265e-01
8.869024351168557363e-01
9.404239583124556212e-01
9.465349031266232505e-01
9.629998136628691308e-01
9.318429180833673886e-01
9.321167198085148486e-01
9.029629898132173205e-01
9.597915561402912132e-01
9.226494437982725172e-01
9.871578310241228005e-01
8.388786531024741144e-01
8.964742204138728132e-01
9.234796322567470073e-01
9.362318425748863415e-01
7.799531855456091067e-01
9.325793307874333804e-01
9.351855034668439259e-01
8.444859754521906181e-01
8.867584876635492552e-01
8.727534986991979382e-01
9.010059892054143038e-01
9.502058443050601655e-01
9.721981650593863877e-01
9.493350076006028537e-01
9.112093116325989950e-01
9.143976592537478298e-01
9.117734805606860782e-01
9.688020056483832576e-01
9.229229715137807766e-01
9.518426262618386868e-01
8.757225473553696959e-01
9.801544637703070162e-01
9.056279693596304137e-01
9.443323648398577186e-01
7.970462080162106222e-01
8.796377313193568526e-01
9.154311591589043839e-01
8.900735892979710906e-01
8.558901042972669737e-01
9.365994284831447025e-01
8.621573283056657155e-01
9.149737476965834615e-01
8.649670178582843372e-01
9.000502264241224681e-01
9.512780702412595435e-01
8.677626855722800903e-01
8.765013819358067337e-01
9.313987089980814149e-01
9.152492683308116606e-01
9.360481442475191427e-01
9.085582506830972571e-01
8.953123870620243174e-01
8.786625515768234918e-01
9.189698849056723295e-01
9.204975131074357719e-01
9.569571951509624474e-01
9.433964556913542188e-01
9.725043986977522925e-01
9.572182316956300285e-01
9.622775889662602555e-01
9.977768104106647939e-01
9.401141725057055032e-01
9.201248283781711113e-01
9.177938458010241884e-01
9.394513000477713316e-01
9.480995266537987076e-01
9.321335621923201309e-01
9.072458647405613474e-01
9.526033154687680859e-01
8.700300766987528744e-01
9.264864425878120979e-01
9.590539914092188756e-01
9.394716408960127607e-01
9.204020816451650155e-01
9.736755034747164306e-01
8.654899207401148820e-01
9.206843168583376258e-01
8.663164412822708105e-01
9.172810311526681248e-01
8.337824823691218912e-01
9.136893232738647619e-01
8.838884541230385139e-01
8.604283993061481173e-01
9.286522880647596345e-01
9.555451876609468709e-01
9.022225157184003974e-01
8.859794637765502356e-01
8.721351998657924653e-01
9.550049626254772939e-01
9.090207419943987510e-01
9.009856215344335117e-01
9.427624573830074572e-01
7.976093703747531016e-01
9.545208190266879500e-01
8.809688376780399066e-01
9.039807170016215254e-01
9.212963630524478864e-01
8.904339692634276604e-01
8.917254170075079589e-01
9.319174016699450780e-01
8.701242761273859649e-01
9.338008052758627331e-01
9.489140535660600673e-01
9.188901353269863792e-01
8.926430331915145011e-01
9.696152349533090353e-01
9.193048049590512028e-01
9.152192759062649507e-01
9.395486604780307616e-01
9.282663496813622350e-01
9.131328480731839559e-01
9.834640534007249579e-01
9.564955008654546509e-01
9.251005769148656910e-01
8.985022954985332211e-01
9.461890101545925580e-01
8.028653889305424896e-01
9.089785355121395849e-01
9.252252996296209675e-01
9.483830387965621611e-01
8.250163762158363445e-01
8.895889988779814850e-01
9.458503506776659853e-01
8.877086992175764468e-01
9.129065426822510210e-01
9.120948978081387937e-01
9.440894404772489645e-01
9.114402984010742115e-01
8.903955690737100914e-01
8.958288866267976047e-01
9.755875006987250186e-01
9.676146228994640941e-01
8.970618606580811338e-01
8.977038186211510062e-01
8.529693312016527473e-01
8.834772267292626546e-01
8.890922315564917522e-01
9.371315234610545497e-01
9.377577333313086294e-01
9.339670699314732705e-01
9.001426172769900758e-01
8.812306912803286041e-01
9.438545857593201305e-01
9.354471858434660891e-01
8.479904099739896672e-01
9.184789447136341156e-01
9.175270990531594340e-01
8.625196710165864422e-01
8.801550181193248390e-01
9.368069880255702753e-01
8.858321548080448915e-01
9.527212618328143590e-01
9.396987145771326100e-01
8.844725998829978675e-01
8.739724194433016180e-01
9.244632390620353135e-01
9.334262405738673607e-01
9.144529487888384267e-01
8.911761821928567695e-01
8.848065474371051842e-01
9.396613667888311650e-01
9.651181146445675374e-01
8.717648609260205683e-01
9.312905797115529349e-01
9.378883324345749228e-01
8.913563911319670741e-01
9.289278248041925590e-01
9.089448880795489849e-01
9.180816494576473641e-01
9.156195961291773155e-01
9.382447577681083395e-01
9.335234877746518833e-01
8.887218870002154825e-01
9.250027506235658503e-01
9.333820883771933863e-01
8.628028318293413657e-01
9.316055064727690738e-01
8.919898057322463991e-01
9.130102015028740414e-01
9.469990217678749822e-01
8.866042396063257280e-01
9.068587535090213425e-01
9.286364263657552742e-01
9.064442846062652492e-01
9.503856089896822734e-01
9.126605588631666599e-01
9.217574179235520360e-01
8.832088682297356552e-01
9.040667906947282839e-01
9.299371410503383117e-01
9.006792945688206764e-01
8.433727030116984213e-01
9.129356518229996276e-01
9.474308447238084518e-01
9.667125315183238143e-01
8.996057285744689658e-01
9.082036117780575291e-01
9.189020806387145912e-01
9.015971809934052450e-01
9.153085999091494784e-01
9.249569065535869772e-01
8.710460121718950344e-01
9.447856312919723498e-01
9.474360196102279419e-01
8.963660157225126213e-01
8.703328018867612093e-01
9.426643480526538665e-01
9.482723547206646231e-01
9.110539670110273658e-01
9.038018684729557384e-01
9.143467139246836961e-01
9.725690259369739188e-01
8.856469108033302451e-01
8.759797366778783179e-01
9.360623738364471924e-01
8.599118849692720667e-01
9.447912897482961814e-01
9.023467417039737759e-01
9.012797979541439242e-01
9.837215688510232425e-01
8.486189150334623177e-01
9.069298937235268365e-01
8.686368372540170801e-01
9.330919981797588525e-01
8.476820230716017868e-01
8.715576646027398677e-01
9.051485076969995047e-01
9.369558006428374552e-01
8.549256205332154135e-01
9.154676044427396686e-01
9.365294643211103942e-01
9.026582153247814100e-01
9.299543960576491797e-01
9.746543116416820363e-01
9.451316022787878968e-01
9.514682773989671105e-01
8.956639298275500538e-01
9.333990877904096983e-01
9.372152857823708993e-01
9.274529747053497086e-01
8.710075378429155135e-01
9.677729670917474269e-01
9.134985468202730940e-01
9.386134441728409827e-01
9.456843335220534996e-01
8.232339212041631660e-01
8.909159434083088192e-01
9.465287305810974328e-01
9.251319532956524538e-01
8.560864821022952098e-01
8.889116459359693856e-01
9.171258701169398009e-01
9.665256428444565229e-01
9.661114905958735344e-01
9.792103460692787031e-01
9.170319713538960249e-01
8.908995828495623881e-01
8.897985794171364704e-01
9.148681045506128484e-01
9.400614682475486594e-01
9.274846770810108998e-01
9.403837105494369242e-01
8.771920587199442121e-01
9.149900465710747444e-01
9.164675950312687336e-01
9.496198654664624872e-01
9.166353991068669771e-01
9.049741942480938883e-01
9.040807515119511084e-01
8.865421609602049946e-01
8.861315105132102632e-01
9.418950296615835605e-01
8.958597869080724418e-01
9.233184670038295794e-01
9.453850035582818112e-01
9.148681045506128484e-01
9.424695424840409119e-01
8.602838404391530691e-01
9.323483557027125723e-01
8.560864821022952098e-01
9.938915243349708550e-01
9.074887825752275816e-01
9.302193047569897733e-01
9.041907695215253282e-01
8.773948122780740322e-01
9.203139512860368798e-01
8.592537315868148395e-01
9.154676044427396686e-01
9.126938595664448872e-01
9.876717330194156874e-01
8.961513102217981697e-01
9.910380410630185155e-01
9.204020816451650155e-01
8.721654616088153622e-01
9.333691144197683309e-01
9.286162520151098887e-01
9.142971272314576181e-01
8.708619308588353425e-01
9.374217615593969377e-01
9.026813868463262613e-01
9.578857640374163207e-01
9.305710059571791204e-01
9.557731820438977177e-01
8.638382220680097534e-01
9.000826169116389330e-01
9.309978715070108546e-01
9.613876112531776208e-01
9.223252742493017742e-01
9.132023483120050855e-01
9.588035458875775463e-01
9.465289544501002128e-01
9.424790846284968326e-01
8.385945486410948391e-01
8.088586286245756929e-01
9.254225215582345676e-01
9.478741529935690302e-01
8.915535095805294796e-01
8.807830688741087322e-01
9.099153880736526867e-01
8.973244068374162108e-01
9.103202526123483906e-01
9.154617669034057492e-01
9.952671493836762195e-01
9.446975235226504619e-01
8.496845167926875275e-01
8.592537315868148395e-01
9.348357506725145649e-01
9.401958380678201443e-01
9.310316373703672044e-01
8.629634275104934860e-01
9.178443036075302208e-01
9.064267092613088606e-01
8.692956677209771055e-01
9.565414442200893541e-01
8.590019977900009707e-01
9.060976654850402268e-01
9.321195761601600571e-01
9.501722599154704962e-01
9.109617176984431408e-01
9.354673491291952692e-01
9.308601489472680957e-01
8.863177840027581800e-01
9.632090555374539509e-01
9.518006054244195768e-01
9.012756436674389526e-01
8.873344633429792738e-01
8.914295291475052840e-01
9.785665894344119931e-01
9.508483059381991342e-01
9.433961533987957893e-01
8.798940146905481763e-01
9.140423026860309275e-01
8.428610165447127933e-01
8.754778522335360247e-01
9.318213002947375312e-01
9.174802904592669339e-01
8.570872062573896555e-01
9.051223429964868616e-01
8.554913557670871249e-01
9.165297174243819400e-01
9.118311451272185231e-01
9.025818278536671402e-01
9.742126777044058938e-01
9.378891582390629367e-01
9.277070425670187470e-01
8.720068661836701818e-01
9.461937560288548044e-01
9.375540878242730747e-01
9.311622447633522981e-01
9.172709362792278442e-01
8.547967387734294320e-01
8.291386219555902937e-01
8.828877460880389938e-01
8.931186844474718889e-01
8.512861197808491154e-01
8.432905401523133060e-01
9.085529311407886111e-01
9.263897576904672748e-01
8.619969976927052135e-01
9.116770257099841013e-01
9.410408808843460093e-01
8.259932415007993356e-01
8.806617976503611223e-01
9.444820987188046191e-01
8.995392241866002614e-01
9.652877953838939762e-01
8.521087038826995474e-01
9.517514146349106419e-01
9.125091188298654066e-01
8.818087609693866513e-01
8.205143191559719495e-01
8.762461344885595915e-01
9.236026059961226498e-01
9.380782453832320344e-01
9.531203045355377546e-01
8.511844910211936455e-01
9.673457187871715712e-01
8.921530130562091987e-01
9.180274864320298045e-01
9.065884429564472491e-01
9.382115524487487646e-01
8.413963131821946551e-01
9.188497957412239403e-01
8.783304398621841758e-01
9.608294563025313595e-01
9.368953765936006706e-01
9.060946912020946264e-01
9.499888764514207162e-01
9.458190803659198842e-01
9.320857910044844097e-01
9.071576394035303359e-01
8.935714532373345564e-01
9.094098614298692373e-01
9.267836212287007269e-01
9.239162438938179900e-01
9.054074087028455287e-01
9.319572405883812527e-01
8.650216915971500331e-01
8.722897969717930966e-01
8.823982915054113807e-01
8.890596087913793522e-01
9.111289299383186213e-01
8.542838520755592358e-01
8.380180913797797837e-01
8.812349523876940038e-01
9.296427578943601278e-01
9.024313641870600478e-01
8.417132678982537364e-01
8.770921339621683410e-01
8.811863569270984575e-01
9.677711310622796326e-01
9.613876112531776208e-01
8.906727319791802877e-01
9.411323312697336130e-01
9.053097187702187076e-01
9.260186409319773881e-01
8.324736948002577908e-01
8.811296713666929570e-01
8.938839671377889484e-01
8.581209228269022216e-01
9.395443383721316932e-01
9.590515578737354163e-01
8.357830823768007678e-01
9.461647507103096988e-01
9.133862190446956353e-01
8.341816575654253940e-01
9.478309002217362167e-01
9.454016636249823469e-01
9.513875410915504371e-01
9.241928730934323433e-01
8.228324891132501318e-01
9.465612991719675184e-01
8.452592645022768414e-01
9.498699980583131808e-01
8.975818530927615058e-01
9.528041695192336347e-01
8.710075378429155135e-01
9.337331776573337683e-01
8.919930328650622631e-01
8.849018491727059788e-01
9.213393907546194583e-01
8.834463310191631447e-01
9.569171020875123501e-01
8.781184891561689687e-01
9.253221329104367454e-01
9.153940239711058080e-01
9.237852199069088721e-01
8.799179623006196937e-01
9.199573840792791835e-01
8.880980282654751257e-01
9.214080080700575159e-01
9.179315190270580516e-01
9.628954303063284037e-01
9.273661067104198574e-01
8.871953599291209080e-01
9.301695983807177770e-01
9.110142946463121172e-01
9.707762264714845379e-01
8.824012700996266556e-01
9.180898407746423961e-01
8.892061959042811825e-01
8.923359149563209192e-01
8.992700406137307256e-01
8.663458059684746582e-01
8.889317738625791554e-01
8.888754669738579972e-01
8.864371757982015820e-01
9.517542542287230622e-01
9.481020165611115935e-01
9.380560009472586058e-01
9.043956024253343440e-01
8.923090256495653794e-01
9.214628782484769465e-01
9.343021801432398465e-01
8.315427471875777021e-01
9.639013787719276083e-01
9.530352436478585210e-01
8.717710181854591012e-01
9.370129901408918993e-01
9.485779196437167382e-01
9.585457405794194363e-01
8.604581195933936888e-01
8.888087913240013682e-01
8.616029824626127986e-01
8.983914023690955375e-01
8.816703123069625780e-01
9.301424580445287749e-01
9.523814581290858117e-01
9.491966035299231885e-01
8.804480629345514675e-01
9.355428783082113675e-01
8.912277099416677784e-01
8.968614787478572659e-01
8.703640184051345541e-01
8.857556386127785064e-01
9.326574885771837797e-01
8.531714721049616923e-01
8.997388920789413103e-01
8.639135741107669686e-01
8.696045619745575994e-01
8.929025659149275596e-01
9.530525319240321647e-01
9.322875593803217065e-01
9.331781616609252650e-01
9.007284412338812940e-01
9.224358007006081550e-01
8.773722865479679500e-01
9.564955008654546509e-01
9.420109328105372715e-01
9.088550886077756408e-01
9.400214115188862962e-01
9.260820417725974529e-01
9.144787708098168766e-01
8.626587197665160911e-01
8.984561796065739792e-01
9.162978434016882945e-01
9.622857323503281046e-01
9.129665168367494532e-01
9.478047890800261888e-01
9.099690718591756378e-01
9.120912956354715329e-01
9.494276890574425698e-01
8.963071129285711258e-01
9.152365274823670571e-01
9.245456277931519695e-01
9.480089374566050830e-01
8.916782665529203733e-01
8.986334121160376442e-01
9.515669394207749709e-01
9.005339109405791076e-01
9.429834013165008244e-01
9.424119820334243558e-01
9.084461531449177230e-01
9.574535750430483994e-01
9.194966767971236576e-01
9.477958675137444500e-01
8.732944229622393584e-01
9.201815131429705863e-01
9.018938209721408805e-01
9.355826988757866003e-01
9.570520479833450889e-01
9.166353991068669771e-01
7.928763615218291649e-01
8.510093226693687951e-01
9.433753927141687035e-01
9.176208872464119981e-01
9.224801734484471272e-01
9.124857415756210122e-01
9.169171042714885367e-01
9.069140466241540910e-01
8.782966964969199930e-01
8.632219809230666785e-01
8.975811733744202270e-01
9.363397387682913520e-01
9.160180415739619386e-01
9.070042241598040844e-01
9.353072313129345838e-01
9.860182166036466356e-01
9.430488750272301157e-01
9.086738171264289177e-01
9.626415849068604702e-01
9.042280825854384085e-01
9.055839336110967919e-01
8.825954976423525666e-01
8.895207592383399531e-01
8.832697252129805277e-01
8.602402073917410075e-01
8.700145151673015498e-01
9.120610078475084315e-01
9.106246886079550906e-01
9.484876671996494979e-01
9.981007302059614616e-01
8.217672427216836661e-01
9.423658836428120411e-01
8.941615683521880742e-01
8.975878556832098676e-01
8.990588968360121447e-01
9.492238563159847153e-01
9.046708656133166659e-01
8.694402731750449087e-01
9.402585786789474653e-01
8.973870338505860467e-01
8.636626443949195764e-01
9.629213508886447226e-01
9.041287722739704824e-01
9.475074336455034940e-01
9.913459967691585772e-01
8.829321885529128888e-01
8.603987516820020831e-01
8.533218816296433973e-01
9.074598450462955102e-01
9.158321597683678483e-01
9.784177041331802993e-01
9.256505476738431382e-01
9.307261391966216157e-01
9.056790820742872672e-01
9.693899186135519486e-01
9.141094965801268568e-01
9.228085094427656010e-01
9.118493850741020701e-01
8.611419069089171208e-01
9.330150925776403703e-01
9.204477699277423541e-01
8.901075794856464496e-01
9.463531025526235041e-01
9.436963463953966791e-01
9.271976792495457698e-01
9.069922773918673853e-01
9.857226029007412071e-01
9.353015546431302507e-01
9.540780715490012609e-01
9.113220265258644703e-01
9.365294643211103942e-01
9.151802011482826904e-01
9.185842705574510658e-01
8.865523975008315904e-01
9.253678791165916850e-01
9.078842595846970953e-01
9.399336001331796142e-01
9.067954394785263661e-01
8.810923851962607634e-01
9.006371949881123440e-01
9.290290545835531155e-01
8.948542070320174568e-01
9.235446394498227907e-01
9.183372379201125701e-01
8.989951477824281723e-01
9.411018771646127989e-01
9.632279437477614392e-01
9.575517481536695019e-01
9.570192637929862967e-01
9.306302344104543378e-01
8.782811524170105466e-01
9.013047593641146937e-01
8.696533900678239393e-01
9.182694766089303240e-01
9.526324932111481791e-01
9.224152564052504610e-01
9.249117297947156979e-01
9.483241648763601761e-01
9.768802920471248985e-01
9.311524736052575468e-01
9.310775902961840877e-01
9.283459418678442487e-01
8.478151877526731717e-01
8.722108111222163229e-01
9.176054316239404818e-01
8.568288084174998653e-01
7.628142009322960160e-01
8.611646763373119740e-01
8.711392795273421585e-01
9.066452707705264791e-01
8.650338380277152739e-01
8.719521673075859569e-01
9.659032005972091328e-01
9.071434839567504849e-01
9.478741529935690302e-01
9.140815772866619504e-01
8.383610653629683940e-01
9.183081073449851361e-01
8.661601976379180723e-01
8.873852711674387050e-01
8.562443837648764378e-01
9.288876490376409834e-01
9.177509539916766101e-01
9.213349786118066875e-01
8.702648934632772892e-01
9.362906130370480806e-01
9.115380427354095039e-01
9.461757493642982686e-01
8.863048179368600010e-01
8.739440265691111875e-01
8.626638480366233264e-01
9.936354717813843385e-01
9.331124315895091836e-01
9.170842190587182863e-01
8.504037032817386432e-01
8.972505053116274221e-01
9.140902093057831079e-01
8.989199195938837317e-01
8.575327743740789321e-01
8.977066337990717848e-01
9.074860955922429140e-01
9.327976162785466263e-01
8.743594400226287755e-01
8.768162540512242087e-01
8.217659640817039923e-01
9.075857448124532434e-01
8.710880808610915738e-01
8.404889230872689687e-01
8.916512867696491096e-01
9.558671569403106583e-01
9.590102149170416368e-01
9.429314782084563529e-01
9.338008052758627331e-01
9.117615682207952377e-01
9.247208148962070551e-01
9.317643161474655766e-01
9.466097701244784446e-01
8.790805505623321414e-01
9.237932001176785146e-01
9.026152126630712091e-01
9.178993511494411006e-01
7.960933767403792771e-01
8.935092243533873102e-01
8.651728314987883195e-01
8.920180135514280684e-01
9.003915520910839021e-01
8.802408430126611449e-01
9.618961188998009781e-01
9.176634783579201704e-01
8.669813809512549874e-01
9.310138560817853293e-01
9.035209368585325196e-01
8.977038186211510062e-01
8.464078998574032786e-01
8.573508834913566856e-01
8.990645703505066866e-01
8.775126695250086151e-01
8.979743973493036213e-01
9.051884431451543422e-01
8.637774066954726493e-01
9.178383844715573003e-01
9.811508740626398994e-01
8.641394613987647411e-01
9.492976050412844646e-01
9.279429827855407709e-01
9.084015176942399350e-01
9.621803110277568072e-01
9.036894470316324535e-01
9.290207220664813415e-01
9.179695733469043217e-01
9.689959355284819553e-01
8.889401307599927859e-01
9.293838219209056284e-01
9.385686041827486781e-01
9.423360489303373999e-01
9.067796848866609416e-01
9.270395689823228702e-01
9.773279405297059519e-01
9.230352164864137343e-01
8.994598851062906020e-01
9.628129087263231911e-01
9.198808061092824673e-01
9.878988786183050541e-01
8.880479265783691734e-01
