9.052921292169334722e-01
9.438402702586782267e-01
8.977597539732568022e-01
9.096104165680470865e-01
9.584944555364471874e-01
9.321076073341473256e-01
9.319994528684651947e-01
9.134263653899141744e-01
9.124924864758603427e-01
9.037939974769075846e-01
8.837862042651307704e-01
9.014667234770181725e-01
9.308229085072380338e-01
9.207328049653811242e-01
8.656486393028993698e-01
8.942721568213308769e-01
9.455334845045503256e-01
9.153633614850459344e-01
9.278084404868295332e-01
8.681771904485243718e-01
8.687443785061472745e-01
9.214542186525415124e-01
9.231295129362357965e-01
8.564338327428072661e-01
9.404713692599535602e-01
8.975818530927615058e-01
9.249309511368676295e-01
9.054363640817209014e-01
9.129330383551890193e-01
9.959422541909171978e-01
9.411018771646127989e-01
9.215759197393941227e-01
8.562256656639660735e-01
9.522441583629958073e-01
9.039293610947912727e-01
9.507495478793768218e-01
8.253751074722389669e-01
9.808019472315895326e-01
8.904626540682509805e-01
9.346729597501068909e-01
9.480357586224071875e-01
9.197000291582233533e-01
8.943180483307711093e-01
8.918932630262887962e-01
9.281722190473240541e-01
9.381466136921690069e-01
9.022671577540664067e-01
9.117965031861595682e-01
9.147646079614821790e-01
8.917844960107617069e-01
9.473584473650409343e-01
9.045431708533530069e-01
9.316522993833494803e-01
9.545981604428438461e-01
8.657193833026900487e-01
8.602402073917410075e-01
9.563939815794372246e-01
9.103279434448136032e-01
9.037525193730731043e-01
9.066836981738555235e-01
9.387391593202988327e-01
9.298168674363510577e-01
8.494538429998194085e-01
8.638036679425914466e-01
8.582005130836528606e-01
8.739309240678981849e-01
9.446029662464419108e-01
9.033984800835506146e-01
9.412835822452069179e-01
9.530819456288185387e-01
9.262616304526445354e-01
9.247786346097308652e-01
8.908243980750901736e-01
9.197624130239192564e-01
9.210843179150922655e-01
9.275018805448623782e-01
9.781646753001601580e-01
9.432357806886846330e-01
9.236453119376090148e-01
8.660494169214156823e-01
9.355053196273260818e-01
8.612679911453559045e-01
9.366427206693430652e-01
9.316645891077349750e-01
9.434782679808561001e-01
9.022030113001843210e-01
9.630819230681723075e-01
9.595995177871793347e-01
9.255319242798076829e-01
8.506793108875814191e-01
9.051315880880241860e-01
9.574054420649822372e-01
8.828431327167682863e-01
9.166597180612974238e-01
8.412358815645046839e-01
8.342068427904888450e-01
8.847430461552009406e-01
9.468501982858124055e-01
9.351887653549391111e-01
9.295638835421050628e-01
8.568400164675036290e-01
9.090899893320347758e-01
9.321729783054542029e-01
8.984760244542582264e-01
9.815658675548499801e-01
9.315825054160377094e-01
8.995695438890488616e-01
8.297399142543498973e-01
9.225919508963298377e-01
9.173362628852237410e-01
8.960187724550054966e-01
9.395892369161403801e-01
8.192499268878249419e-01
9.517951105913552423e-01
9.411096381687571455e-01
9.222037582437041525e-01
9.058153008881054680e-01
8.378122434322108347e-01
8.535539311711166643e-01
9.838810082156127512e-01
9.209189663104048185e-01
7.966486617695480721e-01
9.399534277394528958e-01
8.874706755714619755e-01
9.493347450132473275e-01
8.425205007762801568e-01
9.493066587559254588e-01
9.184925900285862976e-01
9.806443494108253445e-01
9.547208554648578538e-01
9.055436937472089998e-01
8.433313357149684331e-01
8.517876236213127727e-01
8.618185079227893564e-01
9.588379851823989330e-01
9.101825357825129581e-01
9.447999403658742246e-01
8.851005139925879339e-01
9.443284047544028281e-01
9.842870447623464081e-01
9.580050283285400647e-01
9.112861707210471174e-01
9.284986279749517513e-01
8.606836976921095061e-01
9.249584763322402647e-01
8.841267533959169533e-01
9.468474256777057452e-01
9.381013025676043782e-01
9.578274171931983050e-01
9.099511640164310577e-01
9.017384841554049180e-01
8.817907195280888510e-01
9.537235694674145448e-01
8.734295510865879297e-01
9.227780367835314301e-01
8.877874249077579716e-01
8.920959157758602265e-01
9.591086437150517785e-01
9.432357806886846330e-01
8.961483100622243958e-01
9.247616353428539382e-01
9.119318924746981914e-01
9.114428960390396073e-01
9.032391803276623721e-01
9.406618377129564168e-01
9.508932811194168444e-01
8.254586165332432612e-01
8.697261172181336430e-01
9.006368724608556642e-01
8.654093037317283077e-01
8.311230900847710323e-01
9.169686345499238334e-01
9.204492103975068229e-01
7.737134603156305968e-01
8.294304675940150640e-01
8.354580958244360867e-01
9.511312584193196695e-01
8.883103167809125456e-01
9.499123833940387174e-01
8.796501699265472096e-01
8.836865626580562294e-01
8.919650545827246813e-01
8.428011080122430609e-01
9.384148364788458263e-01
9.532488447844419399e-01
9.504211339574651918e-01
9.811270774350592250e-01
9.746543116416820363e-01
8.957979693025237555e-01
9.464675301714238209e-01
8.485314001495303238e-01
8.771639701354815299e-01
9.370612217463814009e-01
8.666337048028018852e-01
9.330502130710177644e-01
8.999185368242129668e-01
8.993878733098172873e-01
8.572785792865498244e-01
9.006388868111360191e-01
9.176527591906746828e-01
9.059478876516140478e-01
8.974540556027690297e-01
8.695708422086471101e-01
9.423014663264932533e-01
9.001676564477990583e-01
8.952868611687807565e-01
8.666493929992659107e-01
9.451677273135847823e-01
9.239407362393368128e-01
9.845594723291433148e-01
9.746543116416820363e-01
9.513807674996863639e-01
9.296178088097788450e-01
9.702160776842503331e-01
9.117540041748676272e-01
8.627829930268354763e-01
8.918988705257762106e-01
8.570885669333979662e-01
8.846022374026673019e-01
9.306759872439118730e-01
8.886338571773328976e-01
9.177984388859895537e-01
8.925296319081770235e-01
9.126759940624544765e-01
8.569243742503465100e-01
9.448466223886223814e-01
9.871236292632296072e-01
8.926624778691983897e-01
8.840522025312975707e-01
9.174728590126790539e-01
8.803147961884040251e-01
9.522704371859112005e-01
8.723817935840103566e-01
9.069556700823456774e-01
9.845594723291433148e-01
9.384338447514282144e-01
9.188162575342774252e-01
9.322266613406215985e-01
9.372857014533817477e-01
8.969120136475325911e-01
8.932805557257199602e-01
8.657917704901557654e-01
8.667309932299700481e-01
9.184001127601844061e-01
9.080687587400542160e-01
8.460896577494895210e-01
8.875805669429419620e-01
8.652567492542109218e-01
9.210756139311226942e-01
8.644814730588280538e-01
9.834741823402710637e-01
9.413814870097625409e-01
8.363008792928030566e-01
9.393773291323407326e-01
9.115401666746132392e-01
8.411914193798580852e-01
9.101867425017030611e-01
9.234137587864880148e-01
9.381670585531506346e-01
9.318344875792782256e-01
9.265667610019896472e-01
9.791617258787577160e-01
8.872361805410297064e-01
9.014110327504396558e-01
9.178639010389890718e-01
9.124054953070812601e-01
9.490123908483115711e-01
8.624329544396942548e-01
9.499123833940387174e-01
9.572505757336670085e-01
8.831894327918820009e-01
9.193225518098835369e-01
8.710500105218218492e-01
8.265212578498030149e-01
8.297704016264050297e-01
9.046123599253067527e-01
9.325793307874333804e-01
9.038641061310284108e-01
9.576372685450036393e-01
9.321065687564183966e-01
8.619969976927052135e-01
9.194473385868161541e-01
8.923579060314563716e-01
8.741496550206717675e-01
9.017170016695960078e-01
9.136043866835281690e-01
8.930306886908113695e-01
8.887442458495387054e-01
8.276425909680183990e-01
8.508799351373039777e-01
9.369247090399829281e-01
8.638036679425914466e-01
9.440229359865098813e-01
9.684364879389388836e-01
9.008746235799915958e-01
9.000826169116389330e-01
8.835876387973808921e-01
9.354932255510487460e-01
8.738753183649518030e-01
8.617308452729235402e-01
9.153821217585438319e-01
8.449789394715087054e-01
8.564990276700217287e-01
8.453722368844217572e-01
9.850796898939313540e-01
9.551949785388461622e-01
9.689839902393468929e-01
9.544951321523751364e-01
9.057876918621730056e-01
9.274741883531676390e-01
8.710983236176340627e-01
8.792439178883248996e-01
9.193327500918445638e-01
9.218424799603662789e-01
9.050757360815505637e-01
8.759447723668241093e-01
9.072458647405613474e-01
8.919803171334855785e-01
9.025908628270155054e-01
9.558458430194554101e-01
9.502476671896713523e-01
9.203857838227605948e-01
9.444962467942737971e-01
9.500869114995944553e-01
9.198895630486598751e-01
9.210442684265948143e-01
9.927656106949251935e-01
9.247370738498150722e-01
9.524379244767918751e-01
9.409990648452235540e-01
8.392631158733462327e-01
9.207134340069255130e-01
8.762268767067403763e-01
8.200095263849102034e-01
9.096781190218793389e-01
9.202351850321340843e-01
9.076187186101841720e-01
9.673559595745470086e-01
9.273494696209125809e-01
9.223527902164735393e-01
9.075026927854595860e-01
9.422422994700457854e-01
8.808601725160071227e-01
8.842477234861830793e-01
9.887752378374266016e-01
9.214660042978084498e-01
9.460491157577261001e-01
9.039148425614750293e-01
9.039969070285013286e-01
9.313881448937640917e-01
9.291595186001861961e-01
9.845436712243568200e-01
9.457843524587669082e-01
9.150920406627323089e-01
9.568434172796961290e-01
9.084384473217981260e-01
9.853137031896523901e-01
8.824561471565228743e-01
9.573092324633815098e-01
9.438904956993385831e-01
8.726843380474453848e-01
8.550839170941196832e-01
8.677379904547957157e-01
9.176054316239404818e-01
8.706049597449445621e-01
9.220877741395481220e-01
9.442898232343798215e-01
8.868841520884928054e-01
9.382939663458096380e-01
8.896978590869571990e-01
9.097783309367294402e-01
9.407981698850376162e-01
8.751221881004311864e-01
9.557637970980384923e-01
9.707196857738944473e-01
9.181598276454634444e-01
9.277863186563838349e-01
9.258468174156224695e-01
9.637762197204113868e-01
9.457889415295177571e-01
9.479309377544434811e-01
9.162920139127456176e-01
9.360224028287685849e-01
8.252669108986209201e-01
8.452592645022768414e-01
8.983300777302475337e-01
9.328310940344138880e-01
9.032417524191226343e-01
9.277898124136195745e-01
9.511271866853494572e-01
9.269707657050529903e-01
9.212963630524478864e-01
9.599702000158186754e-01
8.895223779837757583e-01
9.477000556652148688e-01
9.324303229933138537e-01
8.889297742109298905e-01
8.688846217551794426e-01
9.093872487139811334e-01
8.700705183538861576e-01
8.437011509114658026e-01
9.036486063476916186e-01
8.997779649517775313e-01
9.404768725252488082e-01
9.418433604767743050e-01
9.153633614850459344e-01
8.724271737175843811e-01
8.752126988111558203e-01
9.573765137013942050e-01
9.332612611351682741e-01
9.203657429183527139e-01
9.440894404772489645e-01
8.968011638017855391e-01
8.819000933210652260e-01
8.881275824109825523e-01
9.080090039004615754e-01
8.770109838946481551e-01
9.308655199430131422e-01
9.845032163131819392e-01
8.282954210273747453e-01
9.649583923294834387e-01
9.421778030945539006e-01
8.805111519029221734e-01
8.734602966083462317e-01
8.500469293043644292e-01
8.866971011751959564e-01
9.371881992042742082e-01
8.569801241494978683e-01
9.163134003692894325e-01
9.091444459329280914e-01
8.631595688406561440e-01
9.234288048268552984e-01
9.310787744855552051e-01
9.389652081563817365e-01
9.169932604102586371e-01
9.601217825406668238e-01
9.080578365418506825e-01
8.920001295083226367e-01
8.912946594891910657e-01
8.907152752950230346e-01
9.888942165621521507e-01
8.698756764578542411e-01
9.361347611159969162e-01
9.136152683482978709e-01
8.953680398561937315e-01
8.394781884011743855e-01
8.529994171518433532e-01
9.057827487816917378e-01
9.244436441715020436e-01
9.326994033472656431e-01
9.011226476573506172e-01
9.612367668191009740e-01
9.043491400058477625e-01
8.912174032094483112e-01
9.236898096313291839e-01
9.409803675917283172e-01
9.801238741266076193e-01
8.699624829207883714e-01
9.280356546069581380e-01
9.048197297906165337e-01
9.330919981797588525e-01
8.877929019419315004e-01
8.801599333967408123e-01
9.217236155094251648e-01
8.881390567917909484e-01
8.520570999968414272e-01
9.051376305347736961e-01
9.021364665910072134e-01
8.284068713973261611e-01
9.141778552350418030e-01
8.876508722925572359e-01
9.215989888919108308e-01
8.438715424217544392e-01
9.065761048418662371e-01
8.680810497393915970e-01
9.004980311384505054e-01
9.443323648398577186e-01
9.125060996030245342e-01
9.791984917348659501e-01
9.077619959724985144e-01
8.863885877951237502e-01
9.252540236964859055e-01
9.406351508859032151e-01
9.400341003029256681e-01
9.227603135654259825e-01
9.125656249797472475e-01
9.302690694494459844e-01
9.301801093663405462e-01
8.701731813242559177e-01
8.419020166515520653e-01
9.339561132056812820e-01
9.022351956764619318e-01
8.616456571240268536e-01
8.736716303232938685e-01
9.024770807248002624e-01
9.592781071505140922e-01
9.264856265600885932e-01
9.209015021921964639e-01
9.185343343737992772e-01
8.592520351804668888e-01
9.611016385136670337e-01
9.174802904592669339e-01
9.229179478151064986e-01
9.673069745035990374e-01
9.439853978248511357e-01
8.919955756775659328e-01
9.496383486886145198e-01
8.713515993564026063e-01
9.360631310558058527e-01
9.038722979351297981e-01
8.987764871158779867e-01
8.747255735512610153e-01
9.271524557262322830e-01
8.669551583872645573e-01
9.417683866204957788e-01
9.554961479789300105e-01
9.220090490824094376e-01
9.281445345079151199e-01
9.238413736397595999e-01
9.328192960416097357e-01
8.612874445471641049e-01
9.228498750589185784e-01
9.314413361524527257e-01
9.404875254332992762e-01
9.179220257866347321e-01
8.963118274414529907e-01
9.006043798306900827e-01
8.202444892724837233e-01
8.974540556027690297e-01
9.619428416140488602e-01
8.780630848626330698e-01
9.445370141946498599e-01
9.383201467824153763e-01
8.334296251600609162e-01
8.905858810282742954e-01
9.065240060664260247e-01
9.631296751881021079e-01
8.709547872873421026e-01
8.945624077888209014e-01
8.597041645463077142e-01
9.079157624813807281e-01
9.060350307350913956e-01
9.182610830260607981e-01
8.856933580655093063e-01
9.214910828477326232e-01
8.193715818837016274e-01
9.293274166351556120e-01
9.413175127025369404e-01
8.928556275585137758e-01
9.234057766935719336e-01
9.276323941385288263e-01
9.111209147304019096e-01
8.592728343833812010e-01
9.598159903463973075e-01
8.865886056100847901e-01
8.641993233971152488e-01
9.089062611546312453e-01
9.533158385045936711e-01
9.038422480470446052e-01
9.657054790388547305e-01
8.553824206467043334e-01
9.462777768963892555e-01
9.580395162421330157e-01
9.153511770444424656e-01
9.364347430686404961e-01
8.667971830662154487e-01
8.985198386897464973e-01
8.686368372540170801e-01
9.511147572440242781e-01
9.019144155928445761e-01
9.000282051844076259e-01
9.314939026088291385e-01
9.364852504252429988e-01
8.480074765390915870e-01
9.564955008654546509e-01
9.280038542044902750e-01
8.972669390876920614e-01
9.513875410915504371e-01
8.633639592472285296e-01
9.354701708810225780e-01
9.368544278194553820e-01
9.325453215855715738e-01
8.923725621173097533e-01
9.138805449677115389e-01
9.134576545243663359e-01
8.785400232513477237e-01
9.317325338526126766e-01
9.797155674035630257e-01
9.407697441508826586e-01
9.145562924462624643e-01
8.987534095495458564e-01
9.135847624564998881e-01
9.300022664711522502e-01
8.534064422395850613e-01
9.463758904463290822e-01
9.209717236224024273e-01
9.131758316936907649e-01
9.415528542668963885e-01
9.325890859925286547e-01
9.858090600460683861e-01
8.951714289726496743e-01
9.181701105385116080e-01
9.545981604428438461e-01
9.202860276646761539e-01
9.529287248063307292e-01
9.239250933573901481e-01
8.990143692702343703e-01
9.366482007264838039e-01
9.019441911128627254e-01
8.906971427051058043e-01
9.395329868096231607e-01
8.950845444865762612e-01
8.847399345626435485e-01
9.315825054160377094e-01
9.571674844054892661e-01
9.311777884460870069e-01
9.695826901631343642e-01
9.087606943417184668e-01
9.048359351788572980e-01
9.537203607904953806e-01
9.131723507912832272e-01
9.112800208377386246e-01
7.594132762868751607e-01
9.376918368775334356e-01
9.461388537004592481e-01
8.663533107044213422e-01
9.480805889831127597e-01
8.740075988197263390e-01
9.433801534407277867e-01
9.195770465232395718e-01
8.870601267584619087e-01
9.698030188755332182e-01
9.511335848406022864e-01
8.556349624289377731e-01
8.790805505623321414e-01
9.257705988901100413e-01
9.136373305442350157e-01
9.027347685881106365e-01
8.970738046738321314e-01
9.312544577908193899e-01
9.068253118621405484e-01
9.193269873889428068e-01
9.575629339162828879e-01
8.682198874644815323e-01
9.957561414880237161e-01
8.984760244542582264e-01
8.780547973564333253e-01
8.521981550507687908e-01
9.066211150273624231e-01
9.889220925334123447e-01
9.011735811448348121e-01
9.355185574730736642e-01
9.617984282286836661e-01
8.694185639646738739e-01
9.577401549822364135e-01
9.854049225760294073e-01
9.396904585398417886e-01
8.670507435534189344e-01
9.544935660796096677e-01
9.943183658673965253e-01
9.664793837025573708e-01
9.418724667942370843e-01
8.682198874644815323e-01
8.713310890689881516e-01
9.371595904525849008e-01
9.060832517309937995e-01
8.880402402695508624e-01
8.683390982364461719e-01
9.553689960042942575e-01
9.788950570293409870e-01
9.066614194148143735e-01
8.807324285036635114e-01
9.457909663208581286e-01
8.945374117309923268e-01
8.465202576667207879e-01
8.859864046354671840e-01
9.418429947231654609e-01
9.181701105385116080e-01
9.857170942044356510e-01
9.371837045972652991e-01
9.171839148285717558e-01
9.316109439853925700e-01
9.365731465500055641e-01
9.099718517684043384e-01
9.488905570785510779e-01
9.144089086033941882e-01
9.306183060704623644e-01
8.960568053235794528e-01
8.911782846266407265e-01
9.485565147943818554e-01
8.537927732797513380e-01
9.044990976859701437e-01
9.318208827070149081e-01
8.692472146226353225e-01
8.922771379299708761e-01
9.369844444457651189e-01
8.423965061677129995e-01
9.450987534447381488e-01
8.988560365093911653e-01
9.370563113519300158e-01
9.030799254219779026e-01
8.992787867719125305e-01
8.971944535623354033e-01
9.740509525527312196e-01
9.049945579178531041e-01
8.885140373286228854e-01
9.003712043563371070e-01
9.575629339162828879e-01
8.497221940990132838e-01
9.457522087783702958e-01
9.494793091337299096e-01
9.440536525320097905e-01
8.972669390876920614e-01
9.600314755067693717e-01
8.858518848526508727e-01
8.822600867477079500e-01
9.104792822352969495e-01
9.189131337822891155e-01
8.503763209811836532e-01
9.470741473474724170e-01
8.898175207649554608e-01
9.197793786820385176e-01
9.220562273773984518e-01
8.355068269034127137e-01
9.471600123612040623e-01
8.643789742762825190e-01
9.231528400311459492e-01
8.730205178125562959e-01
9.189172808367433998e-01
9.335578386499433501e-01
9.065102396530816398e-01
9.130777209573867070e-01
9.005036617597724780e-01
9.296161166115426422e-01
9.081310689401899117e-01
9.369247090399829281e-01
9.284749953612315698e-01
9.202272249240757152e-01
9.513668047256671478e-01
8.859041707307970803e-01
9.119783064555325724e-01
8.982190062344900250e-01
9.261464471716862601e-01
8.262596210547471509e-01
9.547216694300051376e-01
9.148820703068378801e-01
8.772201353780382238e-01
9.816000909872062419e-01
9.965513351311672263e-01
9.263427748701890119e-01
8.819583332933075281e-01
8.629567152187649359e-01
9.110792576621541405e-01
9.128949985979130100e-01
9.326846240760657825e-01
9.366404057610095979e-01
9.424004563873044082e-01
8.799601939333178136e-01
9.419356312267752607e-01
9.695318696644457113e-01
9.266171883233719209e-01
8.788627281443609496e-01
8.550839170941196832e-01
8.396884604992282952e-01
9.263076104345147055e-01
9.177076036430956707e-01
9.308655199430131422e-01
8.923681626529077482e-01
9.349742922370981590e-01
9.850525912872155621e-01
8.771424771145419630e-01
8.815858915199505930e-01
9.102007067301064458e-01
9.045096527601144132e-01
8.932595828239623392e-01
8.976257931301124815e-01
9.125834004480398720e-01
8.517326360835894006e-01
9.201253296100111445e-01
9.386523806343377574e-01
9.062119924566489626e-01
9.295237442320377630e-01
9.343192512635452029e-01
9.042684932430961053e-01
8.978493826809896827e-01
9.172709362792278442e-01
8.742543151252375466e-01
9.362893703958899971e-01
9.041931918668077994e-01
9.114035385140655254e-01
9.265262253739617870e-01
9.471244483759062582e-01
8.806186608809674077e-01
9.486599084880831256e-01
8.423965061677129995e-01
8.833981741197057813e-01
8.373942015973296904e-01
9.191150526995356396e-01
9.271850156080444494e-01
9.102734700055078454e-01
8.617647028593515834e-01
8.957537753588701301e-01
8.553655062315393964e-01
8.856853900982259997e-01
8.780734189849256355e-01
9.351644439655364405e-01
9.265697202041904834e-01
9.051505052118037353e-01
9.398147672466895530e-01
9.192824751453620991e-01
9.468760010992491871e-01
9.691469752672339233e-01
8.680553677155437020e-01
9.780420317954411358e-01
8.453287236129146676e-01
9.329352117939553324e-01
9.081647889357007397e-01
8.599009991586937796e-01
9.604868235866378390e-01
9.057501984046102406e-01
8.967600178550552137e-01
9.460955970356675904e-01
9.451063044923538881e-01
9.214628782484769465e-01
8.920787349812744349e-01
8.555048301949492728e-01
9.286569285179619992e-01
8.742543151252375466e-01
8.516746359571318870e-01
9.028754641144338677e-01
9.569125004610566920e-01
8.583437870002125214e-01
9.364540364977455011e-01
9.097801510588088281e-01
9.526745805702406811e-01
8.925335349561908105e-01
8.639951811101433954e-01
8.744434183122835602e-01
8.562192914118156306e-01
9.185377768414035859e-01
8.972236058400956393e-01
9.511524764279801758e-01
9.361050821948982970e-01
9.446335307332119902e-01
8.572785792865498244e-01
8.587540932629607049e-01
9.103712314273890716e-01
9.157223428721952274e-01
8.960910996134127116e-01
8.987849711568811628e-01
9.113286005070675433e-01
9.101908446319972867e-01
9.444677073339463602e-01
9.171553923275321818e-01
8.741549941541422175e-01
9.399523858863385595e-01
8.483426427464075825e-01
8.674038634551533011e-01
9.903846376179724631e-01
9.535015289806970662e-01
8.807721646651553993e-01
8.504037032817386432e-01
9.807654830793203216e-01
9.425057595798667087e-01
9.605459377861512715e-01
9.052469040681536683e-01
9.290376940428822783e-01
9.196172679866303490e-01
9.391792167952160986e-01
9.434386527833932279e-01
8.940217868230327936e-01
9.297183503428179119e-01
9.190317750400102126e-01
8.909384757790577147e-01
9.242159423926183948e-01
9.074813964051506865e-01
8.472066433936151775e-01
9.271735902868845081e-01
9.437272727653988058e-01
8.622253036128404435e-01
8.376449811581482274e-01
9.047900513412727719e-01
9.593240803764101488e-01
8.575736146862598108e-01
9.234772540952913555e-01
8.743424411910655225e-01
9.449801275393163724e-01
9.645580888967447697e-01
9.694579090218916617e-01
8.917187866696174581e-01
9.267554370165469457e-01
9.358828546375300705e-01
8.586799028767617692e-01
9.532323061437737444e-01
9.409990648452235540e-01
9.817899502663254285e-01
9.342910776115674887e-01
8.646419073427127344e-01
9.548468865549737394e-01
8.936995438715654716e-01
8.515622066405275081e-01
9.498473898919697067e-01
9.492075079081703226e-01
9.175667351075109668e-01
8.983464173905238992e-01
9.891011477874103175e-01
9.165303725918576561e-01
8.811599413187547469e-01
9.092472127892605727e-01
9.016571251937314235e-01
9.409990648452235540e-01
9.357234800790881213e-01
9.446800451750544392e-01
9.524567188652670602e-01
8.715778001950600373e-01
9.062593959813750599e-01
8.807018454697687071e-01
9.187525287913919092e-01
9.016594200475589460e-01
9.049944182534929160e-01
9.601898845033818297e-01
7.754596878278635641e-01
9.411234365618327269e-01
9.325456274511022547e-01
9.381852015607212714e-01
9.179220257866347321e-01
8.655777518030720596e-01
8.093454694878214895e-01
8.388327965178098422e-01
9.357234800790881213e-01
8.952569476437006735e-01
9.143631298801930818e-01
9.561003895423167975e-01
8.600013390718431738e-01
9.661114905958735344e-01
8.701565109400259956e-01
8.949034569596425737e-01
8.967326802338455582e-01
8.876262305600204350e-01
9.398422597217074292e-01
9.663728519254631832e-01
9.197945550673479742e-01
9.742126777044058938e-01
9.088962720150196573e-01
9.162978434016882945e-01
8.871640599810940442e-01
9.482015358290992735e-01
9.110586885448422878e-01
8.855819399676267967e-01
9.317622194160521953e-01
8.994598851062906020e-01
8.961635073872193935e-01
8.144677048246239393e-01
9.405293669375303089e-01
9.103698950069885054e-01
9.500630078267187084e-01
9.447141754941922320e-01
8.927207928472982168e-01
8.990215510300996193e-01
8.697261172181336430e-01
9.499299687869408038e-01
8.513453131448727174e-01
8.263608987644105452e-01
9.090899893320347758e-01
9.134085438817187708e-01
9.077719614908900114e-01
9.191150526995356396e-01
9.331902864849882517e-01
8.982057932655109767e-01
9.495262738521641488e-01
8.550839170941196832e-01
9.254544468698532311e-01
9.453850035582818112e-01
9.474220890723906718e-01
8.939588426354652118e-01
9.404588910760940390e-01
9.900365446542864767e-01
9.840577656344883239e-01
9.071576394035303359e-01
7.999735336993611945e-01
9.538088444364050122e-01
9.327081158748290468e-01
9.630970427583018800e-01
9.306302344104543378e-01
9.370429964720634608e-01
8.827235231398534721e-01
9.332207219522519193e-01
9.568998086303743822e-01
9.328779530808726239e-01
9.311777884460870069e-01
8.923757415944535420e-01
8.621338744308513213e-01
8.952997922302078360e-01
9.135195064049894675e-01
9.003288620802017972e-01
9.037985249669087118e-01
9.885862143136565638e-01
9.339698604187061104e-01
9.090909408293205152e-01
9.114122728329823175e-01
9.115634962540725139e-01
8.861891312870460169e-01
9.696917472737348609e-01
9.245576879857071440e-01
9.576392936379743981e-01
9.936777989591480953e-01
9.579445490581244282e-01
8.839955973811662870e-01
9.271524557262322830e-01
8.579131177328314095e-01
9.079309785938695088e-01
9.300531087964455379e-01
9.388239985487927264e-01
9.725265569307083302e-01
9.168662031223170361e-01
8.308374084109139135e-01
8.915027429851472007e-01
9.344839142935238430e-01
9.333731262424944664e-01
9.458212916256995006e-01
9.224880650194365872e-01
9.441803823677016316e-01
8.478151877526731717e-01
8.749873174088879102e-01
9.027788189620812309e-01
8.410508838434357370e-01
9.129065426822510210e-01
9.333841564422654669e-01
9.182694766089303240e-01
9.500869114995944553e-01
9.548938286127079955e-01
9.082566033001837624e-01
9.546217668580427862e-01
8.422263019290242569e-01
9.019638431125223121e-01
8.997937018705429724e-01
9.136552910058927113e-01
9.196128030311588875e-01
9.056681426414272540e-01
9.514405022773158027e-01
9.484970126706226967e-01
8.736716303232938685e-01
9.600303943001163853e-01
9.408395465830829973e-01
8.866468681969266186e-01
8.955786814991366640e-01
9.071038606322078257e-01
9.277302918249709096e-01
9.862970672457544996e-01
9.139662578042305752e-01
9.350055526476044321e-01
8.859549925361314138e-01
8.881336283877341309e-01
9.571195270360596252e-01
8.745862091013533179e-01
9.345285139137369246e-01
9.228738726222392996e-01
8.879165983327200751e-01
9.257682521292311950e-01
9.161431658760620378e-01
8.987208855287975862e-01
8.778996780645866860e-01
9.287529377937249198e-01
9.191332944672508942e-01
9.318904323626235886e-01
9.048359351788572980e-01
9.179307058399019947e-01
8.779875098285100377e-01
9.362375116901088257e-01
8.846473856574320616e-01
9.148839334679754742e-01
9.387223240966191540e-01
9.742126777044058938e-01
9.525622781803887440e-01
9.078216464727560941e-01
8.910177673491176398e-01
8.612961048018494825e-01
7.714373071307001339e-01
8.973012433921698783e-01
9.029557308758322520e-01
9.027873678321092221e-01
9.746543116416820363e-01
9.483547380172553387e-01
9.632934502838136348e-01
8.950353411443157103e-01
8.906599714050895678e-01
8.575327743740789321e-01
8.878454553038023223e-01
9.504111344012390328e-01
8.548282294064840636e-01
9.096486164460904078e-01
9.311927565953301844e-01
9.436801677918272846e-01
8.698010185701960939e-01
8.979505641124603255e-01
9.436361024754866822e-01
8.970827293625960319e-01
8.952997922302078360e-01
8.768386698989451000e-01
8.743587197608692074e-01
9.210284279032792121e-01
9.565431837944198268e-01
9.480695800697573894e-01
8.557531051477879069e-01
9.865270978472925334e-01
8.814935870965865394e-01
9.274611963101805356e-01
9.560935661965187515e-01
9.302193047569897733e-01
9.033091441465612714e-01
9.282081542810223240e-01
9.125042856832034088e-01
9.018343036221783127e-01
9.018789979514094668e-01
9.651229090337535288e-01
8.931386316836159578e-01
8.075904002787585023e-01
8.929718551479444155e-01
8.710252540716613145e-01
9.117429811395085792e-01
8.548727834596934194e-01
8.686680510401099120e-01
8.967545061235742132e-01
9.728574871398033563e-01
9.564416375013812255e-01
9.388034515154324300e-01
9.296459512415439219e-01
8.751790402697775528e-01
9.093181235626238701e-01
9.110792576621541405e-01
9.515753212546671502e-01
8.482662480866923760e-01
8.507407229511286806e-01
8.362821387187034938e-01
9.238901935988114156e-01
9.479807274112065363e-01
9.410672720789065027e-01
9.162644296923851961e-01
8.764944498801435779e-01
8.517180496632291709e-01
9.688409772839141620e-01
9.384955220216640859e-01
9.552045688767262233e-01
8.653984835142131127e-01
9.107835876363293837e-01
9.066378995882469205e-01
9.471438713777052820e-01
9.106632429909218285e-01
9.546430735271036472e-01
8.693255498211210908e-01
9.611877901256926648e-01
9.422849717280621373e-01
9.333731262424944664e-01
8.929436929127479994e-01
8.595487839480924208e-01
9.323683916997637100e-01
9.451546952321343564e-01
9.204592923282801653e-01
8.957098804368164302e-01
8.979297973911894992e-01
9.708234269453519527e-01
9.075857448124532434e-01
8.637812917582027294e-01
9.071288435066486855e-01
9.408874277967330668e-01
9.432940516063389458e-01
9.560295074539965077e-01
9.715136372725650116e-01
8.780670476521070800e-01
9.219924517211307569e-01
9.780420317954411358e-01
9.184341710051038277e-01
9.458249734600138181e-01
9.272317156781262337e-01
8.902744064147628533e-01
9.092935816527802917e-01
9.161627867472333930e-01
9.821992934793811747e-01
9.509000236144415918e-01
8.768451610781413663e-01
9.072957556986178673e-01
9.120474574934632761e-01
9.489162356266834797e-01
8.670203801766569462e-01
9.440475117378994696e-01
9.250027506235658503e-01
8.712652411072895342e-01
9.138872066546054329e-01
8.978064574647331986e-01
9.008175005836627225e-01
9.516991104566853155e-01
9.561842746632978063e-01
9.380891850154828848e-01
9.671743142812787575e-01
9.455123162100442791e-01
9.015555534371467727e-01
8.740075988197263390e-01
9.397331089925523573e-01
8.679402467095639340e-01
9.421706877028337423e-01
9.039649560555990115e-01
9.578231725938382013e-01
9.637523309546776051e-01
9.766061595170926202e-01
9.038549612642942099e-01
9.757564733219423747e-01
9.477805668011108908e-01
9.744192786421832508e-01
9.354701708810225780e-01
9.100258637941277540e-01
9.244886891566421738e-01
9.340258618434787996e-01
9.479850240702759612e-01
9.472469509001238963e-01
8.636691185659488568e-01
9.560472309156718973e-01
8.931199643965305190e-01
9.281441093232480899e-01
8.929763598580284789e-01
9.386523806343377574e-01
9.303815209865680114e-01
9.293934513649881879e-01
9.057827487816917378e-01
8.945374117309923268e-01
9.142226414594960548e-01
9.029075854044056326e-01
9.200742415931824070e-01
8.895048444829868339e-01
9.465428973568135174e-01
9.525113649429268747e-01
8.585875067321967480e-01
9.659262253215604721e-01
9.554381283779130873e-01
9.494145890064505933e-01
9.396530803377076690e-01
9.063915980620831370e-01
9.249117297947156979e-01
9.417742456840066945e-01
9.466581595898776458e-01
8.844389366017340048e-01
9.399385371723388838e-01
9.205858342521555659e-01
8.730782351653093576e-01
9.361707834706913811e-01
8.853182257645956232e-01
9.573708184660243425e-01
8.533651950570090294e-01
9.334659599471660796e-01
8.984401962875838699e-01
9.461757493642982686e-01
9.765145411905775674e-01
8.985001266268375364e-01
9.232026781406792448e-01
9.870114190390781861e-01
9.280474824254092425e-01
9.070830335413885281e-01
9.153539784536226520e-01
9.375902815600714035e-01
9.379721684015261962e-01
9.364005062003530888e-01
9.253221329104367454e-01
8.935584059953390890e-01
9.296723255557126642e-01
8.954999954399637252e-01
9.082566033001837624e-01
9.349407251978544275e-01
8.873344633429792738e-01
8.952009165173048233e-01
9.262469022028269050e-01
8.885948117614386188e-01
8.610404115098191369e-01
9.610093536572065220e-01
9.131718487432283204e-01
8.590061718531437629e-01
8.707119702189992649e-01
9.037152762080151724e-01
8.513782549137081102e-01
8.772955081440341196e-01
9.051833297781187726e-01
9.611925431246552964e-01
9.357684837333452021e-01
9.436963463953966791e-01
9.327868994771948419e-01
9.151121032589877302e-01
8.355121333214488022e-01
9.295394184882881383e-01
9.173218699984931890e-01
9.017997983623590175e-01
8.419020166515520653e-01
9.292275639618109428e-01
9.476650752608165584e-01
8.878861170279283010e-01
9.649524974588815640e-01
9.541563673521321620e-01
8.643145540888956813e-01
8.634066976525970327e-01
9.413869541599199087e-01
8.973417374863033036e-01
9.190359962465789456e-01
9.085065828028137114e-01
8.691958837122449877e-01
8.745606103717227242e-01
9.548715581590130341e-01
9.130806371175759217e-01
8.698380455483037954e-01
9.529213633749162859e-01
8.596379662890204498e-01
8.444833792439839781e-01
8.582595484485491255e-01
9.304416792296071881e-01
9.354399291924627713e-01
9.352781077119186603e-01
9.342461326339129846e-01
9.727144208397521252e-01
8.729534610261747707e-01
9.538556462474426789e-01
8.287650722448820506e-01
9.579727655936660646e-01
8.909151263074498450e-01
8.695727488864440913e-01
8.850867401737133600e-01
9.474511845899394880e-01
9.325014949967704858e-01
9.776887382861414455e-01
9.253393966443468344e-01
9.316551272471436107e-01
8.773817203887771532e-01
8.913705132354755589e-01
8.842665473909903096e-01
8.871926030770584948e-01
9.839671416753453803e-01
8.424581147242542478e-01
8.866873784973947625e-01
9.082566033001837624e-01
9.788962576233946056e-01
8.411124492349623116e-01
9.009567864661368608e-01
9.014079999261461751e-01
9.244183337425427860e-01
8.507607813848854228e-01
8.713564250572837233e-01
9.063292804752992593e-01
9.389652081563817365e-01
8.803385038792799211e-01
9.808881706841471315e-01
9.312437457310157596e-01
9.061689391866519783e-01
9.414019688481417569e-01
8.768776074353820116e-01
9.041053238059658659e-01
9.835338206341125433e-01
9.118397018717938618e-01
9.147652685762348579e-01
8.906971427051058043e-01
8.534370046692485445e-01
9.104443999049961489e-01
8.835669457863210008e-01
8.950379599278188714e-01
8.885410896909196055e-01
9.290044047187220322e-01
9.235989857223562138e-01
9.134569247836374917e-01
8.918402602504786891e-01
9.240785039544509027e-01
9.543365673105682623e-01
8.325894587775918287e-01
9.081420604523204876e-01
9.168662031223170361e-01
9.418334215003906218e-01
9.339670699314732705e-01
8.687832060874054463e-01
9.498978471151009462e-01
9.398811952676430215e-01
8.474177848103721100e-01
8.688006677898945096e-01
8.982038644819367867e-01
9.309342003242460084e-01
9.275690911397542759e-01
9.879810693822526080e-01
8.316125009072343754e-01
9.549644174878841874e-01
8.697470051201454666e-01
8.388786531024741144e-01
9.544777193913716040e-01
9.409179271238340414e-01
9.102384593397787604e-01
9.032417524191226343e-01
9.538909038627803039e-01
8.864830290611226404e-01
9.379727891392809491e-01
9.010059892054143038e-01
8.982413728444030854e-01
8.852828176489005996e-01
9.570872867873672085e-01
9.299553358261741787e-01
9.645151607807301852e-01
9.184061174193093313e-01
9.314117901185242632e-01
9.146186261284913188e-01
7.700741905658450293e-01
8.731401180484585911e-01
9.248447839342610610e-01
8.869827152983827956e-01
9.021929172613017966e-01
9.372573407852806682e-01
8.598753163057680782e-01
9.501807439470244532e-01
8.961683631759966850e-01
9.550187232434789175e-01
8.364363838050665745e-01
9.540098146065886242e-01
8.372204542608796540e-01
9.599305960311228514e-01
8.666562460274372937e-01
8.815433625254704975e-01
9.168356374988124724e-01
9.029105667995197537e-01
8.540981523614447068e-01
8.844157142108424186e-01
9.070768014910731702e-01
9.132842753476307918e-01
8.252669108986209201e-01
9.484876671996494979e-01
8.955045977669915391e-01
9.336747286678246383e-01
9.568845310548985683e-01
9.015558006481270148e-01
9.530819456288185387e-01
9.008746235799915958e-01
8.813864560225442846e-01
8.595238446232779106e-01
9.436110538247690638e-01
8.950635985241118808e-01
9.638287870303672289e-01
8.564114581490274158e-01
9.384610648721314341e-01
9.218198253574437784e-01
9.326489283325575252e-01
9.167280445879615325e-01
8.525573368183890777e-01
9.924731533779828085e-01
9.545009363057990193e-01
8.949856779968270448e-01
9.627626793355112955e-01
9.247302027524573198e-01
9.426652179833018286e-01
9.298538775278502033e-01
9.459091982287276545e-01
9.929555494385511327e-01
9.479850240702759612e-01
9.147989854851495961e-01
8.715778001950600373e-01
9.238031167313276448e-01
9.430338041776150648e-01
9.725473902871146770e-01
9.516014010149865809e-01
9.636347222099082011e-01
8.940502620376962195e-01
9.634381654384374105e-01
8.737395885002287033e-01
9.775143769366453350e-01
8.721403306085750984e-01
9.074411139451767916e-01
9.586859305557380306e-01
9.147564190364574355e-01
9.425888750450157616e-01
9.343425068948594259e-01
9.268368882734883130e-01
8.804265777922827274e-01
8.714689581800029172e-01
9.440472664666464953e-01
9.341567613742352005e-01
8.745910762147947048e-01
9.345285139137369246e-01
9.487733634332073951e-01
8.631595688406561440e-01
9.006388868111360191e-01
9.272031554032345024e-01
8.965695819837204983e-01
8.866387259855046388e-01
8.641745135552310053e-01
8.601290270280496086e-01
8.469269939440892125e-01
8.840381789283905389e-01
9.896726804883894113e-01
8.536922951345238264e-01
9.537771814828880368e-01
9.623765467107099347e-01
8.922649980712012985e-01
9.093076892365856700e-01
8.707251969889828747e-01
8.578335203078563120e-01
8.834718109018869781e-01
9.399859171924195289e-01
9.156605552070617993e-01
8.780723221593159655e-01
9.359963065014154093e-01
9.166201661528581290e-01
9.043837515586191644e-01
9.055953887968140048e-01
8.755333659443292893e-01
9.011989312475168212e-01
9.249602981145084168e-01
9.409339676585838363e-01
8.787736582330594182e-01
9.642151573282902177e-01
9.042842127672664487e-01
8.480074765390915870e-01
9.149815068558775355e-01
8.982857025806868512e-01
9.036417286053070042e-01
9.275866336657381250e-01
8.972232450395349890e-01
9.579231201347796487e-01
9.533251557894120154e-01
8.988703033937095466e-01
9.085950398059654542e-01
8.442304635863937534e-01
9.505015496589419577e-01
8.388786531024741144e-01
8.700300766987528744e-01
8.816207530810109549e-01
8.760944829760758390e-01
9.190734337834959300e-01
9.172675420136884306e-01
8.936844857986419033e-01
9.056948943196440061e-01
9.284440230917013759e-01
8.895154547932595523e-01
8.687604989418352686e-01
9.913010214899146133e-01
9.203657429183527139e-01
9.085191909449119585e-01
9.258204018676903235e-01
8.773915045501328169e-01
9.029979894140538477e-01
8.433313357149684331e-01
9.097109384122477049e-01
8.772647703009694986e-01
9.057252382976285210e-01
8.872248566104824485e-01
8.831936531244841682e-01
8.457614070393553174e-01
9.181620395248223376e-01
9.401248671813656754e-01
8.753892553610526095e-01
9.308928260021270829e-01
9.648680247164548307e-01
9.091887090166798080e-01
9.532868292505816132e-01
9.343021801432398465e-01
9.027284930494530180e-01
8.968501768736757418e-01
9.131601655872118029e-01
8.621595926083637229e-01
9.002907254713883312e-01
9.311959505581580698e-01
9.249797329727740269e-01
9.461395013970663737e-01
9.543365673105682623e-01
9.198066378445274305e-01
8.841808262394057483e-01
8.441248697447373273e-01
8.871880392187246889e-01
8.818372931048434893e-01
9.644085006854753450e-01
8.933097164926837586e-01
8.753390993356600092e-01
8.419226780979376379e-01
8.968750001464614874e-01
9.566791307019023582e-01
8.838411886521878591e-01
8.978729292861622469e-01
8.900379281100330164e-01
9.660856707056924009e-01
9.268743244969799289e-01
9.440894404772489645e-01
8.757792383922603507e-01
9.429459861735373094e-01
9.209689150946441805e-01
9.593646538343698627e-01
8.747702694808406898e-01
9.242875845047430206e-01
9.226945733969393881e-01
9.365466769341498354e-01
9.173667632098194691e-01
8.754778522335360247e-01
9.014524111912640691e-01
9.110432559119614471e-01
9.325831176295713565e-01
9.056731512119592375e-01
9.236898096313291839e-01
9.227763038378372640e-01
8.829812524480327163e-01
8.579685625134042537e-01
9.520301926816217009e-01
8.208766639927422837e-01
9.248899311194745954e-01
9.253678791165916850e-01
9.024689439945807745e-01
9.227603135654259825e-01
9.614212058395543714e-01
9.081457008111771811e-01
8.885412009649759080e-01
9.341167755729583577e-01
9.363242858386860989e-01
9.765467347775358409e-01
9.257692314226044772e-01
8.796660693332559733e-01
8.907203003469670310e-01
9.394716408960127607e-01
8.870463105122697867e-01
9.177547556871104018e-01
8.920492703756510711e-01
9.087872549696822677e-01
9.173368394304889373e-01
8.737265646482792469e-01
9.242218360546418099e-01
9.083400704830428829e-01
9.129220214114815990e-01
8.678250528984436940e-01
8.965401165988580168e-01
8.898829904223568565e-01
9.229684241008284662e-01
8.666598206998558096e-01
9.216640573851371254e-01
8.920492703756510711e-01
8.887442458495387054e-01
9.352226438119660701e-01
7.598673226336788433e-01
8.633639592472285296e-01
8.931361386574581118e-01
9.315085418099100512e-01
9.459262794041914946e-01
8.793890585206084465e-01
8.921518144458626676e-01
8.250805362690337708e-01
9.143467139246836961e-01
8.979696088401669662e-01
8.261772516569817482e-01
8.992330418961873573e-01
9.025470034410295606e-01
9.263006753005162963e-01
9.161389595822937437e-01
9.049750378109614468e-01
9.301005782325244553e-01
9.294937707015921147e-01
9.038838430047176908e-01
8.539306125344571230e-01
9.061180106747043217e-01
8.615928476245487966e-01
9.377300836943772699e-01
9.051505052118037353e-01
9.231687311467239310e-01
9.471133506020642523e-01
8.887118718526261230e-01
9.630424136192986539e-01
8.909603651948156955e-01
9.273123369585422049e-01
8.729243536141919613e-01
8.829867075656681052e-01
8.897721763116823723e-01
8.961741594655717735e-01
8.508704093614837261e-01
8.655056084896378676e-01
9.200742415931824070e-01
9.423658836428120411e-01
8.282091371077875408e-01
9.079682229860526199e-01
9.576392936379743981e-01
9.469338813172334390e-01
8.982894216849228730e-01
9.475500096258471228e-01
9.253112230220733592e-01
9.008302139293543620e-01
9.385467648509193683e-01
8.494042938505563800e-01
8.570140861259535336e-01
9.240762583797275109e-01
9.495243196085610959e-01
8.743976097393806324e-01
9.653150307147361220e-01
8.289907840652914750e-01
9.020446748812783744e-01
8.954278633399908038e-01
8.512502942339179590e-01
8.894479932466357042e-01
8.434073393431985588e-01
9.269205195694664168e-01
9.453384252656813480e-01
9.534614127932250494e-01
8.631925853846263985e-01
9.464397793097861777e-01
9.221863700069160563e-01
9.409043022448867477e-01
9.067606229926169492e-01
9.025827008890017211e-01
8.768162540512242087e-01
8.654520658351759765e-01
9.504716300454433275e-01
8.458853085651111270e-01
9.597501089354789627e-01
9.579917424769708312e-01
9.184140299579015565e-01
8.945044359727798433e-01
9.252389120276284240e-01
8.881073944870971903e-01
9.081984559474155505e-01
8.812322462788587663e-01
8.625196710165864422e-01
8.870359431975268771e-01
9.468474256777057452e-01
9.534211506259786528e-01
8.695622797371567181e-01
8.884644766664017146e-01
8.856995478582454506e-01
9.118139109356561134e-01
9.390704162923816378e-01
8.776611966154704847e-01
9.620880140040973805e-01
9.416271453504794220e-01
9.462682439438820925e-01
8.803675425353600925e-01
9.477153842674267414e-01
8.984409477838269931e-01
7.821816450983111180e-01
8.961158398293928018e-01
9.359581662219929044e-01
9.134392963609671012e-01
8.617869749576088090e-01
9.315957169231502411e-01
9.285902138621365820e-01
8.995748285853558679e-01
9.300022664711522502e-01
8.525318440045902557e-01
9.824345829669021146e-01
9.282048442044273928e-01
8.745862091013533179e-01
8.801599333967408123e-01
8.781657338051185313e-01
9.552448156508727140e-01
8.732659422792601323e-01
9.430577857551889487e-01
9.177186280871505453e-01
8.997346865394755255e-01
9.262143850619377616e-01
9.337425787591652204e-01
9.083019833871011084e-01
9.295394184882881383e-01
8.804396066346145133e-01
9.272961452794125092e-01
