9.191150526995356396e-01
8.510692082244668555e-01
9.801191118076034714e-01
9.251082845589126968e-01
9.502130106906118145e-01
8.974616209504000519e-01
8.340218197002338130e-01
8.918425993739639290e-01
9.384275842814440161e-01
9.422233812402435182e-01
9.119638655086984569e-01
9.349709422093875899e-01
8.495025751892474331e-01
8.781400226465043701e-01
8.350215676041119472e-01
9.307416927673736184e-01
8.814227634478908335e-01
9.290948812846029359e-01
9.363169623245054529e-01
9.444052646415953545e-01
9.231989278905712304e-01
9.376459831517198751e-01
8.743594400226287755e-01
9.544696594034367543e-01
8.628749863627650507e-01
9.026152126630712091e-01
9.548938286127079955e-01
8.603383640559311152e-01
8.519425569458494163e-01
9.353186930418939671e-01
9.247302027524573198e-01
8.947621947556686495e-01
9.223785764771793572e-01
9.177126225657531444e-01
9.038720152783306094e-01
9.395486604780307616e-01
9.483673836256100165e-01
8.940091545726112088e-01
8.265212578498030149e-01
9.622286921732886578e-01
8.852630675604636901e-01
9.321399465568160903e-01
8.741381455035853731e-01
9.396940371410401616e-01
8.603472698891948545e-01
8.909591437633253008e-01
9.149815068558775355e-01
8.927917652047784314e-01
9.594757507839389854e-01
8.736146531793343994e-01
8.618039456478583382e-01
8.842933319221683020e-01
8.556131801564078598e-01
9.538535017631976087e-01
9.133545578023408718e-01
8.946645054141630915e-01
8.954369847513301561e-01
9.086599275616098481e-01
9.484876671996494979e-01
9.198618266345685024e-01
9.040422477149353542e-01
9.139011568866388657e-01
9.232267633779471794e-01
9.395547104601098543e-01
8.882553508374596563e-01
9.409748344158244127e-01
9.841512255326451131e-01
9.429647188644858513e-01
8.531245235590017018e-01
9.523453786927571496e-01
9.363672395328166420e-01
9.143435163899085172e-01
9.231376257532739604e-01
9.597508632295713715e-01
9.272104048449402169e-01
9.220423569173246126e-01
9.447381993643846343e-01
9.772694162729519407e-01
8.943931959164580503e-01
8.758888932045760800e-01
9.845780708541873594e-01
9.157773196027608753e-01
9.142827211155560851e-01
9.241002255593361303e-01
9.441803823677016316e-01
9.232587922344953624e-01
9.519949197801131913e-01
9.472111228998163490e-01
9.677920549343794754e-01
9.004874736844343808e-01
8.509924280011219588e-01
9.447141754941922320e-01
8.835244394089043496e-01
8.741341579432967412e-01
8.494501858487015777e-01
9.070749418468531111e-01
8.883940958209964878e-01
9.166585321930735830e-01
8.989784491717208725e-01
8.625925356295027768e-01
9.768271696448438401e-01
9.446800451750544392e-01
8.787358282575828961e-01
9.215460468338159128e-01
8.873037612466776469e-01
9.477153842674267414e-01
9.198140710618146754e-01
9.005441492432952888e-01
8.701242761273859649e-01
9.250259588098920238e-01
9.334906798884153867e-01
9.497548674666697055e-01
9.929182657079071994e-01
9.312797562996198986e-01
9.434386527833932279e-01
9.321485201641606100e-01
8.525164994389738959e-01
9.250051431485253328e-01
8.566536755730832509e-01
9.461937560288548044e-01
9.402072561456795707e-01
8.982986741782109652e-01
8.812561845471841293e-01
9.631486485385535312e-01
8.727997853938107564e-01
8.921530130562091987e-01
8.720679038767332747e-01
9.325370606425115172e-01
9.113271051815708956e-01
9.004600145736185723e-01
9.392144950450396212e-01
9.250895072844649292e-01
9.055379425973344443e-01
8.781676981831354478e-01
9.003055595918516563e-01
8.822818403994603376e-01
8.984979097882265231e-01
8.544558538400495173e-01
9.154307563272648940e-01
7.922014464135418432e-01
8.876705487376482795e-01
9.183482522623763744e-01
9.609868203672493614e-01
8.913550145435963357e-01
9.129499623602546077e-01
9.255149197078186285e-01
8.437514186362851110e-01
8.879139648996086098e-01
8.616045320609523328e-01
8.438189356257382867e-01
9.489294931950140732e-01
8.892176485896041704e-01
8.955479332387678015e-01
8.799758307830948256e-01
9.269403101920428156e-01
9.222453884071077912e-01
9.113937644036194108e-01
9.824345829669021146e-01
9.200919351892845599e-01
8.872503324792955226e-01
9.400589158515233468e-01
8.870519725599589345e-01
9.132695516766096144e-01
9.158878940787523737e-01
8.844825927869428561e-01
9.317265536748815524e-01
9.245625707659019810e-01
9.167416974199255053e-01
8.526751932843373849e-01
9.704857404839458690e-01
8.424324499479122208e-01
8.797141245578818936e-01
8.796660693332559733e-01
9.057472301734770248e-01
8.911690853563197789e-01
9.036342077759432767e-01
9.474220890723906718e-01
9.257093713090913667e-01
8.698796394744866545e-01
9.103123234319365764e-01
9.505635942928581938e-01
9.024587713101615005e-01
9.954196612082603091e-01
9.505966259943315899e-01
8.141811509198375596e-01
9.334256889481722386e-01
8.598116128789582424e-01
8.896171621979079847e-01
9.199207128650085386e-01
8.979563532289089878e-01
9.125064355593841547e-01
9.173787270934429250e-01
8.863450421712181226e-01
9.644779713942730481e-01
8.399799383359304317e-01
8.781676981831354478e-01
8.990645703505066866e-01
7.814080441929669441e-01
9.368420026240743548e-01
8.474177848103721100e-01
8.719889473716200268e-01
8.866873784973947625e-01
9.257093713090913667e-01
9.029327521788456101e-01
8.888675972527035896e-01
9.020297336444440539e-01
8.658425172984138829e-01
9.602393425274877714e-01
8.953369521139652454e-01
9.278181562235611191e-01
9.022182883865420555e-01
9.585614511155183814e-01
8.990588968360121447e-01
9.277194454535597767e-01
8.937855819919794387e-01
9.259101903940611944e-01
9.065108820992913152e-01
9.394937436856402035e-01
9.240367198300442064e-01
8.909358445171239316e-01
8.938196953046235738e-01
9.370129901408918993e-01
9.205786798465840359e-01
9.798086948902599014e-01
8.607975913866915407e-01
9.787000229148743458e-01
9.320577223020812818e-01
8.703655809242306640e-01
8.644814730588280538e-01
9.451494367723812795e-01
9.423665858624049596e-01
8.986834580080539370e-01
9.248327505738740406e-01
9.391057040635171216e-01
8.731633136293691644e-01
8.885959949403035019e-01
8.930937406695326208e-01
9.383136533080057573e-01
7.678157698504570750e-01
8.958300671816415983e-01
8.852658177777048554e-01
8.657464149297343647e-01
8.997038212542582958e-01
9.372253064525727373e-01
9.235640570680391237e-01
8.558901042972669737e-01
8.907335295013463217e-01
9.021971466316711652e-01
8.598116128789582424e-01
9.670144985886427458e-01
9.952106753356143587e-01
9.388091731949210761e-01
8.909159434083088192e-01
9.272104048449402169e-01
8.718795414386485421e-01
9.106170861082791834e-01
8.706898045512014850e-01
8.885713723129342601e-01
9.072918686999646987e-01
8.919560386893139459e-01
8.362895440226505439e-01
8.831038786249232331e-01
9.389357932111206395e-01
8.920180135514280684e-01
9.342890585943812720e-01
9.574233972376033908e-01
9.148120950168250332e-01
8.154346963096660295e-01
8.433313357149684331e-01
8.912330577624683059e-01
9.913157114500579237e-01
9.231687311467239310e-01
9.444312922572809521e-01
9.762978063336246182e-01
9.102686241578251680e-01
9.123086769698935949e-01
9.317325338526126766e-01
8.686544895281274048e-01
8.716514345453545420e-01
9.548728060660022221e-01
8.982190062344900250e-01
8.881336283877341309e-01
8.983904856531877980e-01
8.935088885276089021e-01
8.894608155178619358e-01
9.333959361334542848e-01
8.830121483432605833e-01
9.308629010332678533e-01
9.673457187871715712e-01
9.191577147428545702e-01
8.750414901751744079e-01
9.121303662361825992e-01
9.632676363033148004e-01
9.422261434810556002e-01
9.021463717456125186e-01
8.954999954399637252e-01
9.533753060915149957e-01
8.429221793585029987e-01
8.606534668697430890e-01
9.607413961891573262e-01
9.393827522311283262e-01
9.631214199831735767e-01
8.964812850039931558e-01
8.960946633042303766e-01
8.773898122501345709e-01
8.711902712646470981e-01
8.487938498021524447e-01
9.697214856215291556e-01
8.739724194433016180e-01
8.835669457863210008e-01
9.608060608098193400e-01
8.505312343279919363e-01
9.189359949584048337e-01
8.497528424998472829e-01
8.763815568162210967e-01
9.065158950832791218e-01
9.462460248279431774e-01
8.593019566150896793e-01
8.686764355748063382e-01
9.083712794739765561e-01
9.435296927204399609e-01
9.300089258441862627e-01
9.300982937326087718e-01
9.305808679455314092e-01
9.442668803458221793e-01
9.306927120637108475e-01
9.410825706626992915e-01
9.198939408511261906e-01
9.368446129444016890e-01
8.946754489442171332e-01
9.432724881117822147e-01
9.845594723291433148e-01
8.699728924658628459e-01
9.266923818268171242e-01
9.295638835421050628e-01
9.041844101888713015e-01
9.330502130710177644e-01
9.573525888193061828e-01
9.159770930216629692e-01
8.984821294447429274e-01
9.429143906008738973e-01
9.563672694720404266e-01
8.597165702516209596e-01
9.396284764966289504e-01
8.491145848974152033e-01
8.441952804527811383e-01
8.709044545207123011e-01
8.906075506595922953e-01
8.998495543645443906e-01
9.133131198914535842e-01
9.214136287445933160e-01
9.184536201289023039e-01
9.195423157992672625e-01
9.266155904189152803e-01
9.198066378445274305e-01
9.121502256603560843e-01
9.166262761034769113e-01
9.059275461568777610e-01
8.908243980750901736e-01
8.992550266220131761e-01
9.119493296030585228e-01
9.663618017155752860e-01
8.863831867459397440e-01
9.042140907554413465e-01
7.962129389195756746e-01
8.560980843128174200e-01
9.287526472746354678e-01
9.347598636600068511e-01
9.204592923282801653e-01
8.934589132461777661e-01
9.580556406877926978e-01
9.213622724173461398e-01
8.635481179785332584e-01
8.941355969285513794e-01
9.379420769759529986e-01
9.156175306979672524e-01
8.771733343225794899e-01
9.170029098961610670e-01
8.900373879827127022e-01
9.189518243531695774e-01
9.138872066546054329e-01
8.750291338345996817e-01
9.614000065047380028e-01
9.207218699861292599e-01
8.654009922522886145e-01
8.607897141383910045e-01
8.460706642563048385e-01
9.106042250327369691e-01
9.520944398732205105e-01
9.730551289446943697e-01
9.100757727555182086e-01
8.414176812250085957e-01
8.747651535804388256e-01
8.939062934930855908e-01
9.460415353335679400e-01
9.556001683557087123e-01
9.138805449677115389e-01
8.695708422086471101e-01
9.388872361285650614e-01
9.822790061647609372e-01
9.082148168010232281e-01
9.347261741755759079e-01
8.682376703035761256e-01
8.520007665713313916e-01
8.652048313104649946e-01
8.958241312250224686e-01
8.837174703344417015e-01
8.599373165170889344e-01
9.045431708533530069e-01
9.592385573587335346e-01
9.239922016394682691e-01
9.415226165619078325e-01
9.236906939085469670e-01
8.814462216689038510e-01
9.619765834908118318e-01
8.983914023690955375e-01
9.290852676887785266e-01
9.822957174493490706e-01
9.330740235449145326e-01
9.042253563006361627e-01
8.884928512118626109e-01
9.645963676362193651e-01
9.402147050357899660e-01
9.670788385439504919e-01
9.087031385986436005e-01
8.611646763373119740e-01
9.813495395270400712e-01
9.402350227743967448e-01
9.481926650175592775e-01
9.872542885074224728e-01
7.925539606140556970e-01
8.619621095219957008e-01
9.457391716102776513e-01
9.894800028439384443e-01
8.898113813968283603e-01
9.431570397274738893e-01
9.386526579543635895e-01
8.722561670542532397e-01
8.438910444389700061e-01
9.308777294232714050e-01
8.825466575930283053e-01
9.258621209439407140e-01
8.699409904631494328e-01
9.585064216832810402e-01
8.752945939402634323e-01
8.483745592475546715e-01
9.097683962969730365e-01
9.480357586224071875e-01
9.429193689323297489e-01
8.547583888297797250e-01
8.768162540512242087e-01
8.587657393964626129e-01
9.567986455310034666e-01
9.422110856867839113e-01
9.295001156562229250e-01
9.078646077230801970e-01
8.668225795489888919e-01
9.047816004749893448e-01
8.804219563963069373e-01
8.979812591317801740e-01
8.872786024233731972e-01
9.637662852881636599e-01
9.437975396516432580e-01
8.915770621541510010e-01
9.256601181661217037e-01
9.148602250234457722e-01
8.890922315564917522e-01
9.199249939310316648e-01
9.009060615142427952e-01
9.733179155459491527e-01
9.101259324583587107e-01
9.569797671186401899e-01
8.271107061433056185e-01
8.449559417540223327e-01
8.623179729942204164e-01
8.230449439180488325e-01
8.975544360461891191e-01
9.166457930917542019e-01
8.886606043545705047e-01
8.049067504077895840e-01
8.691427404526740341e-01
8.848844021251985881e-01
9.295394184882881383e-01
9.049370900891564595e-01
8.940668649292407011e-01
9.594340281411718463e-01
9.433248925872860235e-01
9.118527086352954392e-01
8.991620461557314758e-01
8.198543773801456602e-01
8.559401430724853377e-01
9.917507636827618267e-01
9.118323335394444840e-01
9.026664871801282075e-01
9.494145890064505933e-01
8.694663851897417306e-01
8.712688138819794093e-01
8.422418732543247577e-01
9.062140137483563063e-01
9.193225518098835369e-01
9.441630528212759943e-01
9.686209806983585580e-01
9.333863389883296779e-01
9.026980263243878921e-01
9.017511579235337749e-01
9.287234679407605498e-01
8.836810898590257146e-01
9.611076118860719664e-01
9.255630213795694727e-01
9.482424354796255006e-01
9.323323665183675946e-01
8.825771870533013486e-01
9.326917670865416676e-01
9.225699035946541837e-01
9.106921120527760038e-01
8.810923851962607634e-01
9.269342001974899548e-01
9.190630228336210683e-01
9.475377188978485465e-01
9.797636911408098559e-01
9.444591623261543445e-01
8.602604073730724110e-01
9.158934762882673386e-01
9.209916781911390293e-01
8.873504141683351554e-01
9.239113910525365014e-01
8.704638458848074078e-01
9.804058544580964707e-01
9.315993580186920919e-01
9.043266087288884814e-01
9.268368882734883130e-01
8.999639005635281519e-01
9.202888257885627477e-01
9.398137976550537953e-01
8.843904303026254299e-01
8.973012433921698783e-01
8.686764355748063382e-01
9.440260061171158457e-01
9.730598525274818389e-01
9.571702134872930312e-01
9.790548363008860777e-01
9.560957812690197288e-01
9.626963452680883382e-01
9.346005677241137066e-01
8.907546669929322647e-01
9.518366913762968951e-01
9.014969157752011908e-01
8.947317316108088781e-01
9.247754579646609852e-01
8.939284273392505975e-01
9.104792822352969495e-01
9.393773291323407326e-01
8.645339875282024300e-01
9.501329883909614971e-01
8.449085651608535530e-01
8.976415884089130603e-01
9.328521200655032208e-01
8.333150337378257833e-01
8.826199034974714364e-01
8.949679773622141177e-01
8.759952999779783145e-01
9.902511659462893689e-01
8.756260732837839456e-01
8.873027795717306487e-01
8.621132093669614527e-01
9.178857154106733196e-01
8.841054635196553546e-01
8.865860731394061833e-01
9.722567422113675972e-01
9.597542572279630368e-01
8.913563911319670741e-01
8.958054464863819399e-01
8.821457108857619911e-01
9.529954057889559182e-01
9.391182895825003207e-01
9.217248600363808775e-01
9.314157788109270752e-01
8.921834355531682581e-01
9.838143561280540128e-01
9.391374554650626649e-01
8.699728924658628459e-01
9.280191686529439821e-01
8.382178819764256605e-01
9.141216157130820363e-01
9.349809389848651175e-01
9.186216496603377690e-01
9.235265080769128332e-01
9.058285189233875601e-01
9.315935411136951894e-01
8.777477820961893107e-01
9.037939974769075846e-01
8.843918585860562898e-01
9.834562919836890016e-01
8.290699778288070920e-01
9.352616461900045142e-01
8.415030997388553979e-01
9.206118897156586600e-01
9.521951227019604946e-01
9.382516332058318254e-01
9.273330460012706444e-01
9.767681515450087337e-01
9.025888331640509188e-01
8.801056368233498572e-01
8.254390221276022288e-01
9.329504362188215660e-01
8.899778092769099480e-01
9.195349207987657536e-01
8.870463105122697867e-01
9.178398643297464021e-01
9.446235873977051334e-01
8.477241782238800205e-01
8.992960603505423256e-01
9.012340049312973500e-01
8.719382087999197894e-01
9.149753778454070563e-01
9.321321253821950314e-01
9.418083238990947459e-01
9.573832249771478953e-01
9.468501982858124055e-01
9.208901024350580888e-01
9.043529294062238044e-01
9.009772523778890596e-01
9.378737844580222749e-01
9.689745274487512328e-01
8.870802908056324432e-01
9.060548544005940785e-01
8.917279715414186958e-01
9.584304361840179087e-01
9.162053827454023081e-01
9.639133987530011938e-01
9.203615130775996134e-01
9.294045435800681876e-01
9.148235250844084510e-01
8.732918958378141916e-01
9.248136683201427788e-01
9.128071592946322976e-01
8.986280898325713640e-01
8.621174128359871958e-01
8.570872062573896555e-01
8.411965204846986177e-01
9.136556637454957830e-01
9.360275073932773360e-01
9.530401149857710141e-01
9.709081317163471558e-01
9.195349207987657536e-01
8.960100682164267027e-01
9.456385322519280656e-01
9.333278487564212744e-01
8.734602966083462317e-01
9.892982480285105185e-01
8.783764255515532637e-01
9.392752283909256983e-01
9.085694464085302124e-01
9.325014949967704858e-01
9.576917520259331518e-01
9.608667151614518342e-01
9.043005532571424254e-01
8.665682090465802734e-01
9.279221997551179157e-01
9.355428783082113675e-01
9.026624073816841287e-01
9.486254268651733712e-01
9.235007153582002193e-01
7.814562364750478052e-01
9.405687495028525191e-01
8.922698916739778552e-01
8.728178805290918163e-01
9.371400443809381198e-01
9.359962742299604566e-01
8.876977641543772890e-01
8.522642001463200945e-01
8.947073854871216980e-01
9.606038722802043850e-01
9.563621140935020248e-01
9.041139560645035100e-01
9.149044708786402413e-01
9.356610847165987010e-01
9.574535750430483994e-01
9.129254293861722713e-01
8.976325130818157971e-01
9.106990656579853072e-01
8.686481190945686270e-01
9.340191403330369013e-01
9.032439293351117726e-01
8.986721670896224978e-01
9.170842190587182863e-01
8.758610310235049878e-01
8.471866133461627424e-01
9.444242503477805473e-01
9.162978434016882945e-01
8.780530360421440195e-01
9.350543225181393581e-01
8.760912005884299303e-01
9.035126893218450306e-01
9.326077359710582826e-01
9.134392963609671012e-01
9.946959507409859347e-01
9.679964141258500243e-01
9.103978509532597574e-01
9.043776684362890839e-01
8.674994716702729702e-01
8.103300071328332077e-01
9.764304860531869412e-01
9.254586222676967067e-01
9.525714529606925662e-01
9.611892364310699044e-01
9.126640014716795868e-01
9.268972507861583665e-01
9.250904589981823190e-01
9.401128563462537446e-01
8.768386698989451000e-01
8.656486393028993698e-01
9.353953640228739319e-01
9.248071828852624243e-01
9.525832190324745596e-01
7.435032865205859487e-01
9.556345681739206732e-01
9.024933504069417856e-01
9.389348896181107795e-01
9.031721576447295785e-01
8.703825947768411009e-01
8.704887347445322554e-01
8.517258865884314023e-01
9.371162137277294635e-01
9.452432500447797148e-01
9.501689308309183568e-01
8.108686055975683482e-01
8.725347477237321847e-01
9.673457187871715712e-01
8.715141961820516148e-01
9.580470233637843336e-01
9.080008602911608939e-01
9.557493434766520801e-01
9.151299775187973218e-01
8.847614929610908563e-01
9.021012030707250551e-01
9.671381735816375613e-01
8.989114395788929679e-01
8.965037545203538016e-01
8.164106333566453211e-01
9.070265668465986586e-01
8.789925698278965305e-01
9.789550637657977727e-01
8.757126446734110337e-01
8.707903817381281719e-01
9.278828636459267587e-01
9.292018914792554707e-01
9.100740983735682299e-01
8.588264050692187013e-01
9.171445876729383828e-01
8.488717182284094553e-01
9.370079477297448278e-01
9.172638471213340194e-01
9.084384473217981260e-01
9.082023969637365024e-01
9.191366326437594436e-01
9.000039714048230222e-01
9.208894271721917990e-01
9.560398956925684200e-01
9.214660042978084498e-01
9.322165355948135446e-01
8.583437870002125214e-01
9.204975131074357719e-01
7.966486617695480721e-01
9.171929249240416970e-01
9.389736978092793063e-01
9.583130691859823580e-01
8.925523024222586921e-01
8.934370121135045695e-01
8.909842895679015440e-01
8.382610125147580415e-01
9.651560882614995673e-01
8.190398088875426863e-01
8.716321972844343069e-01
8.617057610118770139e-01
9.039417418318185238e-01
8.998515983842269028e-01
8.992054810287752886e-01
8.703745997375926802e-01
9.397513378857230704e-01
8.980280839445045071e-01
8.916231437245116798e-01
8.576859289178324630e-01
9.347733216274977108e-01
8.745245376867579745e-01
9.003855350381150258e-01
9.336318499676392602e-01
9.008925865881380890e-01
9.035394890268266810e-01
9.398982105155579969e-01
8.673934297626649803e-01
8.322494074195145863e-01
8.831482996701066623e-01
8.786463281659705471e-01
9.300089258441862627e-01
8.533501625954537095e-01
9.175270990531594340e-01
8.353199034512299725e-01
9.171920421864341311e-01
9.358900122085576090e-01
8.503045753460833911e-01
8.655973037359508959e-01
9.309250109736795231e-01
8.962096203282139406e-01
8.947621947556686495e-01
8.864830290611226404e-01
9.515255394407530209e-01
8.813182715960047320e-01
9.577911077139442675e-01
9.279559849437964969e-01
9.440006468178917531e-01
8.619621095219957008e-01
8.700803671693665420e-01
8.696180971633455936e-01
9.426643480526538665e-01
8.737686606207911710e-01
9.934839706751389388e-01
9.535128321703878473e-01
8.386535904937360009e-01
9.342896672521927570e-01
9.408288260371415745e-01
9.304985188972150212e-01
8.783457720125249502e-01
9.212963630524478864e-01
9.198939408511261906e-01
9.246868971956223593e-01
9.158312567619265598e-01
8.798302615561064410e-01
8.936670583051457006e-01
9.060908985715437902e-01
8.979143005626694096e-01
9.295407987857978727e-01
9.205211411724781856e-01
8.912206169330436634e-01
9.445662454453086498e-01
8.953007858149598652e-01
9.344302710559211356e-01
9.322875593803217065e-01
9.249117297947156979e-01
9.000826169116389330e-01
8.617501933098212774e-01
8.916951602254926668e-01
9.421162273691284783e-01
8.680039986132170871e-01
9.341596009819367330e-01
9.117260774872686380e-01
8.656606909995792076e-01
9.037292247100774389e-01
8.617501933098212774e-01
8.835142938605435869e-01
9.624436022334901253e-01
8.789925698278965305e-01
9.642472156146545403e-01
9.504793902042615317e-01
9.364226413791750803e-01
8.092732955739458944e-01
9.003114796266178388e-01
9.003330978104109317e-01
8.619168169281062886e-01
9.147308673027464421e-01
9.201802260687665935e-01
9.234188508091744074e-01
9.322626425971621833e-01
9.119493296030585228e-01
8.834293386834574102e-01
8.776098876033617824e-01
8.885036069023635186e-01
9.108637684198775952e-01
8.757192466243876039e-01
8.486555605192469542e-01
9.032821896728594480e-01
9.085149927241124024e-01
8.813470996512700051e-01
9.302299549783946686e-01
9.429900658508650890e-01
9.045270545444099586e-01
9.369500641749696213e-01
8.958479042005526027e-01
9.087194088277334991e-01
9.022351956764619318e-01
9.026800572196642669e-01
9.318932521508151989e-01
9.538711245665590921e-01
8.889297742109298905e-01
9.295394184882881383e-01
8.849044942832000604e-01
8.085696847119879793e-01
9.560782161536164336e-01
9.247616353428539382e-01
8.921682262985696221e-01
8.876606194815831463e-01
9.062119924566489626e-01
9.529097910822800221e-01
9.576906632197272895e-01
8.967298295654725360e-01
9.329213832993578093e-01
9.858267820754069710e-01
9.285647220970449922e-01
9.451644741514368953e-01
9.318742341155411557e-01
9.152286244036421659e-01
9.645580888967447697e-01
8.590763663709551912e-01
9.217911932548138454e-01
8.957432276284842398e-01
8.436006075477208155e-01
8.587197468261751343e-01
8.788213276556943176e-01
9.329501488211964233e-01
9.461647507103096988e-01
9.364593563481395933e-01
9.214935906120602649e-01
9.253112230220733592e-01
9.904668998348662434e-01
9.155724140592766958e-01
8.867832037153614566e-01
9.198140710618146754e-01
9.634275700313028601e-01
8.843774294591723040e-01
9.161135300618294952e-01
8.992054810287752886e-01
9.284937480223480755e-01
9.318344875792782256e-01
8.976486224048191298e-01
8.711316158122788256e-01
8.661257973391801590e-01
9.218602291686991412e-01
9.359646884388419519e-01
9.111798640974954067e-01
9.798920097158962950e-01
9.580140046987369873e-01
8.720125718418301197e-01
9.091352250909388033e-01
8.667600607702264925e-01
9.270299681926441604e-01
8.633207133950102641e-01
8.719889473716200268e-01
8.831894327918820009e-01
9.250808309920048877e-01
8.658290765465772587e-01
9.463765604060480063e-01
8.501253926248033554e-01
8.783082370368447966e-01
9.072458647405613474e-01
8.657193833026900487e-01
9.251066949302713116e-01
9.580140046987369873e-01
8.504101629119354966e-01
8.812652818842403590e-01
8.933302706470463983e-01
9.784893861036706442e-01
9.274876776120591915e-01
8.763042200348569732e-01
9.039594668287616042e-01
8.122525152010214855e-01
9.393638618331244805e-01
9.457889415295177571e-01
9.119621832544532181e-01
9.379530245469729355e-01
9.257547662611677053e-01
9.627823792074048370e-01
8.730522512503779975e-01
9.321296530678986336e-01
9.402507675652479469e-01
8.971124735203287459e-01
9.445370141946498599e-01
9.178443036075302208e-01
9.532406081612831983e-01
8.209239815128207551e-01
9.732077643561714009e-01
9.401533437206133215e-01
8.955970284063984321e-01
9.181362977068810993e-01
9.935127650473887240e-01
8.952303410626544222e-01
8.418193205096653475e-01
9.025818278536671402e-01
8.668539240772307197e-01
9.480995266537987076e-01
9.406520848886192887e-01
9.130350209885573776e-01
9.205025448024898305e-01
8.848408377297894978e-01
9.241002255593361303e-01
8.946977411194221297e-01
9.311339742006052855e-01
9.870463218217044865e-01
8.380753093828195999e-01
9.854049225760294073e-01
9.194448796583016836e-01
8.654455649697823105e-01
8.681273447602128046e-01
9.152333913167277624e-01
9.249117297947156979e-01
8.562402022717821026e-01
9.479533959112019792e-01
8.415707476789557884e-01
8.956292303930590837e-01
8.713130727425625333e-01
8.873037612466776469e-01
9.082983545130192127e-01
9.029815684189053115e-01
9.436734323309117212e-01
9.545237990851240806e-01
8.539993224198503263e-01
9.267875439966988260e-01
8.858321548080448915e-01
8.435189086032067740e-01
9.164663231105040220e-01
8.619569563639104537e-01
8.896043623420146762e-01
9.025041469391715809e-01
9.954517316487884182e-01
8.747482335641220130e-01
8.356624364786118253e-01
9.062597617634456926e-01
9.615879210225606322e-01
9.464675301714238209e-01
9.017768540183148662e-01
9.476687465257903620e-01
9.746543116416820363e-01
9.063526377323097849e-01
8.972513851395985673e-01
9.482123777490062411e-01
9.510561237194278261e-01
9.559804978796352382e-01
8.549669552617574775e-01
9.290307901557706138e-01
9.323725161344651458e-01
8.990375164413665354e-01
9.059275461568777610e-01
8.093454694878214895e-01
8.191726546478385051e-01
9.238388025580589469e-01
9.055436937472089998e-01
9.363694322458336883e-01
8.961985693724603408e-01
8.713130727425625333e-01
9.250051431485253328e-01
9.188203699277999181e-01
9.246607215910103150e-01
9.617270420404012699e-01
9.338655578757358855e-01
8.812419036485490409e-01
9.704849120911674953e-01
9.568606499445012625e-01
9.420060503404429353e-01
9.311063845860205745e-01
9.207369585289755243e-01
9.239657239551848367e-01
9.205082279355647490e-01
9.549363361884954937e-01
8.184330506590739018e-01
8.997753585361738526e-01
9.309917197876349526e-01
8.422667262294514234e-01
9.585300535271820133e-01
8.557661689720745812e-01
8.553401277065738606e-01
9.361050821948982970e-01
8.924262425362776696e-01
9.227562225179549715e-01
8.533651950570090294e-01
9.175592896028530454e-01
9.365164358839960235e-01
9.072073642473890143e-01
9.305039421711945868e-01
8.747999993003067187e-01
9.395736552573069611e-01
8.937000507227376156e-01
8.922922990916615227e-01
8.914018020401235365e-01
9.188522651530314223e-01
9.497353825092998969e-01
8.764050635583047200e-01
8.889375417907734445e-01
9.016235178537048700e-01
9.168964314179073316e-01
9.029005627078726670e-01
8.983333854509651939e-01
9.418429947231654609e-01
9.619789504808677894e-01
9.094184311314138514e-01
9.210377066685634384e-01
9.013810254599129435e-01
8.788213276556943176e-01
8.638783802625982222e-01
8.779644727722184516e-01
9.442177206390044431e-01
9.374217615593969377e-01
9.011485581299139014e-01
9.269809065678461524e-01
9.435768631505431214e-01
9.404004744324652165e-01
9.035242341168220337e-01
9.436361024754866822e-01
7.678157698504570750e-01
9.747867799578530112e-01
9.504350422165531720e-01
9.115499227356036460e-01
9.443254387118457105e-01
9.565892354372868001e-01
8.929323452897698354e-01
9.259945452244905395e-01
9.387357268783368403e-01
9.410763726738231583e-01
9.347179839863821726e-01
9.066055901948953943e-01
9.338801958058727815e-01
9.172709362792278442e-01
9.227780367835314301e-01
8.969865831530580147e-01
8.853485119248482027e-01
9.572671894026175687e-01
8.875176450843820231e-01
8.949301404690029882e-01
8.788345132437819229e-01
9.697214856215291556e-01
9.223430659487035221e-01
9.776792518990552461e-01
9.158999938436499511e-01
8.698745081773034959e-01
9.181355291440980171e-01
9.280428378820473334e-01
8.211782988882091461e-01
8.911632630746915140e-01
8.423759600030659156e-01
8.453287236129146676e-01
9.300247114042247132e-01
9.501589068515461367e-01
9.028406923694028974e-01
9.929555494385511327e-01
8.283894681900605406e-01
8.807110219105286353e-01
9.084646799248504712e-01
8.701219259775085924e-01
8.939972333467766097e-01
9.120912956354715329e-01
8.923728158188019011e-01
9.270385547846373697e-01
9.617006834648396119e-01
9.326146932393176714e-01
8.272907014785524371e-01
9.349728914714098282e-01
9.261100040863502469e-01
8.967600178550552137e-01
9.785665894344119931e-01
9.676146228994640941e-01
9.187627705912143616e-01
9.329243349456710632e-01
9.056923999845835072e-01
9.615723568048950565e-01
9.201963877978072137e-01
9.493048482535533239e-01
8.958479042005526027e-01
9.162595543757687810e-01
9.097342259215598359e-01
8.949002451920679002e-01
8.999334738522728472e-01
9.170970827677595860e-01
8.871987118700555008e-01
8.786069141151391371e-01
9.029149759949297582e-01
8.762461344885595915e-01
8.614084257504274200e-01
8.860355043032657196e-01
9.011735811448348121e-01
9.297431917064522544e-01
9.119831342138745578e-01
9.229201826897922567e-01
8.928812809820255714e-01
8.324736948002577908e-01
9.236650946223456948e-01
9.215174771192083947e-01
8.548265534841387181e-01
8.790001781204197506e-01
8.225381877228649108e-01
8.609667519681494241e-01
8.091827791679302440e-01
8.441506766162292230e-01
8.968432267870206642e-01
9.501944813270641887e-01
9.072056072932200843e-01
9.045072859173635127e-01
8.548903997975514368e-01
8.774589357555176994e-01
8.767802206494078598e-01
9.086551957415462955e-01
9.327868994771948419e-01
8.912182345358917734e-01
9.441382510915199422e-01
8.556778282892335552e-01
9.233237301532822849e-01
9.479710566977420649e-01
8.414069978746909761e-01
9.537164376801451349e-01
9.168733580387546933e-01
9.679964141258500243e-01
9.272645795234365496e-01
9.437167332243294737e-01
8.901580889891942405e-01
9.137022303660792266e-01
8.763434722625957907e-01
8.657508198694849888e-01
8.877086992175764468e-01
8.723132165706229957e-01
8.093454694878214895e-01
8.562436595488541746e-01
9.624999861187951700e-01
9.306300674222823810e-01
9.660415070190876419e-01
8.814238624719321624e-01
9.091772944913022458e-01
9.196128030311588875e-01
9.146345338352818155e-01
9.675033474637320108e-01
9.213979092751308775e-01
8.684141675416552353e-01
9.218783382603435994e-01
8.572155079548957612e-01
8.766178874041564706e-01
8.106705424549538463e-01
9.287428552889097633e-01
8.417960726009920958e-01
9.478775733903972434e-01
9.307571991994619820e-01
9.528480153802613151e-01
9.003186108663242537e-01
9.962064345492808171e-01
9.121049622264270074e-01
9.153154188590281182e-01
9.480695800697573894e-01
9.361707834706913811e-01
8.644077999345408658e-01
9.109781541741008848e-01
9.335897757256454987e-01
9.338634245000962952e-01
9.409700292894114249e-01
8.949132269077958446e-01
9.259980368489766356e-01
9.138772144946579745e-01
8.893220669024407554e-01
9.219173159677455098e-01
9.453501777723199995e-01
9.194767885163810384e-01
8.898119298703656144e-01
8.583034231927157975e-01
8.994598851062906020e-01
9.381923663009971159e-01
8.891242780049156691e-01
9.871526716942617963e-01
9.564795293603182147e-01
8.800462251356748755e-01
9.187788336731161909e-01
9.173939581168035762e-01
8.999356174390635843e-01
9.328521200655032208e-01
9.703552285111531894e-01
9.237060964833377907e-01
9.253752254123949195e-01
8.979505641124603255e-01
9.136216441023460311e-01
9.092935816527802917e-01
9.501807439470244532e-01
9.320783372258126809e-01
9.454738418251511511e-01
8.284872793689962434e-01
9.517820657727409372e-01
8.763978851115139523e-01
8.595276737779325993e-01
9.350566347763461517e-01
9.445934138934926061e-01
9.659773442917182207e-01
9.692556455997560771e-01
9.214628782484769465e-01
9.317325338526126766e-01
8.868756099382211211e-01
9.016591910265522314e-01
9.213431685994299958e-01
8.995729004190381461e-01
8.964417259448154152e-01
9.088181827926326006e-01
9.583439199059116120e-01
8.954278633399908038e-01
9.548270989112569440e-01
9.287513249151025940e-01
9.633013976142660306e-01
8.750904426475624165e-01
9.402081438667110325e-01
8.026646770771942441e-01
9.555660444725161407e-01
9.123773482335907348e-01
9.409027940667190615e-01
9.029044229635598828e-01
9.309609941982158743e-01
9.409143933210778465e-01
9.176098944373647370e-01
8.833868377156193219e-01
8.739309240678981849e-01
9.274876741103184052e-01
9.241269715730732193e-01
9.361697817851180048e-01
9.070338828400804632e-01
8.742914136882984355e-01
8.566151057495841048e-01
8.885690537814465717e-01
9.075857448124532434e-01
9.274577939357752099e-01
8.776098876033617824e-01
9.011632936116876769e-01
9.068923611213273173e-01
9.346729597501068909e-01
9.594878683359041593e-01
9.841428589821012984e-01
8.815812866956812544e-01
9.158380844737190607e-01
8.614132355341950209e-01
9.242349942361384185e-01
8.847813619446985856e-01
8.686949306961877504e-01
8.521662502331203148e-01
9.104094356379300867e-01
9.354696131232285161e-01
9.262871998202527601e-01
8.790504090433894913e-01
9.256695326371966459e-01
9.125656249797472475e-01
9.040518630194992467e-01
8.692410204747732516e-01
9.619789504808677894e-01
9.259675565298912669e-01
9.336370923282066858e-01
9.365731465500055641e-01
8.802408430126611449e-01
9.913676284827754870e-01
8.745245376867579745e-01
9.620565350509205915e-01
9.340418077999200763e-01
9.165197040082054825e-01
8.914940317840944761e-01
8.230569088358430374e-01
8.952601475308027412e-01
8.293890560662054989e-01
8.494042938505563800e-01
7.898492070327245429e-01
8.589347788668488803e-01
9.321178204226785446e-01
9.482723547206646231e-01
8.676078506876634400e-01
9.240754943947285804e-01
8.944473315184161555e-01
9.477668273765431639e-01
8.782851260783897107e-01
9.401128563462537446e-01
9.652372544111433861e-01
9.375054862475802331e-01
8.305171949488434624e-01
9.441803823677016316e-01
9.170789980583308187e-01
8.802043616191358444e-01
9.161431658760620378e-01
9.025686724025248076e-01
9.374574160522910482e-01
9.477183467595929889e-01
9.605159601737340846e-01
9.077131476021940149e-01
9.190613907171772956e-01
8.739309240678981849e-01
9.573328905371938369e-01
9.453128545985537423e-01
9.342498175551365858e-01
9.555125056970283914e-01
8.792246225592109665e-01
8.885505295615617749e-01
9.373925204047488524e-01
9.030487270693285939e-01
9.807897307181695501e-01
9.255319242798076829e-01
9.216218364060251300e-01
9.358536426891340687e-01
9.218186893334485710e-01
9.423658836428120411e-01
9.971627329459445965e-01
8.592456910932902980e-01
8.897432756139913579e-01
9.180274864320298045e-01
9.015653412078198370e-01
9.492335396440040318e-01
9.554360740098347682e-01
8.409142862086326220e-01
8.742035870212344628e-01
9.025157129977836590e-01
8.939101312630617358e-01
9.108637684198775952e-01
8.503543282902531475e-01
9.642875432837392236e-01
9.300982937326087718e-01
9.246868971956223593e-01
8.788429934655004327e-01
8.770719522969996351e-01
8.797123271342215389e-01
8.808623296554461968e-01
8.503543282902531475e-01
8.613808899673155439e-01
9.315181840763926413e-01
8.945860442769508758e-01
8.931959414683837695e-01
9.095396858169458865e-01
8.945700715036528639e-01
8.768386698989451000e-01
8.297399142543498973e-01
9.175228193453812686e-01
8.572587474448202238e-01
8.758840837435977189e-01
8.964845265194771873e-01
8.431073977685340504e-01
9.555007244633890728e-01
9.241283187529210075e-01
9.061180106747043217e-01
9.115567099780274019e-01
9.444962467942737971e-01
8.860672537157331385e-01
9.768301843713832477e-01
8.404325912612574667e-01
8.122494423453776591e-01
9.374157732692035561e-01
8.798178575302262328e-01
9.348143403544760810e-01
9.056356238606252385e-01
9.573708184660243425e-01
8.352890043543004239e-01
8.932204652942787870e-01
8.520570999968414272e-01
9.824345829669021146e-01
9.501408472898033031e-01
9.111094439378613075e-01
9.639087024671885162e-01
8.587160896641228280e-01
8.865187281803257324e-01
9.468730149095828663e-01
8.934469279086860727e-01
9.419360848130482466e-01
8.747029059223506708e-01
9.340164450353944936e-01
8.842189931938492231e-01
8.738752102030141744e-01
9.007284412338812940e-01
8.335041377076010116e-01
9.046000731493228919e-01
8.854815976022991642e-01
9.048197297906165337e-01
9.260345824941875748e-01
8.696497833077655448e-01
9.128062737012215822e-01
9.279588314400285531e-01
9.324324495520829315e-01
8.346187343441280326e-01
9.185940186176757560e-01
9.170842190587182863e-01
9.438051517628542886e-01
9.306246509539275458e-01
8.759447723668241093e-01
9.591948174786960601e-01
8.682748634986464653e-01
9.510283143708767595e-01
8.498208358377774552e-01
8.961483100622243958e-01
8.912277099416677784e-01
8.747885860892181675e-01
9.109880287159514145e-01
9.180381463426831035e-01
9.197468063167947294e-01
9.394744506319455679e-01
9.277616087901818798e-01
9.223077019395071741e-01
8.914598365945084479e-01
9.152616090580014685e-01
9.455695263563171915e-01
9.009567864661368608e-01
9.080024265982314935e-01
9.648061358454761427e-01
9.105970003772146937e-01
9.193705377195439121e-01
9.223506012757122230e-01
9.474708578112464030e-01
9.484970126706226967e-01
8.909507927205500000e-01
9.590651000747111299e-01
9.767681515450087337e-01
9.480439723807485564e-01
9.177747037407527619e-01
9.361516499505251332e-01
9.075026927854595860e-01
8.726488481204432990e-01
8.774280398056375496e-01
9.571349908724050559e-01
8.958597869080724418e-01
9.232936001862740438e-01
9.106246886079550906e-01
8.661791377380269052e-01
8.795070468984715895e-01
9.384902423830000506e-01
9.174802904592669339e-01
8.633930491582396671e-01
9.422817290493527009e-01
9.277587223687118190e-01
9.479850240702759612e-01
8.542448138833066418e-01
8.459758582498335677e-01
8.943342164493579549e-01
8.622033859863069694e-01
8.984331071001060431e-01
9.903304537772019689e-01
9.209219313560691456e-01
9.741788300906636389e-01
8.603383640559311152e-01
9.504871481070983341e-01
9.469436471219643270e-01
9.052562617404895651e-01
7.903577367228652450e-01
8.743652300920080611e-01
9.453128545985537423e-01
9.087872549696822677e-01
9.806472659570890649e-01
9.578773422466932974e-01
9.189186631009349515e-01
8.988250919331777222e-01
9.320562481520073828e-01
9.066211150273624231e-01
9.479850240702759612e-01
9.149975636667476708e-01
8.693560246944946890e-01
9.287529377937249198e-01
9.363694322458336883e-01
8.485190824800264986e-01
9.398516845716206047e-01
9.271627463428628868e-01
9.137564993340787645e-01
9.655657451695113247e-01
9.154510428491521301e-01
8.805303107256182704e-01
9.061689391866519783e-01
8.287556861389288043e-01
9.150275119520598910e-01
9.295255545599565572e-01
8.904287460183633041e-01
8.897662666675835164e-01
8.688132009751818874e-01
9.272091514179023886e-01
9.670344014316594183e-01
9.248136683201427788e-01
9.146153402992082126e-01
9.290873331469140517e-01
9.184993595599325600e-01
8.951134483047951118e-01
8.888701892491215339e-01
9.785650074172096424e-01
9.307967035402356926e-01
9.439606385593670712e-01
8.754155211675141990e-01
8.876606194815831463e-01
9.099466761699865902e-01
9.110020779218609421e-01
9.021669969168384373e-01
9.497763087685960892e-01
9.101460446920360825e-01
8.769990170160287812e-01
9.062593959813750599e-01
9.522704371859112005e-01
8.805854968712489850e-01
9.175450683716100952e-01
9.282628348954268249e-01
7.908236562149246751e-01
8.613808899673155439e-01
9.151413484058033010e-01
9.811508740626398994e-01
9.792945041786083049e-01
8.979264654977968663e-01
9.076224669579093796e-01
9.387182137941559867e-01
8.950170446476890529e-01
9.324785596880624805e-01
9.744470343638165222e-01
8.565929674900309987e-01
9.324662209952769842e-01
9.244850544013335503e-01
9.347293568394562380e-01
9.429834401540245770e-01
9.073071470457126919e-01
9.008175005836627225e-01
9.119318924746981914e-01
9.388051642579033906e-01
8.663514025799700091e-01
8.430462616438022527e-01
9.042269778795725133e-01
9.536712882861683171e-01
8.795691677206158854e-01
9.226976033246734321e-01
9.226493650907509059e-01
9.111798640974954067e-01
8.923520480321944781e-01
8.749490467900281621e-01
9.173522240222573565e-01
9.224427457494412952e-01
8.993672557919056842e-01
9.129220214114815990e-01
9.470944091065627291e-01
8.758292111579414341e-01
9.406966989463010353e-01
8.594680676419358401e-01
8.755473837225246081e-01
9.323035682641870325e-01
9.913010214899146133e-01
9.053097187702187076e-01
9.380925025572250942e-01
8.777444920688310948e-01
8.252931109574831448e-01
8.698010185701960939e-01
9.313358886196847486e-01
9.004388826115000688e-01
8.892315782410495917e-01
9.253740690525086299e-01
9.305149669936300105e-01
9.546910527561419668e-01
8.898181787417258626e-01
9.173999592515608148e-01
9.266183881903341524e-01
8.518464953527467021e-01
8.993660553165001570e-01
8.952328656886886504e-01
8.798281130135482409e-01
8.685429156536674800e-01
9.603852113447419736e-01
9.181274943642443453e-01
9.637762197204113868e-01
8.730982065013480620e-01
8.895899902841634121e-01
9.180898407746423961e-01
9.266329434864192249e-01
9.095771425066783156e-01
8.619814938633547641e-01
8.840073159152634918e-01
9.438402702586782267e-01
9.053876525653185015e-01
9.413752655157017202e-01
9.311468816702576090e-01
8.448700289404514896e-01
8.969805729099076252e-01
9.073578393069456904e-01
9.627634728798326602e-01
8.854582726108229940e-01
9.161308678229671543e-01
9.442986059322020509e-01
9.674628950802431904e-01
9.806472659570890649e-01
9.177865582528852428e-01
9.417709844568553645e-01
9.474511845899394880e-01
8.300121539316126507e-01
9.229684241008284662e-01
9.168415843644717178e-01
9.317606357725883859e-01
8.849119485647074512e-01
9.002758872545479907e-01
9.460091111066918357e-01
8.493121199367507090e-01
8.751207447717799237e-01
8.626798641571238324e-01
7.889597076465417747e-01
8.863822105843333077e-01
8.881073944870971903e-01
9.308650967021702138e-01
8.981462954946116684e-01
9.571374090107516164e-01
8.215252204396529256e-01
9.267504951569627281e-01
9.218766942782354867e-01
8.890461962166444909e-01
9.299330632313405065e-01
9.035786329521486859e-01
9.416992033050408661e-01
8.745606103717227242e-01
8.909487394302143537e-01
8.731600004573412122e-01
9.401823523716058562e-01
9.215623928966639733e-01
9.465165826098834723e-01
9.270385547846373697e-01
8.957217924233209505e-01
9.401128563462537446e-01
8.770818687632598865e-01
9.255149197078186285e-01
9.598159903463973075e-01
8.396787319374086067e-01
9.296589045522929418e-01
9.453236615629828643e-01
9.316551272471436107e-01
8.902233044868836931e-01
8.449085651608535530e-01
9.783375427563616444e-01
9.633013976142660306e-01
9.008720391490344648e-01
8.780723221593159655e-01
9.537918073396514096e-01
9.024221333388191546e-01
8.635481179785332584e-01
8.753103403525333004e-01
8.567564996330757632e-01
9.100757727555182086e-01
8.796450339605464963e-01
9.219663896245915424e-01
9.350628764132999926e-01
8.480444695077568040e-01
9.022811919503180844e-01
9.542511862425300251e-01
9.044990976859701437e-01
9.687608995649524823e-01
9.157386571787073937e-01
9.157164734265869077e-01
9.018343036221783127e-01
8.609117184142162094e-01
8.619659867952099708e-01
9.151802011482826904e-01
8.828770224106857745e-01
9.493968769001916996e-01
9.622881680009919281e-01
8.957376598122054334e-01
9.021364665910072134e-01
9.537169471613510252e-01
9.379088451665777981e-01
9.286159132720480658e-01
9.066378995882469205e-01
9.174934682023809795e-01
8.699728924658628459e-01
9.405293669375303089e-01
8.762176427177073013e-01
8.815013587052569211e-01
9.798533326722695946e-01
8.889634163373523190e-01
9.368730346608253878e-01
9.698663677713207365e-01
8.401585562428427467e-01
9.181503659316054833e-01
9.342405675312329683e-01
9.040597564164052358e-01
9.215989888919108308e-01
8.982937025686799082e-01
8.492366274004794491e-01
9.296110680723536079e-01
9.050060429988502353e-01
9.337437701230402176e-01
