9.634315960144069768e-01
9.238105100221722932e-01
8.958054464863819399e-01
9.391039471101487734e-01
9.190540971804288528e-01
9.309946919104551410e-01
9.569914418918309407e-01
9.283275763134960501e-01
8.463834997144542571e-01
8.232339212041631660e-01
8.175969228793114052e-01
8.486027574862519129e-01
9.220013415130077217e-01
9.204271054349456582e-01
9.560940355361612353e-01
8.507607813848854228e-01
8.836460125343067462e-01
9.389205831217352083e-01
9.071115468578740959e-01
9.361444231085257472e-01
8.882370176969051068e-01
8.421772213584943767e-01
9.544777193913716040e-01
9.526134313940349818e-01
8.948169156464137464e-01
9.316435594465856118e-01
9.317349510165559012e-01
8.811863569270984575e-01
9.335082626821153973e-01
8.950381373710000199e-01
8.971168388536953087e-01
9.150326249025534375e-01
9.315002384458465068e-01
8.966413825542209892e-01
9.578750693773983027e-01
9.135257343262331853e-01
9.170365489754905841e-01
8.752480472808193968e-01
8.482586997268494189e-01
9.436153670828842932e-01
9.360989776981067934e-01
9.365531169263424660e-01
8.386993189938040105e-01
9.026791722549063479e-01
9.203461471815916894e-01
8.941071661417108185e-01
7.690128803555587034e-01
9.281318391390773748e-01
9.365352088023051191e-01
9.721735184687506637e-01
9.179344837278584635e-01
9.949217268635277556e-01
9.369547809674814154e-01
8.976441002196641206e-01
9.008630588693806729e-01
8.348760290433220321e-01
9.398434785858736928e-01
8.292323308648525959e-01
8.775126695250086151e-01
9.616524103201450346e-01
9.122211345743806987e-01
8.796765510517603470e-01
9.575072366356354170e-01
9.122111942426711639e-01
9.115937353047721681e-01
9.579398323292944717e-01
9.779829811284425078e-01
9.051916806079881583e-01
8.603393367841881689e-01
8.740634930967560168e-01
9.170058776364277131e-01
9.579164598484847248e-01
8.765291754059224560e-01
9.103610555277690253e-01
8.982072177994318007e-01
9.484516304749559534e-01
9.483241648763601761e-01
8.531133600055926802e-01
9.413901157410116127e-01
9.586859305557380306e-01
9.546440464156736860e-01
8.799807826115613185e-01
8.881390567917909484e-01
8.875628387331517821e-01
9.355350471718999472e-01
8.486051031534251887e-01
8.790805505623321414e-01
9.071734079206151824e-01
9.294413751586431127e-01
8.980475455071758040e-01
8.649276628900982589e-01
9.047048535531493352e-01
9.571647733700788807e-01
8.912158520420291330e-01
9.148709310764808755e-01
9.156175306979672524e-01
9.299439651213573521e-01
9.437932373132739139e-01
9.132492929887666699e-01
8.908243980750901736e-01
9.920764098134452480e-01
9.151364755152785468e-01
9.688409772839141620e-01
8.958241312250224686e-01
8.851915189317173249e-01
9.233277654938044643e-01
8.348760290433220321e-01
9.214794357638543820e-01
9.106540899233483977e-01
9.083037977242186534e-01
9.108042749542023531e-01
9.329565241917676666e-01
9.257067817727937520e-01
9.330010534935507804e-01
9.351055997274220211e-01
9.177093175311308304e-01
9.680043952219866688e-01
8.410348870556000334e-01
8.802721472951030579e-01
8.983904856531877980e-01
9.112142177971607193e-01
9.131356320813657224e-01
9.213260058850377687e-01
9.339646194881932040e-01
9.639825736323176519e-01
9.553935219284878100e-01
8.621132093669614527e-01
8.710880808610915738e-01
9.447619653625333180e-01
9.533571980509003563e-01
8.687531930572786054e-01
9.648061358454761427e-01
9.186463574223430184e-01
9.043837515586191644e-01
8.980822226669779029e-01
9.330163346244154665e-01
8.530643119141612107e-01
8.522642001463200945e-01
9.365466769341498354e-01
8.974642346564974948e-01
9.099546419235146066e-01
8.898829904223568565e-01
9.562407417898676210e-01
9.540004371293624441e-01
9.090623710323328943e-01
8.985727060906418817e-01
9.125091188298654066e-01
9.737188674651977571e-01
9.418207468098718227e-01
8.899968549272793128e-01
9.348301237407277142e-01
8.583224887673278625e-01
9.287526472746354678e-01
9.404532754395027450e-01
9.118395191289234702e-01
7.812424092064503833e-01
9.574723821943318391e-01
8.631037258775383636e-01
9.321097623858499714e-01
9.082812807282240053e-01
9.163059362221774862e-01
9.052469040681536683e-01
9.469990217678749822e-01
8.999973602975022136e-01
8.913550145435963357e-01
8.570927026399809412e-01
9.412657853366902527e-01
8.903137174356169359e-01
8.909591437633253008e-01
9.194674466008406766e-01
9.037477176907889875e-01
8.815134416887280278e-01
9.658896642818556311e-01
8.828730893002318947e-01
9.635943030447355895e-01
9.040843807337596294e-01
9.279585663186920019e-01
8.991122470238965825e-01
8.564990276700217287e-01
9.206510199927566696e-01
9.550395777079800919e-01
9.191581160782672510e-01
9.278270596404365467e-01
9.064258553070627666e-01
9.634479207489857755e-01
9.416373147487930861e-01
8.780628593258431591e-01
9.505365631385428449e-01
9.136216441023460311e-01
9.507320197020698860e-01
9.345174824472292086e-01
8.509118823342135540e-01
9.557054824487243305e-01
9.453128545985537423e-01
9.220429127432127059e-01
9.288934953019755136e-01
9.251444049489458976e-01
8.770234195743593641e-01
9.259080908488545036e-01
9.415763912076643427e-01
9.387657486359072267e-01
9.268707480598675774e-01
9.193705377195439121e-01
8.982322160212125040e-01
8.961027743584334404e-01
9.042050139470831915e-01
9.187595441871331259e-01
9.349080863862457846e-01
9.401141725057055032e-01
8.708295101162276675e-01
8.793860410285163631e-01
9.277874832769981150e-01
8.998782213221586668e-01
8.806590047231647178e-01
8.744368023983593030e-01
8.239188918768802772e-01
9.592680841225726951e-01
9.499076618771120639e-01
9.314644721207323563e-01
9.811130900021263201e-01
8.954745543827816734e-01
9.537058794548726182e-01
8.519208924338623756e-01
9.394744506319455679e-01
9.159223508469469532e-01
9.295605537386970596e-01
8.977321378629253834e-01
9.467825788186425839e-01
9.196006371886911168e-01
9.057778278504898806e-01
8.732944229622393584e-01
9.229696420290777192e-01
9.212557270577254043e-01
9.168068703208512860e-01
9.081197542009227242e-01
9.210473286209246435e-01
9.185513238054848761e-01
9.368021947912066327e-01
8.773817203887771532e-01
9.422563415619001903e-01
9.199486099672748995e-01
9.328640082223333962e-01
9.258014242166450192e-01
9.156113103735469272e-01
8.909643201174196614e-01
9.671381735816375613e-01
8.961642286415060221e-01
8.869910140999328618e-01
9.426530110782057603e-01
9.083263006263845307e-01
9.102889153439609471e-01
8.735656407904054399e-01
9.562170990087408562e-01
8.479904099739896672e-01
8.474177848103721100e-01
9.726517462658423874e-01
9.030759863070619842e-01
9.344218956551542110e-01
9.220429127432127059e-01
8.708040970621171439e-01
9.305646291978850737e-01
8.887043012000281905e-01
8.878612721084648829e-01
9.006958214051967726e-01
8.884163066834762645e-01
9.134524498665859138e-01
9.367963141445555530e-01
9.039572013621827162e-01
9.762494235755272420e-01
8.544946404558261266e-01
9.026078844603623308e-01
8.688974535853780656e-01
9.244584208412107706e-01
9.460767384200844399e-01
8.986110315268377446e-01
8.842040184849416784e-01
9.445370141946498599e-01
9.293430782286858927e-01
9.263487053237277058e-01
9.324066802079573613e-01
8.629771834366326555e-01
8.880218415616937255e-01
8.828730893002318947e-01
8.795691677206158854e-01
8.863345558461569462e-01
9.692085052513313981e-01
9.519949197801131913e-01
9.429314782084563529e-01
9.579612764446903128e-01
9.578750693773983027e-01
9.171540517641231238e-01
9.315993580186920919e-01
9.177076036430956707e-01
8.578404106348817004e-01
8.670203801766569462e-01
9.419789139014809187e-01
9.200192490057832462e-01
9.123787060656490810e-01
8.924409082431897788e-01
9.316403555287752214e-01
9.338206193015631262e-01
9.538100068300034984e-01
8.212736637797732886e-01
9.032341111786416077e-01
9.365313571333351295e-01
8.576076329124814324e-01
9.504871481070983341e-01
8.451251433979999339e-01
8.392878982298269674e-01
8.720970175356819176e-01
9.573092324633815098e-01
9.078444011454126494e-01
9.347474228579600863e-01
9.126298180970044971e-01
9.233598783604282101e-01
9.278868676994643794e-01
9.234681745704252931e-01
8.882370176969051068e-01
9.658896642818556311e-01
9.498144644838809603e-01
9.457391716102776513e-01
8.171468163522869199e-01
9.177693412884848634e-01
9.521412329643529349e-01
9.277070425670187470e-01
9.342977592873813464e-01
9.329320834031040732e-01
8.915535095805294796e-01
8.987514695316952684e-01
8.565890809967119379e-01
9.118009493542185151e-01
9.156521273267290706e-01
9.183355810465091418e-01
8.855413309255711907e-01
9.306480984424341241e-01
9.444052646415953545e-01
9.541192096782411536e-01
9.616010805652175364e-01
8.891081738024558812e-01
9.371781657754607586e-01
8.758148884131259360e-01
8.751790402697775528e-01
9.455552983387059962e-01
9.321356377849854269e-01
8.698131091064706943e-01
9.461200251128181193e-01
9.202888257885627477e-01
9.178511576383057147e-01
9.258649717383259370e-01
8.842689714524823996e-01
8.691271398532397496e-01
8.936870802474408126e-01
8.780415561299568239e-01
9.365311015540143114e-01
8.815255223821116815e-01
8.622333278113886168e-01
9.382338200441011633e-01
9.544102211362500698e-01
8.759981788247623857e-01
9.433853414669850501e-01
8.496617964900088360e-01
9.162046059768823580e-01
8.548059322073271460e-01
9.075857448124532434e-01
8.649276628900982589e-01
9.470466729048505616e-01
9.119621832544532181e-01
9.501722599154704962e-01
9.535787869610061751e-01
7.783768716806169774e-01
9.053836760008330264e-01
8.858631563187118196e-01
9.092751944585357737e-01
9.246029665462693892e-01
8.787105960791059545e-01
9.329565241917676666e-01
9.130598463740966508e-01
9.008999109123295712e-01
9.330183603602475451e-01
9.196950325452518671e-01
8.819078974724732234e-01
9.138803056401244573e-01
9.051315880880241860e-01
8.378811745396317345e-01
9.096756347852791302e-01
9.695826901631343642e-01
8.655777518030720596e-01
8.956001714000707548e-01
9.506175855377368977e-01
8.816703123069625780e-01
9.138387414371369477e-01
8.529954890374716880e-01
9.258649717383259370e-01
8.875628387331517821e-01
8.235483012027065008e-01
9.023997308939929463e-01
9.303578197627347945e-01
9.653373969341217942e-01
9.162479674844506983e-01
9.252881571682330941e-01
9.444140726785378304e-01
8.723210395162512842e-01
9.461200251128181193e-01
8.564165636249141400e-01
8.964271121421351074e-01
9.452331831171952858e-01
9.458503506776659853e-01
9.236675667904156173e-01
9.241002255593361303e-01
9.489446614159314786e-01
9.270385547846373697e-01
9.095659407051709389e-01
9.605103313177475455e-01
8.668229904710141875e-01
9.328700074389759678e-01
9.272916273519846708e-01
8.805211084251279852e-01
9.314124960033965950e-01
9.560568566376611566e-01
9.322920053163052945e-01
9.413782581775522740e-01
9.319722217678041432e-01
9.240754943947285804e-01
9.384928359452724411e-01
9.916943322326092769e-01
8.817907195280888510e-01
9.450672395524607472e-01
9.548064150687950447e-01
9.915643413343723234e-01
9.422138285178818240e-01
9.261070974992160476e-01
8.910709913754302214e-01
9.625522326367678128e-01
9.623631044622050768e-01
9.564846238249176125e-01
9.004388826115000688e-01
8.754344167045512437e-01
9.379836686332461149e-01
8.586808269802299609e-01
9.480471308757316695e-01
9.449281111303199365e-01
8.881390567917909484e-01
9.611016385136670337e-01
9.196172679866303490e-01
9.427134122389776438e-01
8.644428029086871357e-01
9.431570397274738893e-01
8.870935587881766393e-01
9.751345457296024533e-01
8.861179502170544175e-01
8.920742581298005680e-01
8.608940153923988481e-01
9.633697561202511084e-01
9.842870447623464081e-01
9.426868866957257564e-01
9.067689449514629851e-01
9.029307357149018998e-01
9.615605881572535374e-01
8.791795701012999897e-01
9.485500165520620586e-01
9.149470961307365480e-01
8.898190349309264002e-01
8.831894327918820009e-01
9.039293610947912727e-01
8.192390092009171898e-01
9.311128179531877880e-01
8.688054431615169770e-01
9.364875349569464769e-01
9.368441144684197530e-01
9.243380010818691428e-01
8.926624778691983897e-01
9.577042541098177431e-01
8.959104228506663548e-01
8.756069247086644136e-01
9.061003796150447487e-01
9.818903747494704959e-01
9.452331831171952858e-01
9.498699980583131808e-01
8.512725697237744082e-01
9.160574799623434350e-01
8.980942947039707303e-01
8.881336283877341309e-01
9.317325338526126766e-01
9.150519293654207909e-01
8.393497212333520530e-01
9.546100919885198710e-01
8.699728924658628459e-01
8.964336378460365795e-01
9.466001754320340078e-01
9.498385149867688559e-01
8.743976097393806324e-01
8.407419989946746108e-01
8.723539030635696356e-01
8.277672965495360691e-01
8.793291124642698131e-01
8.827235231398534721e-01
9.102195538973385514e-01
9.029382160207894970e-01
9.603859986100077295e-01
9.618325699139687046e-01
8.987863474727770807e-01
9.345014305028825907e-01
8.272993592090420734e-01
9.534629569143466821e-01
8.955479332387678015e-01
8.695111356175164730e-01
9.071192319017485906e-01
9.084143464622598252e-01
8.832279129369187132e-01
8.710460121718950344e-01
9.548862267711955010e-01
9.109282121693264012e-01
8.568649076908877449e-01
8.614758505921734644e-01
8.809046156169542119e-01
9.210843179150922655e-01
8.980514064495602744e-01
9.564646352940535667e-01
9.209427451240264073e-01
8.730205178125562959e-01
9.297522775943410922e-01
8.984401962875838699e-01
9.341728607914938642e-01
9.091481337828158926e-01
9.062593959813750599e-01
9.237105221792949461e-01
8.762302431477858589e-01
9.180274864320298045e-01
9.509807670011964920e-01
8.931539436553301847e-01
9.484516304749559534e-01
9.248470088410070122e-01
8.858896882052843536e-01
9.299553358261741787e-01
9.436216830561799940e-01
8.756931261565178426e-01
9.118347251651336416e-01
8.657149763120127739e-01
8.856933580655093063e-01
9.854049225760294073e-01
9.136152683482978709e-01
8.879242619197509345e-01
9.048197297906165337e-01
8.863885877951237502e-01
9.557505950173050824e-01
8.739635686010274185e-01
9.304185967864738727e-01
8.955169889233385305e-01
8.491278005740220403e-01
9.231528400311459492e-01
9.796548275964979124e-01
9.248460556072588545e-01
9.227691646210173237e-01
9.457522087783702958e-01
9.072615268670878308e-01
8.200031680677273282e-01
9.469990217678749822e-01
9.471303219150785102e-01
9.033678133566609425e-01
9.314332658920214669e-01
9.544651450378919266e-01
9.048758095227245057e-01
8.752480472808193968e-01
9.954462820469193174e-01
9.220338940521189963e-01
8.965695819837204983e-01
8.493247869900615310e-01
8.688974535853780656e-01
9.519370310783337175e-01
9.017170016695960078e-01
8.896043623420146762e-01
9.251937068704566558e-01
8.796626061442898159e-01
8.939947774177005035e-01
8.224744562189547636e-01
8.796660693332559733e-01
9.089459893352292985e-01
8.990375164413665354e-01
9.960570161258773814e-01
9.586716739123692932e-01
8.237037522865213734e-01
9.035497929226227187e-01
8.369573729759536285e-01
9.462293492571121067e-01
9.004079057771190442e-01
9.321335621923201309e-01
8.956639298275500538e-01
9.521951227019604946e-01
9.086391107660184430e-01
9.772780814422806772e-01
8.918155552979399880e-01
9.385420750539079648e-01
8.992047974932838583e-01
8.819128892847908352e-01
9.434541766247482864e-01
9.358488359414127711e-01
9.505036283402474862e-01
9.275690911397542759e-01
8.728293297380312898e-01
9.007997900757009901e-01
8.900607084753763276e-01
9.256247942192731282e-01
9.481553395296877795e-01
9.117540041748676272e-01
8.749873174088879102e-01
9.103665957753538374e-01
9.336826836592705403e-01
9.261840699882696315e-01
9.043077830749229884e-01
9.828612588107765724e-01
9.123308476541317491e-01
9.460955970356675904e-01
8.632813087314706868e-01
9.336318499676392602e-01
9.624771546505813680e-01
9.428788872968244528e-01
8.814182714505310878e-01
9.139312798889989153e-01
9.104938002837474897e-01
9.215339265502613397e-01
9.107210274851962328e-01
9.168416913946619839e-01
8.688054431615169770e-01
9.696152349533090353e-01
9.266903136168291866e-01
9.445384407740532451e-01
9.043529294062238044e-01
8.525318440045902557e-01
9.274665113551241458e-01
9.156644671209402953e-01
9.253752254123949195e-01
9.288584043011304248e-01
9.496955233251180850e-01
9.220090490824094376e-01
9.250530477243716909e-01
9.156748731360710991e-01
8.883857646266060115e-01
8.666409784207869116e-01
8.909643201174196614e-01
8.962485842931972035e-01
9.360193372324879801e-01
9.219580028545938388e-01
9.119353220129945425e-01
9.406351508859032151e-01
9.083321670908018897e-01
9.585614511155183814e-01
9.511883962641189960e-01
9.236132687798948027e-01
9.430686099842757741e-01
8.672506228897476355e-01
9.116438296006097453e-01
9.444052646415953545e-01
8.949682358907390389e-01
9.108778483673090065e-01
7.141851503981661020e-01
9.586706631305128568e-01
9.052064039040820242e-01
9.005634409905501903e-01
9.968385933789991604e-01
9.429834401540245770e-01
9.687836729763933397e-01
9.564481570919252107e-01
9.146466965977670949e-01
8.237685967268969511e-01
8.787964280449925836e-01
8.336000098048217399e-01
8.842271678723728767e-01
9.030066162489698289e-01
9.095466194610661859e-01
9.433964556913542188e-01
9.320629767421487744e-01
8.871401990853889918e-01
9.452551238420868751e-01
9.390177071132365105e-01
8.828770224106857745e-01
8.816703123069625780e-01
9.227933335264447701e-01
9.257692314226044772e-01
9.793649873878987888e-01
8.924238292646644588e-01
9.679672369953569167e-01
9.089902455398134462e-01
8.917451403843024149e-01
9.315772373964068542e-01
9.215079962139701708e-01
9.169186658454646643e-01
8.895207592383399531e-01
8.437112706190884603e-01
9.399113846798070604e-01
8.359730831197401679e-01
9.873335570280921125e-01
9.035979481602454122e-01
9.194871949380715170e-01
9.230693615422097542e-01
9.263499133529027318e-01
9.024587054457937629e-01
8.779259898236319026e-01
9.104076390398574414e-01
9.238105100221722932e-01
9.520175437957613118e-01
9.196950325452518671e-01
8.787736582330594182e-01
8.930548309042088961e-01
9.569914418918309407e-01
8.884928512118626109e-01
9.489256320525473187e-01
9.215962755277224971e-01
9.012506614994102438e-01
9.090108157196905569e-01
9.503650814633458621e-01
8.863162456862077043e-01
8.518230222152795017e-01
8.853169397432560928e-01
9.227780367835314301e-01
8.797531617559437578e-01
9.083794850058709569e-01
8.856459642952067002e-01
8.889970597545464592e-01
9.085950398059654542e-01
9.160877982675352804e-01
9.371460590787331624e-01
9.458608177905080128e-01
8.869931775793469253e-01
8.843834879093898094e-01
9.465207893980028819e-01
8.935786291505628531e-01
8.632650035830076174e-01
9.541489169003208870e-01
9.467445810162284925e-01
9.232274888734168794e-01
9.152177072580700568e-01
8.722608103574748251e-01
9.833921138009243945e-01
9.282533636762554385e-01
9.807834547546986359e-01
9.037985249669087118e-01
9.394256884753262593e-01
9.073142671407963267e-01
9.418334215003906218e-01
9.309338274188282414e-01
9.331274773923027288e-01
9.705103595291296736e-01
9.132924060078961848e-01
9.098391136224738274e-01
8.866150022502126138e-01
9.496007686778820123e-01
9.320783372258126809e-01
9.136680860607054866e-01
9.327999405698880198e-01
9.273661067104198574e-01
9.235252126734401212e-01
8.650216915971500331e-01
9.636916636246453116e-01
9.317629318091914525e-01
9.148159364571505359e-01
9.423267890801946267e-01
9.184925900285862976e-01
9.148222660124397665e-01
9.447481157409144403e-01
9.177206814282675706e-01
9.013869847133947344e-01
9.235007153582002193e-01
9.371315234610545497e-01
8.832028244898955105e-01
8.768134205040740703e-01
9.135696497526396564e-01
9.384148364788458263e-01
8.873344633429792738e-01
9.806887311317462608e-01
9.178504605276758266e-01
9.249117297947156979e-01
8.924186702027063767e-01
9.456232049574653242e-01
9.247616353428539382e-01
9.309342003242460084e-01
8.115921827518973730e-01
9.277110468207770966e-01
9.418429947231654609e-01
9.527693991319543532e-01
9.349818572273292938e-01
8.553401277065738606e-01
9.456232049574653242e-01
8.920250633729899237e-01
9.162460308390492081e-01
9.019619014536923718e-01
8.961683631759966850e-01
9.399414927564530009e-01
9.418108016644818337e-01
8.595591975369305526e-01
9.177186280871505453e-01
8.608614439407452634e-01
8.945593015354155186e-01
9.250027506235658503e-01
9.104993707993719321e-01
9.016508743313046415e-01
9.046318208014509921e-01
8.808424068482404445e-01
9.379260702382685722e-01
9.045720442533684569e-01
9.603404917767967008e-01
9.049459533886712315e-01
9.176435422548281373e-01
8.583774820469119993e-01
9.769459266838119715e-01
9.026624073816841287e-01
9.213921572388984460e-01
8.801695514593321779e-01
8.494349778299424836e-01
7.904385174391466151e-01
9.354515797929394694e-01
9.082656826509692971e-01
9.320180694062160098e-01
9.489162356266834797e-01
8.379478295223057316e-01
9.173218699984931890e-01
9.571306256495983877e-01
8.813153431136016014e-01
8.609265726585304535e-01
8.553401277065738606e-01
8.151814073390555304e-01
8.861526857405993551e-01
9.333530626416853826e-01
9.613479509960202174e-01
7.959394605731913153e-01
9.476032449999892693e-01
9.179354071209980814e-01
9.423360489303373999e-01
8.863345558461569462e-01
9.637130798667259413e-01
9.603127574977444736e-01
8.380753093828195999e-01
9.364875349569464769e-01
9.183752660067727724e-01
9.146710124965021782e-01
9.434129735017368068e-01
9.144787708098168766e-01
8.583522259388507436e-01
9.371315234610545497e-01
8.834276813574611920e-01
8.910709913754302214e-01
9.720051924889961947e-01
9.463302966476906386e-01
9.070492206687630343e-01
9.758236383582468143e-01
9.514052067267874113e-01
9.654089401649567082e-01
9.374576690102991439e-01
8.867498881307508407e-01
9.360996071743719060e-01
8.668082141863340251e-01
8.767820333720693915e-01
9.315767418593712268e-01
8.596958929418011541e-01
9.009302405436399042e-01
8.393497212333520530e-01
9.637677022065780363e-01
8.289952084867894255e-01
9.136167720979273543e-01
8.799707069360510614e-01
9.379656553915332040e-01
9.120806080450898357e-01
8.870935587881766393e-01
9.400614682475486594e-01
9.111340208509710603e-01
9.636386660639024715e-01
9.037658102817088812e-01
9.349709422093875899e-01
9.533851176042957842e-01
9.572215879186151133e-01
8.607310160973304924e-01
9.163037075401474496e-01
9.005280589119144530e-01
9.858813216927598821e-01
8.528670699595938265e-01
8.929888585614219609e-01
9.288647479388549844e-01
9.445498509542104015e-01
8.832973701983696246e-01
9.429314782084563529e-01
8.889183470464205872e-01
8.200657417665790927e-01
9.664403488355154392e-01
8.670481692365792359e-01
9.459719755866849988e-01
9.083291914513511589e-01
9.501907636026496462e-01
9.180381463426831035e-01
9.379955070782838300e-01
8.916231437245116798e-01
8.815074004832931243e-01
9.248072834067371240e-01
9.259265101253357777e-01
9.320805947213871567e-01
8.711346062222002917e-01
8.537927732797513380e-01
9.341479303450341831e-01
9.616096577277728485e-01
9.330021001411782366e-01
8.875883045736745469e-01
9.374200507277106187e-01
9.255383722092747067e-01
9.645648174433677502e-01
9.931098435840453043e-01
9.423878138087382617e-01
9.440894404772489645e-01
8.397619296283332924e-01
8.668082141863340251e-01
9.040743400415849340e-01
9.536712882861683171e-01
8.920591098511256867e-01
9.178443036075302208e-01
9.340916486541562813e-01
9.316940104575727188e-01
8.854552876625698676e-01
8.617501933098212774e-01
8.901642117894348338e-01
8.762461344885595915e-01
9.349936808012386802e-01
8.913641030066056237e-01
8.937297303216878985e-01
9.637398754449102434e-01
8.770751865457130370e-01
9.270194916650975614e-01
9.323147315108883948e-01
8.749283110974672706e-01
9.695790958272177962e-01
9.195476531149967547e-01
9.273123369585422049e-01
9.306971707481345168e-01
9.277070425670187470e-01
8.925296319081770235e-01
9.266740524930280332e-01
9.356564272665748305e-01
9.788105945365287441e-01
9.048580382552166013e-01
9.845741527715917707e-01
9.052495543758698471e-01
8.753892553610526095e-01
9.283216290060573028e-01
9.487389688758671724e-01
9.296610292201517023e-01
8.910935807075920367e-01
9.003159707152745828e-01
9.557468459156347462e-01
9.320701999399849669e-01
8.953935290411954018e-01
9.349512783061112442e-01
8.545013607284772661e-01
9.021456678277313124e-01
9.323483557027125723e-01
9.364235222461814168e-01
9.180840221568005166e-01
9.026354955667631463e-01
8.974757769722938594e-01
9.177601485953353899e-01
9.039969070285013286e-01
9.082275381692234140e-01
9.082401276120795064e-01
9.178931062992571333e-01
8.480074765390915870e-01
9.599043157012233651e-01
9.117615682207952377e-01
9.441216137929036023e-01
9.695318696644457113e-01
9.277874832769981150e-01
9.605103313177475455e-01
9.016603910377483100e-01
8.717984679395462955e-01
9.035088846880450220e-01
9.616875347634322724e-01
9.243466931601380665e-01
8.935584059953390890e-01
9.518182623597137848e-01
8.626951731762703135e-01
8.646798630284586729e-01
8.762461344885595915e-01
9.474656747595052719e-01
8.976568588607869437e-01
9.623765467107099347e-01
9.583329790281059912e-01
8.507407229511286806e-01
9.152286244036421659e-01
9.695318696644457113e-01
8.459233165425016354e-01
9.022030113001843210e-01
8.651565884859945266e-01
9.461431464839499261e-01
9.721492263623837671e-01
8.517917766059652784e-01
9.270729019467903731e-01
9.389241698061706609e-01
9.327199115121848072e-01
9.408272838456390730e-01
8.983644782200299606e-01
9.926304710261935060e-01
8.065611028556345374e-01
9.020031252307046943e-01
8.872321828408358257e-01
9.402081438667110325e-01
8.700300766987528744e-01
9.098692535187988817e-01
9.105601112019201526e-01
9.082129991955928405e-01
9.284572613654036299e-01
8.764293202464801258e-01
9.021403916565907677e-01
9.100311182719562630e-01
9.220429127432127059e-01
8.866150022502126138e-01
9.200362643915033223e-01
8.802382633725359673e-01
8.554239485017930411e-01
9.069352714495950707e-01
9.459262144648725723e-01
9.416373147487930861e-01
8.419020166515520653e-01
9.355692747418864474e-01
8.773752816916464692e-01
9.132250574920242059e-01
8.422418732543247577e-01
8.943156061969130821e-01
8.572785792865498244e-01
9.569629540587225591e-01
9.552620307575153680e-01
9.417828190803670951e-01
8.649260127151303656e-01
9.280356546069581380e-01
8.752191271893241531e-01
9.041931918668077994e-01
8.438910444389700061e-01
8.996587575206510534e-01
9.194023700401259269e-01
8.853592524017116494e-01
8.787105960791059545e-01
8.989425053228213836e-01
9.345841259951334079e-01
9.368966151810362852e-01
8.804265777922827274e-01
9.464675301714238209e-01
9.654119278154328354e-01
8.597041645463077142e-01
8.680925516346703619e-01
8.124719007750259570e-01
9.584037229496685795e-01
9.234188508091744074e-01
9.275808008875278121e-01
9.378873975602964874e-01
8.835113674559007535e-01
9.226008294667522591e-01
9.418993198255740662e-01
9.358872740770428633e-01
8.590291999559015457e-01
9.463531025526235041e-01
9.434648075109590692e-01
9.733084102198300558e-01
8.886598733455745025e-01
9.632279437477614392e-01
8.945076951381301100e-01
8.934469314611280799e-01
9.258507473418192690e-01
9.256111499979204904e-01
8.957289384016359213e-01
9.162266635287678040e-01
9.453617145036636860e-01
9.216529794518264485e-01
9.255653491137642019e-01
8.919650545827246813e-01
9.197935329281344830e-01
9.192752107419613905e-01
8.952385273673362232e-01
9.211125295112756461e-01
9.069325358771141987e-01
9.447820495866116053e-01
9.371081057706539541e-01
9.331184922758856137e-01
9.521070098799065962e-01
8.384836174266169229e-01
8.783111888345201956e-01
9.349781264220288213e-01
9.155646308038233316e-01
9.782863466886897452e-01
9.166178399923899933e-01
9.456843335220534996e-01
8.853680875273303164e-01
9.577107104764362999e-01
8.979590292489564307e-01
8.867762146511398713e-01
9.106632429909218285e-01
9.140653990559742814e-01
8.834772267292626546e-01
9.603214548163720998e-01
8.913203889271752445e-01
8.622244776663192667e-01
8.636626443949195764e-01
8.881336283877341309e-01
9.066211150273624231e-01
9.215147934794187812e-01
8.810923851962607634e-01
9.072716805653427974e-01
9.118917992461701427e-01
8.818087609693866513e-01
8.944226132251892336e-01
9.554296936954390640e-01
9.404532754395027450e-01
8.778193674761108900e-01
8.933711801830132027e-01
9.278181562235611191e-01
9.351279818135523891e-01
8.908342576136630830e-01
9.211556473817381629e-01
8.940668649292407011e-01
9.308928260021270829e-01
9.303202569563332469e-01
8.734792687465966488e-01
9.001125963143996600e-01
9.254465239180835745e-01
8.905038351633055571e-01
9.854706867586899843e-01
9.426759829524514744e-01
9.840218918634452416e-01
9.022774401423586665e-01
8.267082015664179995e-01
8.814462216689038510e-01
9.127211262748202714e-01
9.682736727223550943e-01
9.229696420290777192e-01
8.801189985727689846e-01
8.922062426424099968e-01
9.316403555287752214e-01
8.946977411194221297e-01
8.575821206608503777e-01
9.108042749542023531e-01
9.350381794334130525e-01
9.113286005070675433e-01
9.046506987727147564e-01
9.442986059322020509e-01
8.469163712971038427e-01
9.359724645211336957e-01
8.991425649723705504e-01
9.126732476188580412e-01
9.305429665595014166e-01
9.254544468698532311e-01
9.599963155271952209e-01
8.605213936375507577e-01
9.401128563462537446e-01
9.644992247260097962e-01
9.575412485681453756e-01
9.360168131206733078e-01
9.232744350322186211e-01
9.798533326722695946e-01
8.914444206869661658e-01
9.234108950518968850e-01
9.545981604428438461e-01
8.760825336845954325e-01
8.881877788432953613e-01
8.728913108364846352e-01
8.694710576886129916e-01
8.667354684047411384e-01
9.793649873878987888e-01
9.464632783314276265e-01
9.542218322712954226e-01
9.023997308939929463e-01
9.736065369250537227e-01
9.300950045079129369e-01
9.120921466528864041e-01
9.309671027456344339e-01
9.086391107660184430e-01
9.064442846062652492e-01
9.506435303781551882e-01
8.776119604665979512e-01
8.759320535322716594e-01
8.853317862967108320e-01
9.568814175904137853e-01
9.192480941895276869e-01
9.023854698230504567e-01
9.365814668290239897e-01
8.678450642920777502e-01
8.900373879827127022e-01
9.151847531999689478e-01
9.736673891086237154e-01
9.291164777072692393e-01
9.446835347769381164e-01
9.162437050610968692e-01
9.306759872439118730e-01
9.622157494693347468e-01
8.888360781319984971e-01
9.090623710323328943e-01
8.528646131845758482e-01
8.819452844636499478e-01
9.162978434016882945e-01
8.338165057424684612e-01
9.335814225671600353e-01
8.565989855440711009e-01
8.963559274261213572e-01
9.071940992006974902e-01
9.171553923275321818e-01
9.257780571774594236e-01
8.474824977240137391e-01
9.085572017735622508e-01
9.431678817103732460e-01
9.233277654938044643e-01
8.847577858028351505e-01
8.386437557113944896e-01
9.583329790281059912e-01
9.442921669406317831e-01
8.698380455483037954e-01
8.543095764413162208e-01
8.029668180582180126e-01
9.141689151237486488e-01
8.875573940630712144e-01
8.369850535429796956e-01
8.635992362342471695e-01
9.068009556263524340e-01
9.134299341536937789e-01
8.824012700996266556e-01
9.838697019848138270e-01
9.174685740903270048e-01
9.521951227019604946e-01
9.698615798774535834e-01
8.959104228506663548e-01
8.669541669406745088e-01
8.848197925379693851e-01
8.614033056597409921e-01
9.412120314129320819e-01
8.931186844474718889e-01
9.403886108462923277e-01
9.191089978557169804e-01
8.985198386897464973e-01
9.546327126965582499e-01
9.212963630524478864e-01
8.584742195330364867e-01
8.926981883614716340e-01
9.497875757619753667e-01
9.129814835150436014e-01
8.232913793529380575e-01
9.300291618129489235e-01
9.053876525653185015e-01
8.845392802102186591e-01
9.303741164950372067e-01
8.787358282575828961e-01
9.320470360821686562e-01
8.999554710818709058e-01
9.205168578212518105e-01
9.583439199059116120e-01
9.253221329104367454e-01
8.589519550975779349e-01
9.208534968554048517e-01
9.324622083069211698e-01
9.680116974944960040e-01
9.461937560288548044e-01
9.082566033001837624e-01
9.549464601776411765e-01
8.782027335151887382e-01
8.960187724550054966e-01
9.002801271631678537e-01
9.379437614506719312e-01
9.152727201343090480e-01
9.184140299579015565e-01
9.099753717932294039e-01
9.125190954267722310e-01
9.059940903699846837e-01
9.285999510736590024e-01
9.266329434864192249e-01
8.787695249389303465e-01
8.598143176497784479e-01
8.393962101207971260e-01
8.820248596820985387e-01
9.466097701244784446e-01
8.544637453555158357e-01
8.465837817050867464e-01
9.148159364571505359e-01
9.465287305810974328e-01
8.888701892491215339e-01
9.371709222187617483e-01
8.968653567475530775e-01
9.153406900785023836e-01
8.602137742949990118e-01
9.350451579717534711e-01
9.669051099744104816e-01
9.395292917948693256e-01
8.584997843534297735e-01
9.373669719144210877e-01
8.373150916557298151e-01
9.115074805634156840e-01
8.706503963186562611e-01
9.184061174193093313e-01
9.820002243769485606e-01
9.822011107331667379e-01
9.431830976177564274e-01
9.333140098092824744e-01
9.494697128202960190e-01
9.330158226098097529e-01
8.626061486454252858e-01
8.740618353450423372e-01
9.423360489303373999e-01
8.889297742109298905e-01
9.083096072011590527e-01
8.858679046664780232e-01
8.790805505623321414e-01
9.250541587718449366e-01
9.042645969954770102e-01
8.885244669612136770e-01
9.410102829108470956e-01
9.698701983685453776e-01
9.309753102338550468e-01
8.861358574020123946e-01
9.352781077119186603e-01
9.456843335220534996e-01
9.291322855598270758e-01
9.594403159079266663e-01
9.240252746447270571e-01
9.177938458010241884e-01
9.681460693809282869e-01
9.037985249669087118e-01
9.198939408511261906e-01
8.609769808089063892e-01
8.838884541230385139e-01
9.254074932353162364e-01
9.330183603602475451e-01
8.903268001661495123e-01
9.394655705592396266e-01
9.797846870179124368e-01
9.449668718206811757e-01
9.033064674027829755e-01
8.796089574312556669e-01
9.666834445331140557e-01
9.194966767971236576e-01
9.281445345079151199e-01
9.080008602911608939e-01
9.232227181477310474e-01
9.672802946331661156e-01
8.602402073917410075e-01
9.024776389578554880e-01
9.175270990531594340e-01
9.582642593564056899e-01
9.491106355489046242e-01
9.396168124471424576e-01
9.549732446487830817e-01
9.365313571333351295e-01
8.761258041738810842e-01
8.952868611687807565e-01
9.033288421518141931e-01
9.176453414085421478e-01
9.425057595798667087e-01
8.783465324354721160e-01
8.651872895790255757e-01
8.759468668142684766e-01
9.303599054853124439e-01
9.485672192849256001e-01
9.233486748901875707e-01
8.460374151370751994e-01
9.308322072750281340e-01
9.244244273999381312e-01
9.043999697028141105e-01
9.254433312790862898e-01
9.073420214469432032e-01
9.432012344928576431e-01
9.313327505748156820e-01
9.205226101107880643e-01
8.793697220407272752e-01
9.097464867768345620e-01
8.337824823691218912e-01
9.164968342343382535e-01
8.490550809822835499e-01
9.359276093192568924e-01
9.623631044622050768e-01
8.140086613400100424e-01
9.300060866867628784e-01
9.034584685028299589e-01
9.645808820638824832e-01
8.666809701443006775e-01
8.820867252860055130e-01
8.447913869474944493e-01
9.520213097051627438e-01
9.948961827985495221e-01
9.833921138009243945e-01
9.358872740770428633e-01
9.731538365963783299e-01
9.435022697275083914e-01
8.231246268392675702e-01
9.857258837999717249e-01
9.335082626821153973e-01
8.994512755268327941e-01
8.715219901301967109e-01
9.133859441690980185e-01
8.626757711964508912e-01
9.267463870662316916e-01
9.527715676625424512e-01
8.249917937233440801e-01
8.996675609390170081e-01
9.651044416901805034e-01
9.694459881343621133e-01
9.167619804425259922e-01
9.288068792017373232e-01
9.725069944619317841e-01
9.388239985487927264e-01
8.932631453290953427e-01
9.026152126630712091e-01
8.740245259042450643e-01
9.077131476021940149e-01
8.705568066507844982e-01
9.446301369333393039e-01
8.848844021251985881e-01
9.614418357578714547e-01
9.516015009061838947e-01
9.653659385181236896e-01
9.149975636667476708e-01
9.466983418021517327e-01
9.667332607407196354e-01
8.674020650923568443e-01
8.945447092707529135e-01
8.952569476437006735e-01
8.985965026988282922e-01
9.099030075640399673e-01
8.590291999559015457e-01
9.557468459156347462e-01
9.580470233637843336e-01
8.597385972762888739e-01
9.020092159360293405e-01
9.208542496408282929e-01
9.408721671596156355e-01
8.961536741143927287e-01
8.459756312734244554e-01
8.704530202040250408e-01
9.055034220486504193e-01
8.812503131465353468e-01
8.617501933098212774e-01
9.293743820910637110e-01
9.169268033039688071e-01
8.800136641392195536e-01
8.879242619197509345e-01
9.091772944913022458e-01
8.630661728676500832e-01
9.481491054450049694e-01
9.304169176134283736e-01
9.277386266512347435e-01
8.826199034974714364e-01
9.590689914018589723e-01
9.408395465830829973e-01
9.163702337106245377e-01
9.036860747093728996e-01
9.249584763322402647e-01
9.093023560877829814e-01
9.406496579476375519e-01
8.880218415616937255e-01
9.410267208861143873e-01
9.352735549543741422e-01
9.296604366175990064e-01
8.602234522543029671e-01
9.059478876516140478e-01
9.445370141946498599e-01
9.173876978967926421e-01
9.638971344897840909e-01
9.742713754276194349e-01
9.832292777779466642e-01
9.239100649579505831e-01
8.933711801830132027e-01
9.237852199069088721e-01
8.723539030635696356e-01
8.796813579553127704e-01
8.953471764938525368e-01
9.688975369611325661e-01
8.803029353995893702e-01
9.325637878263670633e-01
8.854759270607199806e-01
9.250027506235658503e-01
8.470219501369957715e-01
9.260345824941875748e-01
8.910623045940510023e-01
9.528280865193126115e-01
9.227002711322314088e-01
9.457902607050583388e-01
9.026120060040173643e-01
9.717520426278786205e-01
9.501689308309183568e-01
9.215827060919659086e-01
8.810223262759326879e-01
8.947073854871216980e-01
9.094620978131338074e-01
8.494782833476202111e-01
8.766217168893467582e-01
8.998782213221586668e-01
9.264957571272224301e-01
9.226493650907509059e-01
8.937033503202964635e-01
8.685428386130249478e-01
9.102669818331079465e-01
9.113323009500147176e-01
9.276939324050619273e-01
8.853317862967108320e-01
9.102059422771316965e-01
9.546887030298024657e-01
9.353186930418939671e-01
9.323467516052972304e-01
9.081045564982149765e-01
9.444720822564021123e-01
9.543402749135155849e-01
9.504871481070983341e-01
8.736551859916046325e-01
8.935276160260625655e-01
8.633719078782393641e-01
9.170842190587182863e-01
9.345174824472292086e-01
9.379375405962638856e-01
9.382080659142052470e-01
9.000026416582086464e-01
8.586689416532090613e-01
9.283411977222421063e-01
8.825278636325513126e-01
9.624243604940184715e-01
8.611512116817516826e-01
9.322875593803217065e-01
9.388117374988104169e-01
8.535535557415473429e-01
9.599702000158186754e-01
9.346903590288175856e-01
9.019085638025390317e-01
8.860923932154132210e-01
8.696857977060596934e-01
8.796501699265472096e-01
9.407264216381572286e-01
8.605372038129009971e-01
9.377081783892980971e-01
9.196950325452518671e-01
8.824250940234295015e-01
9.247214775548747712e-01
9.531735802207821351e-01
9.101046212178601769e-01
8.807018454697687071e-01
9.945647923468842189e-01
9.308375823018077977e-01
9.008746235799915958e-01
9.437171785053430906e-01
9.564303196968416687e-01
9.260041301174191108e-01
9.241889108658267737e-01
8.044969140622575399e-01
8.501113614815755115e-01
9.525765710849835033e-01
8.446197748425308127e-01
9.071787509508824066e-01
9.471133506020642523e-01
9.593372677071152488e-01
8.364363838050665745e-01
8.865692479129048120e-01
8.939101312630617358e-01
8.877266971461794665e-01
9.274071369343107607e-01
9.814014632093004398e-01
9.323062055509284685e-01
9.273661067104198574e-01
7.792098487578398291e-01
9.110929655037726116e-01
9.736424336345701480e-01
9.205978421747148532e-01
9.239705165768691275e-01
8.749937673690230122e-01
9.331931569709407404e-01
9.180274864320298045e-01
7.803026140992520565e-01
9.070042241598040844e-01
8.429421962076777408e-01
9.232577636489196493e-01
9.113286005070675433e-01
8.692047319367715019e-01
9.593665732119962541e-01
8.604283993061481173e-01
9.214875978604203377e-01
8.759096685763834156e-01
9.198939408511261906e-01
9.156449334533588447e-01
9.218783382603435994e-01
8.920492703756510711e-01
9.459810340057017708e-01
8.436809269717390203e-01
8.639587063470081096e-01
9.337331776573337683e-01
9.039866964868854549e-01
8.401957510067857848e-01
8.990927951064467960e-01
9.179220257866347321e-01
8.963809718555281192e-01
9.437427241403318900e-01
9.392150402512048357e-01
8.852823165115136783e-01
9.428509175966571787e-01
8.748239121571218524e-01
9.066059771814460877e-01
9.409427865036773531e-01
8.664260962993090009e-01
9.296483058050670767e-01
9.314249676516643817e-01
9.918685704393879199e-01
9.531735802207821351e-01
8.602472535638276963e-01
9.068476189279888189e-01
8.811628769248397441e-01
8.491332956196329107e-01
9.282271627215499255e-01
9.095912831078045713e-01
9.574514844059099916e-01
8.631234784945882588e-01
8.666322089784900262e-01
9.379129183306267326e-01
8.960705405712776628e-01
8.590979430946993345e-01
8.430164145018208544e-01
9.037882703994825073e-01
8.982937025686799082e-01
9.408721671596156355e-01
9.898807257525431558e-01
9.305429665595014166e-01
9.300247114042247132e-01
9.159175609905965132e-01
9.863644340105232056e-01
9.518006054244195768e-01
8.771785990357349183e-01
8.623625536090727683e-01
9.352616461900045142e-01
9.088020209606589850e-01
9.254433312790862898e-01
9.518494581482229711e-01
9.329358149618267593e-01
9.211379430102840660e-01
9.533158385045936711e-01
9.908383270303564583e-01
9.094355104590332584e-01
8.465866804437086612e-01
8.945138468226668804e-01
9.038735151751053909e-01
8.971136392889765832e-01
9.176336885346462191e-01
8.658716929705559950e-01
8.793665991291890194e-01
8.632974153663153238e-01
9.337510623387800246e-01
8.513453131448727174e-01
9.261100040863502469e-01
9.357996123866851867e-01
8.500469293043644292e-01
8.954278633399908038e-01
8.778688009816196791e-01
9.419789139014809187e-01
9.042280825854384085e-01
9.221659455745060407e-01
9.824648392935514396e-01
9.258908398102239090e-01
9.466384316090645790e-01
9.068833862318499417e-01
9.280356546069581380e-01
8.936870802474408126e-01
9.486790309076524874e-01
9.007284412338812940e-01
9.392077415435972076e-01
9.433964556913542188e-01
9.442668803458221793e-01
8.621595926083637229e-01
9.263659082389389399e-01
8.938620000415370415e-01
8.995214401663266246e-01
8.452592645022768414e-01
8.713515993564026063e-01
9.282798032474713912e-01
9.109282121693264012e-01
9.769477314200549767e-01
9.275769569223600852e-01
8.699728924658628459e-01
9.508454568293935871e-01
8.685954550673525842e-01
9.108697261093738895e-01
9.362818493191291669e-01
8.645615936675447033e-01
9.271712241145790845e-01
8.836020225003745621e-01
8.468722812997276916e-01
8.775375062822516892e-01
8.880630145558262578e-01
8.503111712908726361e-01
8.447664260102609735e-01
9.582978085094273624e-01
9.213796982136280844e-01
9.014282003282537703e-01
9.406059414534803098e-01
9.230448750448642103e-01
9.165318168853826553e-01
9.070827174158420103e-01
8.680039986132170871e-01
9.116105521570579961e-01
9.268920030155575196e-01
9.419532682718665395e-01
8.195946401736770026e-01
9.542855681122340838e-01
8.637926396108984717e-01
9.004647390346052216e-01
9.239530599655098042e-01
8.948473419748163016e-01
9.237126218931513977e-01
8.801599333967408123e-01
9.472820949708609106e-01
8.906020981368332201e-01
9.369853487194436115e-01
8.692234044853636155e-01
8.879623826977666168e-01
8.896308026858793516e-01
9.525622781803887440e-01
9.045720442533684569e-01
8.758938824926930655e-01
8.653935629453385348e-01
9.601898845033818297e-01
9.193269873889428068e-01
9.125767987180027907e-01
7.270259664294729252e-01
9.505094001758052080e-01
9.312705308015948313e-01
6.993884151111405822e-01
8.721403306085750984e-01
9.440255068268749161e-01
9.272645795234365496e-01
9.364852504252429988e-01
9.536112615714972263e-01
8.998031691088109740e-01
9.557731820438977177e-01
9.442986059322020509e-01
8.165088723443255647e-01
9.427148503761800802e-01
9.128159293001959496e-01
9.122152808539056856e-01
9.474902347564853056e-01
8.885410896909196055e-01
9.583329790281059912e-01
8.622986764314616304e-01
9.378674372872427556e-01
8.731087855822962096e-01
8.662300955513262402e-01
8.864383630918079016e-01
9.645957087986871681e-01
9.272635875183810050e-01
9.434504870731095227e-01
8.767474880419005023e-01
8.397619296283332924e-01
9.105467748698199415e-01
8.983777803106026694e-01
8.779259898236319026e-01
9.604867640484378022e-01
9.564782629491059840e-01
9.210872316734723952e-01
9.274876741103184052e-01
9.053439406776011555e-01
9.054559554246630615e-01
8.320758220732158428e-01
9.600158701718914944e-01
