8.873115550769899995e-01
9.085625638435281815e-01
9.407062385607798394e-01
9.393815365237015991e-01
8.831533179131133560e-01
9.245714107753294497e-01
8.269725422637940193e-01
9.246117977711575397e-01
8.627829930268354763e-01
9.288584043011304248e-01
9.163871889094826750e-01
9.869005878988157399e-01
8.835055142366327052e-01
8.846300287659056849e-01
8.421251243244439744e-01
9.251082845589126968e-01
9.366911351853863810e-01
9.880086959501920285e-01
8.521662502331203148e-01
8.742805468801763125e-01
8.522892410641359495e-01
9.421933070819594747e-01
9.904639573199902625e-01
8.947129373028142041e-01
8.926624778691983897e-01
9.347025528216639234e-01
9.517391324037729472e-01
8.551492211438740387e-01
7.981840462041588369e-01
9.288771235086829003e-01
9.039401401916645762e-01
9.192346008523296641e-01
9.884158305902482899e-01
9.354701708810225780e-01
9.150942220007798333e-01
9.149815068558775355e-01
9.459282352468334487e-01
8.985373545604780077e-01
9.044566929708650616e-01
9.090525750386746484e-01
8.623873990104282683e-01
9.114547585350799563e-01
9.182610830260607981e-01
9.458608177905080128e-01
8.497528424998472829e-01
8.900608875100567419e-01
8.533325939506238855e-01
9.447381993643846343e-01
8.806591673740455928e-01
9.794903299037779343e-01
8.942764362705445391e-01
8.899718986641059759e-01
9.618961188998009781e-01
9.436734323309117212e-01
9.055647295812430109e-01
9.336403261525010322e-01
8.912946594891910657e-01
8.993065113607005001e-01
9.051584944893270590e-01
9.539323028265250803e-01
8.860038752943060203e-01
9.011485581299139014e-01
9.443323648398577186e-01
9.181701105385116080e-01
9.483992603811478572e-01
8.863458798890551105e-01
9.546571948542242891e-01
9.177877209455748142e-01
9.030754166812697825e-01
8.479716518888130716e-01
9.702270263049738164e-01
8.608094057051629555e-01
8.383065687589847936e-01
8.827515802361100006e-01
8.936455459233489940e-01
9.038641061310284108e-01
8.325604282862517636e-01
9.176054316239404818e-01
9.491966035299231885e-01
9.216451958393575561e-01
9.161730503215702592e-01
9.015971809934052450e-01
9.887752378374266016e-01
9.311128179531877880e-01
9.679964141258500243e-01
8.887843608948463592e-01
9.055820181484340869e-01
8.991358978599038876e-01
9.099567515016013797e-01
9.071734079206151824e-01
8.422418732543247577e-01
8.875045523919097290e-01
8.766185695565796854e-01
9.441216137929036023e-01
9.487972943343266907e-01
8.382715068342169173e-01
9.528819399904248089e-01
8.972905350293364224e-01
9.819812488861370259e-01
8.821503461541637670e-01
9.218303387514444891e-01
9.543179095926199729e-01
9.426012524978607532e-01
9.280157013826005885e-01
9.410979177195081258e-01
9.106632429909218285e-01
8.691614079499335732e-01
9.346172719849862309e-01
9.167765691247121707e-01
8.478650548689214972e-01
8.699347165622598466e-01
9.464973971163075372e-01
8.739923188386323760e-01
9.131270754132532197e-01
9.026582153247814100e-01
8.511153891004352712e-01
8.926981883614716340e-01
9.499888764514207162e-01
8.835244394089043496e-01
9.870205861867569208e-01
8.056294312362574095e-01
8.899077182004011544e-01
9.450528344765055655e-01
8.718795414386485421e-01
9.441823194780947226e-01
8.848755768292366763e-01
9.152192759062649507e-01
9.358872740770428633e-01
9.815114388940471279e-01
8.958716670964705919e-01
9.461744555732178874e-01
8.596230585910411559e-01
9.126640014716795868e-01
9.015840602413748295e-01
9.477625440375595511e-01
9.199333210685272100e-01
9.171230007858174327e-01
8.606452991186349655e-01
8.831936531244841682e-01
9.417289290605499463e-01
9.231989278905712304e-01
9.658697223440749768e-01
9.036212821165758857e-01
8.843254568746932165e-01
8.877742680605631431e-01
8.823559708631905085e-01
9.641578338704446249e-01
9.020584450470267024e-01
9.617272973816407555e-01
9.036397393854892490e-01
9.181362977068810993e-01
9.372857014533817477e-01
9.087391188300435463e-01
9.480699736390336696e-01
9.481249202351766936e-01
8.595592803222908973e-01
9.119493296030585228e-01
8.688591615438442384e-01
9.169308914547488198e-01
9.447006248976297371e-01
9.267836212287007269e-01
9.568814175904137853e-01
9.525404001735926496e-01
8.892131945952614913e-01
9.068587535090213425e-01
9.608813856534753617e-01
9.637677022065780363e-01
9.542902439330258613e-01
9.276930358946122723e-01
9.447381993643846343e-01
8.779875098285100377e-01
9.320577223020812818e-01
9.127128779834707828e-01
8.697470051201454666e-01
9.363881537882399186e-01
8.696320445855751924e-01
9.533567021163525945e-01
9.057547400208205701e-01
8.941071661417108185e-01
9.087642893401575162e-01
9.608346399892030432e-01
8.954663227741057607e-01
9.372573407852806682e-01
9.322164940512830400e-01
9.364460764647308810e-01
8.955169889233385305e-01
8.738380950841946326e-01
9.287172325092051262e-01
9.517820657727409372e-01
8.964696753169609789e-01
9.654877632156833034e-01
9.468786345645371361e-01
9.058990004451125122e-01
9.388735648328926375e-01
9.263870355383790889e-01
9.749385045426992580e-01
8.895154547932595523e-01
9.043372308179414842e-01
9.333990877904096983e-01
9.529287248063307292e-01
9.105601112019201526e-01
8.544760165135841801e-01
9.229647813401500311e-01
8.851447350760159871e-01
9.532417065342317919e-01
9.143976592537478298e-01
8.945476895557081809e-01
9.970032543455287222e-01
9.657998920235063567e-01
9.523157367410127749e-01
9.358604660769439532e-01
8.759265794394888172e-01
9.503856089896822734e-01
8.840591396636677812e-01
9.584255020242296030e-01
8.726609040376582804e-01
8.814227634478908335e-01
8.930770752218170072e-01
8.911816013002280545e-01
9.057712997960056800e-01
9.687094038903915072e-01
9.402687808931572411e-01
8.947073854871216980e-01
8.976094915881352998e-01
8.926235819753172152e-01
9.118832607749211006e-01
9.077668231647534336e-01
8.287609571220209137e-01
8.694380710136976331e-01
9.021083240966659700e-01
9.083525432727556082e-01
8.800221532629534105e-01
9.019845841586757729e-01
9.378696735332301415e-01
9.596283241021668076e-01
9.113286005070675433e-01
9.211818316502524695e-01
8.359730831197401679e-01
9.218186893334485710e-01
9.083893883548314063e-01
9.373388714852386450e-01
8.579803693945020626e-01
9.293900243676423978e-01
8.814620731853753943e-01
8.468276491031939690e-01
8.661223024742427112e-01
9.136709404663332368e-01
9.027067384725284693e-01
9.120948978081387937e-01
9.240754943947285804e-01
8.570058374728840578e-01
9.532276709345781640e-01
9.133830949724408566e-01
8.496436501822793863e-01
9.590595454053958413e-01
9.186210834546082449e-01
8.397619296283332924e-01
9.173039000382871011e-01
9.668505047265544272e-01
8.934524435986925806e-01
8.257960353632923800e-01
9.253221329104367454e-01
8.575097897247226930e-01
9.549875744239328945e-01
8.750312090458953751e-01
9.067644926845584985e-01
9.525765710849835033e-01
8.720125718418301197e-01
9.639087024671885162e-01
9.204376852814788457e-01
8.730782351653093576e-01
8.943399115400579857e-01
9.601898845033818297e-01
9.595717521134963235e-01
8.816861899128369817e-01
9.517542542287230622e-01
8.596226730899670931e-01
9.284446424637271544e-01
9.277555882571356660e-01
9.779470117720098221e-01
8.774785037053378645e-01
8.171396847256118257e-01
8.901071282186427958e-01
7.945277501992721314e-01
9.037311646978820612e-01
9.304496740465383331e-01
9.040843807337596294e-01
9.146957755127698153e-01
9.354388938348561222e-01
8.857136413072772552e-01
8.841054635196553546e-01
8.782752143963751257e-01
8.720498522893505022e-01
9.758236383582468143e-01
9.593168399707023841e-01
9.280400872654488431e-01
8.964624818073536616e-01
9.349541558747664904e-01
9.100083447547022697e-01
9.417603654244690592e-01
8.798940146905481763e-01
9.364656976874295990e-01
9.190872897317355905e-01
8.878179411026383416e-01
8.774175804450318195e-01
9.289529931724072043e-01
9.266540048119922268e-01
9.414193453493681085e-01
9.890274285295489465e-01
9.378988403151510278e-01
8.952466106319335593e-01
9.615553939768191061e-01
9.179087598976701790e-01
9.954462820469193174e-01
8.842146465221845109e-01
9.210284279032792121e-01
8.931660478394246594e-01
9.419856687260838024e-01
8.762746140813337803e-01
9.653659385181236896e-01
9.206862256220231799e-01
9.125656249797472475e-01
9.393880559589735668e-01
9.314644721207323563e-01
8.856241654337102531e-01
9.128071592946322976e-01
9.500108808761426049e-01
9.103537099449484638e-01
8.917126426576289511e-01
9.421221852909280603e-01
8.171666579609510039e-01
9.077690133533643513e-01
8.936029351439314095e-01
9.026624073816841287e-01
9.048474563236317270e-01
9.052921292169334722e-01
8.762461344885595915e-01
9.717520426278786205e-01
9.363694322458336883e-01
8.964423969572760109e-01
9.115142738502609587e-01
9.297183503428179119e-01
9.353953640228739319e-01
9.143259259884434220e-01
9.444052646415953545e-01
9.020440912976984693e-01
8.943156061969130821e-01
9.465472958690213101e-01
9.540217606940477602e-01
9.234057766935719336e-01
8.655979261834649829e-01
9.235174393971882223e-01
8.784090058403661860e-01
9.407124598994897058e-01
8.910177673491176398e-01
9.311063845860205745e-01
8.842041250499940164e-01
9.425057595798667087e-01
9.954196612082603091e-01
9.200460824695052553e-01
8.987278388346486846e-01
9.569945385007069261e-01
9.364852504252429988e-01
9.134394094515259077e-01
9.308998759779946175e-01
9.353172369424063159e-01
9.115567099780274019e-01
8.951986071507697096e-01
9.466384316090645790e-01
9.216170925188217344e-01
9.057916369295251346e-01
9.374200791928907206e-01
9.153277512378136249e-01
9.376665801847061665e-01
9.410788414918784817e-01
8.774042508797336160e-01
9.023854698230504567e-01
8.455227283887758460e-01
9.227002711322314088e-01
9.446325432863820204e-01
9.139420727790366072e-01
8.958388807978825419e-01
9.371288222465661288e-01
9.172049355551921135e-01
8.632771600379312016e-01
8.639135741107669686e-01
9.889568538114191787e-01
9.764972143560669560e-01
9.276825275835840490e-01
8.802612319094953452e-01
9.385686041827486781e-01
8.737824488320904415e-01
9.586109810765319761e-01
9.051644856268167283e-01
8.898521888464776541e-01
8.579977582443866213e-01
8.740577035375887149e-01
9.080857188027882110e-01
8.910444952465877977e-01
9.813495395270400712e-01
9.422867609707108461e-01
8.763042200348569732e-01
9.404182546451971270e-01
9.074993694294177793e-01
9.670534384644380310e-01
8.545594296392329259e-01
9.296459512415439219e-01
9.288624827640546977e-01
9.242621344284674967e-01
8.945076951381301100e-01
9.332207219522519193e-01
9.065158950832791218e-01
9.442986059322020509e-01
8.975818530927615058e-01
9.384168492901828751e-01
9.622775889662602555e-01
9.342511006473402935e-01
9.038722979351297981e-01
9.340558172436310702e-01
8.184520097194978305e-01
9.860359115074613934e-01
9.255169468156121404e-01
9.266687497350644120e-01
9.343021801432398465e-01
9.085149927241124024e-01
8.609057510117963385e-01
8.904205615354374714e-01
9.044990976859701437e-01
9.269779001053336520e-01
8.999466481444325927e-01
9.075782323562733289e-01
9.253172729609604463e-01
9.427829581395469338e-01
9.004980311384505054e-01
9.851190610938685976e-01
8.750291338345996817e-01
8.626757711964508912e-01
9.355953325218974159e-01
9.883177459998339076e-01
8.804320848751470141e-01
9.086995391277647993e-01
9.176759030545346141e-01
8.734674391824404083e-01
8.816512413517164637e-01
9.045032403138976163e-01
9.109880287159514145e-01
9.110687040237377410e-01
9.310300580863245523e-01
8.928420317421096319e-01
8.844264748384762509e-01
8.916512867696491096e-01
8.772700200121147374e-01
9.539848709325139398e-01
9.233382484096309684e-01
8.985305892670257810e-01
9.383305796438216051e-01
9.224042543855913712e-01
9.442668803458221793e-01
8.911870199049942709e-01
9.113915366703237986e-01
8.961002887226632296e-01
8.609684766610705697e-01
8.503543282902531475e-01
8.478151877526731717e-01
9.462519810714702384e-01
9.021596731844513384e-01
8.694889519485530238e-01
8.851280703882606904e-01
9.443626466430476984e-01
9.364226413791750803e-01
9.307967035402356926e-01
8.910035207955144809e-01
8.778036873611508861e-01
9.061534716427087632e-01
9.105361878121700503e-01
8.893055499563203847e-01
9.227763038378372640e-01
9.176054316239404818e-01
9.279304661686140765e-01
9.507320197020698860e-01
9.468501982858124055e-01
8.617869749576088090e-01
9.019087991173490026e-01
9.358536426891340687e-01
9.493072622299922880e-01
8.927207928472982168e-01
9.167635893884432674e-01
8.665427223277606394e-01
9.529801949138020367e-01
9.472410390946900405e-01
9.939835378379410225e-01
8.921471248798098497e-01
9.254433312790862898e-01
9.007877390783106675e-01
9.734267706698725986e-01
9.222945946954179686e-01
8.849600171801308424e-01
8.478440534395640382e-01
9.225686877673145991e-01
9.382131805726590112e-01
9.360989776981067934e-01
8.752836457429421513e-01
9.422970664017321640e-01
8.956935851269304250e-01
8.509924280011219588e-01
8.952466106319335593e-01
8.657955783313044940e-01
9.177877209455748142e-01
9.235381648755806028e-01
9.459833161888792086e-01
9.337510623387800246e-01
9.458908095085827306e-01
9.016976324263912268e-01
9.196489417879312178e-01
9.208894271721917990e-01
9.507209363002760982e-01
9.216830168184373395e-01
8.738447612497606265e-01
9.257547662611677053e-01
9.371288068485525979e-01
9.497119275028171881e-01
9.444941850724446475e-01
8.939220200898413404e-01
9.354982012795362012e-01
9.446431079308941214e-01
8.649606883232698884e-01
9.378627383182782662e-01
8.930770752218170072e-01
9.216012695313279268e-01
8.928420317421096319e-01
8.817547210709635319e-01
9.083980515482075191e-01
9.182317575777655394e-01
8.796035128235033529e-01
9.328192960416097357e-01
9.065928355477138600e-01
9.083525432727556082e-01
8.692410204747732516e-01
9.053506065648970758e-01
9.321335621923201309e-01
8.779407396041816192e-01
8.899897071269551319e-01
8.826658044950190796e-01
9.533571980509003563e-01
9.011593206078570839e-01
9.853030768484015711e-01
9.193107213822926393e-01
9.396997183119727426e-01
9.535441461053697498e-01
9.103518203654733520e-01
8.474398915966744328e-01
9.472251966879744467e-01
8.818087609693866513e-01
9.346545845024690768e-01
8.486051031534251887e-01
9.728841984909808449e-01
8.775434883371252548e-01
8.954329115190181598e-01
9.092057567857568801e-01
8.835259981127268070e-01
8.857374136691855693e-01
8.622407856517148028e-01
9.034643891520367509e-01
9.350566347763461517e-01
8.562192914118156306e-01
9.271732405873611693e-01
9.306556125754976705e-01
9.471922464742511538e-01
9.913459967691585772e-01
9.118011437198418889e-01
8.248203841735932684e-01
9.402350227743967448e-01
9.329818796996783847e-01
8.954421582269599389e-01
9.208687864097869769e-01
9.070788722338311016e-01
9.399447021275300074e-01
9.849339077572422108e-01
8.688006677898945096e-01
8.928162351869892710e-01
8.768522472214406172e-01
9.166460402696526844e-01
9.045699520670814620e-01
9.384829929644452617e-01
9.293356534701361360e-01
9.328701820557738777e-01
7.876796684789020286e-01
9.519240616539836886e-01
9.605103313177475455e-01
9.486235150281846495e-01
8.770731875796352606e-01
8.946754489442171332e-01
9.165376507012695795e-01
8.559401430724853377e-01
9.283470956011277142e-01
9.237852199069088721e-01
9.095435421256400366e-01
8.737686606207911710e-01
9.123592161330001948e-01
9.574002259696411388e-01
8.355068269034127137e-01
8.762935937146847376e-01
9.415287305956137054e-01
9.139646458616211833e-01
9.175435916485419341e-01
9.084326937697598803e-01
9.042924291466114539e-01
9.508350279302447694e-01
9.436986817202308586e-01
9.082240644723909018e-01
8.701636722111333322e-01
9.620967859849726134e-01
8.680925516346703619e-01
9.004980311384505054e-01
9.416373147487930861e-01
8.990645703505066866e-01
9.247905318131547370e-01
8.124353698186709272e-01
9.334362533284876751e-01
8.707057876562513954e-01
9.231953678217770243e-01
8.936455459233489940e-01
8.696045619745575994e-01
9.501994225839559549e-01
8.315834434079970583e-01
9.542855681122340838e-01
8.213554774298393868e-01
8.878806657878923758e-01
8.495448887656930070e-01
9.517445033934219811e-01
8.803326410616707509e-01
8.565459878378052228e-01
8.496996960390199582e-01
9.125656249797472475e-01
8.715988465957992259e-01
9.339262760632496274e-01
9.086391107660184430e-01
8.417257181145861855e-01
8.836124772748716882e-01
8.677881787681646086e-01
9.574514844059099916e-01
9.594558506511932094e-01
9.416666354498013369e-01
9.432343592825231937e-01
8.954352051537451951e-01
9.295001156562229250e-01
9.247754579646609852e-01
8.982190062344900250e-01
9.281099009636194497e-01
9.417289290605499463e-01
8.221592706183078469e-01
9.172349479935627548e-01
9.308998759779946175e-01
9.275606637335248594e-01
9.543365673105682623e-01
9.190540971804288528e-01
9.460907089446638496e-01
9.029044229635598828e-01
9.942312521294807137e-01
9.675429545295621825e-01
9.017994789894135943e-01
8.926138539142710604e-01
8.825278636325513126e-01
9.353190558396576870e-01
8.797989232537700710e-01
8.478320846678911726e-01
8.666107043279530631e-01
9.500151267582211956e-01
9.189020806387145912e-01
8.502199858614891692e-01
9.156781342995254924e-01
8.905852083845112732e-01
8.692695817453784946e-01
8.963966487806294126e-01
9.056528422764176245e-01
9.121471410715763506e-01
9.264242017316656197e-01
9.164619343009108299e-01
9.321335621923201309e-01
9.455772068469950886e-01
8.912766421459875632e-01
9.630970427583018800e-01
9.104490611700928326e-01
8.709650497293703886e-01
9.037677551694841549e-01
9.009389029844691033e-01
8.495857760199613251e-01
9.418779144942113213e-01
9.202720343103341083e-01
9.828704176050034880e-01
9.472329937466091865e-01
8.342232321272298190e-01
9.192988877292983529e-01
9.100958166045797215e-01
9.110792576621541405e-01
8.453088840811876503e-01
9.537665823123538944e-01
9.772889533567943321e-01
8.897272640410944788e-01
8.921758314242436150e-01
9.267032755891640994e-01
9.225157714131002606e-01
8.668082141863340251e-01
8.854582726108229940e-01
9.071038606322078257e-01
9.333406184207694301e-01
9.122855254420241256e-01
9.019065076799006597e-01
9.219566874143596547e-01
8.780055993751274546e-01
9.515891819593961243e-01
9.253046872880783535e-01
9.416271453504794220e-01
8.757030101119714915e-01
8.780734189849256355e-01
8.737395885002287033e-01
8.682582910504402784e-01
8.778699104854681412e-01
8.691963960207460538e-01
8.853949400844972617e-01
8.968842363886061486e-01
8.601330409113636666e-01
9.053518522999381979e-01
9.191663979559751008e-01
9.333603924411009167e-01
9.195349207987657536e-01
8.995725534633491893e-01
8.880711114683367269e-01
9.277350408052956743e-01
9.082023969637365024e-01
9.132192839141664020e-01
9.151916711705282426e-01
9.674628950802431904e-01
9.421162273691284783e-01
8.950353411443157103e-01
8.297399142543498973e-01
8.862647566342983785e-01
9.183562560724806145e-01
9.398297150604869588e-01
8.916975232998521905e-01
9.204924019534400648e-01
9.096469273028742197e-01
9.488723412622395159e-01
9.711385114261498197e-01
8.949889812222118213e-01
8.763042200348569732e-01
8.871963620386703608e-01
9.282628348954268249e-01
9.511211192918670454e-01
8.630499179720935166e-01
9.552140488983776878e-01
8.736307254806645606e-01
9.260747440250728379e-01
8.931260136285096296e-01
9.865270978472925334e-01
9.246024142217607045e-01
9.258710853609962710e-01
9.308184648588153642e-01
9.300214702068273498e-01
9.101640420346558402e-01
9.017492418636374740e-01
8.072128327900769396e-01
8.450632422799687626e-01
8.835142938605435869e-01
9.419878987308517582e-01
9.017143769381716911e-01
8.734773412504314161e-01
9.344218956551542110e-01
8.589519550975779349e-01
9.613370237616117864e-01
9.319994528684651947e-01
8.865523975008315904e-01
8.896043623420146762e-01
9.069278114200317598e-01
9.489708786105358618e-01
9.234137587864880148e-01
9.485935145365790300e-01
9.674562915464667290e-01
9.310300580863245523e-01
9.575423982233559617e-01
9.587792532399894707e-01
9.016573524736642975e-01
8.992182142717939364e-01
8.725427994682909416e-01
8.333635824059030250e-01
8.529884410309789278e-01
9.578387312543558130e-01
9.393842877563756133e-01
9.096975761693624207e-01
9.716089054984855533e-01
7.709279947392546628e-01
9.198410786178359277e-01
9.115401666746132392e-01
9.357234800790881213e-01
9.582978085094273624e-01
8.603749913643059521e-01
8.852795670284150376e-01
9.611932956535533812e-01
9.302596600887229616e-01
8.960636733684843591e-01
9.946386684928615329e-01
9.165197040082054825e-01
9.181830019730398140e-01
9.185166954588113164e-01
9.085427068800019379e-01
9.288934953019755136e-01
9.356591433230724286e-01
8.562912467922959570e-01
8.772201353780382238e-01
8.748956023919425284e-01
9.036616130116880141e-01
9.138387414371369477e-01
9.178058150717294250e-01
8.715542962094044999e-01
8.775995572745494133e-01
8.708040970621171439e-01
8.230250521627507920e-01
8.963809718555281192e-01
9.543377908842834989e-01
8.423759927048942719e-01
9.333901714855905585e-01
9.004252506633821929e-01
8.896043623420146762e-01
9.118832607749211006e-01
9.227352777368369452e-01
8.972527462019808109e-01
8.824646207279580601e-01
8.745949218626974941e-01
8.830177840751065599e-01
9.045084555815865457e-01
9.138812883128434317e-01
9.220197724760046398e-01
8.303379643829685852e-01
8.917458501430590712e-01
8.872248566104824485e-01
9.195908255276757926e-01
9.374217615593969377e-01
8.914940317840944761e-01
9.473075701140643012e-01
9.330689668055662800e-01
9.513285694695430283e-01
9.157355554024931843e-01
9.236842010008222692e-01
9.645790977749848505e-01
9.135667958531094035e-01
8.999057303638677840e-01
8.988908476465335973e-01
9.793494055492828476e-01
8.736307254806645606e-01
9.138081844512588869e-01
8.866983484882956512e-01
9.325503036963100900e-01
9.399867430851265304e-01
8.761392893856410069e-01
9.226930044265815312e-01
8.474950887767548346e-01
9.147564190364574355e-01
9.030535979325594598e-01
8.910966039155383545e-01
8.348143829266455596e-01
8.550839170941196832e-01
8.698010185701960939e-01
9.670718704729230897e-01
9.750084975904756979e-01
9.584902955247618372e-01
9.640771675722507039e-01
8.546699090510004870e-01
9.878242077324489445e-01
9.556530933497957570e-01
8.863553775792616385e-01
9.067064159487856490e-01
8.647213967221657471e-01
9.277194454535597767e-01
8.756995086426452302e-01
8.770731875796352606e-01
8.915129995330036694e-01
9.224228989300391479e-01
9.150275119520598910e-01
9.438730447072639640e-01
9.001272298249091142e-01
9.511928389202830569e-01
8.999466481444325927e-01
9.006582489167825889e-01
8.986772798059573519e-01
8.869135145459392522e-01
9.240785039544509027e-01
9.490020186782468503e-01
9.490123908483115711e-01
8.942887358011225585e-01
9.139646458616211833e-01
8.675077010958049950e-01
9.370612217463814009e-01
9.050285135813811443e-01
8.654523278657895169e-01
9.417445628842925354e-01
9.083619122632808907e-01
8.880983318239310531e-01
9.016508743313046415e-01
9.501994225839559549e-01
8.821216751680924784e-01
9.220686092384514643e-01
9.043736126218309135e-01
9.412653006866601446e-01
9.045254871922014939e-01
9.573708184660243425e-01
9.377851193087162196e-01
8.462201630032402111e-01
9.220429127432127059e-01
9.214413251472529653e-01
8.817560295782498336e-01
9.125042856832034088e-01
9.365294643211103942e-01
9.501269255732390784e-01
9.190451696972390394e-01
8.771464310048590063e-01
9.615723568048950565e-01
8.685666068961189756e-01
9.394744506319455679e-01
9.380135689372196550e-01
8.582216339594572752e-01
9.126938595664448872e-01
9.021083240966659700e-01
9.312943833853311038e-01
8.687533293540981028e-01
9.112420099149509678e-01
8.959602561567446832e-01
9.068807521072153044e-01
9.039152836332444707e-01
8.742805468801763125e-01
8.686764355748063382e-01
9.033143546467281571e-01
8.827235231398534721e-01
9.076187186101841720e-01
8.547647788029004712e-01
9.439623148324979285e-01
9.418304037226258307e-01
9.254482740147738085e-01
9.093893913769236503e-01
9.479850240702759612e-01
9.123773482335907348e-01
8.940526341750061334e-01
8.926478949737954860e-01
9.191150526995356396e-01
8.508423865851545420e-01
9.341773585578221351e-01
9.654636241430607502e-01
8.870463105122697867e-01
9.261897563614055473e-01
9.279457843186564858e-01
8.693924737072756814e-01
9.355953325218974159e-01
9.125829941289621550e-01
9.145257041394465602e-01
9.253112230220733592e-01
8.946200622684234993e-01
8.711661093891736041e-01
9.089347495169380897e-01
9.461647507103096988e-01
9.090734413260881386e-01
8.220047207021529134e-01
8.968008387358593625e-01
8.534455134438400092e-01
9.009170701659360292e-01
8.563258372828118636e-01
8.983300777302475337e-01
9.252198929359795043e-01
8.462982984522138263e-01
9.110483837293744669e-01
9.011485581299139014e-01
8.248442836390064148e-01
8.607591860174270693e-01
8.715271581084610419e-01
9.454881046434961966e-01
8.730064523202795135e-01
9.211818316502524695e-01
9.403182221727277579e-01
9.820002243769485606e-01
9.495340400742260378e-01
9.336914475582842599e-01
9.237060964833377907e-01
8.660054035156763419e-01
9.153883734683102569e-01
8.882946173474647322e-01
8.397550249723031435e-01
9.485880217464096598e-01
9.118428311743455028e-01
9.281445345079151199e-01
9.511373431627274666e-01
9.500790368169573785e-01
9.304578040681723561e-01
9.139868244640727557e-01
9.035022989581350528e-01
8.578404106348817004e-01
9.493203409544810345e-01
8.576288866251441378e-01
8.615928476245487966e-01
9.466097701244784446e-01
9.089970688356991957e-01
9.385405774705116722e-01
9.494470563996985080e-01
8.781879972270563162e-01
9.166178399923899933e-01
8.984331071001060431e-01
8.872449618620410483e-01
9.066017082372667124e-01
8.428136784948113691e-01
9.634976749703664245e-01
8.418330365739431498e-01
8.719495095439342425e-01
8.573393292874695870e-01
8.685841648042226248e-01
8.756931261565178426e-01
8.820867252860055130e-01
9.026227796995890396e-01
9.290777778931857966e-01
9.538069612153198262e-01
8.740820463741506563e-01
9.069043877968456790e-01
9.393815365237015991e-01
8.770731875796352606e-01
9.327686054273249816e-01
9.536314106192775863e-01
8.885050679456392153e-01
8.454773691199420904e-01
9.097483209769534618e-01
9.179757999824019743e-01
8.221592706183078469e-01
9.253616882275126354e-01
9.478833048738125600e-01
8.725955786902430678e-01
9.165376507012695795e-01
8.754778522335360247e-01
8.936130033473685952e-01
8.453264980105208437e-01
9.352407235094607474e-01
9.223892287765999010e-01
9.146876806870813947e-01
9.090521591851634664e-01
9.412196671815576954e-01
9.432568636510729743e-01
8.766405977550475459e-01
8.025763899517743827e-01
9.356962619794771951e-01
7.997915178491417088e-01
9.354331996188324228e-01
9.472406308000594910e-01
8.861246359408807560e-01
8.746478242357198507e-01
9.170425187716179094e-01
9.254074932353162364e-01
8.618450527333180178e-01
9.655497715186112107e-01
9.281712099419691109e-01
9.320639316618349879e-01
9.678998103804719033e-01
8.655154644600698832e-01
8.652048313104649946e-01
8.329393723950990758e-01
9.371289702067163718e-01
9.269403101920428156e-01
8.250487986733994195e-01
9.227464221121742804e-01
9.182001425578528719e-01
8.633966845878728869e-01
9.618424739739368512e-01
8.786361058766662957e-01
8.793467294962944436e-01
9.151282051956307617e-01
9.477625440375595511e-01
8.869931775793469253e-01
8.732483267247517222e-01
9.442668803458221793e-01
8.820165200196401489e-01
8.904287460183633041e-01
9.634718688888534999e-01
8.730782351653093576e-01
9.311401024462653275e-01
8.511655907095849738e-01
8.962363474031128652e-01
8.663514025799700091e-01
9.066997463109423006e-01
9.471133506020642523e-01
8.796059501473749709e-01
8.983180021447348951e-01
8.415914898837324465e-01
8.953471764938525368e-01
8.627283935301259810e-01
8.530967392825669071e-01
9.476687465257903620e-01
9.351211511808443788e-01
9.213182362571773476e-01
9.410148827726423360e-01
9.224042543855913712e-01
8.789530513963822456e-01
9.582642593564056899e-01
8.805174573922780468e-01
8.845633086081655660e-01
9.144867971642127724e-01
9.842870447623464081e-01
9.560957812690197288e-01
8.826869709440815503e-01
8.898829904223568565e-01
8.800046986780210023e-01
9.519118991287264242e-01
9.173037799853379637e-01
8.624329544396942548e-01
9.331003493798640802e-01
9.569125004610566920e-01
9.170812365877112349e-01
8.694844195378139684e-01
9.648519636491805773e-01
8.654750175416987545e-01
9.664403488355154392e-01
8.957422647258577175e-01
8.660010217322593462e-01
9.384933898493226234e-01
9.187769315989986474e-01
9.465289544501002128e-01
9.736424336345701480e-01
9.428135688916644552e-01
8.591562851156563374e-01
8.758148884131259360e-01
9.079874446367007801e-01
8.394865969100334668e-01
9.921244412577329141e-01
8.751545868709578180e-01
9.156641560234415333e-01
9.768802920471248985e-01
8.751221881004311864e-01
9.461107099054335556e-01
8.681462188439877936e-01
8.821619067376024192e-01
9.484742032588946437e-01
9.501269255732390784e-01
9.263499133529027318e-01
9.168964314179073316e-01
8.680425960687485620e-01
9.129609971696280857e-01
9.409043022448867477e-01
9.682736727223550943e-01
8.680952826036905101e-01
8.291386219555902937e-01
9.353953640228739319e-01
8.603894060761337892e-01
8.871908721197816483e-01
8.896171621979079847e-01
9.065750969289356753e-01
9.812926328412743260e-01
9.598744858866805618e-01
9.205211411724781856e-01
9.099030075640399673e-01
9.341596009819367330e-01
9.714323722183895171e-01
8.311581359952758818e-01
9.536112615714972263e-01
9.058562074175949830e-01
9.513902621713231644e-01
9.247292764534705833e-01
8.911168173738043263e-01
9.959324595951242198e-01
8.468722812997276916e-01
8.732144861752373366e-01
9.582408960721936486e-01
9.137053331536509893e-01
9.361706691559082971e-01
9.214274810526963400e-01
9.457577525283495934e-01
9.195400401646089961e-01
9.328584254872933634e-01
9.634187793074174833e-01
9.317607025763695594e-01
9.428313372651563329e-01
9.286080514451308110e-01
9.205531268177007398e-01
9.100188113567723169e-01
9.316004110504160218e-01
9.161659627517918514e-01
9.765145411905775674e-01
8.481561125566908776e-01
8.833355327573508831e-01
8.500469293043644292e-01
9.544131652172002100e-01
8.494501858487015777e-01
9.288364236251526185e-01
9.541192096782411536e-01
8.741969409240137878e-01
9.053260778314993207e-01
9.569343201498293761e-01
9.466983418021517327e-01
9.120965753596882442e-01
9.134231038045630413e-01
9.549644174878841874e-01
9.114649087312121090e-01
9.632279437477614392e-01
9.005634409905501903e-01
9.352781077119186603e-01
8.992077783034220229e-01
8.951134483047951118e-01
8.221822410852565044e-01
9.290873331469140517e-01
8.683762235466198076e-01
9.298633334096263470e-01
9.407586880210087044e-01
9.594000462053905443e-01
8.792384302257618689e-01
9.190757809576691750e-01
8.865886056100847901e-01
8.983047999564606201e-01
9.490587112302655282e-01
9.456047981607167419e-01
8.486481719403246027e-01
9.600349646950840921e-01
8.943735252388786972e-01
9.555156076277995236e-01
9.706056335725888884e-01
8.818445771124456822e-01
8.494042938505563800e-01
8.916052925347494051e-01
9.120152995863778367e-01
9.314812276696314841e-01
9.358828546375300705e-01
9.780712109814436728e-01
9.055722204136479325e-01
8.889297742109298905e-01
8.748187016241235625e-01
8.843152614653744248e-01
9.350786733138782836e-01
9.245658823102882451e-01
9.920829181287772469e-01
9.742176767951630234e-01
8.222814449525843727e-01
9.068154681256248573e-01
8.663149049114078348e-01
8.987489835927671145e-01
9.738011301767613981e-01
9.070749418468531111e-01
9.038620579772973507e-01
9.001865571593379300e-01
9.730551289446943697e-01
8.406914187892129409e-01
8.963682772812405775e-01
9.145325445468964753e-01
8.597661726648263558e-01
8.472066433936151775e-01
8.479904099739896672e-01
9.468501982858124055e-01
9.152898093728449869e-01
9.043018915077827291e-01
9.271074901654374756e-01
9.638875201179613050e-01
8.946754489442171332e-01
9.200460824695052553e-01
8.865558419090695530e-01
9.036317817441624767e-01
9.584944555364471874e-01
8.622244776663192667e-01
8.987331102853728382e-01
8.553143240150631321e-01
8.827658940658859033e-01
8.949548394246673588e-01
8.804535846057465198e-01
9.503798113705913542e-01
8.684141675416552353e-01
9.563394859272936754e-01
9.686908740991888589e-01
9.399619571139965490e-01
9.409716310789805194e-01
8.877727116025021514e-01
9.078737541827185398e-01
8.993706361592070930e-01
8.930937406695326208e-01
8.841747253035452392e-01
9.090734413260881386e-01
8.057528291456674818e-01
8.564568922754498548e-01
9.184001127601844061e-01
9.441717550321652164e-01
9.476541001520107921e-01
9.515471860796986814e-01
9.099232169092391631e-01
9.512861351479094951e-01
9.209427451240264073e-01
8.658425172984138829e-01
8.794343040855799876e-01
9.263427748701890119e-01
9.689353983886376254e-01
9.160243181011875624e-01
9.722989585731074413e-01
8.876606194815831463e-01
8.716322589555386413e-01
9.579894199590323067e-01
9.643209744218484980e-01
8.311581359952758818e-01
9.187029873620972120e-01
9.557050972453512427e-01
8.808883883434424078e-01
9.155101107110269476e-01
9.465482120853319081e-01
9.555007244633890728e-01
9.514869555961966707e-01
8.134527225460954636e-01
8.897066841159499972e-01
9.244816585664815678e-01
9.530644032694930434e-01
8.744631505268251059e-01
8.752191472728086952e-01
9.224876340630415728e-01
9.270605214500268199e-01
9.409227401341312413e-01
9.176066553268870107e-01
8.354456193622246118e-01
8.790345791085606431e-01
9.291325996567117995e-01
9.432657512530094879e-01
8.814206840200085047e-01
7.776162493503426809e-01
8.863166108110842600e-01
9.741788300906636389e-01
8.508609246827465444e-01
9.179569557043432138e-01
8.621955728293720922e-01
8.734608421640099873e-01
9.605006684322986432e-01
8.698227559810339793e-01
8.856009092076442268e-01
8.648835010073185892e-01
8.564170201051927167e-01
9.444947721251453210e-01
8.912158520420291330e-01
9.322165355948135446e-01
8.948963082861951523e-01
8.671482196932063236e-01
8.983223978158235701e-01
8.948793846019863496e-01
9.320160994203663396e-01
8.931777990570437531e-01
7.986664497840075816e-01
9.426012524978607532e-01
9.882808320027502980e-01
9.376495763639964842e-01
9.379836686332461149e-01
8.903518245983007562e-01
9.043956024253343440e-01
9.328966145042941749e-01
9.087606943417184668e-01
9.678945886316908664e-01
8.692404659438984771e-01
8.268782213559972005e-01
9.133284185435255331e-01
8.830970664782475943e-01
8.986334121160376442e-01
8.726227489037104990e-01
9.266903136168291866e-01
8.918155552979399880e-01
8.953081626639535218e-01
9.444312922572809521e-01
9.525714529606925662e-01
9.559053073318342086e-01
9.446800451750544392e-01
8.732460907110149995e-01
8.533337577491749704e-01
9.602426624872369976e-01
9.566971421596714986e-01
9.311777884460870069e-01
8.254908269098563123e-01
8.738675834115094965e-01
8.829454265041632999e-01
9.632168856622819186e-01
8.825856694541800440e-01
9.592908220883664683e-01
9.107552779865195625e-01
8.282954210273747453e-01
9.232759877958314210e-01
9.603111792767967669e-01
8.564165636249141400e-01
9.173955030716861581e-01
9.394744506319455679e-01
8.903058664050315096e-01
8.787964280449925836e-01
8.643145540888956813e-01
9.367676295408464693e-01
9.371288068485525979e-01
9.689069691262466311e-01
9.029406797024842612e-01
9.746939604186340977e-01
9.149078079828578680e-01
9.009518940068698134e-01
8.978340364065198198e-01
8.955236212780259830e-01
9.432858741434699823e-01
9.135343724617447370e-01
9.098692535187988817e-01
9.358461645968635390e-01
8.702325299606817888e-01
9.566974896325626254e-01
9.450890802383957734e-01
9.360577412230918215e-01
8.619168169281062886e-01
8.269725422637940193e-01
9.409327519669903328e-01
9.421798539453474230e-01
8.880218415616937255e-01
9.465874909943493565e-01
9.602876877439279202e-01
8.901979228231068353e-01
9.294937707015921147e-01
9.282271627215499255e-01
9.484876671996494979e-01
8.799568582617952606e-01
9.253172729609604463e-01
9.446235873977051334e-01
9.451727090944217480e-01
9.353015106957262015e-01
9.135667958531094035e-01
8.845215702657232004e-01
9.132375947831306018e-01
9.127683045640412329e-01
9.004679050809659691e-01
8.786647129650962951e-01
9.326489283325575252e-01
9.376119992437297324e-01
9.237753682085378948e-01
9.360196124216951796e-01
9.084451110735174417e-01
9.244438378471238060e-01
9.310300580863245523e-01
9.153539784536226520e-01
9.261573374052287644e-01
8.741597904961387888e-01
9.046950553611634582e-01
9.374767482218281378e-01
9.202832293584854995e-01
9.583916079882256467e-01
8.622484818281392904e-01
9.752481634183188808e-01
9.203776950794644307e-01
9.253752254123949195e-01
9.286774197371827633e-01
8.895736314449377291e-01
8.819128892847908352e-01
8.878454553038023223e-01
8.501863651315931802e-01
9.701279849905277697e-01
9.041878554382353217e-01
8.711316158122788256e-01
8.297704016264050297e-01
9.001999927213784058e-01
9.124779780606606661e-01
9.276546765570363728e-01
9.046896632235940094e-01
8.885036069023635186e-01
9.026813868463262613e-01
8.968750001464614874e-01
9.323787019108006335e-01
8.666076670440590046e-01
8.954063347083439650e-01
8.835244394089043496e-01
8.494819134028464003e-01
9.585146444807219890e-01
9.653743422947504982e-01
9.345266594065775312e-01
9.551810657587563869e-01
9.337561834114921355e-01
9.283864795251347557e-01
9.291322855598270758e-01
9.061439695478484824e-01
8.978340364065198198e-01
9.191332944672508942e-01
9.224729640678751563e-01
8.731732521809059122e-01
9.354673491291952692e-01
9.119638655086984569e-01
8.556005309587596530e-01
9.379984607813919295e-01
9.114156753534868871e-01
8.473055845022490207e-01
9.479801666427912776e-01
9.406105925853754934e-01
9.150658614863941276e-01
9.017309952127495754e-01
9.847575878243742808e-01
8.493689150485127515e-01
9.510283143708767595e-01
8.794765048511452576e-01
9.269342001974899548e-01
9.477183467595929889e-01
8.224744562189547636e-01
8.765524411062248777e-01
9.550585403773365067e-01
9.450672395524607472e-01
8.894762121028839674e-01
8.718352267907107933e-01
9.580470233637843336e-01
9.263705332977195672e-01
8.708799638258920561e-01
9.224633968868235501e-01
9.122578809906352060e-01
9.023673574889570226e-01
9.417056610690739404e-01
9.011655584654265638e-01
9.643182973455031171e-01
9.396591108830106842e-01
9.111357772462135296e-01
9.040889090443116061e-01
8.918988705257762106e-01
8.978987993674718560e-01
9.915848528990778288e-01
9.154311591589043839e-01
9.253851857785940771e-01
7.799531855456091067e-01
9.298460351540237534e-01
9.579612764446903128e-01
8.952334515056384889e-01
8.960361961346843263e-01
9.297374381561267498e-01
9.598744858866805618e-01
9.610913916835246429e-01
9.635742636564170738e-01
9.468501982858124055e-01
9.600987863543277712e-01
9.681480220755614985e-01
9.088809838706122246e-01
8.568127775430331994e-01
8.901508115612321026e-01
8.857152034841273558e-01
9.470751156835810480e-01
8.820061544448806190e-01
8.971679270280797924e-01
9.811376292733213766e-01
8.939101312630617358e-01
8.646050915760964406e-01
9.245938464068380602e-01
9.380925025572250942e-01
9.080024265982314935e-01
9.442986059322020509e-01
8.878861170279283010e-01
9.020973855570852962e-01
9.049149117932316910e-01
8.828553487089275675e-01
9.125834004480398720e-01
9.230431019480078714e-01
8.391278846938876601e-01
8.199811634863169996e-01
9.581684904842527883e-01
9.010567064049409547e-01
9.184495048978559284e-01
9.104270620631282895e-01
8.422680106882768358e-01
9.502405675643649241e-01
9.186376386256532856e-01
8.747651535804388256e-01
9.453850035582818112e-01
9.262769240876852495e-01
9.012713399430476446e-01
9.237626008694023172e-01
8.661185604461919540e-01
9.793494055492828476e-01
9.109880287159514145e-01
9.152747668048638596e-01
9.291724329654257319e-01
8.822045696786936508e-01
8.191726546478385051e-01
9.944675844235003614e-01
8.887040749504283577e-01
7.696668045702063088e-01
8.731401180484585911e-01
8.692954181843151051e-01
9.030487270693285939e-01
9.011226476573506172e-01
9.151847531999689478e-01
9.451316022787878968e-01
9.785665894344119931e-01
9.429246357032399217e-01
8.747013796431679644e-01
8.544620783452235857e-01
9.069074617557275619e-01
8.961683631759966850e-01
8.929219234482121959e-01
9.063915980620831370e-01
9.481116123758573933e-01
8.928463611793161503e-01
9.153633614850459344e-01
9.625620994899923843e-01
8.840129285064139975e-01
9.390118126956289446e-01
9.229285485981812975e-01
9.034745319198288493e-01
9.216012695313279268e-01
8.555656146700143516e-01
9.839931831412016550e-01
9.145493047454020807e-01
8.148966488333189151e-01
9.463029270850340513e-01
8.590887305514319783e-01
9.828507315167478442e-01
9.103501125268259608e-01
9.114560997291686339e-01
8.915336903730866069e-01
9.432598403554617317e-01
9.357289648847707531e-01
9.282533636762554385e-01
8.830000842028469243e-01
9.931098435840453043e-01
8.498208358377774552e-01
8.853680875273303164e-01
9.565831514603805319e-01
9.009081271401416791e-01
8.855256206080346359e-01
8.415580515412817153e-01
8.983596122859771604e-01
8.547829128180026714e-01
9.411502801561952847e-01
8.879613491301860950e-01
8.433547900776322548e-01
8.880793174072691976e-01
8.679966142034892806e-01
9.069818715080412153e-01
9.187774469905708452e-01
9.198906267507725998e-01
9.284446424637271544e-01
9.517820657727409372e-01
9.088602384192783212e-01
9.135157046896829058e-01
9.214175420605831279e-01
9.462506906771425141e-01
8.870916417601661941e-01
9.318742341155411557e-01
9.008557519344084774e-01
9.019385315974635109e-01
9.779364284463666346e-01
9.367742402005918567e-01
9.299882914659574062e-01
8.312698901117852035e-01
9.133284185435255331e-01
9.126648561212615807e-01
9.714157453785198237e-01
9.340335399450480081e-01
9.271712241145790845e-01
9.415226165619078325e-01
9.390483227522087306e-01
9.116770257099841013e-01
9.226847060874108220e-01
9.314249676516643817e-01
9.466831003322748739e-01
8.494217255047081805e-01
9.798086948902599014e-01
9.158025246509806649e-01
9.246954703712010337e-01
9.517747695717669876e-01
9.492238563159847153e-01
8.979164975156482820e-01
9.829382624807913027e-01
8.498208358377774552e-01
8.637331901100617770e-01
8.660054035156763419e-01
9.546887030298024657e-01
9.118308001703464560e-01
8.283591024116854218e-01
9.443734829720323853e-01
8.611581333724626086e-01
8.349298335882816557e-01
9.178504605276758266e-01
9.271964576786663192e-01
8.704293676375258748e-01
9.087463117190826001e-01
9.605103313177475455e-01
9.702447036886294729e-01
6.900114891050348476e-01
8.887600742013845867e-01
9.615092817821634386e-01
8.930770752218170072e-01
9.076007391776076405e-01
9.281796496235121818e-01
8.703845591939551873e-01
8.736000763037150563e-01
9.233350365449188857e-01
9.501944813270641887e-01
9.170365489754905841e-01
9.230754722007240565e-01
9.449668718206811757e-01
9.507375347809089439e-01
9.413513645225144444e-01
9.946959507409859347e-01
9.538905851954210258e-01
9.329077604098854337e-01
8.903137174356169359e-01
8.991187451507384187e-01
9.528861411616614818e-01
9.175771567177813948e-01
9.260004742681237078e-01
9.549882862182144105e-01
9.192612204365745443e-01
8.925296319081770235e-01
8.971597255241368085e-01
8.783028329468205442e-01
8.622407856517148028e-01
9.174041396756638100e-01
9.459484543764427045e-01
8.490188273446440670e-01
9.352226438119660701e-01
9.600378387686104853e-01
9.155319265855094146e-01
8.904339705517747561e-01
8.805211084251279852e-01
9.577277369315252420e-01
9.521101275960804911e-01
9.679993314010276739e-01
8.482440104594475283e-01
8.454823193862408548e-01
9.511467324798477119e-01
9.555193181181830253e-01
8.911491029259611674e-01
9.111409120847240306e-01
8.759096685763834156e-01
8.748291000664897288e-01
9.497353825092998969e-01
8.680039986132170871e-01
9.396505200999030194e-01
8.335945186013381525e-01
9.491100007345235623e-01
9.300291618129489235e-01
9.535828201923822744e-01
8.620512356042669966e-01
8.994437766697761516e-01
8.863561743488762579e-01
9.354077863241020419e-01
9.533948604556140571e-01
8.520007665713313916e-01
8.862535587734177156e-01
8.844398647538455061e-01
9.027509585946319470e-01
8.864101872264835702e-01
8.460045203866720653e-01
9.376115916460620037e-01
9.452971248209993682e-01
9.414847779191447552e-01
9.152840555011887425e-01
8.209837205327672471e-01
9.306349462106153769e-01
9.536145283110368798e-01
8.522801371667240167e-01
9.472540363050684364e-01
9.069050095119910448e-01
9.397873527951056127e-01
9.341493651536727505e-01
9.561021394053701439e-01
9.005634409905501903e-01
8.554789101040177757e-01
9.159907415445051049e-01
9.595567551273028739e-01
9.213568150624646957e-01
8.759797366778783179e-01
