9.171476252202724888e-01
9.325014949967704858e-01
9.510690287616527794e-01
8.454791771488203711e-01
8.722203181722198995e-01
8.116504048042725294e-01
8.895791022342152132e-01
9.040827910159169312e-01
8.983333854509651939e-01
8.587657393964626129e-01
9.492335396440040318e-01
8.864637942456276010e-01
8.981111795285142696e-01
8.472713109760913186e-01
8.771639701354815299e-01
9.184439257466482376e-01
8.745462138075359437e-01
9.520453389512554265e-01
8.938839671377889484e-01
8.921682262985696221e-01
9.518040930162103841e-01
9.442005592281221826e-01
9.146421359379747207e-01
8.619969976927052135e-01
9.407697441508826586e-01
9.417906759615679579e-01
9.252548164299136957e-01
8.976172766998659069e-01
9.373669719144210877e-01
9.151657228164046254e-01
9.533494679491094637e-01
9.041878554382353217e-01
8.886310003533280932e-01
8.812561845471841293e-01
9.691469752672339233e-01
9.357234800790881213e-01
9.299553358261741787e-01
8.298924511250922453e-01
9.872542885074224728e-01
8.991620461557314758e-01
9.012325907288100124e-01
9.792764176958194122e-01
8.588304477242232338e-01
8.908984122567368269e-01
9.350854640599375323e-01
9.173955030716861581e-01
8.778996780645866860e-01
8.886606043545705047e-01
8.798430965626984346e-01
8.503919367695004228e-01
9.443717841248988609e-01
8.487938498021524447e-01
9.114782195649656638e-01
8.677895383174623056e-01
9.115464354191897822e-01
9.350566347763461517e-01
8.718753604831879223e-01
8.956047120743227952e-01
9.502405675643649241e-01
9.439324135901553392e-01
8.768776074353820116e-01
8.610972659336109114e-01
9.858090600460683861e-01
9.435296927204399609e-01
9.485094850556258228e-01
9.353187335635565480e-01
9.091772944913022458e-01
9.332711226115223413e-01
9.031757082708232742e-01
9.242099900578218952e-01
9.310487427778314506e-01
9.190869724842768429e-01
9.318344875792782256e-01
9.364381411417949108e-01
9.552048491287260523e-01
9.237744731131167786e-01
9.279304661686140765e-01
9.412587718745882848e-01
9.003159707152745828e-01
9.460294756086067292e-01
9.262177984717041568e-01
9.685041788210183578e-01
9.003589627577042176e-01
8.923701196935326374e-01
8.962440826093034385e-01
8.883936406764527671e-01
9.524858904282821337e-01
8.622446192957388122e-01
8.987406394777984753e-01
8.897140480767410375e-01
8.891720943490257767e-01
8.376449811581482274e-01
8.880461927076199746e-01
9.838143561280540128e-01
8.911081086645998850e-01
8.961985693724603408e-01
9.544651450378919266e-01
8.897782046765981834e-01
8.807018454697687071e-01
9.486141512750497773e-01
9.683660456307796593e-01
8.656486393028993698e-01
9.258221501582526436e-01
8.641956506678623029e-01
9.308306836145782137e-01
9.232215435857697994e-01
9.426082938023312430e-01
9.727099077363011714e-01
9.532538325123008915e-01
9.234285208261047151e-01
8.690051503978204472e-01
9.270311949636977911e-01
8.920742581298005680e-01
8.880711114683367269e-01
9.498699980583131808e-01
9.504350422165531720e-01
9.194966767971236576e-01
9.202860276646761539e-01
9.331849439689067216e-01
8.900508928263363151e-01
9.676146228994640941e-01
9.423971336745100569e-01
9.153602340223752076e-01
9.064258553070627666e-01
9.350726444241059809e-01
9.312140444818974849e-01
9.725690259369739188e-01
9.129231527472322361e-01
9.401473895672308734e-01
8.578591296220460238e-01
9.162260902800940521e-01
8.911782846266407265e-01
9.280474824254092425e-01
9.632794629556994392e-01
8.812228928431455888e-01
9.350642046410021502e-01
9.433964556913542188e-01
8.926669650818114254e-01
8.209939986586221039e-01
8.969065773738351677e-01
9.450987534447381488e-01
8.915770621541510010e-01
9.407062385607798394e-01
9.201805921492073326e-01
9.005184319536249093e-01
8.689254885020408770e-01
9.157681134884658736e-01
9.025908628270155054e-01
9.551949785388461622e-01
9.822659116336601715e-01
8.979760715075746358e-01
9.266688648617692481e-01
9.537169471613510252e-01
8.383065687589847936e-01
8.722662380565822104e-01
9.437033778830375974e-01
8.979297973911894992e-01
8.228675941122640669e-01
9.418950296615835605e-01
8.900735892979710906e-01
8.343926718045751034e-01
8.907998205372500422e-01
9.236675667904156173e-01
9.522941856696410801e-01
8.879232315840202006e-01
9.916513638796485841e-01
8.805570467261173428e-01
8.880747523124512544e-01
8.827691835921198660e-01
9.911761416136393166e-01
9.224179386152350224e-01
8.973378328819857641e-01
9.414193453493681085e-01
8.484668551999553499e-01
9.670534384644380310e-01
9.302910154802859211e-01
8.968907910033950825e-01
8.955141624461381289e-01
9.206510199927566696e-01
8.801695514593321779e-01
9.931654965891447695e-01
9.485535141305432294e-01
9.294650608315568885e-01
9.506197908455683576e-01
9.302936353953230597e-01
9.164161623036786164e-01
9.065761048418662371e-01
9.440709521495531664e-01
9.442200582278380550e-01
8.894047039801912247e-01
8.800525025658669787e-01
9.311468816702576090e-01
9.477625440375595511e-01
9.084433019213363769e-01
9.296608692437311472e-01
9.292264199757847010e-01
9.027284930494530180e-01
8.497528424998472829e-01
9.152030266993822494e-01
9.111896258901170942e-01
9.384928359452724411e-01
9.458503506776659853e-01
9.115431345266005181e-01
8.643378680649059786e-01
8.636587231962102873e-01
9.288482599435204934e-01
9.417865597959873547e-01
9.071288435066486855e-01
9.198808061092824673e-01
9.020022662718588657e-01
9.377285558980534841e-01
9.203105099952585411e-01
9.145206451916012558e-01
9.615879210225606322e-01
9.594892724853931743e-01
8.288395901543759159e-01
8.794664578071713645e-01
8.812919104233342127e-01
8.210721269488765461e-01
8.941615683521880742e-01
9.593368820817447240e-01
9.211228540194593695e-01
9.274068392177448050e-01
9.243440433888835406e-01
9.355601273668392448e-01
8.924791475266543594e-01
9.149737476965834615e-01
9.097386676607237543e-01
8.906460548130966659e-01
9.358639224226444897e-01
8.744693102326720480e-01
9.501116996861632691e-01
8.958871265485915947e-01
9.306973047121579468e-01
9.154773672876039825e-01
8.937219590772280675e-01
9.618719850983021846e-01
9.011636334108793500e-01
8.984401962875838699e-01
9.420067461503074391e-01
9.093076892365856700e-01
9.125198512591342626e-01
9.329504362188215660e-01
9.586109810765319761e-01
9.196098128000208538e-01
9.022098327038292620e-01
9.051916806079881583e-01
8.944000701675091092e-01
9.053477894738044540e-01
8.996587575206510534e-01
9.358872740770428633e-01
9.298454212665894225e-01
9.177760388298766836e-01
9.193153980777822865e-01
8.912158520420291330e-01
9.592680841225726951e-01
9.692085052513313981e-01
9.601141698363013788e-01
8.886598733455745025e-01
9.003324156279824964e-01
9.604267625851340417e-01
9.044546682169064544e-01
9.276772363263386945e-01
9.714819038423115893e-01
9.555125056970283914e-01
9.216830168184373395e-01
8.726154084541792866e-01
8.811335148035203124e-01
9.483468179894730676e-01
8.758622953302245273e-01
9.114921921290529694e-01
9.219479159526627887e-01
9.114041877629432964e-01
8.635400441624002665e-01
9.487586773469723900e-01
8.816703168146372560e-01
9.364381411417949108e-01
7.876796684789020286e-01
9.424651507331434086e-01
9.079143541469093526e-01
9.142570991444103345e-01
8.973694965043580440e-01
9.402350227743967448e-01
8.487982562113416396e-01
9.569402754451283855e-01
8.933405613343053941e-01
9.442861108487516919e-01
9.474511845899394880e-01
9.163165657764378302e-01
9.187525287913919092e-01
8.879242619197509345e-01
9.214744282231012162e-01
8.917187866696174581e-01
8.743847573261765982e-01
8.422418732543247577e-01
8.506958686840752071e-01
9.506808281078108491e-01
8.511700510279133214e-01
8.862311569031753322e-01
9.231125784201070772e-01
9.170425187716179094e-01
9.301220899133675335e-01
9.593723571631587177e-01
8.763815568162210967e-01
8.882998509470564352e-01
9.500790368169573785e-01
9.551031979332649247e-01
9.915643413343723234e-01
8.919650545827246813e-01
8.986134166007178070e-01
9.583329790281059912e-01
9.111477576796876976e-01
8.681287338470922155e-01
9.243576334849357146e-01
9.831883202505572461e-01
9.875152710814163459e-01
8.763948869276464437e-01
8.771894186198487819e-01
8.465410441106792083e-01
9.427268342063993556e-01
9.240043080312438928e-01
9.188004756777505833e-01
9.321321253821950314e-01
9.532136393308869859e-01
9.419841819679389827e-01
9.331003493798640802e-01
7.638324731723465932e-01
9.526745805702406811e-01
9.027853457602970089e-01
9.443753702197122957e-01
8.624374995551522538e-01
9.011735811448348121e-01
8.671013480319468281e-01
9.278181562235611191e-01
8.998761205932738205e-01
9.229696420290777192e-01
9.023610132749997348e-01
9.112464882412214529e-01
9.151110296468409899e-01
8.806115670948650997e-01
8.826598720527289998e-01
8.738753183649518030e-01
8.234502268489234389e-01
9.050090620265854868e-01
9.285999510736590024e-01
8.865050160039773530e-01
9.353206535933054067e-01
9.396428791725327523e-01
8.494217255047081805e-01
9.300034318036967118e-01
9.147241588203811613e-01
9.598159903463973075e-01
9.304588441716965530e-01
9.152286244036421659e-01
9.062550090294446692e-01
9.053477894738044540e-01
9.167052806330517889e-01
9.068869583290894987e-01
9.055662770576506926e-01
9.301356698945877355e-01
9.051884431451543422e-01
9.422233812402435182e-01
9.340860647822725182e-01
9.805145070162198939e-01
9.492921713688370344e-01
9.240427020286144932e-01
8.612563374134551974e-01
8.906219926616028015e-01
8.834622110249340521e-01
9.257682521292311950e-01
8.849282959353190758e-01
9.236106220241285802e-01
9.552324379164769397e-01
8.418132571907420703e-01
9.097307015194624480e-01
8.553285858319730206e-01
8.994941724180495202e-01
9.342910776115674887e-01
8.615969925726802980e-01
8.876185385190759058e-01
7.448130426788313052e-01
9.235174393971882223e-01
8.461577239512992898e-01
8.882854388598955264e-01
9.004013860526060009e-01
9.436597563918612819e-01
8.633259320735733322e-01
9.554660263338637938e-01
9.178504605276758266e-01
9.874016150343640774e-01
8.807721646651553993e-01
9.133545578023408718e-01
8.935475270397255088e-01
9.478804036089206742e-01
9.331154378519722625e-01
8.934567418129226724e-01
8.549256205332154135e-01
9.079682229860526199e-01
8.963038643956383611e-01
8.986690116718001331e-01
9.056751282430722805e-01
9.459262144648725723e-01
8.982914284032095242e-01
8.837119451340672560e-01
8.862364150780641658e-01
9.132328279744542643e-01
9.371135112911297416e-01
9.224358007006081550e-01
9.331274773923027288e-01
9.111956494568350662e-01
9.040972336023771483e-01
9.717520426278786205e-01
8.607975913866915407e-01
8.707226277195369013e-01
8.975235092584685770e-01
9.152255499604904365e-01
9.482723547206646231e-01
9.222157920295807054e-01
9.964610267481872619e-01
8.572587474448202238e-01
8.980942947039707303e-01
9.645174793328077367e-01
8.917917985062616681e-01
8.692695817453784946e-01
8.562912467922959570e-01
9.349709422093875899e-01
8.941000562308211164e-01
9.079341165682979220e-01
8.799758307830948256e-01
9.434541766247482864e-01
8.806540680493434303e-01
9.198410786178359277e-01
9.136692184737733591e-01
8.958181913446670031e-01
8.745979754734390932e-01
7.573781275763324938e-01
8.809948421531926810e-01
9.444962467942737971e-01
8.652048313104649946e-01
8.955069319158026619e-01
8.351975990138063022e-01
9.083408412340701066e-01
8.718202820207412440e-01
9.499340694791952311e-01
9.143035285075455931e-01
8.393939498924735121e-01
9.196172679866303490e-01
9.883177459998339076e-01
8.713125768000408167e-01
9.758236383582468143e-01
9.941324461025836667e-01
8.445764781805076282e-01
8.948027912315278387e-01
8.494665260635049231e-01
8.881471984799756969e-01
9.305332142776385762e-01
9.099600059555800202e-01
9.316162029145855783e-01
9.090108157196905569e-01
9.286580672057733743e-01
8.847577858028351505e-01
8.613547651897265345e-01
9.320304561499064278e-01
9.568924683160915379e-01
9.444731905819518936e-01
8.723856492730490686e-01
9.227780367835314301e-01
9.092472127892605727e-01
9.240754943947285804e-01
8.937412491380266610e-01
9.216170925188217344e-01
9.064330643997816628e-01
8.278659823633836012e-01
8.771204494216562342e-01
9.183038090658806052e-01
9.197449747313528601e-01
9.759038777182570401e-01
9.687094038903915072e-01
8.388531443323700154e-01
9.252389120276284240e-01
9.258116576571689960e-01
8.672021016668650661e-01
9.214935906120602649e-01
9.044161827356342886e-01
9.568680575784750397e-01
9.587020036413056445e-01
9.350609012978445822e-01
9.306891239674176530e-01
9.229696420290777192e-01
8.986006859253433676e-01
9.285280391001128342e-01
9.113611696069999768e-01
9.267991510653379450e-01
9.204592923282801653e-01
9.365814668290239897e-01
7.771750012858743561e-01
8.955188135027157825e-01
8.869716484675567170e-01
9.364235222461814168e-01
8.147528289567483872e-01
8.963798255780772717e-01
9.831275926737181869e-01
9.626593081913306094e-01
9.119718502688440864e-01
9.003324156279824964e-01
9.899930417618725276e-01
9.273291522453042113e-01
9.749253817970807701e-01
8.689242175427192016e-01
9.431935836671346829e-01
8.911690853563197789e-01
9.428900089511998983e-01
8.766229438002592911e-01
8.494042938505563800e-01
9.170319713538960249e-01
9.169295953358599371e-01
8.779259898236319026e-01
9.150098477667306662e-01
8.193252021195289725e-01
9.510208507755927299e-01
9.524648318130435332e-01
9.178993511494411006e-01
9.194341789734030712e-01
9.176435422548281373e-01
8.900400891983435425e-01
8.674038634551533011e-01
8.802321007440352396e-01
8.929718551479444155e-01
9.385170327326134432e-01
9.257080838050073535e-01
9.329077604098854337e-01
8.732517505179324679e-01
9.482723547206646231e-01
7.986664497840075816e-01
9.464329633428177901e-01
8.710707550856358061e-01
8.736000763037150563e-01
9.386590371743785965e-01
8.851088598348983982e-01
8.886650752255302876e-01
8.841267533959169533e-01
8.838295432068054014e-01
9.611983988515722110e-01
8.524876657475420894e-01
8.647457948029746433e-01
9.061573357326702105e-01
9.459484543764427045e-01
8.920959157758602265e-01
9.374457041039324645e-01
8.901192931898047611e-01
9.070865914658358120e-01
9.379891070485216753e-01
9.520662157979165041e-01
9.273005460749297324e-01
8.633167738795550772e-01
8.918330393034260561e-01
9.272704806183387216e-01
8.931186844474718889e-01
9.099487326465514059e-01
8.928311763933981515e-01
9.070135348232830630e-01
9.347727979660929165e-01
8.735399642396646236e-01
8.496436501822793863e-01
9.259018390184133862e-01
8.891417257883075242e-01
9.321167198085148486e-01
8.594548866376745533e-01
9.162978434016882945e-01
9.412310900438360939e-01
9.102464142312627349e-01
9.040552992245118880e-01
8.991720234351309182e-01
9.435468947074308055e-01
9.363176564658147738e-01
9.459817957554521595e-01
8.629771834366326555e-01
9.019396361873567303e-01
8.893816765888242770e-01
9.528703002756394591e-01
8.738447612497606265e-01
8.792439178883248996e-01
9.044785043350340725e-01
9.420083752234436059e-01
8.921530130562091987e-01
9.229722678386435009e-01
9.132662791197015961e-01
9.404050233178642415e-01
8.574681222382566359e-01
8.910868844776445030e-01
9.033064674027829755e-01
9.403410019040957524e-01
8.881275824109825523e-01
9.183547934295150927e-01
9.551837843888416613e-01
9.618225640499186158e-01
9.243676541021896842e-01
8.630523442444950621e-01
9.069140466241540910e-01
8.979606712110498323e-01
8.452592645022768414e-01
9.757564733219423747e-01
9.583458358219516526e-01
9.484876671996494979e-01
9.235470887233390158e-01
9.110586885448422878e-01
9.054228758451235981e-01
8.595706492190886561e-01
7.884118154469871298e-01
9.242188516288112332e-01
8.926478949737954860e-01
9.146717029144253441e-01
8.575829254453237738e-01
9.126640014716795868e-01
9.513248122366662063e-01
9.371985438946857094e-01
9.261897563614055473e-01
9.269255522818041770e-01
9.002398345206088504e-01
9.401532288352191236e-01
9.295594416505646995e-01
9.044485934765651436e-01
9.234057766935719336e-01
8.825771870533013486e-01
9.569125004610566920e-01
9.284914608644304623e-01
8.219982756772966637e-01
9.316109439853925700e-01
9.415260886940740592e-01
9.548728060660022221e-01
8.827235231398534721e-01
9.882572633098841708e-01
9.746939604186340977e-01
8.951331990328484922e-01
9.354361034386259321e-01
9.278469224854497543e-01
9.530158473623699944e-01
9.917054878938498241e-01
9.529287248063307292e-01
9.076979585083658764e-01
9.248071828852624243e-01
9.208517138103861077e-01
9.051505052118037353e-01
8.779644727722184516e-01
8.674554691217429836e-01
9.181294114055090771e-01
9.706407275221513586e-01
9.052091810250396664e-01
8.909979552905211708e-01
9.068830279307845688e-01
8.942601431454539895e-01
9.097386676607237543e-01
8.914559964888149057e-01
8.997960255327503987e-01
9.003986468071786264e-01
8.820061544448806190e-01
9.470622917541524632e-01
8.925335349561908105e-01
8.646761262789229852e-01
9.482045723427975359e-01
8.568649076908877449e-01
8.959104228506663548e-01
8.856168380185114319e-01
8.295051945098553814e-01
9.313327505748156820e-01
8.421304211518160221e-01
8.778276750561911923e-01
9.604267625851340417e-01
9.345259655488881156e-01
9.205134782955027850e-01
9.391992813330752865e-01
9.244226925191506572e-01
9.493968769001916996e-01
9.142330656358228502e-01
9.594403159079266663e-01
8.621172972249754318e-01
8.941676052888555271e-01
8.969786865565474443e-01
8.680553677155437020e-01
9.004079057771190442e-01
8.551344562232954249e-01
9.511132216532501849e-01
9.110142946463121172e-01
9.294937707015921147e-01
9.281595327586936728e-01
8.828725582396789173e-01
8.905945452579638877e-01
9.421647410903934983e-01
9.248447839342610610e-01
9.635285993535523952e-01
9.373317118429819184e-01
9.329565241917676666e-01
9.278793782426100201e-01
9.593368820817447240e-01
8.951158562883541059e-01
9.189055589726286000e-01
9.594684417909065122e-01
8.849044942832000604e-01
8.771269130173732220e-01
8.832827518259291910e-01
9.227562225179549715e-01
9.725473902871146770e-01
9.357234800790881213e-01
9.295538807208800769e-01
9.158321597683678483e-01
8.653567718192757274e-01
9.228419773169972418e-01
9.226493650907509059e-01
8.734608421640099873e-01
8.683806308246356798e-01
8.347186128620305290e-01
9.209219313560691456e-01
8.693940996694417001e-01
8.697261172181336430e-01
8.880983318239310531e-01
9.122506563670957913e-01
8.984409477838269931e-01
8.781292451655250408e-01
9.845171943296742167e-01
9.951992762311159257e-01
8.987667313748196607e-01
9.373679752916425079e-01
8.353096049547455992e-01
9.398516845716206047e-01
9.673559595745470086e-01
9.892822383652541962e-01
8.940021448877206733e-01
9.312533948475735235e-01
9.871236292632296072e-01
9.380191916579310174e-01
9.155615171288007392e-01
8.915463208724750954e-01
9.236675667904156173e-01
9.116812635768772877e-01
8.691963960207460538e-01
9.416428034739872110e-01
8.938054028630741943e-01
9.260104889666699313e-01
9.244436441715020436e-01
8.838527718294216795e-01
9.767735264191951261e-01
9.108370116758600643e-01
9.092756816124294428e-01
9.107870259749939468e-01
8.919706250550970550e-01
9.184001127601844061e-01
8.675544033144373390e-01
9.099708848363191604e-01
9.562014557758549138e-01
9.282517018984992596e-01
9.239100649579505831e-01
9.104027362233942933e-01
9.170425187716179094e-01
8.619659867952099708e-01
9.005634409905501903e-01
9.190869724842768429e-01
9.332372663293297954e-01
8.088701285489827697e-01
9.417828190803670951e-01
9.419641728076181275e-01
9.380925025572250942e-01
9.279585663186920019e-01
9.554028422389940767e-01
9.215595117181326623e-01
9.270989872373902596e-01
9.171508622405515343e-01
9.466269214269994459e-01
8.339124505857038461e-01
8.949889812222118213e-01
8.791506529854985486e-01
9.360096817647712841e-01
8.927324696803751181e-01
8.017596389045447136e-01
9.404076594279207058e-01
9.127628642743224052e-01
8.856824324490526479e-01
9.289834818306420550e-01
8.401588502854073770e-01
9.247540937435677622e-01
9.544592248969201442e-01
9.405658755867563059e-01
9.011735811448348121e-01
9.851767944646127040e-01
9.092418730394117299e-01
8.794365561103324458e-01
9.508283557229790794e-01
8.817229307589740106e-01
8.916475590992863909e-01
9.113693203879082994e-01
8.656888827543223197e-01
9.294009392509035017e-01
9.688024942446203935e-01
9.266804052882859910e-01
7.768506969359476599e-01
8.843437454908589235e-01
9.711385114261498197e-01
8.610972659336109114e-01
9.059255867896680581e-01
9.204945481658254325e-01
9.383918784537913504e-01
9.389325135743278317e-01
9.015309569386058541e-01
8.443210041353299555e-01
9.239219982624109484e-01
8.885259227321959941e-01
8.767097817068649768e-01
9.597474647876081955e-01
9.104993707993719321e-01
9.056107425192478910e-01
9.208241888269911302e-01
9.839931831412016550e-01
9.218793730798949815e-01
8.786463281659705471e-01
9.292003991325255008e-01
9.488422813642000131e-01
8.864587580863875216e-01
9.013509480492126746e-01
9.038739424719919313e-01
9.330158226098097529e-01
9.211959880915738808e-01
9.603859986100077295e-01
9.154603267236866015e-01
8.904339692634276604e-01
9.273330460012706444e-01
9.100238400504915282e-01
9.517542542287230622e-01
8.451251433979999339e-01
9.267217539850808317e-01
9.795955627311272451e-01
8.960453567103018324e-01
9.457902607050583388e-01
8.860808992003774698e-01
9.786217996306451061e-01
8.568068156416276393e-01
9.129499623602546077e-01
9.197793786820385176e-01
9.768339486154574702e-01
9.588661740884965035e-01
9.505255546566871994e-01
8.980942947039707303e-01
9.519517079616336419e-01
8.554913557670871249e-01
8.884557685646231606e-01
9.209702385674771730e-01
9.077491545926663630e-01
9.439739462974386930e-01
8.933711801830132027e-01
8.419580477887913528e-01
8.765240801870518572e-01
8.927095093689008110e-01
9.153649405017088014e-01
8.856224372537093714e-01
8.625922686094407155e-01
9.257780571774594236e-01
9.104107922912475503e-01
8.662300955513262402e-01
9.216314821200373153e-01
8.975811733744202270e-01
8.551492211438740387e-01
9.679993314010276739e-01
9.137011480550765175e-01
9.524411913418187048e-01
9.392048542074166173e-01
9.290290545835531155e-01
8.665135835678434706e-01
9.715641509626417038e-01
8.943022800070271616e-01
9.247465507409301511e-01
8.842933319221683020e-01
9.303363952050215380e-01
9.454784608966897430e-01
9.348628237070970570e-01
8.976889975009173517e-01
8.267082015664179995e-01
8.786207585280176868e-01
8.762935937146847376e-01
8.944862118195348044e-01
9.071288435066486855e-01
9.657998920235063567e-01
9.239611562277900703e-01
8.777708076747811061e-01
8.225381877228649108e-01
9.616096577277728485e-01
9.175228193453812686e-01
8.909591437633253008e-01
9.398708699825830681e-01
8.529530310471569177e-01
8.912946594891910657e-01
9.522212188686676182e-01
9.091481337828158926e-01
9.331222620563747183e-01
8.173163682684425613e-01
9.730598525274818389e-01
8.655056084896378676e-01
9.189423282835488260e-01
9.047530286193115057e-01
9.595995177871793347e-01
9.410386381355827501e-01
9.438951993499059556e-01
9.461647507103096988e-01
9.515255394407530209e-01
9.154228742754608739e-01
9.184413219492377767e-01
9.315085418099100512e-01
8.517656131291625465e-01
8.978085794114962770e-01
7.952957919078621485e-01
9.607799147671463036e-01
9.441823194780947226e-01
9.332207219522519193e-01
9.146588561510952120e-01
8.927664919801036048e-01
9.412280443496527926e-01
9.407400288219106566e-01
8.870157940252944018e-01
8.847430461552009406e-01
9.079560465181163442e-01
9.706407275221513586e-01
9.518949344824561010e-01
8.498208358377774552e-01
8.997796380180858034e-01
8.629375942821402301e-01
8.781123354323848718e-01
8.806737154445358762e-01
9.406122651679721391e-01
8.790911931320294359e-01
8.731600004573412122e-01
9.403823562718960360e-01
9.162276244820272142e-01
9.148159364571505359e-01
9.470595912419513818e-01
9.196950325452518671e-01
9.104340478252077595e-01
9.029557308758322520e-01
9.538749229201365365e-01
9.605103313177475455e-01
9.002345057247275184e-01
9.425382655187669600e-01
9.249043553131328643e-01
9.035951057748394799e-01
8.938335689000346251e-01
9.272635875183810050e-01
8.454080343538408204e-01
8.632041945600077426e-01
9.632848551820855088e-01
9.255409800965873623e-01
8.695111356175164730e-01
9.230009743203109185e-01
9.562482293560388147e-01
8.409147671970024218e-01
9.190340361726190288e-01
8.653604737082659648e-01
9.876717330194156874e-01
9.586570117238878419e-01
8.124023435561588125e-01
8.738227318288962486e-01
9.592680841225726951e-01
9.227325178048418897e-01
8.817560295782498336e-01
9.309063142054202489e-01
8.925800843844430288e-01
9.091242508742789497e-01
9.453309156583015183e-01
9.679993314010276739e-01
9.508483059381991342e-01
9.568569951765838466e-01
8.722416336054952257e-01
9.427465707910419601e-01
9.338801958058727815e-01
8.913203889271752445e-01
9.021792321443212748e-01
9.331285911538091948e-01
8.961938628274124241e-01
9.580714505501959355e-01
9.393827522311283262e-01
9.272317156781262337e-01
9.309293970149379316e-01
9.519949197801131913e-01
9.254544468698532311e-01
8.940708620806897544e-01
6.960274787581034461e-01
8.843906162095702683e-01
8.601700405200340960e-01
9.111422104073141348e-01
9.274703538129348557e-01
8.834430796671173258e-01
8.694594150809535904e-01
9.683390705363821294e-01
9.131158811029197464e-01
9.056451903669631154e-01
9.331274773923027288e-01
9.036623268490711069e-01
9.917507636827618267e-01
8.645396107617722148e-01
8.707029356751717630e-01
8.750550111748007787e-01
9.427829581395469338e-01
9.225246661736582476e-01
9.363397387682913520e-01
8.727977822021889542e-01
8.678096477243707474e-01
9.399950401329473237e-01
8.411124492349623116e-01
9.121384785751637247e-01
9.079980518398897971e-01
8.796611676187151563e-01
9.298263877717765080e-01
9.090045569081677268e-01
9.455552983387059962e-01
8.594057100315750652e-01
9.234409239941315795e-01
9.413171771680403088e-01
9.443203312114287762e-01
8.710954891718368787e-01
9.562009815757707143e-01
9.430577857551889487e-01
8.528880446662671089e-01
9.062550090294446692e-01
8.884148750930814797e-01
9.124140385034764655e-01
8.878179411026383416e-01
8.705568066507844982e-01
8.846711227918512277e-01
9.486254268651733712e-01
8.884745710843859889e-01
9.215759197393941227e-01
9.509466962468440254e-01
9.598355539379086476e-01
9.349045131835649336e-01
9.601944617716582364e-01
9.686703976575353758e-01
9.089303287970074141e-01
9.117260774872686380e-01
9.049750378109614468e-01
8.976555249583139107e-01
9.388060205957420301e-01
8.944096092003264165e-01
9.249459672026637547e-01
9.354976268076242718e-01
8.722662380565822104e-01
8.811335148035203124e-01
8.596338269678727162e-01
8.861975387183724795e-01
9.036342077759432767e-01
9.215292474433947056e-01
9.133218814422661147e-01
9.653059892264553854e-01
9.190671473832233707e-01
9.835361037184743305e-01
6.952253200519697973e-01
8.738030419801292581e-01
9.225758167388021791e-01
9.292759117026012650e-01
8.915770621541510010e-01
8.881987369398114396e-01
9.262930961915053496e-01
8.847773161280292342e-01
8.796812752190598106e-01
9.151726875641925663e-01
9.000123580411548696e-01
8.769582451298685299e-01
8.944727011946163042e-01
8.945476895557081809e-01
9.110792576621541405e-01
8.896708915252763417e-01
8.505917016259257890e-01
9.013094623469612987e-01
9.473569803730712557e-01
9.425902622217622318e-01
9.075984795977686259e-01
8.546831560818390905e-01
9.316462553293163307e-01
8.880612604942732524e-01
9.526318327735130431e-01
9.554378606055545786e-01
9.303741164950372067e-01
8.854552876625698676e-01
8.651333442368122073e-01
9.151657228164046254e-01
9.563488598578065991e-01
9.643297584926856514e-01
8.734773412504314161e-01
8.926624778691983897e-01
7.685028306055170511e-01
9.449668718206811757e-01
9.200820436179198980e-01
8.969424612515364270e-01
8.961344255511111134e-01
9.561003895423167975e-01
8.707235488812438140e-01
9.010059892054143038e-01
9.265097918208847760e-01
9.623631044622050768e-01
8.559140718655402491e-01
9.312533948475735235e-01
9.011041799696021259e-01
9.346148999266659096e-01
9.417289290605499463e-01
9.107359707143198868e-01
9.400428542873641158e-01
8.946977411194221297e-01
9.548822696229376517e-01
9.214628782484769465e-01
8.683806308246356798e-01
9.680116974944960040e-01
8.960945467852394763e-01
9.090188641011640591e-01
8.980270366627211009e-01
9.761979807291218947e-01
9.644052236508537934e-01
9.466269214269994459e-01
9.383136533080057573e-01
8.877929019419315004e-01
9.184835649412360636e-01
9.413699897819977069e-01
9.600556949846598132e-01
8.971679270280797924e-01
9.820785202221562482e-01
9.419641728076181275e-01
8.232339212041631660e-01
9.228477752831896197e-01
8.958054464863819399e-01
8.661185604461919540e-01
9.315582662875068198e-01
9.069457358033711225e-01
9.185648665822688796e-01
8.825378162205106403e-01
8.212411865320686788e-01
9.548728060660022221e-01
9.369045951730190502e-01
8.995071155115132999e-01
8.582216339594572752e-01
8.770234195743593641e-01
9.375609034923987339e-01
9.247138481703602864e-01
9.592680841225726951e-01
8.681916495377774989e-01
8.906797253461298247e-01
9.302193047569897733e-01
9.265262253739617870e-01
8.743131298906592352e-01
8.909535652045073029e-01
8.742805468801763125e-01
9.070961732244838815e-01
9.306652527646496198e-01
9.483219787753478514e-01
8.631511232514369469e-01
9.439666771578111293e-01
8.888909211814722822e-01
8.502935757383794924e-01
9.880995741188296488e-01
9.204592923282801653e-01
8.664057529971375127e-01
8.231626136116094727e-01
9.079822693362277208e-01
9.590089886560820842e-01
9.845594723291433148e-01
8.503543282902531475e-01
9.450328731089798762e-01
9.240785039544509027e-01
9.194271222801532195e-01
7.757942456112488783e-01
9.109282121693264012e-01
9.147465970060399965e-01
8.343468269084036715e-01
9.043956024253343440e-01
8.872614868323734916e-01
9.512430486103247151e-01
9.138872066546054329e-01
9.414761470069638039e-01
9.409027940667190615e-01
8.973378328819857641e-01
8.860729320504611151e-01
8.783082370368447966e-01
8.766764662567253508e-01
9.297798454805943358e-01
9.039396412561145899e-01
8.500469293043644292e-01
8.852246840682899132e-01
9.079404278304545883e-01
8.730107411381541338e-01
9.208534968554048517e-01
9.791131209855769013e-01
8.910510081754505762e-01
9.172319476583070674e-01
9.137178107226182622e-01
8.966413825542209892e-01
9.531260282559490538e-01
9.296178088097788450e-01
8.931054966504285986e-01
9.390951305071995048e-01
9.037396960714385585e-01
8.612083326757841162e-01
9.203142291610386660e-01
9.333959361334542848e-01
9.171230007858174327e-01
9.068923611213273173e-01
9.115790046641985001e-01
9.208905792043103888e-01
9.007003319489818027e-01
9.110110989467802289e-01
9.266804052882859910e-01
9.056137069393899175e-01
9.133284185435255331e-01
9.470751156835810480e-01
9.667596053162530456e-01
9.408842953462053238e-01
8.844283986914404094e-01
8.886767458279004606e-01
8.348760290433220321e-01
9.103453482137904285e-01
8.807721646651553993e-01
9.157355554024931843e-01
8.976802552919964651e-01
9.423878138087382617e-01
9.099718517684043384e-01
8.998802065466188216e-01
9.354077863241020419e-01
9.148120950168250332e-01
8.727279148769195860e-01
8.421264214950302529e-01
9.266903136168291866e-01
9.023462729806877025e-01
9.343359610594370590e-01
8.964749496185522304e-01
8.136178012121689784e-01
8.658374513231207326e-01
9.943586294211765875e-01
8.689595362597629657e-01
9.240785039544509027e-01
8.827235231398534721e-01
9.321167198085148486e-01
8.485528589612336692e-01
9.242834249630951238e-01
8.351975990138063022e-01
8.832279129369187132e-01
8.850719803968888355e-01
9.101815768068085566e-01
9.694420390777782615e-01
9.258649717383259370e-01
9.448466223886223814e-01
8.944038910702485357e-01
8.871640599810940442e-01
8.496996960390199582e-01
9.173787270934429250e-01
8.475018210871979596e-01
8.775929724834919954e-01
9.118004086549816867e-01
9.205289955036100036e-01
9.637310989389267224e-01
9.459262144648725723e-01
8.522852251218602238e-01
8.230578230164032894e-01
9.025470034410295606e-01
8.713810573311385754e-01
9.619185886079667513e-01
9.667814869859631122e-01
9.401128563462537446e-01
8.775454122211502339e-01
9.227943899672811368e-01
9.198756539286312428e-01
9.254493405279213825e-01
9.143818721935540461e-01
9.024776389578554880e-01
8.695111356175164730e-01
9.517147531096978863e-01
8.990375164413665354e-01
9.585457405794194363e-01
8.982542252637781832e-01
8.179016311473787937e-01
8.428319351609516730e-01
9.689069691262466311e-01
9.095319864335638105e-01
8.783082370368447966e-01
9.297752763938759157e-01
9.549464601776411765e-01
9.008536546733585393e-01
9.514400224171055687e-01
9.618424739739368512e-01
9.688817018867244002e-01
9.308998759779946175e-01
9.361697817851180048e-01
8.507607813848854228e-01
9.465176658654981257e-01
8.280783246534976216e-01
9.071288435066486855e-01
8.976879933127017708e-01
9.085130315108267407e-01
9.427159445519054382e-01
9.014088864125284761e-01
9.189005876536003870e-01
9.252567626755612284e-01
9.583439199059116120e-01
9.316955861430405994e-01
9.470616166501594213e-01
8.614914601931958904e-01
8.877373622974831235e-01
9.595717521134963235e-01
9.273638518368292338e-01
9.104704801573045847e-01
9.252881571682330941e-01
9.317994637983860740e-01
9.977996822921225695e-01
8.921518144458626676e-01
9.520368746075605904e-01
9.008399404887103001e-01
9.667814869859631122e-01
9.694579090218916617e-01
8.840073159152634918e-01
9.048741072284032239e-01
9.369844444457651189e-01
9.490779694264641630e-01
9.219044804052800579e-01
8.460045203866720653e-01
9.287297365741125077e-01
8.855456984965812683e-01
9.911912767656890777e-01
8.877727116025021514e-01
9.224842227708798248e-01
9.313881448937640917e-01
9.079309785938695088e-01
9.223232657968162274e-01
8.810923851962607634e-01
8.873242711292539386e-01
9.366841424994805099e-01
9.238927614611991412e-01
9.040466617489055778e-01
9.787750771281876760e-01
9.367694496400216231e-01
8.986025432769892962e-01
9.197536302271105413e-01
8.650107460861625741e-01
8.377144621714071038e-01
9.274876776120591915e-01
9.159398191259163768e-01
9.236506774507108330e-01
9.071334776022266233e-01
9.231125784201070772e-01
9.497678397586990506e-01
9.361487790019465960e-01
8.911583379463214882e-01
9.441618048787148165e-01
9.201122653183493316e-01
7.981921983609665538e-01
9.384902423830000506e-01
8.685954550673525842e-01
9.426404503984335825e-01
9.029327521788456101e-01
9.005178917409397688e-01
8.369512537783405648e-01
8.978522695638171403e-01
9.443753702197122957e-01
8.732692503124611649e-01
8.967167629879414514e-01
9.142410781942018616e-01
9.688818973036763538e-01
8.917279715414186958e-01
9.700982534305331306e-01
8.827235231398534721e-01
9.093181235626238701e-01
9.320160994203663396e-01
9.113286005070675433e-01
9.208357411435227347e-01
8.909274574052352680e-01
9.733179155459491527e-01
9.311416157220323564e-01
8.641956506678623029e-01
8.929481159261226653e-01
9.213840948097047345e-01
8.764251733995749305e-01
8.730205178125562959e-01
8.908558148243833630e-01
9.395363088192447698e-01
8.879404040480191052e-01
8.407050914488671811e-01
9.075328796678688859e-01
8.818087609693866513e-01
8.896978590869571990e-01
8.907750868548179879e-01
9.100678836792213122e-01
9.477167239715601488e-01
9.484316383753818025e-01
9.360193372324879801e-01
9.050409014041180811e-01
9.062820390617880584e-01
8.577750305416225185e-01
8.594263958157539740e-01
9.159976785043864034e-01
8.917126426576289511e-01
8.999356174390635843e-01
8.900120121370647119e-01
9.354673491291952692e-01
9.258351009263178222e-01
9.407400288219106566e-01
9.456232049574653242e-01
8.840073159152634918e-01
9.009702216571522371e-01
9.169171042714885367e-01
9.529355585036382026e-01
8.823091198170451843e-01
9.226149503676639441e-01
9.044566929708650616e-01
9.860548550376994070e-01
9.012506614994102438e-01
9.300022664711522502e-01
8.846751985694335518e-01
9.058901639328188482e-01
9.296711800806933823e-01
8.952457350099235489e-01
7.792098487578398291e-01
8.112831749976712192e-01
9.662462514130831792e-01
9.238105100221722932e-01
9.873155984668774421e-01
9.546887030298024657e-01
8.991801914433947829e-01
9.227720422373667519e-01
9.057292952205542313e-01
9.216218364060251300e-01
9.383831839695696564e-01
9.076922457271981992e-01
9.884698311148724104e-01
8.933233477208508688e-01
8.502935757383794924e-01
9.845594723291433148e-01
9.382994924903051981e-01
9.318208827070149081e-01
9.583329790281059912e-01
8.872321828408358257e-01
8.692650036179817574e-01
8.825130581224905901e-01
9.084433019213363769e-01
9.213392071015717999e-01
8.629400593812008857e-01
8.666107043279530631e-01
8.740414487605931981e-01
9.548384034946186816e-01
8.825982187086418573e-01
8.264367847243831999e-01
8.775126695250086151e-01
8.698745081773034959e-01
9.090295917569031214e-01
9.168265551213600206e-01
9.268445109290470718e-01
9.156605552070617993e-01
9.498288532270829920e-01
9.470447094298894974e-01
9.244183337425427860e-01
9.380925025572250942e-01
8.676413006352307056e-01
9.349541558747664904e-01
9.931654965891447695e-01
8.974616209504000519e-01
8.994416733653233242e-01
9.443284047544028281e-01
9.608172612181264949e-01
8.673934297626649803e-01
9.228419773169972418e-01
8.913119986288656760e-01
9.280421399434781726e-01
8.777444920688310948e-01
9.057789327399443646e-01
9.697720967030516448e-01
8.590291999559015457e-01
8.562467844208032641e-01
9.398103681918379415e-01
8.714865249450250984e-01
9.027067384725284693e-01
9.324178456374344615e-01
9.420652707290041450e-01
9.085138097361372678e-01
8.607591860174270693e-01
9.152746415069682451e-01
8.578752571324693710e-01
9.554028422389940767e-01
9.598941727918305356e-01
9.452695269805210243e-01
9.389426565466056918e-01
9.316109439853925700e-01
9.546673061984808362e-01
9.196172679866303490e-01
9.166294337877154419e-01
9.534596461884650154e-01
9.001601975426761770e-01
9.219923852413288712e-01
9.106566259375117323e-01
8.748937234741575031e-01
8.385972256272108405e-01
8.843236387172643820e-01
8.743587197608692074e-01
8.534370046692485445e-01
9.427359751761730244e-01
9.154424022180124298e-01
9.226493650907509059e-01
9.163744067932433346e-01
9.138805449677115389e-01
8.994072689380906427e-01
9.183971903413018500e-01
9.377418649209867674e-01
9.479566567716939396e-01
8.778121347307115130e-01
9.190869724842768429e-01
9.091955288356986520e-01
8.858787974007474864e-01
8.889799174920325342e-01
8.819709038940154455e-01
8.883794927577135514e-01
9.563961697497266323e-01
8.417687412926739832e-01
8.536922951345238264e-01
9.151155440160931853e-01
9.220132140086191308e-01
9.468786345645371361e-01
8.880822778055262878e-01
8.807346182089564879e-01
9.461107099054335556e-01
9.049482241543127525e-01
9.416271453504794220e-01
8.671013480319468281e-01
8.394865969100334668e-01
9.202860276646761539e-01
9.115279602980893570e-01
9.320562481520073828e-01
8.978510012097390414e-01
9.011765697219387139e-01
8.553655062315393964e-01
9.440160204290958257e-01
9.086738171264289177e-01
9.466831003322748739e-01
9.235446394498227907e-01
9.332783936655785206e-01
9.083980515482075191e-01
9.460616745212347967e-01
8.963217578231756910e-01
9.298960215345650759e-01
8.898521888464776541e-01
9.649655154404753743e-01
9.121384785751637247e-01
8.877469563592590429e-01
8.364418875459094238e-01
9.341891230050021200e-01
9.899930417618725276e-01
9.452620853567026415e-01
9.586615044910687944e-01
8.887118718526261230e-01
9.491723559835824053e-01
9.277352763581531159e-01
8.272931175946609539e-01
8.620885962358377785e-01
8.897140480767410375e-01
8.871667262125211284e-01
9.284415947471437169e-01
8.770007587772679081e-01
9.526651238685549528e-01
9.140260218309064211e-01
8.931660478394246594e-01
9.473075701140643012e-01
8.310717573570109984e-01
8.924067452522901345e-01
9.503455128924300777e-01
9.387347325481477656e-01
8.982595801616001241e-01
8.812727330754551724e-01
8.838527718294216795e-01
8.795646641539996979e-01
9.208620571884542638e-01
8.841054635196553546e-01
9.203554788950381038e-01
9.404272170953927867e-01
9.219509786767929871e-01
9.411990631594673307e-01
9.619672894341354530e-01
9.232176757497145836e-01
9.294413751586431127e-01
9.266903136168291866e-01
8.641956506678623029e-01
9.149815068558775355e-01
7.988854153234165034e-01
8.710826117327394869e-01
9.218198253574437784e-01
8.575479453107774930e-01
8.656486393028993698e-01
8.995748285853558679e-01
9.536712882861683171e-01
9.577633741667382905e-01
9.174504429417136286e-01
8.877626139069094702e-01
8.676413006352307056e-01
9.227262091887316053e-01
8.812665304859891302e-01
9.051376305347736961e-01
8.939284273392505975e-01
8.971048470501640226e-01
9.261378820364162268e-01
8.934433093139546589e-01
8.641956506678623029e-01
9.238105100221722932e-01
9.175735250523689990e-01
8.750356770475763435e-01
9.319379287615936480e-01
9.288726360249420777e-01
9.375063395109968223e-01
7.882660438857489460e-01
9.636739443203292677e-01
8.950127985117022344e-01
9.211156181122369668e-01
8.765065080048912716e-01
9.304661240894483987e-01
9.152678612568712069e-01
9.062820390617880584e-01
8.977546508430509498e-01
8.912978223713967640e-01
9.091634896772835539e-01
9.280400872654488431e-01
9.334203256947082306e-01
9.380384777806549668e-01
9.020338362295384771e-01
9.101460446920360825e-01
8.850812822467822860e-01
9.344372241120735278e-01
9.538711245665590921e-01
9.765976801518636563e-01
7.976093703747531016e-01
8.148083674109244390e-01
9.317187186810272914e-01
9.243952944046192055e-01
9.588449042797083655e-01
9.176054316239404818e-01
9.725690259369739188e-01
9.333289715049687407e-01
9.562170990087408562e-01
9.483241648763601761e-01
9.125656249797472475e-01
8.635600930389482066e-01
8.544558538400495173e-01
8.451490131163676978e-01
8.895300688175822312e-01
9.520818623656203128e-01
9.525832190324745596e-01
9.423191176999219376e-01
9.479801666427912776e-01
8.090166234867802730e-01
9.266975424883520107e-01
9.797777788711661273e-01
9.010023559104508584e-01
9.867034651054439331e-01
9.202565739256621802e-01
9.132250574920242059e-01
8.176593270752678944e-01
9.394794376929804791e-01
9.170319713538960249e-01
8.355068269034127137e-01
8.567955931793209690e-01
8.964854997327196262e-01
8.222814449525843727e-01
9.703545256084179504e-01
9.644779713942730481e-01
9.347733216274977108e-01
8.850719803968888355e-01
8.598198717922751477e-01
8.991187451507384187e-01
8.716043625560483399e-01
9.477157267391996820e-01
9.246954703712010337e-01
8.680039986132170871e-01
8.557559239101543147e-01
9.207134340069255130e-01
8.843459725506137570e-01
9.434789762620209297e-01
9.204592923282801653e-01
9.571373391843922551e-01
9.302722123425939404e-01
9.245938464068380602e-01
8.967394888534747643e-01
9.517945486705738922e-01
8.707995406642353720e-01
9.074887825752275816e-01
9.335814225671600353e-01
8.696808387383188066e-01
9.281441093232480899e-01
8.526933094804433066e-01
9.249797329727740269e-01
9.419171818272525920e-01
9.473371079769898895e-01
8.407419989946746108e-01
8.968632126134739035e-01
9.514682773989671105e-01
9.670144985886427458e-01
9.391057040635171216e-01
8.896690917710721180e-01
8.961027743584334404e-01
8.297399142543498973e-01
9.019414793054220114e-01
9.131201060703986183e-01
8.788213276556943176e-01
8.776355471092778249e-01
8.447863953583458763e-01
8.976555249583139107e-01
9.114921921290529694e-01
9.694004170162516809e-01
9.061420835172983024e-01
9.117260774872686380e-01
8.998802065466188216e-01
9.336966006312910071e-01
9.105771504345873124e-01
8.997285985547586185e-01
9.517660636355377290e-01
8.771785990357349183e-01
9.076569832864646026e-01
8.590019977900009707e-01
9.194682341770306078e-01
9.466861373771677801e-01
9.081420604523204876e-01
9.163347194050331934e-01
8.781123354323848718e-01
9.384166735953828331e-01
9.586970127407343778e-01
8.544760165135841801e-01
9.077660405818314127e-01
9.461937560288548044e-01
9.266155904189152803e-01
9.789585031264889103e-01
9.090909408293205152e-01
8.532000928414276153e-01
9.479179737221649082e-01
8.926162860828763534e-01
9.172739048862609268e-01
9.423365553402780481e-01
9.442986059322020509e-01
8.956002490022105800e-01
9.476828777304859841e-01
9.220698166524352590e-01
8.341816575654253940e-01
9.412280443496527926e-01
9.330163346244154665e-01
9.253214702626686439e-01
9.158392548105660502e-01
9.024160245274789327e-01
9.439091892681333862e-01
9.057292952205542313e-01
9.331274773923027288e-01
9.051472662807457104e-01
9.012935463669237146e-01
8.355068269034127137e-01
9.464543604608439686e-01
9.197507022310050795e-01
8.592606204727765151e-01
9.478741529935690302e-01
9.042842127672664487e-01
9.253393966443468344e-01
8.953680398561937315e-01
