9.325242274871360371e-01
8.973417374863033036e-01
9.218602291686991412e-01
9.314249676516643817e-01
9.156195961291773155e-01
9.201253296100111445e-01
9.308229085072380338e-01
8.851198874303837227e-01
9.215256675163580047e-01
9.174728590126790539e-01
9.654119278154328354e-01
8.231246268392675702e-01
8.985965026988282922e-01
9.099452237700710322e-01
8.916512867696491096e-01
8.677379904547957157e-01
8.985198386897464973e-01
9.097655881711137482e-01
9.105207756096769245e-01
8.908858868036868550e-01
8.303174802486035233e-01
9.198410786178359277e-01
8.736586908801788898e-01
8.967545061235742132e-01
9.506594206087967125e-01
8.921213255095463701e-01
9.039249348326083844e-01
9.298223729487983258e-01
8.965871983323133732e-01
9.198105119063694213e-01
8.919411056386937764e-01
8.766062091658657351e-01
9.269614399157559692e-01
9.520301926816217009e-01
8.915540077113789375e-01
9.416306786678523277e-01
9.212963630524478864e-01
9.342977592873813464e-01
8.775809481088790998e-01
9.080527879610909014e-01
9.223799081630101870e-01
9.099466761699865902e-01
8.616084280296057996e-01
9.958341501731431400e-01
9.615127997730128495e-01
8.939006184210450678e-01
9.368063081959109306e-01
8.845549635515690401e-01
9.233951914261532279e-01
8.485939536448937615e-01
9.514089469201330029e-01
8.776066794617322087e-01
8.867387788864422582e-01
9.188483009662496981e-01
8.957537753588701301e-01
9.110142946463121172e-01
9.556656267012716421e-01
9.011765697219387139e-01
8.285335698250214653e-01
9.373283339364668620e-01
9.366167646332060892e-01
8.684141675416552353e-01
8.738140549295421167e-01
9.164296824422297760e-01
9.662462514130831792e-01
9.443495741582332847e-01
9.069306075441581072e-01
9.044263132865730803e-01
8.553285858319730206e-01
8.682582910504402784e-01
9.357645405496497482e-01
9.260747440250728379e-01
9.458503506776659853e-01
9.299087972282490400e-01
8.795691677206158854e-01
9.509338351603671136e-01
8.729817281704211895e-01
8.810223262759326879e-01
8.787736201261916458e-01
9.115791503439275578e-01
9.300741301400745620e-01
8.854417646767823724e-01
9.534897065401449767e-01
9.607906376555361838e-01
8.921200373435674846e-01
8.643789742762825190e-01
9.304067845252936841e-01
9.798533326722695946e-01
9.800456681277446291e-01
9.412689590738723133e-01
9.073912874504279635e-01
9.116035434111134927e-01
8.942093488543828572e-01
9.077352258120526818e-01
8.968501768736757418e-01
9.558873489615019592e-01
9.479566567716939396e-01
9.204592923282801653e-01
9.080090039004615754e-01
8.326054158682359985e-01
9.060611451608813205e-01
9.173589867703836331e-01
9.584019526007040435e-01
9.353698629208657689e-01
9.190498751050291126e-01
9.255778036123345487e-01
9.159528710075462987e-01
9.834741823402710637e-01
8.998515983842269028e-01
8.928812809820255714e-01
9.033464928901848712e-01
8.222483555754848128e-01
9.457522087783702958e-01
8.908243980750901736e-01
9.245142578927848520e-01
9.379260702382685722e-01
8.922062426424099968e-01
7.933750027740003041e-01
9.495649258880108912e-01
9.291783094183101444e-01
9.342405675312329683e-01
9.550580999435083207e-01
8.991187451507384187e-01
9.438051517628542886e-01
9.266155904189152803e-01
9.014689510688392859e-01
9.197507022310050795e-01
9.483849110018308659e-01
9.501228271463174613e-01
9.332173393131732997e-01
8.687157722762247625e-01
9.390144101835606882e-01
8.803029353995893702e-01
9.477157267391996820e-01
9.028506612801575626e-01
9.320231361117850000e-01
9.353015106957262015e-01
9.539307409347510536e-01
9.203105099952585411e-01
9.365814668290239897e-01
8.399476753020231889e-01
9.284446424637271544e-01
9.589520533802828872e-01
8.551848827660667451e-01
9.095358920851952522e-01
9.002563467237948425e-01
9.253752254123949195e-01
9.479658206704424384e-01
8.913827658658258768e-01
9.428140030780416403e-01
9.221659455745060407e-01
9.277110468207770966e-01
9.431889127735694212e-01
8.423213771028507102e-01
8.940265352422829270e-01
9.480938348876324362e-01
9.779771611223606609e-01
9.118246620572514338e-01
9.024229235016029138e-01
9.538069440276907285e-01
8.297886891584460578e-01
9.176634783579201704e-01
8.357536288629592303e-01
9.104993707993719321e-01
9.122405949841169148e-01
9.155975144802287469e-01
9.156781342995254924e-01
9.373996671473504572e-01
9.528917122878438617e-01
9.337458204231059433e-01
9.476832694916644817e-01
8.897066841159499972e-01
9.223144996163102904e-01
8.316229984340050008e-01
8.734949785340202499e-01
8.536003596560420847e-01
8.631037258775383636e-01
9.298779472710114735e-01
9.063570951924978525e-01
8.369353926040481451e-01
9.407922424616208534e-01
9.573328905371938369e-01
9.569171020875123501e-01
9.257080838050073535e-01
9.226810415377029173e-01
8.925091738621721005e-01
9.523871410680706528e-01
8.422070668285268624e-01
9.052495543758698471e-01
9.419538727869947170e-01
9.120865091592136320e-01
9.734700324306201358e-01
9.235619193049188214e-01
9.354560055724552292e-01
9.292003991325255008e-01
8.704638458848074078e-01
8.486189150334623177e-01
9.058428948818701976e-01
9.263897576904672748e-01
9.062413259159054491e-01
9.469004845160300388e-01
9.699275889684985108e-01
8.238279377048260965e-01
8.675338592153927220e-01
8.754213067103152612e-01
9.333150745336795673e-01
9.195578791602715407e-01
9.233824692134564582e-01
9.372023843463266335e-01
8.796035128235033529e-01
9.041761486174985096e-01
9.288364236251526185e-01
9.428900089511998983e-01
8.517823897911561692e-01
9.350543225181393581e-01
9.210244157823559430e-01
9.701075314642584324e-01
9.057383526038910171e-01
9.278746285373640212e-01
9.849339077572422108e-01
8.387760601489659962e-01
9.393638618331244805e-01
9.395309669864595481e-01
9.632888459784224588e-01
8.305171949488434624e-01
9.428166437954610402e-01
9.091352250909388033e-01
9.237852199069088721e-01
8.702504068788197156e-01
8.987514695316952684e-01
8.920099610028314752e-01
9.153727425864930378e-01
9.578768707758392731e-01
8.856469108033302451e-01
9.532318269430536395e-01
8.963283251000698781e-01
8.794741560761049071e-01
9.394744506319455679e-01
9.190734337834959300e-01
9.363521212540354410e-01
9.716089054984855533e-01
9.167877166322998539e-01
9.217069128896623331e-01
9.340418077999200763e-01
8.967984383389299152e-01
9.244436441715020436e-01
9.002716470113950598e-01
8.982062044134464518e-01
9.746543116416820363e-01
8.989234629011152444e-01
9.256690043452832084e-01
8.921022734281944810e-01
9.132071481316900163e-01
9.473791017035451123e-01
8.934066109195716310e-01
8.700499594352063548e-01
9.247170272045266426e-01
9.436361024754866822e-01
9.833921138009243945e-01
9.169282490714644185e-01
9.889006749300677246e-01
9.281249126370988423e-01
9.158759756010511621e-01
9.482344685852279742e-01
8.991376637826181684e-01
8.614041740493054711e-01
8.917126426576289511e-01
9.381846079965835417e-01
9.111871008672716155e-01
9.353508712047723384e-01
8.681629523964564665e-01
8.485204787672652182e-01
8.793210418696333353e-01
9.388903103197742128e-01
8.741462761915268498e-01
9.003159707152745828e-01
9.146186261284913188e-01
9.421706877028337423e-01
9.347637278549997264e-01
8.781492491225235675e-01
9.270888099696729112e-01
9.421778030945539006e-01
9.645862339277180286e-01
9.508505814813124069e-01
8.704530202040250408e-01
8.933951378673968824e-01
8.625196710165864422e-01
9.159645159348408505e-01
9.519333605572831702e-01
8.643789742762825190e-01
9.531735802207821351e-01
9.033060742607430527e-01
8.570927026399809412e-01
9.433931545910242411e-01
9.679964141258500243e-01
9.630970427583018800e-01
9.252727725722286189e-01
8.923520480321944781e-01
9.248447839342610610e-01
8.896978590869571990e-01
8.581540960407244567e-01
9.256695326371966459e-01
8.884164120292162847e-01
8.886515922167603776e-01
9.688975369611325661e-01
9.142090196233658705e-01
8.776553532629951526e-01
8.835259981127268070e-01
9.049731951205632896e-01
9.540531976179794649e-01
9.125696673544706483e-01
8.773398576186252074e-01
9.285158549956612495e-01
8.568197735408322746e-01
8.770632153926526398e-01
9.412196671815576954e-01
9.270491730054727375e-01
9.027284930494530180e-01
8.640983686858396684e-01
8.385001972010244220e-01
8.402168300042145432e-01
8.490662250171651104e-01
9.270262876493393644e-01
9.349936808012386802e-01
9.925466548081938178e-01
8.846365297244928039e-01
8.828459427667766368e-01
9.220354199662392780e-01
9.224992475529426583e-01
8.732961064897999393e-01
9.422261434810556002e-01
8.521981550507687908e-01
8.714302955741842771e-01
9.358238842085385700e-01
9.385320682036635276e-01
8.465202576667207879e-01
9.131080117414385189e-01
8.713071341820163296e-01
9.029044229635598828e-01
9.075540324457768149e-01
9.350451579717534711e-01
8.774492887789618889e-01
9.522652858366261741e-01
8.824185996725720793e-01
9.041287722739704824e-01
9.190318604311111805e-01
9.111871008672716155e-01
9.144529487888384267e-01
8.232339212041631660e-01
8.827221349025570207e-01
9.226754310591247510e-01
8.545638518175409093e-01
8.773817203887771532e-01
8.829029302720726724e-01
9.568490641767462002e-01
9.151497027198921552e-01
8.588304477242232338e-01
8.964423969572760109e-01
9.198150722995256379e-01
9.574514844059099916e-01
9.396613667888311650e-01
8.691974719814037353e-01
9.317606357725883859e-01
9.402147050357899660e-01
9.385467648509193683e-01
9.411096381687571455e-01
9.153242527817118113e-01
9.147213564308257494e-01
8.925800843844430288e-01
9.025617053337121609e-01
8.916512867696491096e-01
9.426996196704247044e-01
9.311468816702576090e-01
8.456402441036835471e-01
9.085788045006102376e-01
8.803147961884040251e-01
9.215989888919108308e-01
9.058111241405495395e-01
9.553689960042942575e-01
9.443284047544028281e-01
9.300078732389416292e-01
8.403264333432902689e-01
9.375063395109968223e-01
9.007458303351517648e-01
9.497353825092998969e-01
9.595401024284152536e-01
8.318556527426039793e-01
9.037574945057351705e-01
9.430686099842757741e-01
9.027914117416089290e-01
9.121937718079364821e-01
9.113301839742977695e-01
9.291597025602598148e-01
9.500869114995944553e-01
9.551837843888416613e-01
8.279487041770856592e-01
9.184458480144472858e-01
8.807721646651553993e-01
9.269329319298306169e-01
8.837119451340672560e-01
9.741397323661029617e-01
8.362269854311791262e-01
9.322529429049465355e-01
9.298460351540237534e-01
8.773702098048623554e-01
9.475585653709046596e-01
9.644052236508537934e-01
9.642804142299422621e-01
9.798086948902599014e-01
8.588222952661185294e-01
8.794795181419464702e-01
8.915535095805294796e-01
9.117924177058286395e-01
8.629901993579968122e-01
9.506435303781551882e-01
9.026183740447274451e-01
6.539665343211439330e-01
8.735557808601411844e-01
8.995824302766584069e-01
8.590979430946993345e-01
8.671807970671119303e-01
8.967298295654725360e-01
9.488723412622395159e-01
8.895631777657957429e-01
9.625517439501073413e-01
8.832193877614499256e-01
9.525630113919898445e-01
9.133933638457356619e-01
9.645449882146328591e-01
9.243380010818691428e-01
9.446992060633402355e-01
9.255630213795694727e-01
8.949002451920679002e-01
8.985727060906418817e-01
9.080008602911608939e-01
9.347755090283954571e-01
8.302325580906257940e-01
9.245536682153535635e-01
8.662245736421237963e-01
8.297399142543498973e-01
8.708016443946681173e-01
9.412173463257098582e-01
9.385467648509193683e-01
8.926940615332960016e-01
9.157918272421237127e-01
9.452971248209993682e-01
9.193983105597781647e-01
9.042510144706029651e-01
8.747818672456565414e-01
8.736000763037150563e-01
9.266329434864192249e-01
9.240490706440974700e-01
9.659187644198332645e-01
9.195308320640099842e-01
9.845653106250695785e-01
8.624369414822359303e-01
9.427386577236692711e-01
9.120948978081387937e-01
9.347598636600068511e-01
9.428507054950866495e-01
9.212337983936270680e-01
8.628945409382597909e-01
9.470447094298894974e-01
8.732918958378141916e-01
9.480892556035542817e-01
9.493066587559254588e-01
9.251066949302713116e-01
8.130254414639455085e-01
8.996980821364711778e-01
8.645258054485862598e-01
9.175419064329691787e-01
8.417687412926739832e-01
9.361347611159969162e-01
9.022204020949252667e-01
9.867324850046814699e-01
9.566076167555968013e-01
8.600375771910580003e-01
8.546346884952888967e-01
9.107709806355156479e-01
9.558548637880920351e-01
9.150888945692804421e-01
9.064240528731259960e-01
8.707813059280832269e-01
8.878955276515295703e-01
9.023597193550781936e-01
9.410257240679233970e-01
8.987656680015125854e-01
9.408164952956586946e-01
9.590436854832132818e-01
8.779259898236319026e-01
9.202311619593056546e-01
9.176039439197711811e-01
9.116164432424882502e-01
8.554239485017930411e-01
9.071576394035303359e-01
8.805804782453017232e-01
9.018789979514094668e-01
8.713130727425625333e-01
8.968604976704134257e-01
9.354191134218239334e-01
9.085842168635710481e-01
8.724426428819251900e-01
9.407757539475106734e-01
8.895736314449377291e-01
8.595889138692686116e-01
9.429834401540245770e-01
9.299607708478194734e-01
8.866473756757052849e-01
9.037431261604362831e-01
9.358421246840362695e-01
9.538900737404526486e-01
9.155147864214463471e-01
9.242310472277932565e-01
9.104027362233942933e-01
9.574535750430483994e-01
9.282028683106074984e-01
9.558259292280764097e-01
9.264242017316656197e-01
8.287556861389288043e-01
9.732950352747614664e-01
9.550810413969040846e-01
9.066378995882469205e-01
9.092057567857568801e-01
9.115668890297660143e-01
9.520352412811611265e-01
9.076650097361860237e-01
9.510339729154849708e-01
8.663969101900282910e-01
8.920492703756510711e-01
9.538909038627803039e-01
9.566128186157977220e-01
9.374217615593969377e-01
9.637130798667259413e-01
8.638703427967512338e-01
9.423267890801946267e-01
9.655338562176587480e-01
9.270373031590050106e-01
9.508235415267908275e-01
8.916231437245116798e-01
8.973833707831309070e-01
9.324324495520829315e-01
9.086555484231600976e-01
8.641956506678623029e-01
9.147056150444745626e-01
9.777445821508405910e-01
9.573289762618441001e-01
9.528280865193126115e-01
8.878561291103795883e-01
8.915463208724750954e-01
9.142557704853840894e-01
9.508932811194168444e-01
9.432762070429218104e-01
9.002716470113950598e-01
8.938839671377889484e-01
8.760825336845954325e-01
8.530564903213525563e-01
8.657187434116137004e-01
8.722358152924872821e-01
8.957217924233209505e-01
9.029327521788456101e-01
9.414706291158396745e-01
8.685691083105847587e-01
8.659048494307860500e-01
9.167575366307583185e-01
8.991512241382366710e-01
9.144409416517372824e-01
9.252637455075248818e-01
9.101735097892014181e-01
9.151118632679778875e-01
9.478813543316810808e-01
9.175574249580499275e-01
8.999057303638677840e-01
8.811599413187547469e-01
9.435418727628599456e-01
8.882606577085070398e-01
9.382185264867073382e-01
9.647649506971764932e-01
9.247786346097308652e-01
9.504211339574651918e-01
9.260186409319773881e-01
9.314332776593423624e-01
9.013869847133947344e-01
8.163808395816989361e-01
9.409297065058949139e-01
9.104144807222062097e-01
8.700300766987528744e-01
8.814227634478908335e-01
9.728574871398033563e-01
8.176593270752678944e-01
8.913475578625537077e-01
8.954745543827816734e-01
9.083525432727556082e-01
9.696917472737348609e-01
9.295725392447132807e-01
8.688006677898945096e-01
9.568434172796961290e-01
9.334256889481722386e-01
9.474511845899394880e-01
9.399984500362451589e-01
9.136893232738647619e-01
9.633049132655865376e-01
9.371666196404869753e-01
8.916203498107504455e-01
8.960735990228728687e-01
8.765291754059224560e-01
9.070442522838798594e-01
8.502935757383794924e-01
9.101259324583587107e-01
9.774994671322176920e-01
8.964336378460365795e-01
8.926822133866251230e-01
9.663728519254631832e-01
9.242875845047430206e-01
9.654004368222435239e-01
9.533567021163525945e-01
9.335814225671600353e-01
8.738550645356906177e-01
9.917054878938498241e-01
8.547493575307915092e-01
8.935475270397255088e-01
9.307967035402356926e-01
9.069140466241540910e-01
9.247302027524573198e-01
8.620688071700978172e-01
9.172319476583070674e-01
8.619388416296184241e-01
8.580926877813417342e-01
9.064055442820929676e-01
9.334632317759096187e-01
8.212411865320686788e-01
8.977038186211510062e-01
9.405434575371003358e-01
9.592873551096687823e-01
9.096080608595833450e-01
9.027630978182603627e-01
9.251739144068776843e-01
8.745210831467274959e-01
8.868756099382211211e-01
8.844324405927433963e-01
8.781292451655250408e-01
9.392144950450396212e-01
9.416428034739872110e-01
8.771230259409569241e-01
9.591004858392484511e-01
9.102059422771316965e-01
9.241027802838660543e-01
9.280799584423552462e-01
9.087606943417184668e-01
9.599129157098106324e-01
9.527620436811368165e-01
9.429834401540245770e-01
8.941676052888555271e-01
9.252548164299136957e-01
9.051223429964868616e-01
9.431249205019947013e-01
8.422667262294514234e-01
8.691963960207460538e-01
9.668885500894663920e-01
8.624090630746821251e-01
9.523663105242706761e-01
9.410417020517755082e-01
8.164878294068965703e-01
8.889763645702863926e-01
9.583331878834674411e-01
9.710893645313554146e-01
9.603558976227170030e-01
9.220132140086191308e-01
9.030415259220411217e-01
9.265667610019896472e-01
8.057528291456674818e-01
9.206037365441254172e-01
8.713436969342949201e-01
9.480439723807485564e-01
9.379984607813919295e-01
9.083056716053835578e-01
9.083408412340701066e-01
8.900014902850147402e-01
9.230693615422097542e-01
9.215827060919659086e-01
9.340916486541562813e-01
8.937733099650593260e-01
9.365994284831447025e-01
9.268760247399334684e-01
9.323514959448300221e-01
9.438748320745898868e-01
8.980178408256113132e-01
8.766764662567253508e-01
9.153940239711058080e-01
9.284786217487407400e-01
9.441124511436653766e-01
8.931186844474718889e-01
9.472469509001238963e-01
8.858951328840594108e-01
9.141423040106747555e-01
9.838170848279453873e-01
9.313327505748156820e-01
9.279745335186229127e-01
9.672100503643950020e-01
9.036871358093104822e-01
9.132531866003660292e-01
9.084031146838663640e-01
9.330183831690886942e-01
9.182053479753753411e-01
8.345667314518452340e-01
9.288450116934616752e-01
8.775126695250086151e-01
9.016976324263912268e-01
9.388788589083393310e-01
9.791131209855769013e-01
8.815587324858402685e-01
8.860923932154132210e-01
9.242138633491610022e-01
8.898119298703656144e-01
8.927814340374315982e-01
9.397113815259998670e-01
9.134557094007516032e-01
9.338166573776167656e-01
9.029557308758322520e-01
9.468786345645371361e-01
8.494819134028464003e-01
9.126900317454479383e-01
9.177320424192534354e-01
8.539574235652046541e-01
9.324353559371892919e-01
9.040501492788651783e-01
9.082366228578896417e-01
8.955810690224348392e-01
9.058428948818701976e-01
9.166367009042228897e-01
9.700986737141581440e-01
9.033464928901848712e-01
9.241605084339322707e-01
9.318656030421360592e-01
8.526933094804433066e-01
9.689959355284819553e-01
8.846751985694335518e-01
9.204592923282801653e-01
8.644348273887936251e-01
8.543784312465878550e-01
9.107709806355156479e-01
9.299182944747409474e-01
8.849282959353190758e-01
9.475369367680188670e-01
9.572930081960404625e-01
7.917289896810902894e-01
9.251739144068776843e-01
9.157528010561750698e-01
5.660670409057037000e-01
9.139646458616211833e-01
9.022204020949252667e-01
8.343468269084036715e-01
9.532284231378577166e-01
9.335834822237273345e-01
8.958618601381848068e-01
9.249459672026637547e-01
8.825945783709324699e-01
9.855949163849285766e-01
9.371252202918535223e-01
8.645264988536009998e-01
8.346572716723144048e-01
9.390177071132365105e-01
9.342498175551365858e-01
9.340286510600314118e-01
8.657193833026900487e-01
9.445778648022337132e-01
8.828553487089275675e-01
8.813039104407190960e-01
9.578804252194367264e-01
9.096131321516472967e-01
9.228663121875326780e-01
9.322165355948135446e-01
8.751011767722208790e-01
9.399950401329473237e-01
9.228025641447928917e-01
8.895791022342152132e-01
9.091057067058446739e-01
9.083377814489959068e-01
8.781351272606769953e-01
9.104273979366669378e-01
9.022571698500029269e-01
9.309172106779869393e-01
9.587968983362665787e-01
9.628464474797444606e-01
9.238105100221722932e-01
9.327673411619485933e-01
9.424670163958496216e-01
9.529427271116832632e-01
8.965037545203538016e-01
9.598159903463973075e-01
9.181402086081108527e-01
9.487586773469723900e-01
8.912277099416677784e-01
9.186415299818214697e-01
9.184168139292498978e-01
8.763500120490941292e-01
8.997767829768666958e-01
9.792164331917512232e-01
9.181704190761306172e-01
8.538939426241211050e-01
8.048825340467457012e-01
9.441377626326464823e-01
8.548771879173980848e-01
9.059275461568777610e-01
9.269648193829175264e-01
8.745862091013533179e-01
8.383254524266801067e-01
9.121384785751637247e-01
9.219475573337057028e-01
9.249747324159316442e-01
9.401167708878396256e-01
8.781830684380916852e-01
8.698478756455060301e-01
8.912195209827069586e-01
9.251739144068776843e-01
8.004108475208389084e-01
8.723856492730490686e-01
9.182757384318116500e-01
9.180274864320298045e-01
8.767098958530233910e-01
9.382430334933018479e-01
9.235141135038558158e-01
8.715219901301967109e-01
9.595690762490509673e-01
9.030978381191228088e-01
9.260186409319773881e-01
9.072458647405613474e-01
8.746109654503910757e-01
9.163125735096578905e-01
8.956639298275500538e-01
8.987849711568811628e-01
9.364194081862190489e-01
9.235614685811889268e-01
9.225004162762685533e-01
8.632771600379312016e-01
9.251005769148656910e-01
9.187011118668463316e-01
9.115142738502609587e-01
9.538711245665590921e-01
9.007320520550422538e-01
9.407166534348577747e-01
9.815265075329172584e-01
9.505336482020095845e-01
8.369573729759536285e-01
9.210843179150922655e-01
9.435451183978763590e-01
8.705767491174114525e-01
9.277654186407305881e-01
8.996661170630091409e-01
8.587343785743047908e-01
8.546460991196246360e-01
9.465695205865772843e-01
8.985373545604780077e-01
8.890306741612549191e-01
9.152616090580014685e-01
8.890124751222480137e-01
9.283210285845211462e-01
9.094569230646959435e-01
9.089062611546312453e-01
9.266903136168291866e-01
9.196172679866303490e-01
9.341479303450341831e-01
9.455052108559464097e-01
8.944165998146459406e-01
8.995716918334131229e-01
9.379024674088195512e-01
8.892442990633379063e-01
9.532284231378577166e-01
8.601682281964487808e-01
8.830121483432605833e-01
9.476001568265182140e-01
8.546304194702918355e-01
9.290044047187220322e-01
8.685015479792833615e-01
9.123924949569609533e-01
9.479090881005406422e-01
8.229120597206669441e-01
8.734608421640099873e-01
8.724770392781677764e-01
9.407973646214814467e-01
8.563258372828118636e-01
8.784285443553999650e-01
8.888909211814722822e-01
9.501329883909614971e-01
9.379591847757403622e-01
8.779259898236319026e-01
9.273954951822428461e-01
9.532782043365661817e-01
9.179695733469043217e-01
9.071734079206151824e-01
9.476812881662067811e-01
9.499978984363851575e-01
8.952868611687807565e-01
8.701106027049599900e-01
9.182288239590146173e-01
8.691963960207460538e-01
9.181947019048731784e-01
8.994814047130766932e-01
9.570354488108608892e-01
9.086689329901900258e-01
8.757030101119714915e-01
9.762799783134844533e-01
8.503543282902531475e-01
9.198165341400453832e-01
9.580714505501959355e-01
9.087391188300435463e-01
8.493594731011079313e-01
8.547272966206053146e-01
9.529008034730511723e-01
9.350786733138782836e-01
9.030739932089117961e-01
9.279847807182924901e-01
8.703715886949781044e-01
9.268509029470577421e-01
8.573508834913566856e-01
9.412421976620641839e-01
8.956860488760576278e-01
9.062650658954852778e-01
9.095612480903860764e-01
8.681386442274171555e-01
8.929025659149275596e-01
9.112305961570200674e-01
8.949132269077958446e-01
9.215722245525171941e-01
9.019958755015182739e-01
8.943399115400579857e-01
8.673464368540172442e-01
9.644085006854753450e-01
9.524905032493728996e-01
8.793114063855206330e-01
9.455635817191748727e-01
9.161938599905792291e-01
8.833355327573508831e-01
9.361267604130646403e-01
8.451947146994107651e-01
8.778852041149944885e-01
8.241080284183095461e-01
8.654899207401148820e-01
8.872360072037536183e-01
9.397679718503355595e-01
9.448331669093861240e-01
8.891822834561197153e-01
9.123354935815326527e-01
8.304329173984604795e-01
9.059541743277712555e-01
9.342214551075809226e-01
9.417445628842925354e-01
9.367260771559174914e-01
9.357803517800536985e-01
9.355428783082113675e-01
8.957979693025237555e-01
9.049519349725894113e-01
9.194271222801532195e-01
9.519263182266159973e-01
8.311581359952758818e-01
8.776323402180152833e-01
9.515669394207749709e-01
9.171819802844994873e-01
9.179197342341149923e-01
8.689028126529909635e-01
9.103141235839119494e-01
9.028318336748757389e-01
9.240337370362600167e-01
9.421798539453474230e-01
8.474398915966744328e-01
8.527965141498248247e-01
9.891187305156863285e-01
9.315467300516806493e-01
8.737395885002287033e-01
8.945933355644093421e-01
8.609903253834960690e-01
9.201296834913152978e-01
9.380732891238624527e-01
9.676146228994640941e-01
9.478028558992612762e-01
8.914761843598957292e-01
8.817167551042913720e-01
9.763615905484146484e-01
8.843023440076526187e-01
8.651376608870583462e-01
9.223430659487035221e-01
9.463697993946434961e-01
9.418334215003906218e-01
7.477917000756864052e-01
8.909487394302143537e-01
9.146710124965021782e-01
9.131466233412968148e-01
8.597266133759100537e-01
9.194767885163810384e-01
9.186940645306882480e-01
9.414106582958740033e-01
9.030653685128214869e-01
9.193609784396219453e-01
9.379420769759529986e-01
9.013869847133947344e-01
9.468536068398238914e-01
9.197750302285110369e-01
8.435234684597434640e-01
9.487925183757877079e-01
8.877469563592590429e-01
8.371926490519070452e-01
9.173218699984931890e-01
8.901522796270000537e-01
9.600158701718914944e-01
8.704530202040250408e-01
9.264040488867187895e-01
8.297399142543498973e-01
8.898829904223568565e-01
9.658694135629219968e-01
8.796750399732568004e-01
9.382211413739321992e-01
9.313316102729624069e-01
9.526062178065970443e-01
8.343926718045751034e-01
9.878988786183050541e-01
8.682294861939411357e-01
9.437213105354497200e-01
9.411751996647204077e-01
8.282520427109701933e-01
9.597474647876081955e-01
9.063349425487184918e-01
9.581684904842527883e-01
8.788284264882562091e-01
9.158120556797282319e-01
9.286571180022974437e-01
8.925554511813731384e-01
8.795447248233977389e-01
9.081784519982653014e-01
9.201304454641000552e-01
8.121866058913203013e-01
8.757225473553696959e-01
8.746881036103941742e-01
9.254735898609356415e-01
9.422563415619001903e-01
8.874911312718251066e-01
8.640870446499835378e-01
9.913685576792794496e-01
9.084068586512822341e-01
8.798233085311937263e-01
9.269512943123279225e-01
9.054053000069692825e-01
8.992226096509537969e-01
9.580042568884588050e-01
8.862001632602025669e-01
9.469075866702900690e-01
9.033640093029119411e-01
9.481025155965506768e-01
8.921200373435674846e-01
8.991122470238965825e-01
8.662300955513262402e-01
8.491176326797366114e-01
8.409147671970024218e-01
9.130806371175759217e-01
9.151851810277628063e-01
8.892654469753943358e-01
9.308945099374695831e-01
9.273330460012706444e-01
9.057778278504898806e-01
9.148159364571505359e-01
8.324968056911494774e-01
9.195337743755109816e-01
9.660415070190876419e-01
9.155692160224008225e-01
8.680925516346703619e-01
9.909266876930247214e-01
9.228620490142106503e-01
9.410257240679233970e-01
8.711661093891736041e-01
9.035497929226227187e-01
9.194776434739445614e-01
8.770234195743593641e-01
9.694004170162516809e-01
8.768162540512242087e-01
9.073198192360197867e-01
9.542676375656268251e-01
8.866983484882956512e-01
9.384123409286742046e-01
8.273837315664958059e-01
8.285181867833997238e-01
8.487938498021524447e-01
9.606429154417545080e-01
8.093454694878214895e-01
8.508111138347729252e-01
8.551222582855207976e-01
9.290376588804204472e-01
8.878612721084648829e-01
8.858321548080448915e-01
9.408665429740489250e-01
9.316783023917166728e-01
9.383767916893025474e-01
9.354234832442515080e-01
8.789530513963822456e-01
9.205182959661967201e-01
9.368212815858336651e-01
9.198062677872317350e-01
8.963283251000698781e-01
9.365531169263424660e-01
9.279779839832632549e-01
8.136178012121689784e-01
9.254876222456154267e-01
8.533337577491749704e-01
8.927207928472982168e-01
9.359963065014154093e-01
9.056968184195074434e-01
9.409475957516161282e-01
9.632249961451802012e-01
9.049653448385044374e-01
9.568434172796961290e-01
9.311959505581580698e-01
9.332062845358223280e-01
9.285628927068740879e-01
9.088325444044278445e-01
9.062593959813750599e-01
9.158759756010511621e-01
8.701672525712347284e-01
9.064708952646866047e-01
8.386936103927259412e-01
9.359991579512343396e-01
9.030739932089117961e-01
9.000392169311669521e-01
9.282367393560770896e-01
8.775375062822516892e-01
9.547893235699074221e-01
9.486141512750497773e-01
8.607432533712391365e-01
8.359730831197401679e-01
9.399859171924195289e-01
9.163333586388817675e-01
8.410856568865702210e-01
8.765524411062248777e-01
8.644814730588280538e-01
8.681771904485243718e-01
8.946200622684234993e-01
9.540217606940477602e-01
8.596958929418011541e-01
9.232968177882766581e-01
8.788213276556943176e-01
9.119638655086984569e-01
9.198140710618146754e-01
8.895082811841676929e-01
9.529996074830925368e-01
9.293818834666536244e-01
9.538905851954210258e-01
9.489547327079027594e-01
9.055702393722214749e-01
9.354388938348561222e-01
9.432724881117822147e-01
8.552759873015419734e-01
9.481575226193382777e-01
8.689857375140512818e-01
9.065214353372966771e-01
9.115431345266005181e-01
9.386962280993291774e-01
9.162599391786494518e-01
9.352226438119660701e-01
9.331849439689067216e-01
9.404713692599535602e-01
9.234552003513230023e-01
8.838527718294216795e-01
9.380673860692724242e-01
8.832861982257869116e-01
8.972026483580366474e-01
8.891830571884189460e-01
9.486215192411823205e-01
9.411323312697336130e-01
8.684309835854505666e-01
8.758313801118167152e-01
9.894369554113227050e-01
8.742678078669707809e-01
9.486052462496858961e-01
9.492890022224494961e-01
9.423000101839413833e-01
9.117889364171002375e-01
9.316119869758804350e-01
8.898113813968283603e-01
9.425888750450157616e-01
8.962396654226462145e-01
9.490913704741581469e-01
9.440536525320097905e-01
8.599415542724466732e-01
9.749146850429031286e-01
9.103418679604455832e-01
9.533753060915149957e-01
9.094195510914790948e-01
9.519949197801131913e-01
9.845032163131819392e-01
9.208775677613614263e-01
9.100678836792213122e-01
9.533753060915149957e-01
9.288450116934616752e-01
8.884611679520473260e-01
9.478242443012772078e-01
8.836341589039313771e-01
9.644232059388463396e-01
8.787695249389303465e-01
9.541744746927239840e-01
8.851062191317069505e-01
9.936777989591480953e-01
8.385945486410948391e-01
9.175592896028530454e-01
9.480597612858204792e-01
9.545378485233143584e-01
9.104993707993719321e-01
9.343610719311239432e-01
9.412421976620641839e-01
9.541692718559349196e-01
9.041740754107729927e-01
8.178037152521180353e-01
8.776227186066420938e-01
8.764130003587049522e-01
8.620852567828544144e-01
9.198165341400453832e-01
9.066211150273624231e-01
9.173999592515608148e-01
8.873131890530367993e-01
8.724275804601606676e-01
8.972079111563795450e-01
9.315163744762406939e-01
9.056528422764176245e-01
9.181770832260710558e-01
9.272317156781262337e-01
9.349936808012386802e-01
9.309170421095451786e-01
9.110274298994767150e-01
9.006972700775943697e-01
8.898208899852051434e-01
8.742138207412769590e-01
9.093396759133171026e-01
9.422970664017321640e-01
9.598984391605867028e-01
8.444859754521906181e-01
9.354850847406875891e-01
9.258889684018947186e-01
9.003054923262913123e-01
9.147695206146758684e-01
9.192669790468643853e-01
9.601354943400997044e-01
9.230957665502048659e-01
9.113286005070675433e-01
8.931361386574581118e-01
8.555766542990373980e-01
8.874484557144125541e-01
9.584255020242296030e-01
9.674831980140187193e-01
8.505312343279919363e-01
9.252302166905250758e-01
9.039293610947912727e-01
8.876958376041822474e-01
9.180209453721557278e-01
9.523663105242706761e-01
9.021596731844513384e-01
9.264283564255300085e-01
9.295255545599565572e-01
9.244396132365340080e-01
8.886598733455745025e-01
8.648563293681246211e-01
8.949180598701249600e-01
9.487972943343266907e-01
9.246493005918294816e-01
8.733245523017105771e-01
9.214566553779656166e-01
9.692091230901749288e-01
9.238349456334029597e-01
8.868386892277151379e-01
9.377850495434714162e-01
9.373086604202384153e-01
8.626320435250592888e-01
8.789506543917711134e-01
9.505255546566871994e-01
8.413963131821946551e-01
9.702447036886294729e-01
9.063379724250074654e-01
9.035497929226227187e-01
9.076238450972284877e-01
8.285429052289512430e-01
9.393411231568968844e-01
8.678857557796615385e-01
9.100678836792213122e-01
9.665396783898683175e-01
9.154307563272648940e-01
8.639951811101433954e-01
9.424014495800776547e-01
9.012797979541439242e-01
9.307568753766880532e-01
9.066055901948953943e-01
9.643679730292333829e-01
8.817547210709635319e-01
8.918146979525306550e-01
8.805111519029221734e-01
9.798086948902599014e-01
9.281099009636194497e-01
9.448739216712103151e-01
8.660578348700687101e-01
8.900373879827127022e-01
9.552324379164769397e-01
9.311469461891499488e-01
8.966806777403339979e-01
9.500869114995944553e-01
8.917279715414186958e-01
9.306445595099723800e-01
9.031048706741626741e-01
9.452620853567026415e-01
9.210999360042031459e-01
8.775126695250086151e-01
8.470902159765048012e-01
9.440459763429617235e-01
8.871987118700555008e-01
9.124140385034764655e-01
9.385320682036635276e-01
9.421073429530184562e-01
9.203657429183527139e-01
9.082656826509692971e-01
9.567232340221688558e-01
9.065402346829122271e-01
9.340270187809420754e-01
9.340916486541562813e-01
8.896690917710721180e-01
9.544696594034367543e-01
9.416373147487930861e-01
9.320783372258126809e-01
9.301465640116048927e-01
9.800456681277446291e-01
9.326109367058623700e-01
9.081792529324909102e-01
9.114071670548132831e-01
8.858631563187118196e-01
8.733245523017105771e-01
8.953054266000762818e-01
9.217236155094251648e-01
9.143088145708485603e-01
9.177438164956627231e-01
9.058901639328188482e-01
8.498208358377774552e-01
9.109880287159514145e-01
8.852658177777048554e-01
8.732285672058192061e-01
9.630829160229330554e-01
9.098828395921708667e-01
8.836750359362719465e-01
9.256012276436471620e-01
9.340814953237051022e-01
9.418296303972550909e-01
8.331921276733902371e-01
8.798360543093105557e-01
8.980270366627211009e-01
9.623765467107099347e-01
8.493293717511385399e-01
9.958341501731431400e-01
9.395301294014427596e-01
8.357830823768007678e-01
8.918402602504786891e-01
8.934469279086860727e-01
9.235619193049188214e-01
8.812503131465353468e-01
9.874016150343640774e-01
8.632041945600077426e-01
8.877125243660457521e-01
9.249664232070795578e-01
9.306971707481345168e-01
8.979505641124603255e-01
9.049185279444400543e-01
9.177892522389625718e-01
9.426012524978607532e-01
9.913459967691585772e-01
9.374574160522910482e-01
9.008747732781650086e-01
9.464512998086340723e-01
9.190407052692238787e-01
9.297159249687598770e-01
8.812349523876940038e-01
9.071576394035303359e-01
9.459559853300025800e-01
9.027594685510973438e-01
9.074399632701980467e-01
9.420703082709697140e-01
9.111103514869617337e-01
9.283952644480801819e-01
9.326596572172799471e-01
9.280521094709761609e-01
9.353015106957262015e-01
9.484237257371149754e-01
8.641230991873170009e-01
9.263427748701890119e-01
9.855949163849285766e-01
9.271074901654374756e-01
8.771785990357349183e-01
9.720111409482977693e-01
9.169369226978986154e-01
8.773817203887771532e-01
9.131654595095686222e-01
8.990720722077831795e-01
8.739849385081875921e-01
9.270332430412755453e-01
9.899614131716348853e-01
8.880747523124512544e-01
9.084993548100935845e-01
8.739849385081875921e-01
8.888986938053681230e-01
9.112267660077728593e-01
8.743386006167677138e-01
9.156626026162111298e-01
8.783357259388454574e-01
8.332363359138135195e-01
8.779612809925210204e-01
9.205168578212518105e-01
9.597474647876081955e-01
8.922698916739778552e-01
9.021596731844513384e-01
9.087481097769759542e-01
8.792453846116592420e-01
9.184126460227510780e-01
9.433548409109272503e-01
8.940389679685510904e-01
9.568845310548985683e-01
9.540311007063633220e-01
8.796690738291962353e-01
9.237058664403005048e-01
9.824648392935514396e-01
8.870157940252944018e-01
8.702648934632772892e-01
8.727020761082563416e-01
9.354556651063498096e-01
8.915336903730866069e-01
9.011226476573506172e-01
9.410868605526335751e-01
8.696285579899346585e-01
9.582364591147753963e-01
9.153511770444424656e-01
9.909359459683261262e-01
9.506847653050458646e-01
9.138153599669355254e-01
9.111357772462135296e-01
8.768386698989451000e-01
9.891119598068198737e-01
8.914598365945084479e-01
9.126137679120954749e-01
9.333278487564212744e-01
9.484572062151095384e-01
9.537203607904953806e-01
9.388686071100991182e-01
9.052725401504037039e-01
9.153511770444424656e-01
9.067644926845584985e-01
9.603408587119425244e-01
9.899452640234425171e-01
9.389357932111206395e-01
9.262177984717041568e-01
9.655497715186112107e-01
9.099153880736526867e-01
8.631595688406561440e-01
9.036342077759432767e-01
9.413860333536911984e-01
9.265667610019896472e-01
9.860548550376994070e-01
9.082036117780575291e-01
9.409475107061886501e-01
9.557767621860482343e-01
9.095612480903860764e-01
9.033060742607430527e-01
9.017309952127495754e-01
8.788710218565417565e-01
9.432474267116018884e-01
9.374157732692035561e-01
9.180335781251034444e-01
9.272317156781262337e-01
9.574429728574916920e-01
9.254877940126295943e-01
8.904912254980257291e-01
9.515294260596147691e-01
9.075762783066981809e-01
9.259441673985517873e-01
9.313495446834578750e-01
9.066772576560961916e-01
9.143531083297753437e-01
9.545610085445661586e-01
9.345841259951334079e-01
9.169932604102586371e-01
9.078363869993435475e-01
9.215009402345459844e-01
9.090632427919550507e-01
8.828116765264580890e-01
9.110687040237377410e-01
8.460152144933633656e-01
9.066916588779306840e-01
8.940168769733679577e-01
9.357281706921658504e-01
9.099346123970349920e-01
8.104203759578673116e-01
9.424205466490803706e-01
9.075038895471512213e-01
9.383480951069701481e-01
9.119621832544532181e-01
8.925296319081770235e-01
9.397175794527720116e-01
8.790862697885925003e-01
9.178398643297464021e-01
8.966069078061484898e-01
8.953332632960840920e-01
9.275866336657381250e-01
9.002801271631678537e-01
9.311469680868689203e-01
9.346821579057859042e-01
8.085583132931138950e-01
8.863553775792616385e-01
8.986381600693831295e-01
9.368694054356077050e-01
9.243952944046192055e-01
9.701408613787029234e-01
8.842833153352105402e-01
8.829184846795274932e-01
8.125602309897600461e-01
8.228580413975989938e-01
8.700344534417473463e-01
9.202847720482771887e-01
9.021649508348908997e-01
9.307179688230047265e-01
8.909535652045073029e-01
9.147129587181677124e-01
9.002633561857991129e-01
9.220423569173246126e-01
9.552016921765840163e-01
9.232731316918031395e-01
8.790001781204197506e-01
9.525622781803887440e-01
8.914168469455153732e-01
9.290959594684810030e-01
9.602625588267240664e-01
9.384660260005830423e-01
9.443799817723432799e-01
9.014459864169961367e-01
9.316551272471436107e-01
9.005634409905501903e-01
9.641253450702540473e-01
8.679481109608905287e-01
9.251960881237146772e-01
9.081045564982149765e-01
9.447502709563573298e-01
9.227814650667839347e-01
9.610146969739573608e-01
8.772786257511937524e-01
9.968385933789991604e-01
8.986992613664783747e-01
9.169867399334609148e-01
9.877743602222998076e-01
8.366672439382651927e-01
9.904639573199902625e-01
9.444475441584155861e-01
9.022351956764619318e-01
9.312726334250526206e-01
9.485019844578904680e-01
8.962168405672430449e-01
8.732496832946425869e-01
8.921447799550565882e-01
9.918388126815708139e-01
9.596239641413949473e-01
9.442634287662236003e-01
9.754570144172921564e-01
9.068807521072153044e-01
8.624295585269231568e-01
9.322920053163052945e-01
8.780957137764403564e-01
9.280167133861633166e-01
8.996221867627177682e-01
9.402294802056176959e-01
9.197148982655604099e-01
9.492716460048166160e-01
9.537627577699984149e-01
9.424383531486338894e-01
9.132368157931054498e-01
8.847614929610908563e-01
9.528030246346937959e-01
8.977612558871912452e-01
9.401777810479128306e-01
8.809948421531926810e-01
9.485500165520620586e-01
9.070961732244838815e-01
9.523634353088215043e-01
9.303741164950372067e-01
9.742126777044058938e-01
9.402015813595480109e-01
9.368441144684197530e-01
9.797078816089584974e-01
8.492620349959039139e-01
9.176911424591565059e-01
9.328278661439967090e-01
8.885244669612136770e-01
8.731401180484585911e-01
9.131515046289259141e-01
8.844725998829978675e-01
9.043588151444684753e-01
9.227002711322314088e-01
9.541501707837184432e-01
8.770632153926526398e-01
9.302910154802859211e-01
9.626593081913306094e-01
9.072615268670878308e-01
9.534171074116440936e-01
9.051374360702434396e-01
8.432956217536272669e-01
9.075838920517668162e-01
8.653935629453385348e-01
9.646701440048641718e-01
8.666322089784900262e-01
8.386215631086980649e-01
9.298779472710114735e-01
9.224633968868235501e-01
8.504101629119354966e-01
8.614758505921734644e-01
9.006958214051967726e-01
8.965723362635708016e-01
9.533157300940429124e-01
8.914617893590276454e-01
9.078755035724466183e-01
9.579318252112420939e-01
9.414761470069638039e-01
9.164745528603267521e-01
8.581667580385426986e-01
8.657651099735538258e-01
9.103279434448136032e-01
8.946261557818038224e-01
9.860359115074613934e-01
8.579883984501037730e-01
9.078216464727560941e-01
9.179757999824019743e-01
8.948878095726373605e-01
9.453309156583015183e-01
8.999223776091563876e-01
9.866642197932750102e-01
8.967846805188025572e-01
7.849177605507721145e-01
8.796573841814109285e-01
9.229285485981812975e-01
9.271815658498010482e-01
8.655056084896378676e-01
8.701565109400259956e-01
8.513782549137081102e-01
8.714830359673958471e-01
9.909975442958682823e-01
9.009749731542373574e-01
9.626252630100335939e-01
9.217248600363808775e-01
9.402365937036923915e-01
8.534778515682974742e-01
9.109454083046346629e-01
9.083897340083774141e-01
8.815463473369555825e-01
8.922380758797729960e-01
9.786257684464688689e-01
8.708040970621171439e-01
7.589693108035443503e-01
8.773451789146633484e-01
9.134035295030982216e-01
8.697470051201454666e-01
9.211125295112756461e-01
8.928672084442823564e-01
9.435292221912557897e-01
8.985198386897464973e-01
9.696107743700449477e-01
9.147668527940147065e-01
8.997196943982389561e-01
8.154709733112962544e-01
8.689932217954540183e-01
8.636587231962102873e-01
9.443602711371041902e-01
9.023854698230504567e-01
9.009954257441543657e-01
9.222799139134306712e-01
9.195578791602715407e-01
9.154676044427396686e-01
8.528471466867231232e-01
8.857136413072772552e-01
9.858267820754069710e-01
8.687443785061472745e-01
8.838884541230385139e-01
8.496436501822793863e-01
8.575955938027038927e-01
9.438912169722042389e-01
9.395250705947686409e-01
8.730522512503779975e-01
8.658983141253251414e-01
9.078664381507101089e-01
9.453530429550358605e-01
9.227002711322314088e-01
8.143076764464198813e-01
8.994072689380906427e-01
8.687533293540981028e-01
8.947680457171341972e-01
9.011302682542040587e-01
9.892915181348723719e-01
9.045431708533530069e-01
9.342214551075809226e-01
9.553885020608563483e-01
9.605006684322986432e-01
9.420261935737224146e-01
8.897061170850700806e-01
9.203936239980793355e-01
9.177739369187998264e-01
8.635818533887699155e-01
8.927207928472982168e-01
9.103644851271969207e-01
9.067412700549027926e-01
8.248203841735932684e-01
9.326656132818368361e-01
9.460308153860195191e-01
8.994792531839511662e-01
9.352624123807157241e-01
9.426643480526538665e-01
9.464728723985703640e-01
9.532167581419160873e-01
9.601153645015846338e-01
8.941119055901644019e-01
8.949856779968270448e-01
9.356549246477792181e-01
8.690403401656443538e-01
9.138836383141645259e-01
8.623179729942204164e-01
9.677920549343794754e-01
8.661085598170984445e-01
8.741696471887128173e-01
9.600934516892187798e-01
9.333853727598045991e-01
9.330163346244154665e-01
9.231376257532739604e-01
9.713366142280566162e-01
8.788407430552970245e-01
9.325873699209386025e-01
8.439836170808794336e-01
8.435234684597434640e-01
9.435666757537399807e-01
9.505445812780576320e-01
8.710300099987072775e-01
8.309652153686669651e-01
8.888995907992435219e-01
9.545156597014017308e-01
9.336332709936966401e-01
8.984847901093747646e-01
9.083619122632808907e-01
9.004709315968184580e-01
8.703353226151936406e-01
9.379591847757403622e-01
9.616096577277728485e-01
9.558055129054436883e-01
8.307527075178899878e-01
8.294304675940150640e-01
8.125764659196631490e-01
9.217812025970510970e-01
9.050223895674818220e-01
9.402640725802798860e-01
9.115584066376287709e-01
9.293430782286858927e-01
8.489619135316912590e-01
8.562467844208032641e-01
