8.841461073578963381e-01
9.506435303781551882e-01
8.678525662060924128e-01
8.643537771230374034e-01
8.278892934254192815e-01
9.818435134222477378e-01
8.952569476437006735e-01
9.661859537929283759e-01
9.379420769759529986e-01
8.825945783709324699e-01
8.953393505707015754e-01
9.181274943642443453e-01
9.030653685128214869e-01
9.408874277967330668e-01
9.260688065124065282e-01
8.954352051537451951e-01
8.995996073546533855e-01
8.543100534485775777e-01
9.356564272665748305e-01
9.217514105182779138e-01
8.823506149187332337e-01
9.320024942534622658e-01
9.388043078978004496e-01
9.095319864335638105e-01
9.004071690550097262e-01
8.968518628984933905e-01
9.431249205019947013e-01
9.821992934793811747e-01
8.370168581080227321e-01
9.030696896087171410e-01
9.396638693565085854e-01
8.454080343538408204e-01
8.583071616472860432e-01
9.691754763684908847e-01
8.842040184849416784e-01
9.445662454453086498e-01
9.066870420944572739e-01
8.008305444836194553e-01
9.318796390744168434e-01
8.734949785340202499e-01
9.555978103869535722e-01
8.907257342260096467e-01
8.690084497279199072e-01
8.876209382222709499e-01
9.277070425670187470e-01
9.790548363008860777e-01
8.623639530590705427e-01
9.242178877715842011e-01
9.334855171294729193e-01
9.301782430519547340e-01
8.500692533699101272e-01
9.682086884997783693e-01
8.835244394089043496e-01
9.345174824472292086e-01
9.164296824422297760e-01
9.550395777079800919e-01
9.463531025526235041e-01
9.212050925700389081e-01
9.071863610077021134e-01
9.834784384394381629e-01
9.517391324037729472e-01
9.456695688381320242e-01
9.239407362393368128e-01
9.616583411252618285e-01
8.880060667731980439e-01
8.712401832193032991e-01
8.843437454908589235e-01
9.033764155629822046e-01
9.389000820266090175e-01
9.235985729015746548e-01
9.738745466197780143e-01
8.817560295782498336e-01
9.357684837333452021e-01
8.893220669024407554e-01
8.551749651403188768e-01
9.150920406627323089e-01
9.715043541615197009e-01
8.534479514651026610e-01
9.153706228199621764e-01
9.268624017769938606e-01
8.703781692879007936e-01
8.706496435396203770e-01
9.014459864169961367e-01
9.197052928810037775e-01
9.570356484784887652e-01
9.151364755152785468e-01
8.727279148769195860e-01
8.911870199049942709e-01
9.033650940137927243e-01
9.459719755866849988e-01
8.452592645022768414e-01
8.749969921172973120e-01
9.119718502688440864e-01
8.877266971461794665e-01
8.853131393332603905e-01
8.904156858808800479e-01
9.030193866566720295e-01
9.504350422165531720e-01
9.268641528124207385e-01
8.790805505623321414e-01
8.473567846040528373e-01
8.782027335151887382e-01
8.825466575930283053e-01
8.734113441526215604e-01
9.862970672457544996e-01
8.958764184666505592e-01
9.099546419235146066e-01
8.841534180125820708e-01
9.037939974769075846e-01
8.698131091064706943e-01
9.298813648250062736e-01
8.451251433979999339e-01
9.278793782426100201e-01
8.970284844639411226e-01
9.474566696543623712e-01
9.453784863038756647e-01
9.452971248209993682e-01
9.171749029135570774e-01
9.212299442714940723e-01
9.474185205755232264e-01
9.139388471557724491e-01
8.362985780126013236e-01
9.356564272665748305e-01
8.554789101040177757e-01
8.586799028767617692e-01
8.712688138819794093e-01
8.994416733653233242e-01
8.866499677505016441e-01
8.518230222152795017e-01
8.534479514651026610e-01
9.365992421440542115e-01
9.629296252300405534e-01
9.039786734623677100e-01
9.114768987927208688e-01
9.460788344286413798e-01
9.247331753393978060e-01
8.498208358377774552e-01
8.858575208442786009e-01
9.624241552720093074e-01
8.434119349412302347e-01
8.723800144485643893e-01
8.730782351653093576e-01
8.591088718862696094e-01
9.020791876200509041e-01
9.480553412918723000e-01
8.238542217021149749e-01
8.863637469727306817e-01
8.939362834185493600e-01
9.040972336023771483e-01
9.305195261750086599e-01
8.369149547441188108e-01
9.667596053162530456e-01
8.948793846019863496e-01
8.660054035156763419e-01
8.823342205834399099e-01
8.905523533820913773e-01
9.374219909530446815e-01
9.275409733984881777e-01
8.523314604694095520e-01
9.244183337425427860e-01
8.620885962358377785e-01
9.389369352268089886e-01
8.336000098048217399e-01
8.590809745005489884e-01
9.694115791341880728e-01
8.655056084896378676e-01
8.961182052226399630e-01
9.391057040635171216e-01
8.661919964295706764e-01
8.657193833026900487e-01
9.329291655066576094e-01
9.333853727598045991e-01
9.364852504252429988e-01
9.474566696543623712e-01
8.781123354323848718e-01
9.419789139014809187e-01
8.478232270503782697e-01
8.892315782410495917e-01
9.388872361285650614e-01
9.350055526476044321e-01
9.471963190367704843e-01
9.327673411619485933e-01
9.195608164459918576e-01
9.330021001411782366e-01
9.110642955502087359e-01
9.829382624807913027e-01
9.019898569068864891e-01
9.319494042343775542e-01
8.807830688741087322e-01
9.246723030535599630e-01
9.009432336770734073e-01
9.280960820414112522e-01
9.150731608566160524e-01
8.963165415560120364e-01
8.460374151370751994e-01
8.586799028767617692e-01
9.153946243209961642e-01
9.431629486671797569e-01
8.648563293681246211e-01
8.611419069089171208e-01
8.979743973493036213e-01
9.887436848304415049e-01
9.520434370566054350e-01
9.295394184882881383e-01
9.237798989031126284e-01
9.716089054984855533e-01
8.831894327918820009e-01
9.165959483914010164e-01
9.210473286209246435e-01
8.900120121370647119e-01
9.495262738521641488e-01
8.953393505707015754e-01
9.406132316904656232e-01
8.814206840200085047e-01
8.714302955741842771e-01
9.205496474061192202e-01
8.820428347571912520e-01
9.016075210369330906e-01
8.734113441526215604e-01
9.140191861179290944e-01
8.347186128620305290e-01
9.189380102179858234e-01
8.988219402934519708e-01
8.885166446521937100e-01
8.478320846678911726e-01
9.257682521292311950e-01
8.816541544638916150e-01
9.631992748865074727e-01
8.996587575206510534e-01
9.326917670865416676e-01
9.296780524103273047e-01
8.785981540463341233e-01
9.301297801346535277e-01
9.235446394498227907e-01
9.136897986626629775e-01
8.557661689720745812e-01
9.078444011454126494e-01
8.443007854586387362e-01
9.772694162729519407e-01
8.886606043545705047e-01
9.067493362100663701e-01
9.474566696543623712e-01
9.464543604608439686e-01
9.501471951311499797e-01
8.619168169281062886e-01
9.382516332058318254e-01
8.631162786317556623e-01
9.004723930420014399e-01
8.633257634403138647e-01
9.234733631151875732e-01
8.867596702953334242e-01
8.452543009133438590e-01
9.456843266344409082e-01
8.925800843844430288e-01
9.406122651679721391e-01
8.994416733653233242e-01
8.811481975477944983e-01
9.094408290887896484e-01
9.618424739739368512e-01
8.191726546478385051e-01
9.870566915514281670e-01
8.826656290720574782e-01
9.256695326371966459e-01
9.862970672457544996e-01
8.364363838050665745e-01
9.159175609905965132e-01
9.404532754395027450e-01
9.075303424994426438e-01
9.926304710261935060e-01
8.882421035264882470e-01
8.915099109261256372e-01
8.830878827582622215e-01
8.969329964577424930e-01
8.823810504351846662e-01
8.482682894266966311e-01
9.056612874079288389e-01
9.398604681896345348e-01
9.360409997671175208e-01
9.089448880795489849e-01
9.581121038638815701e-01
8.860038752943060203e-01
9.049217002383010966e-01
9.674562915464667290e-01
9.172349479935627548e-01
9.163088626363230516e-01
9.431280748253829671e-01
8.880648138769721145e-01
9.521951227019604946e-01
9.278469997678175929e-01
8.861723129606187133e-01
8.814206840200085047e-01
8.787736582330594182e-01
8.880793174072691976e-01
8.869135145459392522e-01
9.511545133474433866e-01
8.997809499391768995e-01
9.109830961414925321e-01
9.486964244786959544e-01
9.115825109745621102e-01
9.267907896055679329e-01
9.395443383721316932e-01
9.472094695953053867e-01
9.317325338526126766e-01
9.200939212955256963e-01
9.207820937455475363e-01
8.442849861408716627e-01
9.308451187878459265e-01
8.749323499765300216e-01
9.022518877785815627e-01
8.939101312630617358e-01
9.141865653887548682e-01
9.057355290079067700e-01
8.935584059953390890e-01
9.391789679001283364e-01
8.195417308821350000e-01
9.308777294232714050e-01
8.323268459791399732e-01
8.794040641508504841e-01
9.497728869054871126e-01
9.062119924566489626e-01
9.378243211033799875e-01
8.978510012097390414e-01
8.877125243660457521e-01
8.617501933098212774e-01
9.654926590179212509e-01
9.179569557043432138e-01
8.938839671377889484e-01
9.801344277698289531e-01
9.182001425578528719e-01
8.846711227918512277e-01
9.404875254332992762e-01
8.972654498431417158e-01
9.094408290887896484e-01
8.850665101294696857e-01
8.767307705968788722e-01
8.754778522335360247e-01
9.658697223440749768e-01
8.979743973493036213e-01
9.217463793747410206e-01
8.235483012027065008e-01
8.162771516399925931e-01
8.880396881794715425e-01
8.907335295013463217e-01
8.702817272202817422e-01
9.062418969672516589e-01
9.399834393875819982e-01
9.065750969289356753e-01
9.018321743771169352e-01
8.905517273231270403e-01
9.335234877746518833e-01
9.003986468071786264e-01
9.273954951822428461e-01
9.111087231727289515e-01
9.537665823123538944e-01
8.956047120743227952e-01
9.629213508886447226e-01
8.658754965945292259e-01
8.983795094674754678e-01
8.814206840200085047e-01
8.817167431428664104e-01
8.922663020415789736e-01
9.298132615681918844e-01
9.132783178192488416e-01
9.423508982054743521e-01
8.313331621743411670e-01
9.655857394082404399e-01
9.144173811466775881e-01
8.792634840048331180e-01
9.111028879681171144e-01
9.265607534642323895e-01
9.110352501464406005e-01
8.926746648787841076e-01
9.102669818331079465e-01
9.230037657631352532e-01
8.959490958948373995e-01
9.409093153807112087e-01
9.359991425269493792e-01
8.429891047288348149e-01
9.167765691247121707e-01
9.444140726785378304e-01
8.637057637368578122e-01
8.700838313470876662e-01
8.879063472421518943e-01
9.172319476583070674e-01
8.407527660313793838e-01
9.406666426627305899e-01
9.254074932353162364e-01
9.519949197801131913e-01
9.704338596640371684e-01
9.501169711638824955e-01
9.326730075551992183e-01
9.016235178537048700e-01
8.861358574020123946e-01
8.673934297626649803e-01
8.597385972762888739e-01
9.090430874165105202e-01
9.081064398731358844e-01
8.982124001478526409e-01
9.668773537433725807e-01
9.128159293001959496e-01
9.292003991325255008e-01
8.900735892979710906e-01
9.204592923282801653e-01
9.341578253732880643e-01
9.122205495335707903e-01
8.614310141434641244e-01
9.644921743961479832e-01
8.903821429005422949e-01
9.305195261750086599e-01
8.836575204768714054e-01
8.957583789517463702e-01
8.180329157547845398e-01
9.075340279692380996e-01
8.733481385402699360e-01
8.972212870081874847e-01
9.575423982233559617e-01
8.999577810066059502e-01
9.483994724837913060e-01
8.648270047067170285e-01
9.577020325095493281e-01
8.314553034072509341e-01
8.724285440162620198e-01
8.854815976022991642e-01
9.277012070657293386e-01
8.876508722925572359e-01
9.145104761988053221e-01
9.152490699920032835e-01
8.814620731853753943e-01
8.688054431615169770e-01
9.339945089173707915e-01
8.649683411252334642e-01
9.760030055305464192e-01
9.346700590332791547e-01
9.480357586224071875e-01
8.815134416887280278e-01
9.092472127892605727e-01
8.982502817910109627e-01
8.860289729515272716e-01
9.460531274439935023e-01
9.009081271401416791e-01
9.532868292505816132e-01
9.267991510653379450e-01
9.301029908939323354e-01
8.804396066346145133e-01
9.062217725349162034e-01
9.678945886316908664e-01
9.664999666929232625e-01
9.122837981380854666e-01
9.466269214269994459e-01
9.077619959724985144e-01
8.614758505921734644e-01
9.150209984384551909e-01
9.084577732816613294e-01
9.124303936205526711e-01
8.929338439664019633e-01
9.762799783134844533e-01
8.826455569657341016e-01
9.005743900561899995e-01
8.847965163486479767e-01
9.220053725534521627e-01
9.519949197801131913e-01
9.449962939693925534e-01
8.169150563063094506e-01
9.020584450470267024e-01
9.899791233307806415e-01
8.620515298381710156e-01
9.159903800460084122e-01
8.420980974061613722e-01
8.895736314449377291e-01
9.930686415962791669e-01
9.242863018937403918e-01
8.981065944505058907e-01
9.317975059907807056e-01
9.365466769341498354e-01
8.551936562011140941e-01
8.676979261916260011e-01
9.673679204156021560e-01
8.825856694541800440e-01
9.095319864335638105e-01
9.702726837829848128e-01
8.863603208385796295e-01
8.798302615561064410e-01
8.898829904223568565e-01
9.425888750450157616e-01
9.404004744324652165e-01
8.807201970392307677e-01
9.118881049691625051e-01
9.229285485981812975e-01
8.681197041413908355e-01
9.599702000158186754e-01
9.072438871456695031e-01
8.574459115072233795e-01
9.181704190761306172e-01
9.335845401088176398e-01
8.729817281704211895e-01
9.777282424410184136e-01
8.690375631335168771e-01
9.292018914792554707e-01
8.681662614502065889e-01
8.147528289567483872e-01
9.153727425864930378e-01
9.034843451257008606e-01
9.440536525320097905e-01
9.075420818327777361e-01
9.461109542344107171e-01
9.320868301725151461e-01
8.419020166515520653e-01
8.587197468261751343e-01
9.479850240702759612e-01
9.236132687798948027e-01
9.198740648640760798e-01
8.252302184675563979e-01
9.164719767010149898e-01
9.148159364571505359e-01
9.275409733984881777e-01
9.261840699882696315e-01
9.063486318055907764e-01
9.568434172796961290e-01
8.930668183225960455e-01
9.167877166322998539e-01
9.017735518992844312e-01
9.417070541159242580e-01
8.388586477150742349e-01
9.200742415931824070e-01
8.788627281443609496e-01
9.026357052072417897e-01
8.395874867433499311e-01
9.502589104309412393e-01
9.275409733984881777e-01
8.433727030116984213e-01
9.267884002913853170e-01
9.115666912620564721e-01
9.796200436408759593e-01
9.035559079399179128e-01
9.138666660956348275e-01
9.623765467107099347e-01
9.171410080414900134e-01
9.172423177527067040e-01
8.899626908323182706e-01
9.643297584926856514e-01
8.783470953048986285e-01
8.608094057051629555e-01
8.752191472728086952e-01
8.659705220239285461e-01
9.398534414865349351e-01
8.859864046354671840e-01
8.497221940990132838e-01
9.479105473942142090e-01
9.426765089877287007e-01
8.595178336751564396e-01
9.104603676483032926e-01
8.710880808610915738e-01
9.477183467595929889e-01
8.335945186013381525e-01
9.304858767506255512e-01
9.035389750988060964e-01
9.495099446890653550e-01
9.255068228625897842e-01
9.233277654938044643e-01
9.256657879719381032e-01
9.400486249068771283e-01
9.412407398970077388e-01
8.632383314872805746e-01
9.577794548435438760e-01
8.761076109101449960e-01
8.392896951719798215e-01
9.431678817103732460e-01
9.150731608566160524e-01
9.650350685196930067e-01
9.101735097892014181e-01
8.069397457174913857e-01
9.113220265258644703e-01
7.878907558733602157e-01
9.000826169116389330e-01
9.267991510653379450e-01
8.873228346046846404e-01
9.735380441514460692e-01
9.038283331728730330e-01
8.758400511695959567e-01
8.820428347571912520e-01
8.949087899623189291e-01
8.930891124291787664e-01
9.087203397371865776e-01
8.844060278835885747e-01
8.969865831530580147e-01
8.493476021959339706e-01
9.169369226978986154e-01
9.574360077585435391e-01
7.752079074901767619e-01
7.477917000756864052e-01
9.406618377129564168e-01
9.202860276646761539e-01
9.172638471213340194e-01
8.662310392482727162e-01
8.840343767632878880e-01
8.952868611687807565e-01
9.097183641010336830e-01
9.526164630433530123e-01
9.427465707910419601e-01
9.222879222508238994e-01
9.820002243769485606e-01
9.014086392942878279e-01
8.402326358512108850e-01
9.420916127288845310e-01
9.078444011454126494e-01
9.106566259375117323e-01
9.208767134722943837e-01
9.194448796583016836e-01
8.895870248881253550e-01
8.979297973911894992e-01
9.064013812575688611e-01
9.309869510624332323e-01
9.086314564756764467e-01
9.247188810519797464e-01
9.284834547420198758e-01
9.598963264686174446e-01
9.475500096258471228e-01
8.883940958209964878e-01
9.187030641220046423e-01
8.841952024582130365e-01
9.343114375104089042e-01
9.471963190367704843e-01
9.011593206078570839e-01
9.480553412918723000e-01
9.179253253249667344e-01
9.327550775885552481e-01
9.762608674361644701e-01
9.022182883865420555e-01
8.989357632052030755e-01
9.033288421518141931e-01
8.827235231398534721e-01
9.148120950168250332e-01
9.131820174791401845e-01
9.156585197586936120e-01
8.828553487089275675e-01
9.441410230815503457e-01
9.236842010008222692e-01
8.886606043545705047e-01
9.215827060919659086e-01
9.204145529593743547e-01
9.157355554024931843e-01
9.114547585350799563e-01
8.827235231398534721e-01
9.067390772692359713e-01
8.970552000731104592e-01
8.962968878021037034e-01
9.202888257885627477e-01
9.334826050073561365e-01
8.451442109626761123e-01
8.987689112896369847e-01
8.711308082767665883e-01
9.154492827483721173e-01
8.901669072112972092e-01
8.767201767642835986e-01
9.416205002864762585e-01
8.601905879888619433e-01
8.877929019419315004e-01
9.171260807758405686e-01
8.696145274310920215e-01
9.173787270934429250e-01
9.389766455926071842e-01
8.836865626580562294e-01
9.023976938348495791e-01
8.929718551479444155e-01
9.184154157774396809e-01
9.350055526476044321e-01
9.518949344824561010e-01
9.109311930714042438e-01
9.285999510736590024e-01
8.944049844789712100e-01
9.208066401598556938e-01
9.602798609556171261e-01
9.104348731357065905e-01
9.343152968178948248e-01
8.965605069534836602e-01
9.670534384644380310e-01
8.759570081866192570e-01
9.215718474046020736e-01
8.853400274108009782e-01
9.909257428881294016e-01
9.234915354441600721e-01
9.148159364571505359e-01
8.752322597896017298e-01
9.338634245000962952e-01
8.915336903730866069e-01
9.760277296439738848e-01
9.429246357032399217e-01
9.791131209855769013e-01
9.082093637843590139e-01
9.049814294859463981e-01
9.072615268670878308e-01
9.055839336110967919e-01
8.770751865457130370e-01
9.632888459784224588e-01
8.835142938605435869e-01
8.885992329416374513e-01
8.906020981368332201e-01
9.067796848866609416e-01
9.191516269216958301e-01
8.775027419252262595e-01
9.062358728933938012e-01
8.771639701354815299e-01
8.811716829352674862e-01
8.773044145152077977e-01
8.228675941122640669e-01
9.187399899802627390e-01
9.046506987727147564e-01
9.245056047929731680e-01
9.436948768170246860e-01
8.788640134365290901e-01
9.384508314851514044e-01
8.371945787642702808e-01
9.520537462562703723e-01
9.833526067793283421e-01
8.445700841728995822e-01
9.557731820438977177e-01
9.381142064887562082e-01
8.379186032775897131e-01
8.521930742967922523e-01
8.457097126629555817e-01
9.196172679866303490e-01
9.002334697626592774e-01
9.244990653424435267e-01
9.153633614850459344e-01
9.384148364788458263e-01
9.526296800164191225e-01
9.114086378598317273e-01
9.272104048449402169e-01
8.940341235704032385e-01
9.296574316732416632e-01
8.843774294591723040e-01
9.185468086161396872e-01
9.033640093029119411e-01
8.876262305600204350e-01
8.746143211192580758e-01
9.043785685996241774e-01
9.516816571940699410e-01
9.244436441715020436e-01
9.216280134806298374e-01
9.091444459329280914e-01
8.997216185264214072e-01
9.495375233252361102e-01
8.839197386865088601e-01
9.256236225397752593e-01
9.680500085828003254e-01
9.506399161257617081e-01
8.249778590824996538e-01
8.800525025658669787e-01
9.271960618076787730e-01
8.700269095037690414e-01
8.987601911076792405e-01
9.141231114862283791e-01
8.648836089150004902e-01
9.367485126220427283e-01
9.428525487258013760e-01
9.084161566762513074e-01
8.086455747395735472e-01
9.171403403736064774e-01
9.824345829669021146e-01
9.300741301400745620e-01
8.888861898757950408e-01
8.699552013813930396e-01
9.263578130909709829e-01
9.362080631623662663e-01
8.720679038767332747e-01
9.264001128855171574e-01
9.591948174786960601e-01
9.329818796996783847e-01
8.871027043640706822e-01
9.295001156562229250e-01
8.666886422995931927e-01
9.105970003772146937e-01
8.507407229511286806e-01
8.623179729942204164e-01
9.564846238249176125e-01
8.677301962501393628e-01
8.718166889021213839e-01
9.585300535271820133e-01
8.589004147156811264e-01
8.774741479554367674e-01
8.998495543645443906e-01
8.560980843128174200e-01
9.250051431485253328e-01
8.885992329416374513e-01
8.648563293681246211e-01
8.680810497393915970e-01
9.484492421299089981e-01
8.861723129606187133e-01
9.138805449677115389e-01
9.073990591081340096e-01
9.151851810277628063e-01
8.878454553038023223e-01
9.234921153083586187e-01
8.961938628274124241e-01
9.286159132720480658e-01
9.005634409905501903e-01
9.459569285854412257e-01
9.433964556913542188e-01
8.788213276556943176e-01
9.780529825125553467e-01
9.029609745147183508e-01
9.019126758079063499e-01
8.645384410448720969e-01
9.272672458353303782e-01
8.676635186516118425e-01
9.214035435898356718e-01
8.806186608809674077e-01
9.309342003242460084e-01
9.495099446890653550e-01
9.389241698061706609e-01
8.792168374473030568e-01
9.395460398315185202e-01
9.008175005836627225e-01
9.477353375479641295e-01
8.655538248576686300e-01
9.443304288073952613e-01
9.528449938050992385e-01
9.605459377861512715e-01
9.467453404945681550e-01
9.248447839342610610e-01
9.012497528935379254e-01
9.172531420339339325e-01
8.622013375245521916e-01
8.987534095495458564e-01
8.700776884478653717e-01
8.950898157002812328e-01
9.314939026088291385e-01
9.100083447547022697e-01
9.926407658081972674e-01
9.147285657499036882e-01
9.582642593564056899e-01
9.792164331917512232e-01
8.982846080108657372e-01
9.387357268783368403e-01
8.709611122440673592e-01
9.093045170681985923e-01
9.168415843644717178e-01
9.049731951205632896e-01
9.376712900015967689e-01
9.275606637335248594e-01
9.321418638557581460e-01
9.063500976726889258e-01
9.008746235799915958e-01
9.944368281958201328e-01
9.314998593663290638e-01
9.067373985715230233e-01
9.677711310622796326e-01
8.476285855513747691e-01
9.113748177749703139e-01
9.027131912606628505e-01
9.188162575342774252e-01
8.599065357452374547e-01
9.041031155371099803e-01
8.728178805290918163e-01
8.942728129249678526e-01
9.281974107002876062e-01
9.319655929546496465e-01
9.215827060919659086e-01
8.963283251000698781e-01
9.187920082193971050e-01
8.615613252580915926e-01
8.688132009751818874e-01
9.318344875792782256e-01
9.381565807496359266e-01
9.454146731753986233e-01
8.897140480767410375e-01
8.811560282572226122e-01
9.457889415295177571e-01
9.141676349667402501e-01
9.235723169717020564e-01
9.220429127432127059e-01
9.662462514130831792e-01
9.141624951751982087e-01
9.414004257976138490e-01
9.438051517628542886e-01
8.785936538865520840e-01
8.676504474245452236e-01
9.614069415766969273e-01
9.080008602911608939e-01
9.253393966443468344e-01
9.652372544111433861e-01
9.421768543405626417e-01
9.435494828054927785e-01
8.679481109608905287e-01
9.436986817202308586e-01
9.353422123630705798e-01
9.155646308038233316e-01
9.241576682792145281e-01
8.732659422792601323e-01
9.516991104566853155e-01
9.026354955667631463e-01
9.034084716726182851e-01
9.382777468162463164e-01
8.771108813542719540e-01
8.496996960390199582e-01
9.079157624813807281e-01
8.803147961884040251e-01
8.823506149187332337e-01
9.306268844368466020e-01
9.577020325095493281e-01
9.507209363002760982e-01
8.836721170334320696e-01
8.380596514849893985e-01
8.965605069534836602e-01
8.930868053202030143e-01
9.468786345645371361e-01
8.926780880531069995e-01
9.639825736323176519e-01
9.422261434810556002e-01
9.534845646037384270e-01
9.471963190367704843e-01
9.278084404868295332e-01
8.892061959042811825e-01
8.453722368844217572e-01
8.562402022717821026e-01
8.754276028521089659e-01
8.697261172181336430e-01
8.741966473213885758e-01
8.746154022285614893e-01
8.213840040075274240e-01
8.986721670896224978e-01
9.178504605276758266e-01
8.971168388536953087e-01
9.000861462260602019e-01
9.521388784247917236e-01
9.511271866853494572e-01
9.285563327479442464e-01
8.657187434116137004e-01
9.538556462474426789e-01
9.124857415756210122e-01
9.308629010332678533e-01
9.220013415130077217e-01
8.688006677898945096e-01
9.467445810162284925e-01
8.544295118366097563e-01
9.489140535660600673e-01
8.926746648787841076e-01
9.532538325123008915e-01
8.592899032392647962e-01
9.482309696465627269e-01
9.200410677632127054e-01
8.196286077667371828e-01
9.189559677435298335e-01
8.673934297626649803e-01
8.747999993003067187e-01
8.821582833639758370e-01
9.105294435875617154e-01
8.724889153134404163e-01
9.352990798850470133e-01
8.355228805166903250e-01
8.693630688090209224e-01
8.092205041039282065e-01
9.309753102338550468e-01
9.650821496472433703e-01
9.185536178538121765e-01
9.330163346244154665e-01
8.959786738206159118e-01
9.364956764480250051e-01
8.919650545827246813e-01
9.630732600832718759e-01
9.411191655252172383e-01
9.503455721394933331e-01
9.328966145042941749e-01
9.062597617634456926e-01
9.543039831004150875e-01
9.039420673915656845e-01
9.145104761988053221e-01
9.458162181967397775e-01
9.249117297947156979e-01
9.398708699825830681e-01
8.540398798882484765e-01
8.451936961979905627e-01
9.284270930647947617e-01
8.965506398405114208e-01
9.379591847757403622e-01
7.641182841162654782e-01
9.262869263330139047e-01
8.556932267206079912e-01
9.494276890574425698e-01
9.508135195015584573e-01
9.085101964018859055e-01
8.692695817453784946e-01
9.241410820065548704e-01
9.442848694044853053e-01
8.923757415944535420e-01
9.048197297906165337e-01
9.019898569068864891e-01
9.470447094298894974e-01
8.807110219105286353e-01
8.991757164168173722e-01
9.552428920484694608e-01
8.230250521627507920e-01
9.130448505658744773e-01
8.987208855287975862e-01
8.960735990228728687e-01
9.063783306885974111e-01
9.316089617693781300e-01
9.349541558747664904e-01
8.445700841728995822e-01
9.128077108285812535e-01
8.951821495753954361e-01
9.118516614995678671e-01
9.622717709904463623e-01
9.180371452490760920e-01
9.243454773875697805e-01
9.117734805606860782e-01
9.029327521788456101e-01
8.976094915881352998e-01
8.835821043267556574e-01
9.148306319219144944e-01
9.097307015194624480e-01
8.562523139565335617e-01
8.915354614066565153e-01
9.092472127892605727e-01
9.461466251063836985e-01
8.480794086747426297e-01
9.056237003946490116e-01
9.237809105956875655e-01
9.775143769366453350e-01
9.273330460012706444e-01
9.869568529774344068e-01
8.991779061321049094e-01
9.019085638025390317e-01
9.176752083919588188e-01
9.653659385181236896e-01
9.001426172769900758e-01
8.649068741143934869e-01
8.943960803921034985e-01
9.328966145042941749e-01
8.701027779827175124e-01
8.424581147242542478e-01
9.693899186135519486e-01
9.502476671896713523e-01
8.786361058766662957e-01
9.082259940657534392e-01
8.926478949737954860e-01
9.564782629491059840e-01
8.987278388346486846e-01
8.841054635196553546e-01
8.990862467475310149e-01
9.235723169717020564e-01
8.566020042459945305e-01
9.158878940787523737e-01
8.699728924658628459e-01
9.408126293090173231e-01
8.641956506678623029e-01
9.143993919722775976e-01
8.722897969717930966e-01
9.593168399707023841e-01
8.975518957401761311e-01
9.119879614818191538e-01
9.205289955036100036e-01
9.202272249240757152e-01
9.348149054263278357e-01
9.583954413673352324e-01
9.402350227743967448e-01
9.511545133474433866e-01
8.588584672075771920e-01
9.332612611351682741e-01
8.536854518449046303e-01
8.604283993061481173e-01
9.647649506971764932e-01
9.272635875183810050e-01
9.478675798173982203e-01
9.444645127962156828e-01
8.904287460183633041e-01
9.303815209865680114e-01
9.768708072399703291e-01
9.454549587531589916e-01
8.740324023298129408e-01
9.087481097769759542e-01
9.177892522389625718e-01
9.855949163849285766e-01
9.603289275121389412e-01
9.398249408989414189e-01
9.554028422389940767e-01
8.787824794813294815e-01
9.071362736655833592e-01
8.865558419090695530e-01
9.217463793747410206e-01
9.276543035983716434e-01
8.807830688741087322e-01
8.939381824799145226e-01
9.016591910265522314e-01
9.264885917823241224e-01
9.494470563996985080e-01
8.845747659010475550e-01
9.197624130239192564e-01
9.312140444818974849e-01
9.616194496864881591e-01
9.296589045522929418e-01
8.831533179131133560e-01
8.682730046983963001e-01
9.371288068485525979e-01
9.980703345634366341e-01
9.417289290605499463e-01
9.660150046485690423e-01
8.972232450395349890e-01
9.016109651230572730e-01
8.611419069089171208e-01
9.958341501731431400e-01
9.077600666483842673e-01
9.235989857223562138e-01
9.111289299383186213e-01
8.371216850374079144e-01
9.207770888275231824e-01
9.242139391059955855e-01
9.466837631733751035e-01
8.758400511695959567e-01
9.269034121103070234e-01
9.394672490321039904e-01
8.916717459095195863e-01
9.533157300940429124e-01
9.864515754667519953e-01
9.238105100221722932e-01
9.047876771471684565e-01
8.964565240709917449e-01
8.790289900623272645e-01
8.820061544448806190e-01
8.660349721138828061e-01
8.674038634551533011e-01
9.539848709325139398e-01
9.001390334332951548e-01
9.360533382141231762e-01
9.388859163482075054e-01
8.671198263760230285e-01
9.174788509460476416e-01
8.765727886608665198e-01
9.262294062578183551e-01
8.070630743096436355e-01
9.858813216927598821e-01
9.109419632469141215e-01
9.291322855598270758e-01
9.391792167952160986e-01
8.752126988111558203e-01
8.106705424549538463e-01
8.528433014468104201e-01
9.514800195377269842e-01
8.534479514651026610e-01
9.612367668191009740e-01
8.984561796065739792e-01
8.977546508430509498e-01
8.869827152983827956e-01
9.878988786183050541e-01
9.964610267481872619e-01
8.924409082431897788e-01
9.614986373985602297e-01
9.028318336748757389e-01
9.517147531096978863e-01
9.424695424840409119e-01
9.302193047569897733e-01
8.952457350099235489e-01
8.907517144586465374e-01
8.986334121160376442e-01
9.197085378594549443e-01
8.741733021026306671e-01
9.833921138009243945e-01
9.331871088442799111e-01
8.870802908056324432e-01
8.657574908734487762e-01
9.351613981052846469e-01
9.285716375831766234e-01
8.844157142108424186e-01
8.993878733098172873e-01
8.839459000943219458e-01
9.844072256125023790e-01
8.744005505039278425e-01
8.939726692966963872e-01
8.877266971461794665e-01
9.047796297202155280e-01
8.597165702516209596e-01
9.294607128973387811e-01
8.467868580899390318e-01
9.055187051717623614e-01
9.161938599905792291e-01
9.263427748701890119e-01
9.146284822063093234e-01
9.105467748698199415e-01
9.154307563272648940e-01
9.148649676926675633e-01
9.267991510653379450e-01
9.059236461965218812e-01
9.466072210549980603e-01
9.458503506776659853e-01
9.460907089446638496e-01
9.628129087263231911e-01
8.863075219799488869e-01
9.717520426278786205e-01
8.736551859916046325e-01
8.558743084141022806e-01
8.971168388536953087e-01
8.729326003693440583e-01
9.192683502899582360e-01
9.146186261284913188e-01
8.655056084896378676e-01
9.029468670202834835e-01
9.257547662611677053e-01
8.988412857165511971e-01
8.959025759927217170e-01
9.122590159760803896e-01
8.918198602227146443e-01
8.908243980750901736e-01
8.978510012097390414e-01
9.771948198694759835e-01
9.555125056970283914e-01
9.365244611188500157e-01
9.535801749037279285e-01
9.133284185435255331e-01
9.167877166322998539e-01
8.092732955739458944e-01
8.930937406695326208e-01
8.658754965945292259e-01
8.901097651291113300e-01
8.975043099501989197e-01
9.277587223687118190e-01
9.230235381610076839e-01
9.375344850952161968e-01
9.426200838600353737e-01
8.161927538783027014e-01
9.440850722127279715e-01
8.517823897911561692e-01
9.405751421107020338e-01
9.029166182905740135e-01
9.355692747418864474e-01
8.752737435789557097e-01
8.781400226465043701e-01
8.839287699967582901e-01
9.222945946954179686e-01
9.594558506511932094e-01
8.676598088086044935e-01
9.273634585150047904e-01
9.527620436811368165e-01
8.554239485017930411e-01
8.421908196424418014e-01
8.893158444967461662e-01
8.544620783452235857e-01
9.152898093728449869e-01
8.910894413232739453e-01
9.432200701025941214e-01
9.687165264167161283e-01
9.292003991325255008e-01
8.545407160299478555e-01
9.068495504576161714e-01
9.571810870383206105e-01
8.926292015642937061e-01
9.497353825092998969e-01
8.187230085151487868e-01
8.553401277065738606e-01
9.530644032694930434e-01
9.511211192918670454e-01
8.978759508038844928e-01
9.671556978899544799e-01
8.833925061734324569e-01
9.522886769906956372e-01
8.530564903213525563e-01
9.949217268635277556e-01
8.950822374771217893e-01
9.520248503815029739e-01
9.015330276920722197e-01
9.209496335176168280e-01
9.251444049489458976e-01
9.565879333352771408e-01
9.041266614095619936e-01
8.796450339605464963e-01
9.529144341460138445e-01
9.575629339162828879e-01
9.104107922912475503e-01
9.725155836410147581e-01
8.830303329273011537e-01
9.236080364635931295e-01
9.251005769148656910e-01
9.096080608595833450e-01
9.561764518774906740e-01
8.763945908100557736e-01
9.250962630247349106e-01
9.446679745794572813e-01
9.425940978110465274e-01
8.926478949737954860e-01
8.454080343538408204e-01
9.215147934794187812e-01
8.170613840754687995e-01
9.315181840763926413e-01
8.898539876966634621e-01
9.313881448937640917e-01
9.405662371727154802e-01
9.058986197935023910e-01
8.668082141863340251e-01
9.136152683482978709e-01
9.468474256777057452e-01
8.899383198680795859e-01
8.650174907649242906e-01
9.542720758354750199e-01
8.731467689425932432e-01
8.901642117894348338e-01
9.509632274435875221e-01
9.500790368169573785e-01
9.571145071728350828e-01
8.621009475804815025e-01
9.521189518916350902e-01
9.082093637843590139e-01
8.919955756775659328e-01
8.954519629341797238e-01
8.300180677778621341e-01
8.694035968477735743e-01
9.046489441670074738e-01
9.322626425971621833e-01
9.476909258944312686e-01
9.425461523366208683e-01
8.941464714297131522e-01
8.694402731750449087e-01
9.444720822564021123e-01
9.162978434016882945e-01
8.594280526430426725e-01
8.872614868323734916e-01
8.810923851962607634e-01
8.918376696858385522e-01
9.226930044265815312e-01
8.397294293495558559e-01
8.889944732481094292e-01
9.552048491287260523e-01
9.467676358220653565e-01
9.091420905920700735e-01
8.949889812222118213e-01
8.993254291379821908e-01
9.676146228994640941e-01
9.065939434223581062e-01
9.024350004196511899e-01
8.605356045323898639e-01
9.428507054950866495e-01
9.015075281645201777e-01
9.436948768170246860e-01
8.567632194588360450e-01
9.218235921226574092e-01
9.159903800460084122e-01
9.121903630654949469e-01
9.306986580320416591e-01
9.407264216381572286e-01
9.134424166800211298e-01
8.346187343441280326e-01
9.515669394207749709e-01
9.466439655696872180e-01
9.551142685747558980e-01
9.140693056870328181e-01
9.314790780038968432e-01
9.354388938348561222e-01
8.544558538400495173e-01
9.955427704355526153e-01
9.161216420864799481e-01
9.659915077077523282e-01
8.176593270752678944e-01
8.852012764576029369e-01
9.104791476159265207e-01
9.212166914526190853e-01
8.687549699636689660e-01
8.837806890320164532e-01
9.104792822352969495e-01
9.098147204168073321e-01
9.042194507703108508e-01
9.424737127238687062e-01
9.432977679104855850e-01
8.642679037683619336e-01
8.896978590869571990e-01
9.240649269459700887e-01
8.535860856028160137e-01
8.502935757383794924e-01
9.889241304510102415e-01
9.169643781193101972e-01
9.179105955328691335e-01
9.259532801054826123e-01
9.364381411417949108e-01
8.862647566342983785e-01
9.444312922572809521e-01
8.722259451944750497e-01
9.247905318131547370e-01
7.859863138400023930e-01
8.898419896140785657e-01
8.766091266635281931e-01
8.808883883434424078e-01
8.858597338490876716e-01
9.850150756698327070e-01
8.215252204396529256e-01
9.140333508165042753e-01
8.676979261916260011e-01
9.053054367378191580e-01
9.630497590443078959e-01
9.177375207392766132e-01
8.853317862967108320e-01
8.923577818617192126e-01
8.740287370636659059e-01
9.333901714855905585e-01
9.459719755866849988e-01
9.508483059381991342e-01
8.957882931116797343e-01
9.251005769148656910e-01
9.742176767951630234e-01
8.887735034059013328e-01
9.296375359614688083e-01
8.954093083593187563e-01
9.143976592537478298e-01
9.043785685996241774e-01
8.404798808101011653e-01
8.848844021251985881e-01
8.944049844789712100e-01
9.124885759305317867e-01
9.108184828518723908e-01
9.543479643275453173e-01
8.962738852439946502e-01
9.180898407746423961e-01
8.559850843292571287e-01
8.865638627963414731e-01
7.997915178491417088e-01
8.607306083448658107e-01
9.653659385181236896e-01
8.397521636865873385e-01
8.896043623420146762e-01
9.108778483673090065e-01
9.053419033137549699e-01
9.539109309889044486e-01
8.926822133866251230e-01
9.469338813172334390e-01
9.697997512998232095e-01
9.149753778454070563e-01
8.999422361334602494e-01
9.323932175393353505e-01
8.442304635863937534e-01
7.449730140499730702e-01
9.028922114980276747e-01
9.798086948902599014e-01
9.421073429530184562e-01
9.461647507103096988e-01
9.439606385593670712e-01
8.777444920688310948e-01
9.173985928203213236e-01
9.439483176000279530e-01
9.276724095071802179e-01
8.751790402697775528e-01
8.684236435451284652e-01
9.456175346582740282e-01
9.445730837750807574e-01
8.935475270397255088e-01
8.666107043279530631e-01
8.528633241934507891e-01
8.892873067152435862e-01
8.962784463044920491e-01
9.652372544111433861e-01
9.281445345079151199e-01
8.606820469845972710e-01
8.906367180119666438e-01
8.786419426661929988e-01
9.160574799623434350e-01
8.432772718205253648e-01
9.401324500594624434e-01
9.444645127962156828e-01
9.217248600363808775e-01
9.765745927400771853e-01
9.237396932605418387e-01
9.735290625460477631e-01
8.784292284099489700e-01
9.177547556871104018e-01
8.649276628900982589e-01
8.722416336054952257e-01
9.345208335778965036e-01
9.348697754026201734e-01
9.578154993796326178e-01
8.687421938219194173e-01
9.661783456240596868e-01
9.117540041748676272e-01
9.339007535936066917e-01
8.863666185102407891e-01
9.332711226115223413e-01
9.362818493191291669e-01
8.744693102326720480e-01
9.538556462474426789e-01
8.916327192410811175e-01
9.270728823700832288e-01
8.955404569267164661e-01
9.338193620889408963e-01
8.917019025823886835e-01
8.980178408256113132e-01
9.014110327504396558e-01
8.867547442543001202e-01
9.069688278567191730e-01
8.599415542724466732e-01
9.198756539286312428e-01
9.060908985715437902e-01
9.217236155094251648e-01
9.824202578599525726e-01
9.096975761693624207e-01
9.249881454308532813e-01
9.185513238054848761e-01
9.557897862481359308e-01
8.825790059847844482e-01
8.900292835949699111e-01
8.936029351439314095e-01
8.963165415560120364e-01
8.930770752218170072e-01
8.708623570241441625e-01
8.530096727789500122e-01
8.442487265508828997e-01
8.579850681507414922e-01
8.734602966083462317e-01
9.505601383924952019e-01
8.957813144484815249e-01
8.735242683192036006e-01
8.218708866037846006e-01
8.732423431490515808e-01
9.556656267012716421e-01
9.473075701140643012e-01
9.432598403554617317e-01
9.140089306515755130e-01
9.342910776115674887e-01
9.237197752209728163e-01
9.414706291158396745e-01
9.371194283769611610e-01
9.176382272638790027e-01
8.858321548080448915e-01
8.922267961384691137e-01
8.457069550645591738e-01
9.300982937326087718e-01
8.973378328819857641e-01
9.177555515323558843e-01
9.520980740779826368e-01
9.055762713277817344e-01
9.223199402898495380e-01
9.511380866330335637e-01
9.044566929708650616e-01
9.121803772601265736e-01
9.234746601493588614e-01
9.522704371859112005e-01
9.368402622994327356e-01
9.385467648509193683e-01
9.592800341305282030e-01
9.466572536477078081e-01
9.789811174323216347e-01
9.208520314837136400e-01
9.305391259951424354e-01
8.713902950017626825e-01
9.273954082712542180e-01
8.988250919331777222e-01
9.806443494108253445e-01
9.082348060536570289e-01
8.896043623420146762e-01
9.193026173531526624e-01
8.969889118348912671e-01
9.128220851423701765e-01
9.335216407924056270e-01
9.562211441555454883e-01
9.456843335220534996e-01
8.660349721138828061e-01
9.015971809934052450e-01
8.602774749430667223e-01
8.957951941170901877e-01
9.354471858434660891e-01
9.177760388298766836e-01
9.150400461690807452e-01
9.119475012280507942e-01
9.510002078107276935e-01
8.375194295258253652e-01
9.382447577681083395e-01
9.628556693273399025e-01
9.139872079593222010e-01
8.590763663709551912e-01
9.527080068820917846e-01
9.376459831517198751e-01
8.782966964969199930e-01
9.227763038378372640e-01
8.434119349412302347e-01
9.327581381949354711e-01
8.880385520015465772e-01
9.546887030298024657e-01
8.857323080892930411e-01
9.380348979776116369e-01
9.390865521643370073e-01
9.620038139010557154e-01
9.411449467244075162e-01
9.548938286127079955e-01
8.709186232883003864e-01
8.487609936430029478e-01
8.549564256243509242e-01
9.598333046375203681e-01
9.851190610938685976e-01
9.191366326437594436e-01
9.215989888919108308e-01
9.013186617440572812e-01
9.199108345177415824e-01
9.365146022326292785e-01
9.232484151352262636e-01
9.384610648721314341e-01
9.469436471219643270e-01
9.645648174433677502e-01
9.161289233990098646e-01
9.550810413969040846e-01
8.839955973811662870e-01
9.196091654454616737e-01
9.571349908724050559e-01
8.738502374771941472e-01
9.555660444725161407e-01
9.151186037993491729e-01
9.462557477965809483e-01
8.978345335724779996e-01
8.546460991196246360e-01
9.224358007006081550e-01
8.860095152636744409e-01
8.675695426771385943e-01
8.812349523876940038e-01
9.586593900325326434e-01
8.876508722925572359e-01
9.162066863089004531e-01
9.047110619417908506e-01
9.449788214984086165e-01
9.291430163046808799e-01
9.270444254971019760e-01
8.826455569657341016e-01
9.832286389628318579e-01
8.974616209504000519e-01
8.694330375174710301e-01
9.490277313295063522e-01
9.375054862475802331e-01
9.051644856268167283e-01
9.273254991360130317e-01
9.064722780608077679e-01
8.758840837435977189e-01
9.023385847824939576e-01
8.840591396636677812e-01
9.547839203834779243e-01
8.945447092707529135e-01
9.941452965398530628e-01
9.428288094720491674e-01
8.712006680784967205e-01
8.445978937032893041e-01
9.592230554336199644e-01
9.675825826324785384e-01
9.318139673009364632e-01
9.468590387750842607e-01
9.069781450968084080e-01
9.058990004451125122e-01
9.366545930137447629e-01
9.460263886498407881e-01
8.981242429036382369e-01
9.056279693596304137e-01
9.114086378598317273e-01
9.574360077585435391e-01
9.229696420290777192e-01
9.742615440554607265e-01
9.030193866566720295e-01
9.155132279046610533e-01
9.010023559104508584e-01
9.044566929708650616e-01
9.310388570179032319e-01
9.262431477907824284e-01
8.775867012634249731e-01
8.921834355531682581e-01
9.126004920171160162e-01
8.774750109127159581e-01
9.111692088159710767e-01
9.233444435031185060e-01
9.029560522820930801e-01
8.873823032463467042e-01
8.900373879827127022e-01
9.474308447238084518e-01
9.032391803276623721e-01
8.275676866659289477e-01
9.066269356031453341e-01
9.300104230401490257e-01
8.812665304859891302e-01
9.602352887739208365e-01
9.158671942956531087e-01
9.078216464727560941e-01
8.597930906145044849e-01
9.783406359418289622e-01
9.637710304246921433e-01
9.186507161704839941e-01
9.513668047256671478e-01
9.606038722802043850e-01
9.224358007006081550e-01
9.494961685649182526e-01
9.371252202918535223e-01
8.485912889269119352e-01
8.985898685263824515e-01
8.732961064897999393e-01
9.281445345079151199e-01
9.515524904169336828e-01
8.710460121718950344e-01
9.062418969672516589e-01
8.869190535040231138e-01
9.129665168367494532e-01
9.065686994866548609e-01
7.795927734582759339e-01
9.124140385034764655e-01
9.762799783134844533e-01
8.627075568753461710e-01
8.615811519657815554e-01
8.739210696066752604e-01
9.247188775881027833e-01
8.998045663693280405e-01
9.238901935988114156e-01
9.008557519344084774e-01
9.219840508382036726e-01
9.679993314010276739e-01
8.934717223245547402e-01
8.395874867433499311e-01
8.781173782363678182e-01
9.193964189867068759e-01
8.715219901301967109e-01
8.839575238691347314e-01
8.570722874813870851e-01
8.953393505707015754e-01
9.004980311384505054e-01
9.035022989581350528e-01
8.847773161280292342e-01
9.440834519716432283e-01
8.509072511603308353e-01
8.531448700701238508e-01
8.982599952299460400e-01
9.333406184207694301e-01
8.995115171505185803e-01
9.545065178037006604e-01
9.233356457105520443e-01
9.281342604981608346e-01
8.818267972928659493e-01
9.515093260274675169e-01
8.693674171638655634e-01
9.327999405698880198e-01
9.586030351336363164e-01
9.181274943642443453e-01
9.115790046641985001e-01
9.154510796164097020e-01
7.477917000756864052e-01
8.864641705115918757e-01
8.709998070676259196e-01
8.746164105842366698e-01
9.361706691559082971e-01
9.487118466990277499e-01
9.147646079614821790e-01
8.252422533347913980e-01
9.594443371957696032e-01
9.483229652454623348e-01
9.379984607813919295e-01
9.440709521495531664e-01
9.284925577715540390e-01
9.413171771680403088e-01
9.151155440160931853e-01
8.072277966685281747e-01
9.106173875959263642e-01
9.223639251337539813e-01
9.160843341257467465e-01
9.020094790745805113e-01
9.060626535026361505e-01
9.362800030613667168e-01
9.721987403081745471e-01
9.256012276436471620e-01
