9.582743906576065562e-01
9.191577147428545702e-01
9.386207251255200834e-01
9.251210111358418864e-01
9.305115456315773415e-01
9.136037775928240734e-01
9.380554099863389617e-01
9.667332607407196354e-01
8.953489433763183181e-01
8.994437766697761516e-01
9.167575366307583185e-01
9.245501912029450153e-01
9.349512783061112442e-01
8.780415561299568239e-01
9.320629767421487744e-01
9.104211310292639192e-01
9.330163346244154665e-01
9.252881571682330941e-01
8.877742680605631431e-01
8.901319824565754324e-01
8.912629823794452344e-01
9.295638835421050628e-01
8.996587575206510534e-01
8.947680457171341972e-01
8.867137756797522918e-01
9.398434785858736928e-01
8.481896478253109217e-01
9.145445293914722384e-01
9.347829573019281746e-01
9.571918966023548192e-01
9.125775883545425016e-01
9.507207656663921869e-01
9.050705435963646295e-01
9.304181624669634054e-01
8.933097164926837586e-01
9.473672201035313600e-01
9.292333115571829172e-01
8.880747523124512544e-01
8.693560246944946890e-01
8.908558148243833630e-01
8.208636431064719741e-01
9.107496597205789746e-01
8.976172766998659069e-01
9.305039421711945868e-01
9.093076892365856700e-01
8.818403171100200888e-01
9.141579713836002208e-01
9.676832518870996935e-01
9.107959377355678843e-01
9.217812025970510970e-01
9.782863466886897452e-01
9.618044012038743373e-01
9.457902607050583388e-01
9.019449062212292478e-01
9.183860443345984725e-01
8.089287395781115109e-01
9.412407398970077388e-01
9.376665801847061665e-01
8.737964126858049907e-01
8.890414561265068683e-01
8.721049248112011654e-01
8.421750200471997960e-01
9.097329990970703939e-01
9.813097122532246086e-01
9.734700324306201358e-01
9.260345824941875748e-01
8.911583379463214882e-01
9.257692314226044772e-01
9.884158305902482899e-01
9.267032755891640994e-01
9.460955970356675904e-01
9.232227181477310474e-01
9.613479509960202174e-01
8.770234195743593641e-01
9.483219787753478514e-01
9.298460351540237534e-01
9.106674485471654146e-01
8.465935502868033868e-01
8.756113337032485067e-01
9.227464221121742804e-01
9.121158100462519736e-01
9.117889364171002375e-01
8.921049017724311803e-01
8.651570391774759949e-01
9.118527086352954392e-01
9.238105100221722932e-01
8.967326802338455582e-01
9.016109651230572730e-01
9.447820495866116053e-01
9.208520314837136400e-01
9.003775528189439381e-01
9.110696119600035781e-01
8.680810497393915970e-01
9.713433732549798805e-01
9.108404563496359518e-01
8.784040014751219871e-01
9.328521200655032208e-01
8.905265257708010473e-01
9.016068564163567389e-01
8.910709913754302214e-01
9.327918619650776844e-01
9.343153805587558480e-01
9.152351912759912889e-01
8.880396881794715425e-01
9.444142921639461230e-01
8.526887808202975316e-01
9.111990684651533057e-01
7.983043627764705441e-01
8.261772516569817482e-01
9.288771235086829003e-01
8.864173534511672337e-01
8.553401277065738606e-01
9.490329331364282250e-01
9.470622917541524632e-01
9.121820426208601118e-01
8.729047895715900118e-01
8.739285845314548329e-01
9.725690259369739188e-01
8.983491251375105291e-01
9.503650814633458621e-01
8.998802065466188216e-01
8.960827138113469648e-01
8.708040970621171439e-01
9.175835853976236356e-01
9.419356312267752607e-01
9.687538696831438090e-01
9.640334051245372793e-01
9.272728408074375483e-01
9.489162356266834797e-01
8.664664145949821927e-01
9.260345824941875748e-01
9.094098614298692373e-01
9.260929858866353559e-01
9.634275700313028601e-01
9.297281057473928412e-01
8.747223357849357450e-01
8.802612319094953452e-01
9.135047793413026973e-01
8.947645373968657889e-01
9.019640254728612527e-01
9.341596009819367330e-01
8.759265794394888172e-01
9.374841476423286801e-01
9.523157367410127749e-01
8.723132165706229957e-01
9.423275561139341505e-01
9.041395000739850252e-01
9.357918999635334023e-01
9.098915240021707707e-01
9.128062737012215822e-01
9.524206166650397432e-01
9.058153008881054680e-01
9.321321253821950314e-01
9.531735802207821351e-01
9.451169461566805152e-01
9.592680841225726951e-01
8.877874249077579716e-01
8.470536862731189442e-01
9.042245370189869735e-01
8.661764256567936471e-01
9.415878440279654704e-01
8.877266971461794665e-01
8.859864046354671840e-01
9.894800028439384443e-01
8.959808467692078615e-01
9.482177887533258520e-01
8.732859789935490946e-01
8.563571986119442592e-01
9.429314782084563529e-01
8.994814047130766932e-01
9.424683683534369472e-01
8.845633086081655660e-01
8.817229307589740106e-01
9.004600145736185723e-01
8.710954891718368787e-01
9.820989881042111458e-01
9.519370310783337175e-01
9.217817388901825559e-01
8.941615683521880742e-01
9.515033068906124658e-01
8.577750305416225185e-01
9.246723030535599630e-01
8.898566248947082924e-01
9.085842168635710481e-01
8.973417374863033036e-01
9.313489376666237440e-01
8.812657611179756101e-01
9.410825706626992915e-01
9.315665828293362427e-01
8.534778515682974742e-01
8.861315105132102632e-01
9.522212188686676182e-01
8.764262998832075269e-01
9.165612096354214255e-01
9.609063453922817022e-01
9.172319476583070674e-01
9.498288532270829920e-01
8.948955710199691937e-01
9.598333046375203681e-01
8.657187434116137004e-01
8.725427994682909416e-01
8.585266499492014702e-01
8.467691868161885127e-01
9.506399161257617081e-01
9.033388081303865835e-01
9.420652707290041450e-01
9.238388025580589469e-01
9.234188508091744074e-01
9.144580276347604730e-01
8.819583332933075281e-01
9.308777294232714050e-01
9.759192509880340038e-01
9.026557706330385900e-01
8.635252774852067992e-01
8.943460172325184976e-01
9.352781077119186603e-01
9.116099563627089175e-01
9.081966874609227469e-01
9.916513638796485841e-01
9.512430486103247151e-01
9.266155904189152803e-01
9.058153008881054680e-01
8.262596210547471509e-01
9.170842190587182863e-01
9.310300580863245523e-01
9.231471343749529934e-01
9.101355822018921682e-01
9.339716536416696746e-01
8.849044942832000604e-01
9.734267706698725986e-01
9.731618223658794475e-01
8.373616384889992492e-01
8.830177840751065599e-01
8.867137756797522918e-01
9.250493793723461033e-01
9.120921466528864041e-01
9.645808820638824832e-01
9.338113677548506297e-01
9.176426080336197444e-01
9.966899494152895445e-01
9.081784519982653014e-01
9.325890859925286547e-01
9.197507022310050795e-01
9.177892522389625718e-01
9.443757134343213622e-01
9.215652096192009646e-01
9.544853028427617847e-01
8.564338327428072661e-01
8.880402402695508624e-01
9.263870355383790889e-01
9.219124243535908869e-01
9.049884528329503741e-01
9.306183060704623644e-01
9.174032270404893774e-01
9.293838219209056284e-01
9.190869724842768429e-01
9.561003895423167975e-01
9.772694162729519407e-01
9.293743820910637110e-01
9.101460446920360825e-01
9.265585194191167107e-01
9.359991579512343396e-01
9.245090311432431207e-01
8.850536923673917311e-01
8.825767592807317596e-01
9.714819038423115893e-01
9.129065426822510210e-01
9.361050821948982970e-01
9.070197356671384492e-01
9.101343407395360297e-01
8.712296060932158692e-01
9.390992854034245774e-01
8.891242780049156691e-01
9.434414146672974733e-01
9.205176532139525136e-01
8.998822403358422983e-01
9.184168139292498978e-01
9.172937157815727049e-01
8.813228682783130763e-01
8.971585506554322631e-01
9.338503196966255748e-01
9.041386241622851871e-01
9.085842168635710481e-01
9.277351114629277529e-01
9.389064927099040059e-01
9.752083045008208551e-01
9.227325178048418897e-01
8.966975277773895359e-01
9.668885500894663920e-01
9.091955288356986520e-01
8.343294427928247270e-01
9.633076397418045556e-01
9.323398290124824683e-01
8.388442765986690031e-01
8.480043264476126996e-01
9.367120697274869956e-01
9.196655574397002431e-01
9.144903740831981098e-01
9.061950924504875715e-01
9.227392386599393426e-01
9.450454127536607185e-01
8.624374995551522538e-01
8.764871991689083819e-01
8.157958902367896670e-01
9.620068633325037366e-01
9.468474256777057452e-01
9.560568566376611566e-01
9.151384523654033654e-01
9.085171778832347167e-01
8.948542070320174568e-01
9.215460468338159128e-01
8.955656080810837638e-01
9.387730481234798363e-01
8.615343697365648312e-01
8.390891030246738769e-01
9.161866013312967016e-01
9.148820703068378801e-01
9.067796848866609416e-01
8.879761138411677024e-01
8.774038986317522770e-01
9.309063142054202489e-01
8.992787867719125305e-01
8.815272082437445311e-01
9.342214551075809226e-01
9.090909408293205152e-01
8.815556534303473635e-01
9.473569803730712557e-01
9.024313449768998074e-01
8.737395885002287033e-01
9.517450540029865902e-01
9.364235222461814168e-01
9.154618132089592519e-01
9.215292474433947056e-01
9.480699736390336696e-01
9.149737476965834615e-01
9.405554916267653276e-01
9.150227766007656971e-01
8.850719803968888355e-01
8.899646490667973975e-01
8.889375417907734445e-01
9.314917904213263489e-01
9.109282121693264012e-01
9.173218699984931890e-01
9.040479158691383521e-01
8.407944780402728524e-01
9.488905570785510779e-01
9.208066401598556938e-01
9.425077101009732283e-01
8.710460121718950344e-01
9.528234244354257809e-01
9.341117397933415001e-01
9.416373147487930861e-01
8.683549252891675785e-01
9.431495086538431716e-01
9.477157267391996820e-01
9.373388714852386450e-01
9.351279818135523891e-01
8.812561845471841293e-01
8.556354315378266184e-01
9.352624123807157241e-01
8.751966251742319125e-01
9.009432336770734073e-01
9.487586773469723900e-01
8.946754489442171332e-01
8.646480104151332835e-01
9.226665618013215608e-01
9.526291173400447398e-01
8.861179502170544175e-01
8.893497200398502445e-01
9.010608849188277425e-01
8.763978851115139523e-01
9.312544577908193899e-01
8.674554691217429836e-01
9.022225157184003974e-01
9.311911318933105974e-01
9.539550318148348751e-01
8.828968570380955061e-01
8.987863474727770807e-01
9.216451958393575561e-01
9.555889753339625869e-01
9.147835913737544233e-01
9.464948380859624644e-01
8.952421674003717689e-01
9.396530803377076690e-01
9.435468947074308055e-01
9.482338045740812404e-01
9.418429947231654609e-01
8.250072938511717746e-01
9.686340722482391641e-01
8.909591437633253008e-01
9.175171124284716706e-01
8.984121236640436603e-01
9.125834004480398720e-01
9.422571352355758600e-01
9.781802415561717812e-01
9.003330978104109317e-01
9.411728123254025080e-01
8.794525834818888166e-01
9.251931915581980137e-01
9.110539670110273658e-01
9.417865597959873547e-01
8.877372628777564501e-01
9.575629339162828879e-01
8.731323465089717573e-01
9.253046872880783535e-01
9.352306332472893891e-01
9.117965031861595682e-01
9.058650146535499603e-01
8.445887222034941244e-01
8.998707471515691170e-01
9.234137587864880148e-01
9.207134340069255130e-01
8.964710137879950969e-01
8.929763598580284789e-01
8.941355969285513794e-01
9.260747440250728379e-01
9.345756094368575795e-01
9.368441144684197530e-01
9.154617669034057492e-01
8.963695064706003190e-01
9.115401666746132392e-01
9.234904322222448059e-01
9.240375849094462080e-01
9.189423282835488260e-01
9.453954280050143044e-01
9.248686641022616506e-01
8.686781874570755901e-01
8.738030419801292581e-01
8.826770959855019250e-01
9.146573513488919227e-01
9.162966096434087548e-01
9.247754579646609852e-01
8.877874249077579716e-01
9.316404039608692234e-01
9.197383051409220300e-01
9.951442061545969775e-01
8.920056880062318116e-01
9.025470034410295606e-01
8.815234098443195387e-01
9.547833393344709041e-01
9.569171020875123501e-01
9.060662395432969030e-01
9.330740235449145326e-01
8.506011029317791516e-01
8.287064804031841758e-01
9.299371410503383117e-01
9.606577191512303271e-01
9.254951996830196315e-01
8.557788526136181906e-01
9.467445810162284925e-01
9.350726444241059809e-01
9.405237270176227682e-01
8.881877788432953613e-01
9.426905240904793759e-01
8.882421035264882470e-01
8.954585697925691035e-01
9.228419773169972418e-01
9.360567816461329294e-01
8.620131151127790048e-01
9.546948783934736671e-01
9.308616742454667303e-01
9.476416322817571292e-01
8.649910116339762922e-01
8.707995406642353720e-01
9.857258837999717249e-01
8.967326802338455582e-01
9.308777294232714050e-01
9.034324436641828493e-01
9.050176977315388394e-01
8.547829128180026714e-01
9.033042017256192047e-01
9.384249008601587283e-01
8.850207709319015681e-01
9.427465707910419601e-01
8.905517273231270403e-01
8.677379904547957157e-01
8.886598733455745025e-01
9.263076104345147055e-01
9.278828636459267587e-01
8.915961814933482943e-01
9.345014305028825907e-01
9.370264055600717734e-01
9.223527902164735393e-01
9.172236505719076893e-01
8.943156061969130821e-01
8.979886469837252694e-01
8.421264214950302529e-01
9.177547556871104018e-01
9.343953449845260328e-01
9.573131771716582028e-01
8.748630607997417430e-01
9.449956834222569269e-01
9.437932373132739139e-01
9.714238044928711346e-01
8.961140133096677785e-01
8.779761255901198380e-01
9.632483972611630696e-01
8.881987369398114396e-01
7.912363859671430744e-01
9.591235612671341615e-01
9.308655199430131422e-01
9.495605325241901484e-01
9.667326322047996578e-01
9.444464502601732647e-01
8.708040970621171439e-01
8.940526341750061334e-01
9.266903136168291866e-01
9.396591108830106842e-01
9.654735520563184625e-01
8.769012335427271987e-01
9.242735839598533731e-01
9.320577223020812818e-01
9.210513702238857237e-01
9.233801890094802678e-01
9.433995463378075375e-01
9.322682309573585568e-01
8.908762599436103047e-01
9.431000620426693848e-01
8.587293089425600545e-01
9.267032755891640994e-01
8.924604209146763667e-01
8.930548309042088961e-01
9.003500373915047650e-01
8.219543350108892144e-01
9.158021969294135589e-01
9.417445628842925354e-01
8.962396654226462145e-01
9.840965254977414034e-01
8.730699875912639740e-01
8.884644766664017146e-01
8.370230475888882360e-01
8.710812515165829995e-01
9.151497027198921552e-01
9.697071067903924035e-01
9.661783456240596868e-01
8.932511220763220683e-01
9.413339505251905326e-01
8.315094362530119909e-01
8.905774273790710849e-01
9.427760679422937384e-01
9.579612764446903128e-01
9.337847537083031613e-01
8.957979693025237555e-01
8.979632613293345722e-01
9.126914086110557989e-01
9.451494367723812795e-01
9.695826901631343642e-01
8.761479448509037482e-01
8.505312343279919363e-01
9.093663154901987511e-01
9.379129183306267326e-01
9.035780357541266516e-01
9.266903136168291866e-01
9.595345486903591459e-01
8.544155221691074331e-01
8.745606103717227242e-01
8.830089347611798090e-01
8.769035530801598810e-01
9.284786217487407400e-01
9.043322424697542994e-01
9.266564818758233901e-01
9.474566696543623712e-01
9.248686641022616506e-01
9.154676044427396686e-01
8.831474216293284663e-01
9.074598450462955102e-01
9.775671929665042947e-01
9.180250010997772492e-01
9.065939434223581062e-01
9.365992421440542115e-01
8.980514064495602744e-01
9.259882856818323349e-01
8.953123870620243174e-01
9.400341003029256681e-01
8.590604137541824059e-01
9.148820703068378801e-01
9.343724153214610917e-01
8.905945452579638877e-01
9.255013700313565739e-01
9.409475107061886501e-01
8.912555139703743912e-01
9.560525621735649349e-01
8.887442458495387054e-01
8.935905870107205828e-01
9.195308320640099842e-01
8.537424977828531603e-01
9.615825112065377045e-01
8.728298075445366511e-01
8.579083384031415127e-01
8.793709514650035475e-01
9.467445810162284925e-01
9.428613747812355506e-01
8.910258220432001330e-01
8.957217924233209505e-01
8.383254524266801067e-01
8.252302184675563979e-01
9.113220265258644703e-01
8.878179411026383416e-01
9.125060996030245342e-01
9.249622283164660175e-01
9.846224173206276076e-01
9.035023780583236741e-01
8.552550425513587573e-01
9.126983138510058602e-01
9.499888764514207162e-01
8.360738953359874159e-01
8.309983071167709179e-01
9.154149336750869725e-01
8.548375388373182782e-01
9.314917904213263489e-01
8.969865831530580147e-01
8.961345938830119762e-01
9.154307563272648940e-01
8.928463611793161503e-01
9.181274943642443453e-01
9.329570668085713780e-01
8.931959414683837695e-01
9.163037075401474496e-01
8.999577810066059502e-01
9.417338993589935425e-01
8.870888042205807844e-01
9.246338140952202744e-01
8.613098833271207733e-01
9.601956055496856379e-01
9.747677273480058746e-01
8.880060667731980439e-01
9.513870851119895500e-01
9.069800083370497257e-01
8.025529181687672819e-01
9.354077863241020419e-01
8.647755601417075333e-01
8.812561845471841293e-01
9.100188113567723169e-01
9.225246661736582476e-01
9.644079245059851146e-01
8.737089848174783846e-01
9.040082459201174148e-01
9.177892522389625718e-01
9.088181827926326006e-01
9.592908220883664683e-01
8.198751808248193607e-01
9.267166534908229947e-01
9.503856089896822734e-01
9.631828579935379775e-01
9.284435458598433444e-01
9.229394332731339912e-01
8.728744649815366463e-01
8.857343118686471506e-01
8.707776584059645497e-01
8.914559964888149057e-01
8.767704740936246299e-01
9.724653678830212922e-01
8.526298846396893616e-01
9.329320834031040732e-01
8.254970377652770530e-01
8.736341300917468411e-01
8.520968286830749028e-01
8.583224887673278625e-01
9.501329883909614971e-01
9.548862267711955010e-01
8.656277274196833016e-01
9.468622787004092878e-01
8.926940615332960016e-01
9.089374814045932949e-01
9.033060742607430527e-01
8.735557808601411844e-01
9.267561303754505708e-01
9.326099123811909530e-01
8.081817678362918089e-01
8.196286077667371828e-01
8.150648282379270304e-01
9.407264216381572286e-01
8.818445771124456822e-01
9.420370976497079996e-01
9.217812025970510970e-01
9.141622784230306609e-01
9.560449256378098504e-01
8.586882862978884035e-01
9.180480302602267439e-01
8.601905879888619433e-01
9.331780347474485371e-01
9.400725207692846030e-01
9.189555889745217865e-01
9.167152027475251597e-01
8.691793188135843451e-01
9.225758167388021791e-01
9.393842877563756133e-01
9.077326393719655773e-01
9.504809636369869752e-01
9.048379449437445876e-01
8.889642606506482636e-01
9.278253691197634323e-01
9.406105925853754934e-01
8.774750109127159581e-01
8.813470996512700051e-01
8.985986159507273197e-01
8.460053771890527763e-01
9.488613001480735720e-01
8.934589132461777661e-01
9.010002415188537173e-01
9.506545003520198156e-01
9.395099119760933482e-01
8.994896020336078379e-01
8.786695729654456777e-01
9.100614472620817130e-01
9.179861258258216195e-01
8.702740971644367107e-01
9.480471308757316695e-01
9.087642893401575162e-01
9.182529284725247098e-01
8.738752102030141744e-01
9.904320368710006761e-01
9.381377497177245672e-01
8.918376696858385522e-01
9.312140444818974849e-01
9.286159132720480658e-01
8.778640046166482636e-01
8.518230222152795017e-01
8.700619371598664609e-01
9.436986817202308586e-01
8.997603776787536090e-01
9.808135084248948976e-01
9.507610997691570143e-01
7.491238348116294743e-01
9.295449815377668790e-01
8.724978124688750336e-01
8.032052377918390551e-01
9.401201378165080502e-01
9.427872356947566423e-01
9.198165341400453832e-01
8.577663089640615857e-01
8.645344586310417245e-01
8.496046060167895542e-01
8.026646770771942441e-01
9.208066401598556938e-01
8.751577118624350726e-01
9.014110327504396558e-01
8.739440265691111875e-01
8.949843143714359961e-01
9.602996414096819366e-01
8.785936538865520840e-01
9.209859827747166605e-01
8.677301962501393628e-01
8.959192673491991332e-01
9.438048290122218464e-01
9.676964671047415534e-01
8.874904107746600657e-01
9.203657429183527139e-01
9.320805947213871567e-01
9.199207128650085386e-01
9.474185205755232264e-01
9.329787377769385159e-01
8.670103907661959042e-01
9.864515754667519953e-01
8.934097250569518200e-01
9.412657853366902527e-01
8.876606194815831463e-01
9.032391803276623721e-01
8.943399115400579857e-01
8.228324891132501318e-01
9.121903630654949469e-01
8.963038643956383611e-01
8.906138882654544009e-01
8.934708177470332968e-01
8.866998805760593072e-01
8.988219402934519708e-01
8.947596877040470131e-01
9.203857838227605948e-01
9.072458647405613474e-01
8.727397022031025964e-01
9.643513685662478130e-01
9.350184092628752719e-01
9.306057536668864705e-01
9.133035507560930411e-01
9.049844450308851540e-01
8.812665304859891302e-01
9.686703976575353758e-01
8.580362154415894782e-01
9.115974131456530127e-01
8.957422647258577175e-01
9.379088451665777981e-01
9.257952102279169981e-01
9.236274242090086739e-01
8.919650545827246813e-01
9.080024265982314935e-01
9.447856312919723498e-01
8.922062426424099968e-01
8.781292451655250408e-01
9.123158221483600450e-01
8.568306863245985783e-01
9.176336885346462191e-01
8.752191472728086952e-01
9.217992953079051643e-01
9.418368400067061996e-01
9.516592429542181097e-01
9.156626026162111298e-01
9.702086568828753865e-01
8.874706755714619755e-01
8.832279129369187132e-01
8.437514186362851110e-01
9.008175005836627225e-01
9.442647428913254481e-01
9.528851444058243914e-01
8.717704857344863445e-01
8.570927026399809412e-01
9.171403403736064774e-01
9.133284185435255331e-01
9.256690043452832084e-01
9.099718517684043384e-01
8.415580515412817153e-01
9.147129587181677124e-01
9.406132316904656232e-01
9.348503041166332794e-01
9.166439853420524919e-01
9.504472262772937219e-01
9.268824766951464511e-01
9.121384785751637247e-01
9.469990217678749822e-01
8.703353226151936406e-01
9.593227694976514952e-01
9.393773291323407326e-01
9.691405641221434442e-01
9.282578104516353568e-01
8.856469108033302451e-01
9.133545578023408718e-01
8.834463310191631447e-01
9.499842840945683653e-01
8.666463264988745197e-01
9.500630078267187084e-01
9.302193047569897733e-01
9.158878940787523737e-01
9.603859986100077295e-01
9.006762399454515400e-01
9.281649768096352782e-01
9.298779472710114735e-01
9.171654618827717043e-01
9.383906920379980754e-01
9.010522360274100251e-01
9.278084404868295332e-01
9.507414267312322975e-01
9.431062852722459366e-01
8.510093226693687951e-01
9.505403358740687203e-01
9.026624073816841287e-01
8.862647566342983785e-01
9.266665693842698337e-01
9.391182895825003207e-01
9.117379091817546799e-01
9.127694798230212569e-01
9.546217668580427862e-01
9.589520533802828872e-01
9.981007302059614616e-01
9.430792258422157071e-01
8.685373286485460476e-01
8.621687389769762122e-01
8.494042938505563800e-01
8.158989443370670003e-01
9.049750378109614468e-01
8.953489433763183181e-01
9.411319549698966558e-01
9.394794376929804791e-01
9.043497270264688748e-01
8.570927026399809412e-01
8.856175342093511871e-01
9.383918784537913504e-01
9.317388594128902524e-01
9.867995107698306345e-01
9.711594760744548527e-01
8.968490175605364767e-01
9.405190210315789168e-01
9.758236383582468143e-01
8.784040014751219871e-01
9.079309785938695088e-01
9.352454797668965369e-01
9.138257798721023395e-01
9.448904868619371067e-01
8.773302979588563089e-01
9.153539784536226520e-01
8.932855291554196997e-01
9.329291655066576094e-01
9.253112230220733592e-01
8.633460053635720888e-01
9.782208266703464883e-01
9.282628348954268249e-01
9.422852884877023216e-01
8.583051694830614586e-01
9.490908071845964855e-01
9.131663559467606550e-01
8.826455569657341016e-01
9.161600702358145831e-01
9.721078676297634225e-01
9.182974605053527695e-01
9.184168139292498978e-01
8.709718905150148904e-01
8.238344741389415082e-01
8.983180021447348951e-01
9.030682214384961881e-01
9.790342737517218064e-01
8.111779498000831756e-01
9.788934083381403140e-01
9.273141211110992321e-01
9.046627998283559569e-01
9.161216420864799481e-01
9.691000910632467935e-01
8.806204491099871579e-01
9.076187186101841720e-01
9.210300612683774979e-01
8.960946633042303766e-01
8.665907962928900421e-01
9.383201467824153763e-01
9.338268258235773445e-01
9.611892364310699044e-01
9.480553412918723000e-01
9.033504368016488373e-01
8.777444920688310948e-01
8.934374742724193741e-01
9.387194178983617743e-01
9.849059368533302772e-01
9.349512783061112442e-01
8.727279148769195860e-01
8.918733950516183340e-01
9.157355554024931843e-01
9.147891659656217644e-01
9.108366165671137882e-01
9.336866604422667804e-01
8.842933319221683020e-01
8.825134957938487457e-01
8.880096595408034643e-01
8.939624236122598600e-01
9.186068915961416170e-01
9.278868676994643794e-01
9.626638893779505546e-01
9.628351518913614848e-01
8.878561291103795883e-01
9.097783309367294402e-01
8.678096477243707474e-01
9.398708699825830681e-01
8.554239485017930411e-01
8.439300348621979753e-01
9.219428754362043454e-01
9.672011765744905620e-01
9.832292777779466642e-01
9.283333778155795635e-01
9.570923073426376160e-01
9.294229149043211624e-01
8.751790402697775528e-01
8.637396679239619512e-01
8.836124772748716882e-01
9.041760442112740659e-01
8.621573283056657155e-01
9.043372308179414842e-01
9.412364131523267563e-01
9.218337479916295374e-01
8.609667519681494241e-01
9.048512783608673171e-01
9.351279818135523891e-01
8.546460991196246360e-01
8.632954741388757514e-01
8.829949851209792921e-01
9.102844075665127432e-01
9.503856089896822734e-01
9.295725392447132807e-01
9.759038777182570401e-01
8.606249318381218316e-01
8.927450448787443982e-01
8.968490175605364767e-01
8.986381600693831295e-01
9.202860276646761539e-01
9.481506778512460709e-01
9.267616134691816221e-01
9.049381947528479797e-01
9.113286005070675433e-01
9.659043528581223725e-01
9.590102149170416368e-01
8.897577790163617717e-01
8.713479817434379715e-01
9.467275093523050966e-01
9.181362977068810993e-01
9.006090952009000450e-01
9.138257798721023395e-01
8.619947444224029809e-01
9.227589499276982465e-01
9.370129901408918993e-01
9.915088424093356778e-01
9.445184624533575768e-01
9.596036571146251415e-01
8.546048004208788296e-01
9.336883673663525229e-01
8.935416092825820833e-01
9.088281749192604897e-01
9.209252146033565234e-01
9.518494581482229711e-01
9.473929636562735679e-01
9.286159132720480658e-01
8.463448702747731200e-01
9.321167198085148486e-01
9.825207147891056314e-01
9.764249982621451274e-01
9.114768987927208688e-01
9.018159590431821249e-01
8.704638458848074078e-01
8.573052468602883058e-01
9.205635504700631078e-01
9.246137662979176941e-01
8.916975232998521905e-01
8.597041645463077142e-01
8.870413473334856080e-01
9.148750820483732005e-01
8.597060657653488036e-01
8.213585883375781327e-01
8.690011694956115695e-01
9.273512927817587626e-01
9.445778648022337132e-01
9.422852884877023216e-01
9.280356546069581380e-01
9.041878554382353217e-01
8.606878934873725129e-01
8.797702482933555945e-01
9.075635019182616281e-01
9.175845992282107844e-01
9.028528063811663840e-01
8.848965584676603546e-01
8.653715782402069401e-01
9.175450683716100952e-01
8.788223391648856131e-01
9.161431658760620378e-01
8.794825312928523653e-01
8.574484940154262214e-01
9.326917670865416676e-01
9.480024088892954337e-01
9.449801275393163724e-01
8.984240912840493198e-01
9.393773291323407326e-01
9.537164376801451349e-01
9.029951177814333763e-01
9.626593081913306094e-01
9.464329633428177901e-01
9.432036505174338226e-01
9.459262144648725723e-01
8.800593074940659122e-01
9.052784666835115290e-01
8.931186844474718889e-01
9.078755035724466183e-01
8.960827138113469648e-01
9.528449938050992385e-01
9.520461281695374867e-01
8.959674440388915029e-01
8.805058714224162086e-01
8.808319442478048655e-01
8.276425909680183990e-01
9.466874084480250140e-01
9.005917417832947081e-01
9.220483462705839628e-01
9.358096856961677368e-01
9.114086378598317273e-01
9.490020186782468503e-01
9.462754223762496197e-01
8.280737942612967917e-01
9.531260282559490538e-01
9.044668155447008751e-01
9.211447998715742713e-01
8.788213276556943176e-01
9.277654186407305881e-01
8.921518144458626676e-01
9.590686023000725147e-01
9.388051642579033906e-01
8.427086472372189441e-01
9.397113815259998670e-01
9.496955233251180850e-01
8.604108224111092218e-01
8.563970762935131376e-01
9.311703911444360049e-01
9.257682521292311950e-01
9.652764029229372600e-01
9.810056986760936626e-01
8.253175469035630707e-01
8.931186844474718889e-01
9.765976801518636563e-01
8.964930337796733761e-01
9.313955578003295654e-01
9.675415607833351972e-01
8.648563293681246211e-01
8.721403306085750984e-01
8.603067931483969755e-01
9.036289412245801511e-01
9.425888750450157616e-01
9.256924566133639676e-01
8.779829738184707910e-01
9.153282991052688056e-01
9.278828636459267587e-01
9.003784057915446004e-01
9.609208837611996623e-01
8.786361058766662957e-01
8.982322160212125040e-01
9.325401904076311421e-01
9.896940464676986515e-01
8.871401990853889918e-01
9.845741527715917707e-01
8.171396847256118257e-01
9.452620853567026415e-01
9.477953166569615950e-01
9.453384252656813480e-01
9.016235178537048700e-01
9.079157624813807281e-01
9.261225627100345692e-01
9.169961476160163327e-01
8.832861982257869116e-01
9.352454797668965369e-01
8.926822133866251230e-01
9.246905139759938885e-01
9.624243604940184715e-01
8.916104523796148928e-01
8.904646501420366844e-01
9.093290160139952949e-01
9.035389750988060964e-01
9.480050204994830976e-01
8.783436296472272309e-01
9.277386266512347435e-01
8.734608421640099873e-01
9.302193047569897733e-01
9.418108016644818337e-01
9.334906798884153867e-01
9.734267706698725986e-01
9.274388765001220225e-01
8.670225684191125159e-01
9.943586294211765875e-01
9.445778648022337132e-01
9.274846770810108998e-01
9.026120060040173643e-01
9.157164734265869077e-01
9.824345829669021146e-01
8.903058664050315096e-01
9.077194196160387474e-01
8.557623004103205311e-01
9.327673411619485933e-01
9.709591562672298393e-01
9.635679678778256152e-01
9.017293814607608704e-01
9.677711310622796326e-01
8.693255498211210908e-01
9.583329790281059912e-01
9.483229652454623348e-01
9.166352549739903433e-01
8.609057510117963385e-01
8.196182907518732019e-01
9.269512943123279225e-01
9.173589867703836331e-01
8.874704505536746835e-01
8.609684766610705697e-01
8.464615765860591390e-01
8.792168374473030568e-01
9.273459362061732270e-01
9.056415082378798109e-01
9.364090552558208547e-01
9.490277313295063522e-01
8.971168388536953087e-01
8.649989263374578963e-01
9.630880541217463620e-01
8.985305892670257810e-01
9.176097304104925412e-01
9.273221132730919969e-01
8.841267533959169533e-01
9.362999804003240278e-01
9.133088044945715245e-01
8.775809481088790998e-01
9.153602340223752076e-01
9.189035735727358878e-01
9.176054316239404818e-01
9.475369367680188670e-01
9.406406856616257306e-01
8.983414382244149232e-01
9.385079858313558621e-01
8.588933913704834833e-01
8.823535957579510258e-01
9.745557253005721066e-01
8.938588667498391649e-01
8.791506039481632451e-01
9.432568636510729743e-01
8.861246359408807560e-01
9.190645102646085585e-01
9.007192585225992643e-01
9.218235921226574092e-01
9.194271222801532195e-01
9.073420214469432032e-01
9.455635817191748727e-01
9.329504362188215660e-01
9.013869847133947344e-01
9.526164630433530123e-01
9.469436471219643270e-01
9.147835913737544233e-01
9.237126218931513977e-01
9.860817933674778102e-01
8.832386132391466527e-01
9.509886704734960006e-01
9.248081108845275233e-01
9.037980740525122236e-01
8.941676052888555271e-01
8.739440265691111875e-01
9.170842190587182863e-01
9.498604011377885792e-01
9.192710178457327297e-01
9.321296530678986336e-01
9.658490360981012435e-01
8.754786898426191177e-01
8.514021122618601334e-01
8.735893688824938330e-01
8.870463105122697867e-01
9.148396677901106111e-01
9.392939109166515976e-01
8.501072829497026140e-01
8.679704586122586329e-01
8.912182345358917734e-01
9.266687497350644120e-01
9.601354943400997044e-01
9.552048491287260523e-01
9.021971466316711652e-01
9.203139512860368798e-01
8.740324023298129408e-01
9.386747415218142931e-01
9.498604011377885792e-01
9.532006401194329515e-01
9.374457041039324645e-01
9.321729783054542029e-01
9.142122264811474164e-01
9.180668397533086056e-01
9.465060233566778836e-01
9.229867068219983484e-01
9.593066091631528014e-01
9.253239408566827917e-01
9.114599004447803132e-01
9.087872549696822677e-01
9.195349207987657536e-01
9.286967625242259494e-01
9.546887030298024657e-01
9.031721576447295785e-01
8.769359708444371959e-01
9.064722780608077679e-01
9.392314185011164662e-01
9.400428542873641158e-01
8.311581359952758818e-01
9.228025641447928917e-01
8.860993801365798506e-01
9.089705605874796035e-01
8.767802206494078598e-01
9.451546952321343564e-01
9.909848241958290060e-01
8.609769808089063892e-01
9.409043022448867477e-01
9.172709362792278442e-01
8.925335349561908105e-01
9.483280645366490846e-01
9.361430363840728130e-01
9.366369044029850821e-01
9.022518877785815627e-01
9.300291618129489235e-01
9.283765940999080257e-01
8.798940146905481763e-01
9.367676295408464693e-01
8.993113454279624275e-01
9.612184716346743318e-01
8.658658502330554008e-01
8.860729320504611151e-01
9.182865956883137226e-01
9.162920139127456176e-01
8.168519361993380468e-01
9.779470117720098221e-01
9.505966259943315899e-01
9.529344268442860866e-01
9.310487427778314506e-01
8.820757758424589978e-01
9.331618796415745987e-01
9.138920503940644036e-01
9.040481084848751570e-01
8.585818056640531770e-01
9.075026927854595860e-01
8.553401277065738606e-01
9.021792321443212748e-01
9.178030314939311651e-01
9.019527728579612713e-01
9.436195974299460554e-01
8.888087913240013682e-01
9.320100245611780965e-01
9.420687614429947843e-01
9.843597883639594315e-01
8.324505159704913559e-01
9.197624130239192564e-01
8.975811733744202270e-01
9.185708842505966309e-01
9.134035295030982216e-01
8.752023290023365210e-01
8.603067931483969755e-01
9.098391136224738274e-01
9.660128115829041962e-01
9.356610847165987010e-01
8.775368876379529004e-01
8.065611028556345374e-01
9.316551272471436107e-01
9.232267633779471794e-01
8.921471248798098497e-01
9.696917472737348609e-01
9.537169471613510252e-01
8.756697160930317914e-01
9.336122804662924102e-01
8.841026614421718666e-01
8.609684766610705697e-01
9.571918966023548192e-01
9.115872453377423801e-01
8.917458501430590712e-01
9.646248008813297359e-01
9.270254297265576593e-01
9.132853473263508048e-01
8.937887238347351770e-01
9.295004542948165360e-01
9.326570014088527705e-01
8.878861170279283010e-01
9.133545578023408718e-01
9.594403159079266663e-01
9.296083427088842610e-01
9.238182281028866072e-01
8.788223391648856131e-01
9.396997183119727426e-01
8.743594400226287755e-01
9.639495804685056513e-01
9.224358007006081550e-01
8.695111356175164730e-01
9.051182796098373728e-01
8.793890585206084465e-01
9.323344988157782343e-01
8.976923239716283476e-01
9.570354488108608892e-01
9.528671383489296653e-01
9.102464142312627349e-01
9.391412271514097965e-01
8.758148884131259360e-01
9.322529429049465355e-01
9.290777778931857966e-01
9.348301237407277142e-01
8.781246423030097947e-01
9.262769240876852495e-01
9.300034318036967118e-01
9.468982607127084394e-01
8.976555249583139107e-01
9.162805534668647667e-01
8.736307254806645606e-01
9.471963190367704843e-01
9.305646291978850737e-01
9.221268954104956395e-01
9.858888687900477787e-01
9.579318252112420939e-01
8.418132571907420703e-01
9.216088994122476619e-01
9.108778483673090065e-01
9.287799179958106111e-01
9.079012566634204751e-01
9.326917670865416676e-01
8.778788144845968144e-01
8.926940615332960016e-01
9.500908479765964865e-01
9.155101107110269476e-01
9.391844917693404904e-01
9.169239116291668656e-01
8.543735053414593938e-01
9.417865597959873547e-01
9.394525741858037460e-01
9.163165190667108551e-01
9.526164630433530123e-01
8.629217526609158639e-01
8.459364832618798680e-01
9.405067209334897482e-01
9.409420380962238983e-01
8.643383777952543534e-01
9.422261434810556002e-01
9.776506213042523985e-01
9.768708072399703291e-01
9.021971430802738778e-01
8.065611028556345374e-01
9.160843341257467465e-01
8.903581868902838981e-01
9.129065426822510210e-01
8.796501699265472096e-01
9.301128119384520776e-01
8.956935851269304250e-01
8.492052098030448137e-01
8.964507265860415242e-01
8.884745710843859889e-01
9.501994225839559549e-01
9.297752763938759157e-01
9.421191882794204275e-01
8.568068156416276393e-01
9.468496530895262886e-01
9.554296936954390640e-01
9.214172797565838291e-01
8.593140080708344675e-01
9.436667963549907334e-01
9.275036975114470117e-01
8.964765847997901993e-01
9.768802920471248985e-01
9.267504951569627281e-01
9.253221329104367454e-01
9.165959483914010164e-01
9.078481308374096725e-01
8.639587063470081096e-01
8.832386132391466527e-01
9.384928359452724411e-01
8.900939064940571743e-01
9.370129901408918993e-01
9.316774722868409464e-01
8.622948165155011058e-01
8.919650545827246813e-01
9.175228193453812686e-01
9.155833083803857075e-01
9.230536576367682766e-01
9.640771675722507039e-01
9.062278396744606335e-01
8.823953127709558419e-01
8.781676981831354478e-01
8.769521737749771395e-01
9.499560182150947885e-01
9.189132218059584689e-01
9.456204546029643998e-01
9.619291304994986858e-01
9.107923732298878194e-01
8.922663020415789736e-01
9.263508730804760338e-01
8.793697220407272752e-01
9.070749418468531111e-01
8.900675408804548105e-01
8.741369950426257640e-01
9.036616130116880141e-01
9.491100007345235623e-01
9.283352667186755003e-01
8.614227054916808735e-01
9.278513090088510440e-01
8.637840975705822766e-01
8.627115291227189786e-01
8.440745400704429136e-01
9.254876222456154267e-01
9.637874169783983147e-01
9.072309115925751843e-01
9.476687465257903620e-01
9.482716278631665441e-01
8.958054464863819399e-01
9.189541001861655234e-01
8.917241716529479278e-01
9.377850495434714162e-01
9.182865956883137226e-01
9.429905566248864002e-01
9.578768707758392731e-01
9.831275926737181869e-01
8.560980843128174200e-01
9.136897986626629775e-01
9.128674600816509832e-01
8.796377313193568526e-01
8.678275623365763192e-01
9.206245846104830211e-01
9.291597025602598148e-01
9.451122303519584600e-01
8.734466228549762068e-01
8.852248758100265125e-01
9.213840948097047345e-01
9.163037075401474496e-01
9.339716536416696746e-01
9.535980516021673736e-01
9.293822040335015799e-01
9.227669545720547095e-01
8.553443580360576837e-01
9.103279434448136032e-01
9.705591480020845374e-01
9.750725240954738471e-01
8.963283251000698781e-01
9.954679965282158260e-01
9.467724423308123693e-01
9.386175524279819493e-01
8.959261522680991296e-01
8.814462216689038510e-01
9.016235178537048700e-01
9.264242017316656197e-01
8.778935038078452546e-01
9.384902423830000506e-01
9.079103481794985608e-01
9.474220890723906718e-01
9.067064159487856490e-01
9.374436005476828315e-01
9.107959377355678843e-01
9.445918432005726562e-01
8.775929724834919954e-01
8.846940989240588138e-01
9.134231038045630413e-01
9.498249319782662292e-01
9.062639790777076154e-01
8.904626540682509805e-01
9.537835204092045549e-01
9.900681413608877213e-01
8.814128103273639603e-01
8.921335352783913430e-01
8.697261172181336430e-01
8.996057285744689658e-01
8.478151877526731717e-01
8.989883332615431488e-01
8.999761282890857972e-01
9.181620395248223376e-01
9.138177241205619472e-01
8.737767799682973902e-01
9.050285135813811443e-01
8.831533179131133560e-01
9.275162877759839386e-01
8.907542131837217214e-01
9.605293593255294082e-01
9.159175609905965132e-01
8.965723362635708016e-01
8.618287412945790926e-01
9.107709806355156479e-01
8.637396679239619512e-01
8.584742195330364867e-01
9.174270886287281268e-01
9.701075314642584324e-01
9.815114388940471279e-01
9.513483624376506409e-01
9.113205814368553481e-01
9.365146022326292785e-01
8.850260901887044840e-01
8.409147671970024218e-01
8.981343877002767595e-01
8.223398315262070435e-01
9.132158972850921153e-01
9.406105925853754934e-01
9.396591108830106842e-01
9.295255545599565572e-01
8.582974756042035525e-01
9.742176767951630234e-01
8.868513015692197632e-01
9.197453895702026871e-01
8.369573729759536285e-01
9.310398810777693601e-01
9.414377118668216804e-01
8.714309696457626098e-01
9.250995349260463518e-01
9.369735912810980283e-01
8.911271418236598185e-01
7.949483196459672385e-01
9.387357268783368403e-01
9.278247208464258655e-01
9.214955069246756336e-01
9.153727425864930378e-01
9.059074787663282669e-01
9.350094454346964401e-01
8.770731875796352606e-01
9.134034844192349123e-01
9.501329883909614971e-01
9.019658079111961824e-01
9.108778483673090065e-01
8.486587411987489560e-01
9.600349646950840921e-01
9.465287305810974328e-01
9.600934516892187798e-01
8.926054472855851074e-01
9.567507115228645054e-01
9.203005816140684692e-01
9.481025155965506768e-01
8.885259227321959941e-01
9.217248600363808775e-01
9.683390705363821294e-01
8.892131945952614913e-01
9.158321597683678483e-01
9.395292917948693256e-01
9.000868720806651790e-01
9.033629699133560731e-01
9.325637878263670633e-01
8.232155864819322710e-01
9.535828201923822744e-01
8.366825791507801480e-01
9.250696879220947633e-01
9.139148160180101677e-01
9.283551300864893996e-01
9.137918435905691972e-01
9.896798831355487769e-01
9.404825657704467545e-01
9.104112321690466247e-01
8.396829936429278662e-01
9.126900317454479383e-01
8.569146659930437782e-01
8.597661726648263558e-01
8.454080343538408204e-01
9.584944555364471874e-01
9.292251213864811676e-01
9.613374542375088261e-01
9.100083181480150829e-01
8.619732176000002299e-01
8.848755768292366763e-01
8.470853612476172412e-01
9.053477894738044540e-01
9.051784622128460356e-01
8.974902266590963906e-01
8.903137174356169359e-01
9.258468174156224695e-01
8.699728924658628459e-01
9.501047581252575203e-01
8.596379662890204498e-01
9.412607702339366167e-01
9.300291618129489235e-01
8.715576646027398677e-01
9.248447839342610610e-01
9.546642524570368993e-01
9.435296927204399609e-01
9.474276262186390740e-01
9.070846398959589996e-01
8.519208924338623756e-01
9.379836686332461149e-01
9.004874736844343808e-01
9.064442846062652492e-01
9.561764518774906740e-01
8.291386219555902937e-01
9.677729670917474269e-01
9.305907034606599737e-01
9.116000386507909781e-01
9.115634962540725139e-01
9.643482545929847882e-01
8.080673945410035142e-01
8.616094260302110674e-01
9.296711800806933823e-01
8.900939064940571743e-01
9.401090999383313607e-01
8.871926030770584948e-01
8.416150814156774240e-01
8.329393723950990758e-01
9.880086959501920285e-01
9.318208827070149081e-01
9.722642743754680295e-01
9.525925165936957040e-01
9.939835378379410225e-01
9.021364665910072134e-01
8.713515993564026063e-01
9.075381920890651655e-01
9.333406184207694301e-01
8.383065687589847936e-01
9.204693718838755645e-01
9.248447839342610610e-01
9.274611963101805356e-01
8.788213276556943176e-01
8.877469563592590429e-01
8.870387924848452954e-01
9.835877203743148556e-01
9.412483240838095400e-01
9.838281792471664788e-01
8.980182670167570214e-01
9.061650234317388808e-01
9.384168492901828751e-01
9.311524736052575468e-01
8.635564656868511824e-01
7.144972293873365077e-01
9.229480672188420387e-01
8.621132093669614527e-01
9.305038439381786430e-01
9.114802977356503133e-01
9.375405054028438379e-01
8.418132571907420703e-01
9.278957664919126325e-01
9.368375497946201946e-01
9.341493651536727505e-01
8.900794045124642562e-01
9.945647923468842189e-01
8.648563293681246211e-01
9.166961718172520479e-01
8.789379012826190607e-01
9.275115759510199620e-01
8.451057837449780230e-01
8.898725820538946341e-01
9.499114361986630284e-01
9.306268844368466020e-01
9.526324932111481791e-01
9.265423755357969915e-01
9.319900610660603046e-01
9.053054367378191580e-01
9.167052806330517889e-01
8.906020981368332201e-01
8.768159457616421237e-01
9.021929172613017966e-01
9.635282724471048166e-01
8.899646490667973975e-01
9.370451008447406860e-01
9.281722190473240541e-01
9.116650667494432536e-01
9.324303229933138537e-01
9.925161176542727226e-01
8.987534095495458564e-01
8.842705497961019789e-01
8.850392493969049257e-01
8.658754965945292259e-01
7.780247770102385330e-01
9.362864645288301313e-01
9.470643380898370323e-01
9.406626128197634884e-01
9.347179839863821726e-01
8.249778590824996538e-01
9.410417020517755082e-01
8.740324023298129408e-01
9.125639640008105236e-01
8.573508834913566856e-01
8.744287400192126691e-01
9.251891346194313082e-01
8.598527728058902309e-01
9.531735802207821351e-01
8.978340364065198198e-01
9.738752689934790929e-01
9.127347378027154123e-01
9.205524283801900243e-01
9.285628927068740879e-01
8.930937406695326208e-01
8.927634660725849436e-01
9.114086378598317273e-01
8.659356606249891675e-01
9.225919508963298377e-01
9.167104635898886134e-01
9.256695326371966459e-01
9.408874277967330668e-01
8.904156858808800479e-01
9.099835737767347776e-01
9.379420769759529986e-01
9.555165540962600179e-01
8.635400441624002665e-01
8.928274940907678925e-01
9.477199195597934001e-01
9.460493328023823478e-01
9.063825791363590012e-01
8.811481975477944983e-01
8.992008861871995107e-01
9.093290160139952949e-01
9.388051642579033906e-01
8.341816575654253940e-01
8.688262178800514324e-01
8.935494646695054666e-01
8.619621095219957008e-01
9.440633108182027167e-01
9.351063006910099729e-01
9.869568529774344068e-01
8.110965232657502133e-01
8.803147961884040251e-01
8.900939064940571743e-01
8.772979682688282210e-01
9.762978063336246182e-01
8.155869701618692069e-01
9.408378429865865700e-01
9.604267625851340417e-01
9.277874832769981150e-01
8.693738675391220472e-01
9.213622724173461398e-01
9.662761962973764884e-01
8.208955650185499886e-01
9.003415682688293842e-01
9.399319795550549195e-01
8.950635985241118808e-01
9.414887557001292429e-01
