8.868878665636269476e-01
9.858267820754069710e-01
9.738170157339333111e-01
9.567502483538483649e-01
9.546769510035090223e-01
8.951134483047951118e-01
8.924896776065046611e-01
9.413339505251905326e-01
9.258649717383259370e-01
9.307116030725333111e-01
9.501329883909614971e-01
9.097000010783313773e-01
9.412634048246460994e-01
8.388786531024741144e-01
8.885412009649759080e-01
9.046489441670074738e-01
8.221721384625314544e-01
9.278445070016736462e-01
9.027630978182603627e-01
8.877086992175764468e-01
9.183152836795620555e-01
8.994941724180495202e-01
9.036022859147598840e-01
9.330760460419992297e-01
8.991425649723705504e-01
9.507320197020698860e-01
8.359730831197401679e-01
9.634397212610340544e-01
9.601451244182640510e-01
9.149900465710747444e-01
8.955404569267164661e-01
9.019449062212292478e-01
9.727144208397521252e-01
9.149815068558775355e-01
9.197148982655604099e-01
8.994598851062906020e-01
9.223545988787418271e-01
8.880878601968589248e-01
9.436986817202308586e-01
9.394714448359754444e-01
9.464535021075665133e-01
7.970639603951026331e-01
8.519745517075874019e-01
9.299087972282490400e-01
8.682659959921529280e-01
8.913475578625537077e-01
8.911782846266407265e-01
9.542854568318074326e-01
9.449921713137012791e-01
9.483121662419713438e-01
9.378988403151510278e-01
8.988560365093911653e-01
8.910510081754505762e-01
8.579726509767847675e-01
9.057472301734770248e-01
9.114872399577930162e-01
8.732692503124611649e-01
9.504211339574651918e-01
8.994591499979796012e-01
8.918453591403824321e-01
9.271727845403039403e-01
9.977996822921225695e-01
9.279779839832632549e-01
9.239162438938179900e-01
9.288579520126702960e-01
9.341868969143538592e-01
9.040419856188898207e-01
8.704431710895971230e-01
8.902007533337451539e-01
8.137998365413240398e-01
9.406132316904656232e-01
9.148159364571505359e-01
9.358179763981048227e-01
9.480357586224071875e-01
8.741028915848496617e-01
8.939112128672901392e-01
9.051549932846423285e-01
8.905690213691372925e-01
8.925554511813731384e-01
9.386876351469602975e-01
8.903660274528357732e-01
9.186449044099773698e-01
8.933193582900565977e-01
9.915848528990778288e-01
9.409043022448867477e-01
8.891117626439113408e-01
9.149202626303278851e-01
9.402147050357899660e-01
9.209148078956603811e-01
9.345841259951334079e-01
9.049853202651643169e-01
8.263194193743064186e-01
8.856009092076442268e-01
9.909848241958290060e-01
8.739724194433016180e-01
8.987331102853728382e-01
8.831533179131133560e-01
8.922771379299708761e-01
9.026582153247814100e-01
9.066378995882469205e-01
9.208775677613614263e-01
8.880547648524633741e-01
9.030978381191228088e-01
8.389642373462282698e-01
9.887078020514949994e-01
9.409475107061886501e-01
9.058366592676840856e-01
9.828507315167478442e-01
9.109282121693264012e-01
8.689028126529909635e-01
9.566211276056512114e-01
9.232968177882766581e-01
8.595315027385213025e-01
8.824518847539113420e-01
9.161431658760620378e-01
8.238344741389415082e-01
8.836662788193079265e-01
9.056612874079288389e-01
8.928250707930046604e-01
9.432357806886846330e-01
8.196295766490996337e-01
9.361487790019465960e-01
9.959324595951242198e-01
9.356276525920257381e-01
9.104340478252077595e-01
9.475057178717278816e-01
9.113921351910436730e-01
8.738447612497606265e-01
8.691647929052954691e-01
8.897140480767410375e-01
9.084161566762513074e-01
9.525765710849835033e-01
9.293509066091405479e-01
9.036517777682363528e-01
9.351279818135523891e-01
8.429316076179529382e-01
9.041760442112740659e-01
8.814462216689038510e-01
9.331003493798640802e-01
9.052921292169334722e-01
8.697968655123987647e-01
9.571145071728350828e-01
9.343152968178948248e-01
9.594476529656301711e-01
9.564005454785857729e-01
8.890046606704397059e-01
8.930565595925090694e-01
8.881452681866151000e-01
9.230313046609101013e-01
8.637416230583530030e-01
9.509181002557898221e-01
8.699347165622598466e-01
8.545815380278549700e-01
9.507764146007440242e-01
8.543784312465878550e-01
9.461757493642982686e-01
9.574360077585435391e-01
9.115159720207713923e-01
9.388686071100991182e-01
8.525318440045902557e-01
8.913461070496734306e-01
9.300577065336924631e-01
8.710460121718950344e-01
9.253112230220733592e-01
8.847047066491486866e-01
9.004188399325402381e-01
9.265667610019896472e-01
8.371216850374079144e-01
9.052263528883999211e-01
9.317975059907807056e-01
8.943180483307711093e-01
9.442921669406317831e-01
8.706015213420271737e-01
9.540217606940477602e-01
9.342557281386505430e-01
9.498473898919697067e-01
9.124857415756210122e-01
8.943123175205751618e-01
8.716322589555386413e-01
9.230890028732450237e-01
8.090808669685608523e-01
9.392939109166515976e-01
9.420370976497079996e-01
9.329768100228841288e-01
9.236029042906445108e-01
8.975043099501989197e-01
9.306145339584809273e-01
8.994018967191217406e-01
8.872248566104824485e-01
9.118105357250925191e-01
9.193968823739744334e-01
9.259497748602303346e-01
8.778379093945143374e-01
9.405157834167205966e-01
9.261897563614055473e-01
9.572699089542414663e-01
9.071576394035303359e-01
9.078295635131656827e-01
8.966431995418618905e-01
9.224852607264432125e-01
9.076385540026085108e-01
9.790342737517218064e-01
8.978759508038844928e-01
8.840437887474024148e-01
9.023495051003939116e-01
9.098807748653895411e-01
9.482723547206646231e-01
8.958906701600830580e-01
9.149815068558775355e-01
9.458608177905080128e-01
9.258810697398740519e-01
7.760287709698433511e-01
8.875982899712968610e-01
9.114071670548132831e-01
9.160961809449100768e-01
9.492368503501371624e-01
8.863493872596096557e-01
9.400974029833603085e-01
8.358235338933802661e-01
9.444915560138674726e-01
9.406569382173896043e-01
9.676004025756128613e-01
8.826302014761709946e-01
9.519736438735627582e-01
9.190645102646085585e-01
9.203184016100638409e-01
9.340182572921568172e-01
9.297931495253479728e-01
8.072166405340684969e-01
9.104340478252077595e-01
8.805570467261173428e-01
8.880980282654751257e-01
9.132940885517262242e-01
9.691000910632467935e-01
9.363648281938892204e-01
9.114156753534868871e-01
9.151413484058033010e-01
8.515460220144350778e-01
8.586457019176394478e-01
9.438189161450790676e-01
9.274314416830291563e-01
9.052829698410836956e-01
9.378415873453077589e-01
9.401318340422643027e-01
9.401128563462537446e-01
8.766028306557651639e-01
8.026702248261385897e-01
8.951474254554964149e-01
8.772975422463126227e-01
9.229703527933095231e-01
8.771424771145419630e-01
8.682308063544714738e-01
9.354191134218239334e-01
9.198895630486598751e-01
9.083291914513511589e-01
9.088181827926326006e-01
9.073668722507995943e-01
9.024587054457937629e-01
8.645454210825710417e-01
9.022647703648911666e-01
9.374767482218281378e-01
9.238182281028866072e-01
8.843834879093898094e-01
9.378873975602964874e-01
8.824161609674397999e-01
9.434789762620209297e-01
8.604904363849236182e-01
9.003915520910839021e-01
9.385320682036635276e-01
9.087450974299857709e-01
8.110315602365013588e-01
9.267319576598107567e-01
9.030487270693285939e-01
8.148451453539315992e-01
9.274529747053497086e-01
9.705974910160002356e-01
8.715576646027398677e-01
9.013869847133947344e-01
9.187525287913919092e-01
9.347179839863821726e-01
8.704209896367853805e-01
9.147646079614821790e-01
9.515494052310008444e-01
8.677450862851990854e-01
8.996191799434969383e-01
9.142512902711220635e-01
8.557156244008952140e-01
9.006570125598272192e-01
8.774682968893589008e-01
9.189388816680411631e-01
9.384928359452724411e-01
9.628292851752413561e-01
9.386234800517490040e-01
9.849997583353938824e-01
9.691405641221434442e-01
9.037574945057351705e-01
8.864575977136015528e-01
9.543941463394730595e-01
8.435234684597434640e-01
9.558659911566281808e-01
8.900658810934904963e-01
8.642831263354723292e-01
8.637585907793527973e-01
8.693560246944946890e-01
8.945349790091872144e-01
8.882629399921201374e-01
9.747135877358111822e-01
9.352232784528207166e-01
8.976853714088322000e-01
9.539848709325139398e-01
9.593991768771533701e-01
9.021219647643483608e-01
9.121937718079364821e-01
8.714302955741842771e-01
8.881336283877341309e-01
8.954467873899853991e-01
8.780133827816813952e-01
8.804841232402361717e-01
8.832072441680351993e-01
9.285563327479442464e-01
8.943815070207071782e-01
9.511773193461572351e-01
9.645449882146328591e-01
9.341891230050021200e-01
8.596958929418011541e-01
9.102968096446470980e-01
9.207820937455475363e-01
8.824608569220208087e-01
9.273634585150047904e-01
9.310080614872061622e-01
7.998215789951970134e-01
9.107180190214047011e-01
9.053097187702187076e-01
9.093219081222664313e-01
9.488705018043958050e-01
8.765961663573453855e-01
9.349071259608068285e-01
9.318804974548292597e-01
9.041760442112740659e-01
9.181827058615460446e-01
9.047866661433010549e-01
9.140053245715757946e-01
9.061180106747043217e-01
8.904846507936013955e-01
9.634718688888534999e-01
8.964347824193199532e-01
9.134569247836374917e-01
8.926940615332960016e-01
9.235636078891286127e-01
9.392939109166515976e-01
9.226223838582491288e-01
9.307266999460801493e-01
9.538909038627803039e-01
9.205847209091408967e-01
8.807110219105286353e-01
9.322616519263607904e-01
8.762935937146847376e-01
9.210428479246121070e-01
9.775143769366453350e-01
8.545695713795237181e-01
9.429475996408658300e-01
9.176782681110993156e-01
9.019658079111961824e-01
8.678096477243707474e-01
8.915770621541510010e-01
9.278328762977086086e-01
9.617270420404012699e-01
9.007171559005524575e-01
9.156195961291773155e-01
9.048758095227245057e-01
9.469436471219643270e-01
9.293934513649881879e-01
9.180472813581437297e-01
8.320009707871468541e-01
8.831786437096581510e-01
9.008038064722239113e-01
9.201802260687665935e-01
9.427144923079007199e-01
9.102799092095930078e-01
9.161554605830750653e-01
9.226423102123173514e-01
9.144529487888384267e-01
8.311581359952758818e-01
8.765928184164495374e-01
8.905945452579638877e-01
9.454528841303736497e-01
9.715898398120353940e-01
9.770166998101216249e-01
8.685131122562848027e-01
9.439324135901553392e-01
8.854582726108229940e-01
9.639495804685056513e-01
8.745146130838438170e-01
8.582974756042035525e-01
9.752083045008208551e-01
8.735656407904054399e-01
8.957979693025237555e-01
9.203627221948337267e-01
9.103978509532597574e-01
8.667788432769187867e-01
9.279588314400285531e-01
9.601821593426546064e-01
9.689196458544239166e-01
9.115614692352608239e-01
9.078842595846970953e-01
8.867701579765927544e-01
8.842689714524823996e-01
9.033064674027829755e-01
9.370395336192491875e-01
8.922603212798949635e-01
9.089705605874796035e-01
9.620068633325037366e-01
9.325890859925286547e-01
8.193384557515261957e-01
9.293564973235827198e-01
9.605232171612175796e-01
9.483241648763601761e-01
9.350053857741850161e-01
9.238388025580589469e-01
8.903555719675647628e-01
9.393113775675997479e-01
8.737669290963392399e-01
8.824043388208662186e-01
7.350455818305006161e-01
8.662581141555545372e-01
8.972232450395349890e-01
9.124841680984580039e-01
8.840690266992660140e-01
8.070630743096436355e-01
9.383480951069701481e-01
8.927207928472982168e-01
8.558743084141022806e-01
9.649250549313121983e-01
9.103246119960989313e-01
9.480357586224071875e-01
8.814825386897192638e-01
8.352382123891499699e-01
8.951706886632947446e-01
8.678339625675409730e-01
9.385299880238086034e-01
9.185603527884794728e-01
8.704694895687784539e-01
8.687533293540981028e-01
9.060908985715437902e-01
9.291164777072692393e-01
8.790048380812444107e-01
9.011989312475168212e-01
9.060583302480251788e-01
9.847575878243742808e-01
8.521087038826995474e-01
9.282500574602223775e-01
9.365427118011510066e-01
9.882808320027502980e-01
9.316404039608692234e-01
8.949034569596425737e-01
9.412013820377522766e-01
8.800421491225618453e-01
9.567502483538483649e-01
9.143531083297753437e-01
9.049149117932316910e-01
9.414556621866321251e-01
9.606225654057134467e-01
8.670701434145494657e-01
9.551988673965146059e-01
9.423751660626432658e-01
9.400428542873641158e-01
9.176240435498834724e-01
9.039418759302411122e-01
9.617270420404012699e-01
8.984847901093747646e-01
8.351975990138063022e-01
9.044058768670296677e-01
8.781321862789437382e-01
9.324178456374344615e-01
9.249584763322402647e-01
9.413699897819977069e-01
9.780990197286945076e-01
9.386134441728409827e-01
9.468730149095828663e-01
9.073862633719630422e-01
9.395329868096231607e-01
9.188242499865579838e-01
9.467698022426733750e-01
8.958420885127691413e-01
9.209702385674771730e-01
9.366315260804326526e-01
9.073912874504279635e-01
8.658658502330554008e-01
8.920591098511256867e-01
9.255117861192101447e-01
8.897909671475396909e-01
9.338267129612171091e-01
9.318371922622864512e-01
9.168964314179073316e-01
9.320924978833720065e-01
8.463538859794664804e-01
9.377308481889702341e-01
9.166090537058452226e-01
9.523928146310026710e-01
9.541489169003208870e-01
9.105780174010676964e-01
8.869716484675567170e-01
9.355428783082113675e-01
8.618846897399734530e-01
9.039866964868854549e-01
9.327295624712366173e-01
9.325370606425115172e-01
9.053958749361846747e-01
8.837441234790822664e-01
9.333406184207694301e-01
9.487299592077527155e-01
8.999466481444325927e-01
9.236373052466921862e-01
8.859358810337090162e-01
9.194596781509358774e-01
8.487565953646839523e-01
8.973278527444585873e-01
9.433386173984776857e-01
8.464958122948949004e-01
9.281595327586936728e-01
9.341550408452538035e-01
9.468501982858124055e-01
8.472414276883446504e-01
8.883417033640315097e-01
8.977124437683471347e-01
9.478064967879251679e-01
9.176842086715809588e-01
9.302678468855668514e-01
9.413860333536911984e-01
8.750807813696335202e-01
9.585300535271820133e-01
8.125602309897600461e-01
8.867137756797522918e-01
8.853921956103700808e-01
8.655056084896378676e-01
8.987489835927671145e-01
8.511162547735438011e-01
8.699556966845057859e-01
9.302099566352384219e-01
9.033650940137927243e-01
8.926235819753172152e-01
9.317265536748815524e-01
9.291322855598270758e-01
8.638115487938408110e-01
9.230771641537085515e-01
9.068755601283462475e-01
9.267704758196254611e-01
9.317187186810272914e-01
9.570354488108608892e-01
9.274141775549347155e-01
9.325890859925286547e-01
8.415630629473135338e-01
9.407757539475106734e-01
8.854168914860706119e-01
8.431073977685340504e-01
8.311803746233616952e-01
8.871228459404871813e-01
9.254495096036531310e-01
8.928162351869892710e-01
9.084162173256690176e-01
9.243168087645409203e-01
8.654722326193209359e-01
8.674169726697170679e-01
9.620565350509205915e-01
9.174820686001876613e-01
9.102384593397787604e-01
8.868756099382211211e-01
8.877469563592590429e-01
9.035979481602454122e-01
9.617984282286836661e-01
9.369247090399829281e-01
8.358235338933802661e-01
9.250448908930882785e-01
8.713661041930629292e-01
8.660200776372328768e-01
9.203712885109476272e-01
8.502935757383794924e-01
8.778344673225954020e-01
9.586535988345482595e-01
9.005344770823975331e-01
8.810369315328638873e-01
9.621898135660783558e-01
9.242188516288112332e-01
8.474390034761684065e-01
8.287064804031841758e-01
9.095358920851952522e-01
8.508111138347729252e-01
9.234108950518968850e-01
9.660128115829041962e-01
9.493211384467116210e-01
9.338166573776167656e-01
9.659977510466142281e-01
9.302369322412378239e-01
9.653774543028084132e-01
8.917917985062616681e-01
9.940161010857293533e-01
8.840073159152634918e-01
9.257038633134840877e-01
9.496794562778332338e-01
9.235264161304861386e-01
9.525622781803887440e-01
9.385467648509193683e-01
8.965605069534836602e-01
9.154763263408477458e-01
9.218783382603435994e-01
9.374200507277106187e-01
8.169660895547905533e-01
8.631392767706327351e-01
9.350094454346964401e-01
9.469247448661048949e-01
9.239530599655098042e-01
9.449802270257364745e-01
8.588870222952520450e-01
8.912825253323377606e-01
9.215009402345459844e-01
8.572587474448202238e-01
8.899778092769099480e-01
9.309917197876349526e-01
8.695797274519225795e-01
9.118917992461701427e-01
9.504871481070983341e-01
8.863561743488762579e-01
9.279798656583864158e-01
9.382115524487487646e-01
9.551949785388461622e-01
8.331210071479823176e-01
8.880793174072691976e-01
9.325793307874333804e-01
8.924262425362776696e-01
8.119927653802304635e-01
8.914797197137923623e-01
9.166461283865389165e-01
8.800078764133907328e-01
9.671792359240748427e-01
8.526887808202975316e-01
9.228727439207066174e-01
8.657187434116137004e-01
8.567791034399656613e-01
8.297399142543498973e-01
8.814182714505310878e-01
8.747685015808907005e-01
8.845392802102186591e-01
8.599118849692720667e-01
9.189050664556669412e-01
9.711053075803314227e-01
9.008720391490344648e-01
9.203936239980793355e-01
9.146573513488919227e-01
8.913475578625537077e-01
9.624243604940184715e-01
9.091955288356986520e-01
9.397175794527720116e-01
8.682234357181488615e-01
9.384945648739174695e-01
9.177601485953353899e-01
8.554789101040177757e-01
9.071344162292617197e-01
8.825771870533013486e-01
8.614132355341950209e-01
9.460788344286413798e-01
8.468722812997276916e-01
9.392254596844076264e-01
8.905174782943946488e-01
8.712401832193032991e-01
8.700995535900575284e-01
9.264130533500020137e-01
9.308284623212125242e-01
9.241283187529210075e-01
9.624095491934709923e-01
8.980226867627204568e-01
9.455237313071734873e-01
9.413845179783533190e-01
9.057472301734770248e-01
8.984117271994508380e-01
8.786916655390346609e-01
9.395250705947686409e-01
8.742805468801763125e-01
9.183254265710748543e-01
8.518230222152795017e-01
9.591948174786960601e-01
9.101789255874670470e-01
8.820637992447311060e-01
8.587293167147054263e-01
9.444918225679864721e-01
8.962200700707390055e-01
8.570513355531235167e-01
8.966290553058076096e-01
9.880694098282719606e-01
8.763978851115139523e-01
9.965513351311672263e-01
9.144394921789537056e-01
9.376918368775334356e-01
9.779771611223606609e-01
8.341255959876758830e-01
9.470887772544218652e-01
9.299753008018291078e-01
9.137878861710828637e-01
8.627313871524689981e-01
9.443402079500022861e-01
9.008794235820681839e-01
9.280167133861633166e-01
9.183372379201125701e-01
8.514186097047328206e-01
9.360826808219466777e-01
8.814206840200085047e-01
8.928162351869892710e-01
8.580952031685225023e-01
9.127128779834707828e-01
9.699275889684985108e-01
9.247381585704815832e-01
8.951710281705261840e-01
9.123291783894372786e-01
9.177547556871104018e-01
9.002334697626592774e-01
9.382747919875573661e-01
9.176752975324905526e-01
9.039396412561145899e-01
9.190734337834959300e-01
9.209717236224024273e-01
8.919902963524710682e-01
8.687531930572786054e-01
9.284786217487407400e-01
8.242319815089005353e-01
9.128094364143376493e-01
8.349564833774081318e-01
9.144867971642127724e-01
9.147177166213587007e-01
9.447166238413636785e-01
9.360577412230918215e-01
9.422869818098551509e-01
8.848886215645008768e-01
8.647446595346364173e-01
8.817185025421654387e-01
9.026681684131000472e-01
8.963165415560120364e-01
9.198910710369921917e-01
9.817899502663254285e-01
9.051472662807457104e-01
9.216830168184373395e-01
8.493476021959339706e-01
9.475701104118586793e-01
9.232024860506614639e-01
9.155692160224008225e-01
9.139388471557724491e-01
9.609224801023005247e-01
9.110090708938223258e-01
9.658896642818556311e-01
8.788524002554419789e-01
9.501228271463174613e-01
9.660415070190876419e-01
9.442127286652270968e-01
8.833386351612352305e-01
8.962047681288425327e-01
9.544592248969201442e-01
9.460558290967147066e-01
9.278169539438582136e-01
8.385247199533610862e-01
9.738756708040291477e-01
9.308629010332678533e-01
8.453287236129146676e-01
9.025888331640509188e-01
9.380554099863389617e-01
9.090544723421105644e-01
8.758346753078025682e-01
9.234346187526122351e-01
9.253542579021425407e-01
9.320639316618349879e-01
8.831474216293284663e-01
9.467445810162284925e-01
9.700986737141581440e-01
9.008720391490344648e-01
8.997809499391768995e-01
9.306556125754976705e-01
8.966758801968893744e-01
9.517542542287230622e-01
9.453852569931262551e-01
8.544936873988293602e-01
9.412554684894440804e-01
9.282628348954268249e-01
9.670344014316594183e-01
9.317606357725883859e-01
9.059560753712051495e-01
9.028641361060557591e-01
9.153794845588688611e-01
8.869187739249481117e-01
9.158161327796131568e-01
8.927791354874619056e-01
9.333901714855905585e-01
8.629771834366326555e-01
9.089357071166748181e-01
9.868724578568285333e-01
8.786625515768234918e-01
9.309172106779869393e-01
8.910410140237423615e-01
9.302056509174968513e-01
8.760273857968828848e-01
9.197507022310050795e-01
8.529530310471569177e-01
8.815255223821116815e-01
9.834640534007249579e-01
8.585996722464283026e-01
9.103202526123483906e-01
9.141509479320325537e-01
9.353015106957262015e-01
9.231870202709505646e-01
9.327918619650776844e-01
9.394916851225306731e-01
9.635570193220849289e-01
9.544102211362500698e-01
8.825856694541800440e-01
8.738941229575482028e-01
8.967600178550552137e-01
9.363804794463498338e-01
9.071192319017485906e-01
9.511878885650668636e-01
9.492196187796951845e-01
9.476597816675983443e-01
9.581777653294332175e-01
9.432389973276870121e-01
9.484933933064965128e-01
9.444312170128230655e-01
8.961276657948218372e-01
9.190540971804288528e-01
9.061620175280606926e-01
9.374343870556006708e-01
8.997667985549885339e-01
8.982322160212125040e-01
8.434119349412302347e-01
9.351130136604166587e-01
9.797070204133901949e-01
9.588588629051872925e-01
9.297226921245307363e-01
9.638354850664121454e-01
9.635742636564170738e-01
9.888650240097425215e-01
9.854876263134187964e-01
9.551810657587563869e-01
8.980602402568367282e-01
8.741462761915268498e-01
7.789489681361587703e-01
9.148602250234457722e-01
9.089601135897426021e-01
8.704694895687784539e-01
9.664649318779746645e-01
8.250675182190506662e-01
9.574360077585435391e-01
9.466565741186974137e-01
8.878349084665793089e-01
9.531349760242910918e-01
8.373616384889992492e-01
9.013889709829790986e-01
8.320703709658920921e-01
9.075857448124532434e-01
9.382447577681083395e-01
9.099164659906290309e-01
9.494961685649182526e-01
8.983914023690955375e-01
9.039969070285013286e-01
9.003775528189439381e-01
8.757225473553696959e-01
9.092418730394117299e-01
8.859864046354671840e-01
8.882370176969051068e-01
8.607046743153364821e-01
8.992213643175929194e-01
9.440044575519284109e-01
9.485779196437167382e-01
9.493066587559254588e-01
9.612880484193326858e-01
8.654899207401148820e-01
9.049149117932316910e-01
9.261693170122201613e-01
9.729493860738293032e-01
9.240781358296715764e-01
9.315554755419307442e-01
9.548255488627275245e-01
8.524211302707958016e-01
9.075328796678688859e-01
8.754213067103152612e-01
8.626320435250592888e-01
9.455707992547748297e-01
9.179303904673808967e-01
8.943156061969130821e-01
9.120579766384453446e-01
9.091420905920700735e-01
8.683806308246356798e-01
9.317468604468311932e-01
9.126914086110557989e-01
9.708513851069970890e-01
8.726534110425546720e-01
8.193252021195289725e-01
9.878988786183050541e-01
9.208991320827202287e-01
9.714543066607711497e-01
9.090430874165105202e-01
8.669675298376781081e-01
8.955231137036547828e-01
9.219124243535908869e-01
9.762799783134844533e-01
8.864236830004651457e-01
8.730946797762075828e-01
8.931660478394246594e-01
9.413062613797180678e-01
9.099232169092391631e-01
9.588598357320751164e-01
9.443753702197122957e-01
8.632771600379312016e-01
8.923026946436944939e-01
8.696180971633455936e-01
8.770234195743593641e-01
8.561460522892349045e-01
8.628749863627650507e-01
9.418950296615835605e-01
9.254723139459288817e-01
8.882421035264882470e-01
9.508227730865023153e-01
9.627823792074048370e-01
9.541077857361197623e-01
9.179473492249298205e-01
9.396296508970217731e-01
9.120152995863778367e-01
8.602402073917410075e-01
8.909487394302143537e-01
8.852658177777048554e-01
9.216748923900119905e-01
8.954395001105602825e-01
9.251758950611349563e-01
9.282125672767281843e-01
9.252389120276284240e-01
9.093181235626238701e-01
9.628129087263231911e-01
9.721735184687506637e-01
9.091444459329280914e-01
8.918943359338150634e-01
8.933124642872396493e-01
9.263739538582309585e-01
9.701408613787029234e-01
9.343576404863945806e-01
9.301465640116048927e-01
9.296161166115426422e-01
9.749253817970807701e-01
8.407070851697148184e-01
8.908658912331244295e-01
9.153511770444424656e-01
9.173398345459840009e-01
8.895068795454594834e-01
9.641260656137771168e-01
8.743352312141490223e-01
9.242497065726876793e-01
8.147528289567483872e-01
9.445320721461207825e-01
9.230285595900199480e-01
9.473584473650409343e-01
9.529801949138020367e-01
9.184536201289023039e-01
9.078426373271017980e-01
9.421554366530138225e-01
8.765589462035739965e-01
9.085625638435281815e-01
9.196489417879312178e-01
9.418950296615835605e-01
8.727879777740314982e-01
8.306621980927733073e-01
9.299931336854647679e-01
8.614758505921734644e-01
9.093457805250440007e-01
9.533711056866240874e-01
9.490908071845964855e-01
8.871987118700555008e-01
8.732961064897999393e-01
9.590860939643384153e-01
9.075432404513834594e-01
9.499980145382180829e-01
8.964742204138728132e-01
9.136167720979273543e-01
9.094878060374634865e-01
9.414051289243970944e-01
8.557661689720745812e-01
8.829184846795274932e-01
8.499308336852270385e-01
9.182386804059360363e-01
8.793822121840879635e-01
9.037658102817088812e-01
8.731885374465713223e-01
8.990233613838899407e-01
9.463068011453009687e-01
9.104633024618528081e-01
8.969865831530580147e-01
9.140191861179290944e-01
9.591440637099938327e-01
9.203139512860368798e-01
9.256553210133939835e-01
8.798760481624620100e-01
8.370028452748754511e-01
9.342498175551365858e-01
8.677626855722800903e-01
9.145307628028803704e-01
9.294185902192069193e-01
8.451251433979999339e-01
9.106160377453069721e-01
8.896505704504322765e-01
9.638354850664121454e-01
9.249147065909257837e-01
8.927207928472982168e-01
8.363813273952370730e-01
9.245090311432431207e-01
9.135343724617447370e-01
8.949083935323735028e-01
9.594397675190762254e-01
9.547970581834609449e-01
8.840970569098602905e-01
9.274488788351814561e-01
9.453236615629828643e-01
9.059427639673188759e-01
7.898492070327245429e-01
8.969805729099076252e-01
9.293506352049127894e-01
9.476001568265182140e-01
8.401768336249336722e-01
8.612425467360239617e-01
9.405237270176227682e-01
9.628464474797444606e-01
9.418475509342194574e-01
8.322551768595464194e-01
8.637331901100617770e-01
9.010059892054143038e-01
9.241002255593361303e-01
9.528851444058243914e-01
9.168964314179073316e-01
8.737939546386906953e-01
9.082275381692234140e-01
9.297764187173962469e-01
9.404768725252488082e-01
8.796501699265472096e-01
9.039866964868854549e-01
8.730699875912639740e-01
8.610547054112632770e-01
9.605293593255294082e-01
9.402381645564418244e-01
9.054016421456848596e-01
9.034605886991383672e-01
8.654418674283679280e-01
8.437514186362851110e-01
8.532679198183638070e-01
8.590887305514319783e-01
9.237266508506730700e-01
9.047516343385492155e-01
8.840746337481436568e-01
9.487586773469723900e-01
9.257528592970289960e-01
8.960819840383174029e-01
9.176098944373647370e-01
9.257584446762112673e-01
9.380332190347687726e-01
9.320562481520073828e-01
8.762746140813337803e-01
8.990375164413665354e-01
8.917019396582450685e-01
9.362619460528823767e-01
8.814620731853753943e-01
9.277350408052956743e-01
9.328463939162748852e-01
8.719135316849756512e-01
9.637130798667259413e-01
9.253307194771883681e-01
9.439606385593670712e-01
8.612217353632880545e-01
9.222945946954179686e-01
9.645862339277180286e-01
9.142512902711220635e-01
8.759096685763834156e-01
8.770014466377905604e-01
9.158878940787523737e-01
9.505966259943315899e-01
8.877372628777564501e-01
8.953489433763183181e-01
8.612938026512572121e-01
9.545061338523139760e-01
9.106173875959263642e-01
8.968032390289091271e-01
8.949072557269465156e-01
8.810223262759326879e-01
8.148966488333189151e-01
9.269255522818041770e-01
9.540217606940477602e-01
8.696606030311408997e-01
9.552324379164769397e-01
9.161724537845354899e-01
8.859389695509742868e-01
9.226123019040882722e-01
8.042604259008817591e-01
9.290959594684810030e-01
9.209372336069805431e-01
8.858597338490876716e-01
8.705767491174114525e-01
9.148681045506128484e-01
8.978493826809896827e-01
9.251066949302713116e-01
9.070042241598040844e-01
9.082240644723909018e-01
9.311468816702576090e-01
8.847773161280292342e-01
9.370068864148219934e-01
9.321120684094779119e-01
9.203381521631992523e-01
8.610972659336109114e-01
9.217812025970510970e-01
9.494276890574425698e-01
9.291537440235293488e-01
8.904458083781012778e-01
9.556863099096761793e-01
9.282500574602223775e-01
9.370484685552232795e-01
9.030696896087171410e-01
8.707057876562513954e-01
9.095396858169458865e-01
9.409511922674451689e-01
8.888087913240013682e-01
9.134524498665859138e-01
8.765547186659385925e-01
9.329818796996783847e-01
8.701184636869774280e-01
8.017676598255764064e-01
8.672379163738397345e-01
8.984240912840493198e-01
9.134424166800211298e-01
8.090392970193390765e-01
9.100381233567108596e-01
8.758148884131259360e-01
9.913685576792794496e-01
8.410955398793811266e-01
8.759675379916868065e-01
9.299553358261741787e-01
8.657651099735538258e-01
9.506003934487315954e-01
8.535860856028160137e-01
9.210428479246121070e-01
9.179527948356152045e-01
8.509257742486351361e-01
9.598058558398041562e-01
8.251702865630935468e-01
9.056968184195074434e-01
9.092472127892605727e-01
9.870566915514281670e-01
9.081792529324909102e-01
9.420487907114131199e-01
8.930937406695326208e-01
9.778717617230192616e-01
9.153273827120070871e-01
9.487925183757877079e-01
9.079404278304545883e-01
9.257528592970289960e-01
9.036623268490711069e-01
8.879242619197509345e-01
9.534211506259786528e-01
9.196532013725547960e-01
9.201009475813101135e-01
9.301333609234805344e-01
8.668159317003120146e-01
8.454823193862408548e-01
8.992615076943286656e-01
9.395736552573069611e-01
9.627741295629559382e-01
9.076922457271981992e-01
9.365483877175992955e-01
9.361839769747629658e-01
8.410516349891845600e-01
9.084473948424993672e-01
9.558458430194554101e-01
9.601354943400997044e-01
9.529144341460138445e-01
9.388145827497769158e-01
9.209206947761701123e-01
8.612679911453559045e-01
9.227262091887316053e-01
9.246253626662350733e-01
9.088550886077756408e-01
9.558458430194554101e-01
9.158306784713307058e-01
8.979505641124603255e-01
9.733748577981156114e-01
9.011021059964963165e-01
9.229385639172165146e-01
8.281098627048123495e-01
9.325014949967704858e-01
8.616588465622648796e-01
9.060832517309937995e-01
8.901097651291113300e-01
9.296459512415439219e-01
9.388541459188156635e-01
9.470126201658094489e-01
9.404018977786923195e-01
9.142187136678003867e-01
9.126828455973610144e-01
9.504111344012390328e-01
9.708970691069895853e-01
9.240955141307273246e-01
8.952466106319335593e-01
9.372894034701152455e-01
9.178857154106733196e-01
9.198223810067103212e-01
9.068293700819507475e-01
9.320562481520073828e-01
9.196723506688301297e-01
8.964859848116397689e-01
9.025818278536671402e-01
9.416152813699708579e-01
9.613876112531776208e-01
8.452039088745506579e-01
9.446528824622938414e-01
8.709044545207123011e-01
8.774038986317522770e-01
9.607665681858067463e-01
9.577107104764362999e-01
9.091057067058446739e-01
8.792278388458366623e-01
9.527673352230573434e-01
8.923432462411085009e-01
8.964718841989819387e-01
9.440894404772489645e-01
9.638248373882880582e-01
9.143531083297753437e-01
9.050760293431130421e-01
8.556005309587596530e-01
8.261772516569817482e-01
8.962440826093034385e-01
9.058428948818701976e-01
9.249043553131328643e-01
8.888946123779308817e-01
9.203776950794644307e-01
9.371252202918535223e-01
9.519517079616336419e-01
9.266804052882859910e-01
9.137878861710828637e-01
9.408681267587892805e-01
9.409179271238340414e-01
8.861891312870460169e-01
9.546327126965582499e-01
9.185166954588113164e-01
9.543963469802382305e-01
8.867701579765927544e-01
9.301689867065811024e-01
9.502880228862997658e-01
9.347179839863821726e-01
9.278181562235611191e-01
9.464879618865699173e-01
9.477183467595929889e-01
9.425057595798667087e-01
8.669927091511769879e-01
9.165199812183472128e-01
9.598159903463973075e-01
8.945076951381301100e-01
9.158083911691049517e-01
9.056375373058712652e-01
9.305907034606599737e-01
8.717984679395462955e-01
9.217812025970510970e-01
8.547583888297797250e-01
8.868497802657402396e-01
9.515183198958778732e-01
9.616000213388018469e-01
8.896708915252763417e-01
8.770945887161499810e-01
9.504470520065207984e-01
9.049808527139407976e-01
8.984821294447429274e-01
9.252548164299136957e-01
9.110468612617500517e-01
8.629567152187649359e-01
9.628954303063284037e-01
9.191150526995356396e-01
9.333610894283089765e-01
9.170741460997511307e-01
9.481177876994201226e-01
8.607845476432229859e-01
9.270385547846373697e-01
9.369247090399829281e-01
9.085731777509162832e-01
8.777986847612463395e-01
9.101789255874670470e-01
9.382211413739321992e-01
9.478773564776793448e-01
9.228259666741603917e-01
9.359991579512343396e-01
8.988219402934519708e-01
8.729016355584491293e-01
9.151497027198921552e-01
9.899279589832348236e-01
9.253170856694006297e-01
9.077913850298614529e-01
9.194926519754688110e-01
9.676888805654841885e-01
8.287343623656746594e-01
9.270839098588780081e-01
8.820548153125220558e-01
8.884164120292162847e-01
9.025470034410295606e-01
9.169142744046314686e-01
9.113373333207791527e-01
9.404272170953927867e-01
9.164619343009108299e-01
9.514052067267874113e-01
9.215292474433947056e-01
9.303741164950372067e-01
9.122590159760803896e-01
9.384508314851514044e-01
9.071019073098574026e-01
9.306648331928022433e-01
9.370909825934480297e-01
9.508023318548652902e-01
9.130777209573867070e-01
9.070042241598040844e-01
9.540897550037354957e-01
9.398788884158456591e-01
9.642875432837392236e-01
9.027873678321092221e-01
8.411011800005591121e-01
9.467445810162284925e-01
8.799824501446309455e-01
9.185407876398280491e-01
9.153282991052688056e-01
9.495243196085610959e-01
8.651872895790255757e-01
9.377096976548739971e-01
8.476514226601919999e-01
9.101259324583587107e-01
9.680789432458617449e-01
8.560937073311513101e-01
8.990840794965652139e-01
9.263618628081337070e-01
8.908883921078074586e-01
9.757564733219423747e-01
8.595841373890978909e-01
9.838281792471664788e-01
9.143583194905764433e-01
9.028318336748757389e-01
8.716043625560483399e-01
9.044161827356342886e-01
9.049750378109614468e-01
8.449459779900160283e-01
9.721508075408559213e-01
9.306068411170480559e-01
8.276821750212461914e-01
8.608416761289632291e-01
9.398443783070623558e-01
9.154976468503110976e-01
8.981343877002767595e-01
8.546831560818390905e-01
9.552620307575153680e-01
8.161927538783027014e-01
9.260102224545551097e-01
8.986134166007178070e-01
9.223657274891762237e-01
9.931098435840453043e-01
9.024776389578554880e-01
9.136390086376541264e-01
9.702726837829848128e-01
8.995276818694615262e-01
9.446992060633402355e-01
9.294268700089293178e-01
8.965037545203538016e-01
9.404018977786923195e-01
8.862535587734177156e-01
9.129197324455787799e-01
8.796630646980087009e-01
9.291705701558644614e-01
9.060583302480251788e-01
8.971679270280797924e-01
8.988219402934519708e-01
9.497875757619753667e-01
8.852012764576029369e-01
9.231106427473028120e-01
8.866176926149011983e-01
9.018015392768312655e-01
8.858631563187118196e-01
8.454796931612877930e-01
9.223506012757122230e-01
8.640983686858396684e-01
9.532485648513342458e-01
8.893188570380822222e-01
9.775143769366453350e-01
9.297798454805943358e-01
9.319379287615936480e-01
9.084031146838663640e-01
9.449668718206811757e-01
8.893226567239203018e-01
9.371595904525849008e-01
9.465883742290527314e-01
9.403734047869570789e-01
9.350996438482604978e-01
9.179377406490016877e-01
9.288319791398249592e-01
9.225785560037383926e-01
9.051884431451543422e-01
9.944368281958201328e-01
9.858813216927598821e-01
9.051904390973313230e-01
9.369536847915722610e-01
9.268509029470577421e-01
8.531008769988086549e-01
9.173522240222573565e-01
9.100342963173870814e-01
9.044039168198706458e-01
8.730782351653093576e-01
9.080307231436673954e-01
9.489162356266834797e-01
9.063141297175431044e-01
9.228867021417218597e-01
9.331184922758856137e-01
9.584037229496685795e-01
9.253221329104367454e-01
8.968032390289091271e-01
8.670701434145494657e-01
8.773817203887771532e-01
8.595506304895849103e-01
9.697501630347190593e-01
9.169475023384132673e-01
8.809948421531926810e-01
8.921471248798098497e-01
8.955404569267164661e-01
9.598550798096954217e-01
9.507535510346133423e-01
8.747685015808907005e-01
8.740245259042450643e-01
9.036278024662061092e-01
8.554239485017930411e-01
7.973821282900775964e-01
8.828770224106857745e-01
9.041805925217104578e-01
8.544936873988293602e-01
9.158380844737190607e-01
8.775126695250086151e-01
9.171212069275397338e-01
8.888986938053681230e-01
8.751676829347317943e-01
8.668539240772307197e-01
9.391716789277959609e-01
9.099718517684043384e-01
8.166033826128938911e-01
9.227669545720547095e-01
8.540981523614447068e-01
8.724640032719657157e-01
9.190280027626430703e-01
8.698409237179094422e-01
9.269512943123279225e-01
9.258649717383259370e-01
8.930596581334440121e-01
9.219993293128445622e-01
8.771894186198487819e-01
8.956639298275500538e-01
9.600187797922686839e-01
8.854872676220372218e-01
9.151726875641925663e-01
9.578387312543558130e-01
9.053824155765355375e-01
9.707196857738944473e-01
9.181651573425232415e-01
9.644779713942730481e-01
9.208905792043103888e-01
8.862885911708944242e-01
9.605103313177475455e-01
9.156378380981887721e-01
8.894762121028839674e-01
9.227889396215123163e-01
9.180670674002364695e-01
9.468474256777057452e-01
8.699552013813930396e-01
9.690939868951551350e-01
8.383674700531480450e-01
8.881073944870971903e-01
9.446301369333393039e-01
9.313955578003295654e-01
8.796377313193568526e-01
9.109282121693264012e-01
9.073521412954971277e-01
8.728711732063937356e-01
9.399404325817601880e-01
9.501318655034820537e-01
8.516949312891315405e-01
9.220429127432127059e-01
8.442690714979109723e-01
9.381192324233087465e-01
8.930469730446709553e-01
8.542181685713620132e-01
9.042976015480806984e-01
9.196998521627466339e-01
9.133088044945715245e-01
8.912277099416677784e-01
9.207369585289755243e-01
9.049853202651643169e-01
9.087872549696822677e-01
8.645229999147381328e-01
8.380613538523048467e-01
9.433386173984776857e-01
9.257692314226044772e-01
8.527253443702355051e-01
7.949483196459672385e-01
9.837577193794172503e-01
8.291386219555902937e-01
9.501408472898033031e-01
9.157528010561750698e-01
9.031757082708232742e-01
9.381192324233087465e-01
9.030596328919847648e-01
9.399518966522817376e-01
8.865718968443985215e-01
9.275162877759839386e-01
9.308300570471280677e-01
9.303815209865680114e-01
8.948963082861951523e-01
8.692435169737002809e-01
8.898829904223568565e-01
9.305332142776385762e-01
8.211582457402077928e-01
9.176896077669856044e-01
9.272317156781262337e-01
8.267125777875357073e-01
9.418429947231654609e-01
8.879242619197509345e-01
9.577042541098177431e-01
8.648325359378645771e-01
9.371962879915716194e-01
9.635679678778256152e-01
8.503316223615817737e-01
9.038164820453392645e-01
8.477237124118168765e-01
8.973611720160752370e-01
8.648325359378645771e-01
8.851915189317173249e-01
9.663979808555405171e-01
8.895899902841634121e-01
8.657508198694849888e-01
8.765794249622544942e-01
9.164619343009108299e-01
9.325014949967704858e-01
9.330183603602475451e-01
9.261534750556164042e-01
9.235640570680391237e-01
8.982914284032095242e-01
9.435948823635169624e-01
9.262129788205498704e-01
8.972975449709585938e-01
9.675156337114367844e-01
9.207277472406947272e-01
9.317629318091914525e-01
8.616588465622648796e-01
8.392577878264834146e-01
9.242188516288112332e-01
9.097536055698565161e-01
9.331003493798640802e-01
9.311777884460870069e-01
9.045376177940863682e-01
8.284068713973261611e-01
8.699728924658628459e-01
9.473584473650409343e-01
8.840343767632878880e-01
9.384624489619449728e-01
9.862970672457544996e-01
9.344167777199932079e-01
9.140178103928184861e-01
9.486043288806033091e-01
9.109859597251044327e-01
8.780415561299568239e-01
9.327487729510305359e-01
9.091324092915392674e-01
8.404325912612574667e-01
9.213095419662361563e-01
9.171463531726389284e-01
8.517136479203533117e-01
8.893103654028750027e-01
8.754052829499843202e-01
9.041189185067264322e-01
8.900583468255756081e-01
9.409339676585838363e-01
9.649798870811401308e-01
9.586570117238878419e-01
9.526592580920966169e-01
9.448988911155239423e-01
9.112902067715855647e-01
8.925189195295522016e-01
8.925189195295522016e-01
7.799531855456091067e-01
8.989447042051088577e-01
9.011593206078570839e-01
9.607125773746545416e-01
9.155132279046610533e-01
9.464361245564479885e-01
9.221130483241120057e-01
9.181651573425232415e-01
7.414365996402807468e-01
9.255149197078186285e-01
9.371400443809381198e-01
8.977546508430509498e-01
9.168416913946619839e-01
9.247206413052049268e-01
9.249109210388116731e-01
9.143335301586523745e-01
9.438051517628542886e-01
9.015375131723285529e-01
9.915269409115095023e-01
9.250459319888368892e-01
8.851799767238626160e-01
9.580770397582837328e-01
8.948479414637732221e-01
9.226754310591247510e-01
8.588892110913163291e-01
9.104211310292639192e-01
8.235346750408608640e-01
9.229703527933095231e-01
9.140484628420713076e-01
9.400614682475486594e-01
9.098169759269818524e-01
9.249324315414915176e-01
9.564005454785857729e-01
8.931186844474718889e-01
8.899725217477079120e-01
8.656117590832426156e-01
8.563530232214953131e-01
8.449789394715087054e-01
9.303599054853124439e-01
9.499888764514207162e-01
9.161627867472333930e-01
9.283348277537345483e-01
9.075057958643562017e-01
9.350786733138782836e-01
9.170410683721725853e-01
8.695168953741794216e-01
9.278722202906666272e-01
8.734227211801356416e-01
9.279932177786216485e-01
8.723904165314121384e-01
9.110642955502087359e-01
9.525404001735926496e-01
9.277073460549120076e-01
8.921637084604256973e-01
8.214090953794428440e-01
9.334203256947082306e-01
8.820061544448806190e-01
8.563530232214953131e-01
9.084143464622598252e-01
9.549045101167288330e-01
8.442737106902049593e-01
8.704530202040250408e-01
8.643378680649059786e-01
9.527955507542281710e-01
9.177138995443319125e-01
8.154269161904623697e-01
8.526298846396893616e-01
9.043247133915626179e-01
8.484668551999553499e-01
9.088281749192604897e-01
9.898397219509004197e-01
8.850719803968888355e-01
8.814620731853753943e-01
8.731009407557553947e-01
9.566791307019023582e-01
9.638061435500611118e-01
9.144639376684208232e-01
9.280208661887203725e-01
9.003738085541218572e-01
9.460955970356675904e-01
9.622717709904463623e-01
9.197224431481465512e-01
9.482716278631665441e-01
8.469163712971038427e-01
9.102835118649726942e-01
9.097500825717212969e-01
8.285429052289512430e-01
9.136680860607054866e-01
8.838527718294216795e-01
8.959179446278364711e-01
9.519517079616336419e-01
9.002334697626592774e-01
8.384086734145907993e-01
9.167007264562085922e-01
8.984639960756739541e-01
9.279588314400285531e-01
8.758148884131259360e-01
9.335814225671600353e-01
9.417445628842925354e-01
8.992115062974145312e-01
9.464632783314276265e-01
9.533571980509003563e-01
8.776490095456369600e-01
9.239922016394682691e-01
9.318208827070149081e-01
9.033288421518141931e-01
9.464120460147648073e-01
9.399859171924195289e-01
9.443734829720323853e-01
9.329534803336202442e-01
8.888909211814722822e-01
9.290307901557706138e-01
9.045084555815865457e-01
9.792164331917512232e-01
9.036256041486531165e-01
8.956579057473200711e-01
8.695645373219762497e-01
8.968816911255726998e-01
8.661764256567936471e-01
8.838884541230385139e-01
9.162920139127456176e-01
8.841345186720647176e-01
8.397550249723031435e-01
8.343468269084036715e-01
8.512235554478003730e-01
8.961182052226399630e-01
9.691469752672339233e-01
9.846713678649298140e-01
9.294517562626237739e-01
9.491622071854319831e-01
9.369370238585328359e-01
9.504782817482883006e-01
8.462098399244503133e-01
8.735046348533044291e-01
9.871578310241228005e-01
8.830089347611798090e-01
8.933660781773559156e-01
9.282500574602223775e-01
9.374219909530446815e-01
8.767952490193280379e-01
9.042826478933089218e-01
9.201296834913152978e-01
8.661223024742427112e-01
9.153821217585438319e-01
8.953225592282670897e-01
9.088325444044278445e-01
8.433660523306125700e-01
9.003114796266178388e-01
9.608047000820807426e-01
9.184475620452290379e-01
9.172709362792278442e-01
9.077295418782338476e-01
9.365992421440542115e-01
8.674651035136418109e-01
9.298223729487983258e-01
9.453309156583015183e-01
8.738753183649518030e-01
8.881175438309139025e-01
9.202539544040989616e-01
9.064602842298081775e-01
9.069421764282404874e-01
9.949217268635277556e-01
9.156781342995254924e-01
8.707110594453333352e-01
9.337847537083031613e-01
9.140653075594090682e-01
8.661185604461919540e-01
8.984331071001060431e-01
9.168733580387546933e-01
8.987037757703989493e-01
9.601821593426546064e-01
