8.749180126292791515e-01
9.352553379877860396e-01
9.088300809435142513e-01
8.618798009766722723e-01
8.185359712180102498e-01
9.426404503984335825e-01
9.280400872654488431e-01
8.657613005240579751e-01
9.193181157774323875e-01
9.460822980915207792e-01
8.503543282902531475e-01
9.333990877904096983e-01
8.788524002554419789e-01
9.552064864858075266e-01
9.325021971513406394e-01
9.285716375831766234e-01
9.372811848886879460e-01
9.338196968766424577e-01
9.647755243582841755e-01
9.185166954588113164e-01
9.122590159760803896e-01
8.670481692365792359e-01
9.056643179818332223e-01
8.929718551479444155e-01
9.168487807591938488e-01
9.249547927444182749e-01
9.190340361726190288e-01
9.188420729280116772e-01
9.165959483914010164e-01
9.010903586610592431e-01
9.951502064056481078e-01
9.435642982857492811e-01
9.794950450904932326e-01
9.416224119433866946e-01
8.878612721084648829e-01
9.106160377453069721e-01
9.091420905920700735e-01
8.945885703414098167e-01
9.074399632701980467e-01
8.193885941572394138e-01
8.967349421266878062e-01
9.321335621923201309e-01
9.237838897207132360e-01
8.664844329811614010e-01
8.279487041770856592e-01
9.319817248810090549e-01
9.208315176096333321e-01
8.642601258138058462e-01
9.494228822025693182e-01
8.460896577494895210e-01
8.197440082338782741e-01
8.529530310471569177e-01
9.289717689122560795e-01
8.927031838376813244e-01
9.306302344104543378e-01
8.947645373968657889e-01
9.550173486347364182e-01
8.913027978218422964e-01
9.367435347406429802e-01
9.342493395975595138e-01
8.700499594352063548e-01
9.267032755891640994e-01
8.749957758256735607e-01
9.208763205856896894e-01
9.348915724658547477e-01
9.574723821943318391e-01
9.375547346858482678e-01
9.421641373866534996e-01
9.275409733984881777e-01
8.936130033473685952e-01
9.223244091868759709e-01
8.748614195188765263e-01
9.087128306271876621e-01
9.478130061501282011e-01
8.208569435333163966e-01
9.360577412230918215e-01
8.460053771890527763e-01
8.805854968712489850e-01
9.288364236251526185e-01
8.603067931483969755e-01
9.036095152051170087e-01
9.390118126956289446e-01
9.529097910822800221e-01
9.011318695874266371e-01
8.740577035375887149e-01
8.358286259976022148e-01
9.781646753001601580e-01
9.247302027524573198e-01
9.223199402898495380e-01
9.675773334679642623e-01
8.597385972762888739e-01
9.370810652162091525e-01
8.874672589198207007e-01
9.540585121791651524e-01
9.325788820148847025e-01
8.727534986991979382e-01
9.117071670628219549e-01
9.858090600460683861e-01
9.699609236260773315e-01
9.468878497818303819e-01
9.381801511706251429e-01
9.489630215406703595e-01
9.212963630524478864e-01
9.223092488971040837e-01
9.130782681513665011e-01
8.980226867627204568e-01
8.624705323803543155e-01
9.233356457105520443e-01
9.169334251438951977e-01
9.497548674666697055e-01
8.714708744453294464e-01
9.320820219533376694e-01
8.455097061901269972e-01
9.276579971620203535e-01
9.097400926027888746e-01
8.999356174390635843e-01
9.179253253249667344e-01
9.248553381342804469e-01
9.123976647514756566e-01
9.437799884977807752e-01
9.045720442533684569e-01
8.869931775793469253e-01
8.751011767722208790e-01
9.063783306885974111e-01
9.137060827134326768e-01
9.493066587559254588e-01
9.160864954868771504e-01
8.731087855822962096e-01
9.714819038423115893e-01
8.405557912266217180e-01
8.724405680195542745e-01
8.812303587213723421e-01
9.159829784893378513e-01
9.034693682498554645e-01
9.304181624669634054e-01
8.638382220680097534e-01
9.290959594684810030e-01
9.056137069393899175e-01
8.652832813957097580e-01
8.998335818769364058e-01
9.521826368823046449e-01
9.225347061307724861e-01
8.354849004185915806e-01
8.787736201261916458e-01
8.751207447717799237e-01
8.949392062118792790e-01
9.482015358290992735e-01
8.709186232883003864e-01
8.772786257511937524e-01
8.504082061936553139e-01
8.526376137938745936e-01
9.481652894560848033e-01
9.407054309720596086e-01
9.408874277967330668e-01
9.077490282955343881e-01
9.582642593564056899e-01
8.850260901887044840e-01
9.107870259749939468e-01
9.566076167555968013e-01
9.167779053485679563e-01
9.117889364171002375e-01
8.586882862978884035e-01
9.137918435905691972e-01
9.371288068485525979e-01
8.437837271499059044e-01
8.182053893470740968e-01
9.574971291069861445e-01
9.614418357578714547e-01
9.043866702993816897e-01
8.643378680649059786e-01
8.711251786549868426e-01
8.902404005134075815e-01
9.276724095071802179e-01
9.490957639316286443e-01
9.648169563155472028e-01
9.315696115099398877e-01
7.884118154469871298e-01
8.653065356972846622e-01
9.217812025970510970e-01
9.275709077364380217e-01
8.632383314872805746e-01
9.791107939258286708e-01
8.720905831014282850e-01
9.534989593606630898e-01
8.533218816296433973e-01
9.637677022065780363e-01
9.115227640981035107e-01
8.438981475015087108e-01
9.540705388535729581e-01
8.526433629515003387e-01
9.447856776336917006e-01
8.685373286485460476e-01
8.417405183436902361e-01
8.108686055975683482e-01
8.920288813592116561e-01
8.198345540159325262e-01
8.729781954176103476e-01
8.377149113478334908e-01
9.571674844054892661e-01
9.036156894500689818e-01
9.270262876493393644e-01
9.177320424192534354e-01
9.245536682153535635e-01
9.058562074175949830e-01
9.224674714565160860e-01
8.263369304168338703e-01
9.153277512378136249e-01
9.235640570680391237e-01
8.963283251000698781e-01
8.734066625410765727e-01
8.423213771028507102e-01
9.593723571631587177e-01
8.664135139833066823e-01
9.298565329027315141e-01
8.880878601968589248e-01
9.412371805544218484e-01
8.990645703505066866e-01
9.295237442320377630e-01
9.556305446082062893e-01
8.655056084896378676e-01
8.993878733098172873e-01
9.409681915292343879e-01
9.497875757619753667e-01
9.254544468698532311e-01
9.172319476583070674e-01
8.198802945898834293e-01
9.396154521784323421e-01
8.936622818375182797e-01
9.130448505658744773e-01
8.965353088621381694e-01
9.361487790019465960e-01
9.045431708533530069e-01
8.939956756622410294e-01
9.342890585943812720e-01
8.842833153352105402e-01
9.257114740301047862e-01
9.868022449717607225e-01
8.667971830662154487e-01
9.230890028732450237e-01
9.095358920851952522e-01
9.122222226382808996e-01
8.818087609693866513e-01
9.458608177905080128e-01
9.586570117238878419e-01
8.788710218565417565e-01
9.176232801864555588e-01
8.858575208442786009e-01
8.608940153923988481e-01
9.477167239715601488e-01
8.635252774852067992e-01
9.565349886745545538e-01
9.407370571854190011e-01
9.658057419653635067e-01
8.436474400229171389e-01
9.675415607833351972e-01
9.340033781940695334e-01
9.068188584875279679e-01
9.371666196404869753e-01
9.298050751869738617e-01
8.540132351150778733e-01
8.547829128180026714e-01
9.169308914547488198e-01
9.293195633994818516e-01
9.673559595745470086e-01
9.177533364481426092e-01
9.224427457494412952e-01
9.207369585289755243e-01
8.657651099735538258e-01
9.006763809231995710e-01
9.094098614298692373e-01
8.443140933423967098e-01
9.198997772292952790e-01
8.897577790163617717e-01
9.496227860881369942e-01
9.323055377869251537e-01
8.979696088401669662e-01
9.486043288806033091e-01
8.992330418961873573e-01
7.886934197444446237e-01
8.557424930704271571e-01
9.066059771814460877e-01
9.104348731357065905e-01
8.720679038767332747e-01
9.293834288817458544e-01
9.351130136604166587e-01
9.325449792672534377e-01
9.463195765520677760e-01
9.480995266537987076e-01
9.335571863660617753e-01
9.520213097051627438e-01
9.447765768892485427e-01
9.526164328387016766e-01
8.923383588208679829e-01
8.758148884131259360e-01
9.429780324039204187e-01
8.382178819764256605e-01
9.296161166115426422e-01
8.877929019419315004e-01
9.628538809390577713e-01
8.513482599678654505e-01
9.694351122077682348e-01
8.672689390208095928e-01
9.560971572211313108e-01
8.960827138113469648e-01
9.104792822352969495e-01
9.753635744186156531e-01
9.385467648509193683e-01
8.203273259463703670e-01
9.020638106701458492e-01
9.363397387682913520e-01
9.616096577277728485e-01
9.223545988787418271e-01
8.637657752690127699e-01
9.061420835172983024e-01
9.476834914083797079e-01
9.292264199757847010e-01
9.435179063961844914e-01
9.281249126370988423e-01
9.388735648328926375e-01
9.675156337114367844e-01
9.013889709829790986e-01
8.937535823532151147e-01
9.356962619794771951e-01
8.628255899584194033e-01
9.842870447623464081e-01
9.131663559467606550e-01
8.274424193611223943e-01
9.089633998695756389e-01
8.794664578071713645e-01
8.740820463741506563e-01
8.803147961884040251e-01
9.528280865193126115e-01
9.358828546375300705e-01
8.742625457141885992e-01
9.591086437150517785e-01
8.828612627943082103e-01
9.162920139127456176e-01
8.752287686033448644e-01
8.945593015354155186e-01
8.877086992175764468e-01
9.244632390620353135e-01
9.003488227642286734e-01
8.991295736363679181e-01
9.175497277733035695e-01
9.375902815600714035e-01
9.455433395419274856e-01
9.117071670628219549e-01
9.167538297836302918e-01
9.221659455745060407e-01
9.058153008881054680e-01
8.712296060932158692e-01
8.885713723129342601e-01
9.196325962924029040e-01
9.075038895471512213e-01
9.566791307019023582e-01
9.156404854000318450e-01
9.404713692599535602e-01
8.420477693498504834e-01
9.395587736578969729e-01
9.287907035333012873e-01
8.965171145116882512e-01
9.063783306885974111e-01
8.582185138776458055e-01
8.745862091013533179e-01
9.398352522333640602e-01
8.665646856052963143e-01
8.858349737739065199e-01
9.539884187125676762e-01
9.954196612082603091e-01
9.133284185435255331e-01
8.490307229174517412e-01
9.243515558885369021e-01
9.478813543316810808e-01
9.168342627067491701e-01
9.226976033246734321e-01
9.837279642554597192e-01
9.538493641610028551e-01
8.436809269717390203e-01
9.492075079081703226e-01
9.230693615422097542e-01
9.183038090658806052e-01
8.575668284406802178e-01
8.749490467900281621e-01
9.235410749025766419e-01
9.340286510600314118e-01
9.034239454855647056e-01
9.252910446548401335e-01
9.609382339451608690e-01
8.484675858100833024e-01
9.178504605276758266e-01
8.629970647384425098e-01
9.635983710407511893e-01
8.570140861259535336e-01
8.708452268089754700e-01
8.325973124483460053e-01
9.660301235554363819e-01
9.134569247836374917e-01
9.113286005070675433e-01
9.257080838050073535e-01
9.293506352049127894e-01
8.852630675604636901e-01
9.128077108285812535e-01
9.442647428913254481e-01
9.785813778885187331e-01
9.337331776573337683e-01
7.707142199910450575e-01
8.926746648787841076e-01
9.149602958212975645e-01
8.839455441181223172e-01
9.248985266236153802e-01
9.087872549696822677e-01
9.345266594065775312e-01
9.433371329209550016e-01
8.790198869122282099e-01
8.712296060932158692e-01
9.224397901662473309e-01
8.688508842110620467e-01
8.998358525871509306e-01
8.917269582720849241e-01
8.750191826638171744e-01
9.471570638042972057e-01
9.384508314851514044e-01
9.275690911397542759e-01
8.609117184142162094e-01
9.402436619383411909e-01
9.533571980509003563e-01
9.412407398970077388e-01
9.791347798909609823e-01
8.899897071269551319e-01
9.173787270934429250e-01
9.449801275393163724e-01
8.799389091872192870e-01
9.352407235094607474e-01
8.718644135776100201e-01
9.643297584926856514e-01
8.716321972844343069e-01
9.280474824254092425e-01
8.241954812885858850e-01
8.841267533959169533e-01
9.401951744993058968e-01
8.924085722168871859e-01
8.578752571324693710e-01
9.125936976374078302e-01
9.016603910377483100e-01
8.583816905834326105e-01
9.076007391776076405e-01
8.352003638540853592e-01
8.978064574647331986e-01
8.766534035267452563e-01
9.085171778832347167e-01
9.386635930031503872e-01
9.231438972603510651e-01
9.181038055045155355e-01
9.180640239717773321e-01
9.330313939297236736e-01
9.311512100111881685e-01
9.119475012280507942e-01
8.953471764938525368e-01
9.443323648398577186e-01
9.135933874615465022e-01
9.801238741266076193e-01
8.916512867696491096e-01
9.255383722092747067e-01
9.413193493566727188e-01
9.020510366888604414e-01
9.262581630734770810e-01
9.347727979660929165e-01
9.541489169003208870e-01
9.184126460227510780e-01
9.678618943663620522e-01
8.796611676187151563e-01
9.107959377355678843e-01
9.236739175541488489e-01
8.943180483307711093e-01
9.183174347500848711e-01
9.271309773379021735e-01
8.951134483047951118e-01
9.058990004451125122e-01
9.506164828152821045e-01
9.536112615714972263e-01
9.354556651063498096e-01
9.363169623245054529e-01
8.763852524285682399e-01
9.306759872439118730e-01
8.966194682510200131e-01
8.780734189849256355e-01
9.379429192239060464e-01
9.069445949264195450e-01
8.981876410292705115e-01
8.573508834913566856e-01
8.638036679425914466e-01
8.842833153352105402e-01
9.089042895474084283e-01
9.517179903335177826e-01
8.702099660659093905e-01
9.375466194051369495e-01
8.874964349623715165e-01
8.655154644600698832e-01
9.767183953341227465e-01
8.638115487938408110e-01
9.111551844325993521e-01
9.279920934318660608e-01
9.137363288459899868e-01
8.682308063544714738e-01
9.429834401540245770e-01
8.871293883270953140e-01
9.046506987727147564e-01
8.993154741835353017e-01
9.001316266893921725e-01
9.520662157979165041e-01
9.148750820483732005e-01
8.842833153352105402e-01
9.232000789843076705e-01
9.029216612754907834e-01
9.432657512530094879e-01
9.199122458486694853e-01
8.813288182464831255e-01
8.575955938027038927e-01
8.825278636325513126e-01
8.949470489720295907e-01
9.247754579646609852e-01
9.008630588693806729e-01
9.111028879681171144e-01
8.320009707871468541e-01
9.523696232254973415e-01
8.562467844208032641e-01
8.639135741107669686e-01
8.879613491301860950e-01
8.711316158122788256e-01
9.156487557351528084e-01
9.512626870205644902e-01
9.435642982857492811e-01
9.311468816702576090e-01
9.127445582993264361e-01
8.961134743360527066e-01
8.900735892979710906e-01
9.050143536743098238e-01
9.654004368222435239e-01
8.977427610792603208e-01
8.730699875912639740e-01
9.180023472780093341e-01
9.222545440699646546e-01
9.023597193550781936e-01
8.943622443142594802e-01
9.375063395109968223e-01
9.378092292961969223e-01
9.194539481567782779e-01
9.401823523716058562e-01
9.535828201923822744e-01
9.163731362765599187e-01
9.158999938436499511e-01
9.405469694049750640e-01
9.081197542009227242e-01
9.172779332246026041e-01
8.554215576958422718e-01
8.774165762055219364e-01
9.523092273232386384e-01
9.585504665380180089e-01
8.952569476437006735e-01
9.152192759062649507e-01
8.789379012826190607e-01
9.329097601162744668e-01
8.780734189849256355e-01
8.454988226855255640e-01
9.172319476583070674e-01
9.061922820128094358e-01
8.675269383585799687e-01
8.887678056132628512e-01
9.466718296888807505e-01
8.664664145949821927e-01
9.291537440235293488e-01
8.841026614421718666e-01
9.195883476487568542e-01
9.594972958566644339e-01
9.356599327757938456e-01
9.395045479935630883e-01
8.752223411477512149e-01
9.593285381561923453e-01
8.936742222600496666e-01
9.065284878466889351e-01
8.800644481548579590e-01
9.010839627802736951e-01
8.562093522844568261e-01
9.072401156640000908e-01
8.321664044624524914e-01
9.066259452515912365e-01
9.315074935455531779e-01
9.252401540654083822e-01
9.428613747812355506e-01
8.863458798890551105e-01
9.277302918249709096e-01
8.455402239892895189e-01
8.753286127063754085e-01
9.035508406603633969e-01
9.173589867703836331e-01
8.556932267206079912e-01
8.679966142034892806e-01
8.959477946689278216e-01
8.841290578813004730e-01
8.773948122780740322e-01
9.586859305557380306e-01
8.499308336852270385e-01
8.277111998926588443e-01
8.841808262394057483e-01
8.980681008694630929e-01
9.075542931820649306e-01
8.898119298703656144e-01
8.852012764576029369e-01
8.695487186137759172e-01
9.346729597501068909e-01
8.960756128249035557e-01
8.964742204138728132e-01
8.583437870002125214e-01
8.713071341820163296e-01
8.451442109626761123e-01
8.943815070207071782e-01
8.604283993061481173e-01
9.115614692352608239e-01
9.030662973735370525e-01
8.970427448678911508e-01
9.187774469905708452e-01
9.059680799866961509e-01
9.385686925334676411e-01
9.462692942359952619e-01
8.932204652942787870e-01
9.907999571830315988e-01
9.384610648721314341e-01
9.118763091222006345e-01
8.622244776663192667e-01
9.351348673171663295e-01
8.626757711964508912e-01
9.085336783421154028e-01
8.528777105262127511e-01
9.012636910843850879e-01
9.052263528883999211e-01
9.451499796764926131e-01
8.655777518030720596e-01
9.705585155880741555e-01
9.425929253951090825e-01
9.317607025763695594e-01
8.221557824237656353e-01
8.966194682510200131e-01
9.694004170162516809e-01
8.628464282055469114e-01
8.853680875273303164e-01
9.429900658508650890e-01
9.226290683150094596e-01
8.535249808340840127e-01
8.945349790091872144e-01
9.379129183306267326e-01
9.420025342813461711e-01
9.023610132749997348e-01
9.793649873878987888e-01
8.679481109608905287e-01
9.241002255593361303e-01
9.185422929614692755e-01
8.212411865320686788e-01
8.871682052043087241e-01
9.512846821707022782e-01
9.131837120532656504e-01
8.825278636325513126e-01
9.382115524487487646e-01
9.409043022448867477e-01
8.620885962358377785e-01
8.530564903213525563e-01
9.011735811448348121e-01
8.917279715414186958e-01
9.226515279911762235e-01
8.975242283429594181e-01
9.211350818313044364e-01
9.242103013129350231e-01
8.924262425362776696e-01
9.315825054160377094e-01
8.765240801870518572e-01
9.551882806976753626e-01
9.594403159079266663e-01
9.093009345914085939e-01
9.008746235799915958e-01
9.792764176958194122e-01
9.029327521788456101e-01
9.102630726351176316e-01
9.201492778918017867e-01
8.652567492542109218e-01
8.893534415405066618e-01
9.569343201498293761e-01
8.903955690737100914e-01
9.349407251978544275e-01
9.303352401769341418e-01
9.202818301370206955e-01
9.872542885074224728e-01
9.248307013434070578e-01
9.071719060111655963e-01
8.808284808299381430e-01
8.681287338470922155e-01
8.989425053228213836e-01
9.123007918632654034e-01
9.215971652291404803e-01
8.988219402934519708e-01
8.363008792928030566e-01
9.586535988345482595e-01
8.787358282575828961e-01
8.817877121234908300e-01
9.094408290887896484e-01
9.145096802003063186e-01
8.755196116801077233e-01
9.217817388901825559e-01
8.809806602318924762e-01
9.121107479156362885e-01
9.494236462301557378e-01
9.370429964720634608e-01
9.469310125489531771e-01
8.458143792876748890e-01
9.590208513652691558e-01
9.427829581395469338e-01
9.665190119534877722e-01
9.330919981797588525e-01
8.490550809822835499e-01
9.325014949967704858e-01
8.991555664737503895e-01
8.607432533712391365e-01
9.188483009662496981e-01
8.641993233971152488e-01
8.986756920688269146e-01
9.088856033125403133e-01
8.848432366412792849e-01
8.424652876965627035e-01
9.245714107753294497e-01
9.951992762311159257e-01
9.491007001614466532e-01
9.571349908724050559e-01
9.061420835172983024e-01
9.472329937466091865e-01
8.969865831530580147e-01
8.987489835927671145e-01
8.686123357289907698e-01
9.788934083381403140e-01
8.958434774187080674e-01
8.996424996906361438e-01
9.582978085094273624e-01
8.537410457837664168e-01
9.474031832759777227e-01
8.662310392482727162e-01
9.418124794083219120e-01
9.101460446920360825e-01
9.415226165619078325e-01
8.935584059953390890e-01
9.169498858717402001e-01
9.137157360623331392e-01
9.583329790281059912e-01
8.884493704735370034e-01
8.498025593968177027e-01
9.536015572719582778e-01
9.351279818135523891e-01
9.109995131927655088e-01
9.035023780583236741e-01
9.274528208505160576e-01
9.567502483538483649e-01
8.893082116105412993e-01
8.683806308246356798e-01
9.478741529935690302e-01
9.387072647995515773e-01
9.521895658365068238e-01
9.426579095493824445e-01
9.619291304994986858e-01
9.349937921928427320e-01
9.153511770444424656e-01
9.184126460227510780e-01
9.064186451854450155e-01
9.203610512195203874e-01
8.834293386834574102e-01
9.266171883233719209e-01
9.184061174193093313e-01
8.936229750411551764e-01
8.783082370368447966e-01
9.421778030945539006e-01
8.472513899951131799e-01
9.734267706698725986e-01
9.457391716102776513e-01
9.416373147487930861e-01
9.784742275961465507e-01
9.064197975037684429e-01
9.160574799623434350e-01
9.472787146092190858e-01
8.908558148243833630e-01
9.050575805990602740e-01
9.129237254298150361e-01
8.657879624480181446e-01
9.496383486886145198e-01
9.564795293603182147e-01
9.272456900450494199e-01
9.380135689372196550e-01
9.189518243531695774e-01
9.125767987180027907e-01
8.239639839852719305e-01
9.084646799248504712e-01
9.059541743277712555e-01
9.023939014841276807e-01
9.210284279032792121e-01
8.731087855822962096e-01
9.401532288352191236e-01
9.300089258441862627e-01
8.944619488323067857e-01
9.208595363108760257e-01
8.056294312362574095e-01
9.375547346858482678e-01
9.456714254993638935e-01
8.677322179224798981e-01
9.332711226115223413e-01
8.072166405340684969e-01
9.131654595095686222e-01
8.438189356257382867e-01
9.514832331162142998e-01
8.556349624289377731e-01
9.540353558494621966e-01
9.436195974299460554e-01
9.663739758065020835e-01
8.868497802657402396e-01
8.943766280972849092e-01
9.075328796678688859e-01
9.332882779053269795e-01
9.267159620081337756e-01
9.067493362100663701e-01
9.567507115228645054e-01
9.421073429530184562e-01
8.692895327371618075e-01
9.224876340630415728e-01
8.821730054303532631e-01
8.794765048511452576e-01
9.293818834666536244e-01
9.270373031590050106e-01
9.619789504808677894e-01
9.239965398597208557e-01
9.229480672188420387e-01
9.384829929644452617e-01
9.652271997210707388e-01
8.902007533337451539e-01
8.770039965092931711e-01
9.038144995145666050e-01
9.053777105716962481e-01
8.466765364693954465e-01
9.744470343638165222e-01
9.248318220054791983e-01
9.047530286193115057e-01
9.795598294686438390e-01
9.277194454535597767e-01
8.843023440076526187e-01
9.054136832680254043e-01
9.503650814633458621e-01
9.082812807282240053e-01
8.956639298275500538e-01
8.123403270102312890e-01
8.901731959726473242e-01
9.063122904437769245e-01
9.258229315392045855e-01
9.904639573199902625e-01
8.969494034927717463e-01
9.839671416753453803e-01
8.489192019421603064e-01
8.201429541105301757e-01
9.163066393240434371e-01
9.107541355134736172e-01
9.063122904437769245e-01
9.645648174433677502e-01
9.499123833940387174e-01
8.747651535804388256e-01
9.282378905265469271e-01
9.776653337951234368e-01
8.894749900196891046e-01
8.769106349614506080e-01
8.601682281964487808e-01
9.517445033934219811e-01
8.654899207401148820e-01
9.219479159526627887e-01
8.841754739104452643e-01
8.803058858713929125e-01
9.340270187809420754e-01
9.370821819591675927e-01
9.739059166712272786e-01
9.114402984010742115e-01
9.829382624807913027e-01
8.967298295654725360e-01
9.178398643297464021e-01
8.571629756046498239e-01
9.026800572196642669e-01
9.154763263408477458e-01
8.619195878256843413e-01
8.903982539411774422e-01
8.908558148243833630e-01
8.971404004371237306e-01
9.616583411252618285e-01
9.465176658654981257e-01
8.474106223645528901e-01
9.311703911444360049e-01
9.217141459759025102e-01
9.075038895471512213e-01
9.428398594747475769e-01
9.256657879719381032e-01
9.065045099260073957e-01
9.085572017735622508e-01
8.688918756360621831e-01
9.217817388901825559e-01
9.335216407924056270e-01
9.253684929811670790e-01
9.326169115233762241e-01
8.948455220368802809e-01
9.438198631478272871e-01
9.319817248810090549e-01
9.187595441871331259e-01
9.177601485953353899e-01
8.582228490021208689e-01
9.063783306885974111e-01
9.879776647481527396e-01
9.383309991664212646e-01
8.542323779815579332e-01
8.980602402568367282e-01
9.843597883639594315e-01
8.764251733995749305e-01
9.551300601716626870e-01
8.607431145120278959e-01
9.009324062858128368e-01
9.120126249474460600e-01
9.542432110576460902e-01
8.641921315495865175e-01
9.615591729838677271e-01
9.412653006866601446e-01
8.877953414251986697e-01
9.117071670628219549e-01
8.269725422637940193e-01
9.372718152676624559e-01
8.775103624617254239e-01
9.716262907412116512e-01
9.452971248209993682e-01
8.784862320704096561e-01
9.382297304984914543e-01
9.380925025572250942e-01
8.964742204138728132e-01
9.604460413754917214e-01
9.319885052792772351e-01
8.989924865897145345e-01
8.742020676938452306e-01
9.306973047121579468e-01
9.550366390523579163e-01
8.999334738522728472e-01
9.203332326822859510e-01
9.086391107660184430e-01
8.315104050330739405e-01
8.962096203282139406e-01
9.304181624669634054e-01
8.487938498021524447e-01
8.290968162222255300e-01
9.271309773379021735e-01
9.666295290539916873e-01
9.420811339179531174e-01
9.079542193925227433e-01
9.204924019534400648e-01
8.828612627943082103e-01
8.925523024222586921e-01
9.655527106849790542e-01
9.051704437888988819e-01
9.237798989031126284e-01
8.762239752751584954e-01
8.680039986132170871e-01
9.200820436179198980e-01
9.609382339451608690e-01
8.827013874440532426e-01
8.641956506678623029e-01
9.034095815077192171e-01
8.731323465089717573e-01
9.175735250523689990e-01
9.486254268651733712e-01
9.009281655088652307e-01
9.556530933497957570e-01
9.026152126630712091e-01
9.427144923079007199e-01
8.995996073546533855e-01
9.084070393530614407e-01
9.490800697672155950e-01
8.886310003533280932e-01
8.622244776663192667e-01
8.599373165170889344e-01
8.617501933098212774e-01
9.487725392579652306e-01
9.037477176907889875e-01
9.029075854044056326e-01
9.478989296519407803e-01
8.943815070207071782e-01
9.022774401423586665e-01
9.496383486886145198e-01
8.978367508839074640e-01
8.825767592807317596e-01
9.256695326371966459e-01
8.295506648155872576e-01
9.251543635040641034e-01
9.374841476423286801e-01
8.699347165622598466e-01
9.354654281735247379e-01
9.374397318250975442e-01
9.141673102201463008e-01
9.039866964868854549e-01
8.513794057030841245e-01
9.154676044427396686e-01
8.698409237179094422e-01
9.091647256651885778e-01
8.596255476440295418e-01
9.189698849056723295e-01
9.021792321443212748e-01
8.481561125566908776e-01
8.988908476465335973e-01
9.499123833940387174e-01
8.443092718627397408e-01
9.354976268076242718e-01
8.599118849692720667e-01
9.378696735332301415e-01
8.711051695716780507e-01
9.172531420339339325e-01
9.539170094374457287e-01
8.860923932154132210e-01
9.435494828054927785e-01
9.484563917726459570e-01
9.577401549822364135e-01
8.603067931483969755e-01
9.022771319405158419e-01
8.928463611793161503e-01
8.727279148769195860e-01
8.450632422799687626e-01
8.713845755113990288e-01
8.743970112845149689e-01
9.005743900561899995e-01
8.874208262565788097e-01
9.483229652454623348e-01
9.382747919875573661e-01
9.152286244036421659e-01
9.448043189685204624e-01
8.652832813957097580e-01
9.546217668580427862e-01
9.206118897156586600e-01
9.207328049653811242e-01
9.148681045506128484e-01
9.401514982004227639e-01
8.963165415560120364e-01
9.078216464727560941e-01
9.042976015480806984e-01
9.297183503428179119e-01
8.198751808248193607e-01
8.962411493395956441e-01
8.958296864267684123e-01
8.776654819494532633e-01
9.338602143278457168e-01
9.352553379877860396e-01
9.131450332259091196e-01
8.897140480767410375e-01
9.312063843806681618e-01
8.900024241824167071e-01
9.421800542084912689e-01
8.917611702924267414e-01
8.541045607001855888e-01
8.568857682870200110e-01
9.311401024462653275e-01
9.767135676826315116e-01
9.117429811395085792e-01
9.036417286053070042e-01
9.022711056351730985e-01
9.532868292505816132e-01
9.753712706015417178e-01
9.466275402866146660e-01
9.087031385986436005e-01
8.414069978746909761e-01
8.890746029630841596e-01
9.075575570374010415e-01
8.388531443323700154e-01
9.528826784728493537e-01
8.662300955513262402e-01
9.364852504252429988e-01
9.134231038045630413e-01
8.753452112961571663e-01
9.040518630194992467e-01
9.257890849833101399e-01
9.369735912810980283e-01
8.422667262294514234e-01
9.526559444870933424e-01
9.344572498833586538e-01
9.409627120362858976e-01
9.064197975037684429e-01
9.007153956921877258e-01
8.756399801536344230e-01
9.018071250407879713e-01
9.201122653183493316e-01
8.656486393028993698e-01
9.034821678260398503e-01
9.751345457296024533e-01
9.141546525266111001e-01
8.551806158962238502e-01
8.605167114823425445e-01
8.949679773622141177e-01
8.378233229770146728e-01
9.098392786597627735e-01
8.698745081773034959e-01
9.944675844235003614e-01
8.871401990853889918e-01
9.252277319636655895e-01
9.026618516252866709e-01
8.526887808202975316e-01
8.788492524002782247e-01
9.094514260783858051e-01
9.029166182905740135e-01
9.101735097892014181e-01
8.499145874763465169e-01
9.674562915464667290e-01
8.297399142543498973e-01
9.557191780195984920e-01
8.460045203866720653e-01
9.524230575323269221e-01
9.283333778155795635e-01
8.953337578947739850e-01
8.875628387331517821e-01
9.021596731844513384e-01
9.100614472620817130e-01
9.320805947213871567e-01
9.247206413052049268e-01
8.959179446278364711e-01
9.270299681926441604e-01
8.830984336335633289e-01
9.081984559474155505e-01
9.631345584252711811e-01
8.937546831952355442e-01
9.128708720261941023e-01
8.871613936327139571e-01
8.654520658351759765e-01
8.641956506678623029e-01
9.355556113061336276e-01
9.062119924566489626e-01
8.484000276268935936e-01
9.555125056970283914e-01
9.912769402968101273e-01
8.748203951299694525e-01
8.646480104151332835e-01
9.516302750426643975e-01
8.586505536121240567e-01
9.642151573282902177e-01
9.698615798774535834e-01
9.313955578003295654e-01
8.535860856028160137e-01
9.408126293090173231e-01
9.324303229933138537e-01
9.508023318548652902e-01
8.615969925726802980e-01
9.216640573851371254e-01
8.503351502646095961e-01
8.533831536005366258e-01
9.274741883531676390e-01
7.849744145860535482e-01
9.409331037513913865e-01
9.544777193913716040e-01
8.670662984626907877e-01
9.064932231590271394e-01
9.381923663009971159e-01
9.379984607813919295e-01
9.297546683909864162e-01
9.231125784201070772e-01
9.061969848990161225e-01
8.771424771145419630e-01
9.078229467741443237e-01
9.166288431548068605e-01
8.709115392660282673e-01
9.468069372614299484e-01
8.538107364847011826e-01
8.410483284718599517e-01
8.228324891132501318e-01
9.245714107753294497e-01
9.156748731360710991e-01
9.389412142458453125e-01
9.560172224385138362e-01
8.960187724550054966e-01
9.345420404825570682e-01
8.898181787417258626e-01
8.844157142108424186e-01
9.273330460012706444e-01
8.924555433627517909e-01
8.732961064897999393e-01
9.425295008425540466e-01
8.926187181492483136e-01
9.060550068768877807e-01
9.604093648572700204e-01
9.405737735700890889e-01
9.435205020304187062e-01
9.281651012216218799e-01
9.393503889742057522e-01
8.995215866062518106e-01
9.472406308000594910e-01
9.634524129400743320e-01
9.140546221805244675e-01
9.514431742439549700e-01
9.242188516288112332e-01
8.839488062409145419e-01
8.372953221517770439e-01
8.919769488402929936e-01
9.499978984363851575e-01
9.327581381949354711e-01
8.625410647509705875e-01
8.590019977900009707e-01
9.523989954663146795e-01
8.983764060454627609e-01
9.249276419577217023e-01
9.195349207987657536e-01
9.594010932260665925e-01
9.189576406314168278e-01
9.236093292641657237e-01
8.932230373816295588e-01
9.668469689368435205e-01
8.683655752183727650e-01
8.225381877228649108e-01
8.839455441181223172e-01
9.452850466830814424e-01
9.395486604780307616e-01
9.090899893320347758e-01
9.506587446248121465e-01
8.704167739117940616e-01
9.348732407925561816e-01
9.059459504374496319e-01
9.596962980822506539e-01
8.524531278644543741e-01
8.618301616420899203e-01
9.314036785351743619e-01
9.270665032140757988e-01
9.553975074169538395e-01
8.602472535638276963e-01
9.254417907653540443e-01
9.503650814633458621e-01
8.641831505224911725e-01
9.481575226193382777e-01
8.973417374863033036e-01
9.010751509941050674e-01
8.706571825642308582e-01
8.967672237228037080e-01
8.711392795273421585e-01
9.479179737221649082e-01
8.837596249372916546e-01
9.557911331583703873e-01
9.143996054274441398e-01
8.923681626529077482e-01
9.103702889197297088e-01
9.004557888470688942e-01
9.332711226115223413e-01
9.118832607749211006e-01
8.831919811563047062e-01
9.071344162292617197e-01
8.643378680649059786e-01
9.680417022799554516e-01
9.474220890723906718e-01
9.196998521627466339e-01
9.466409779154092430e-01
9.513668047256671478e-01
9.393648756907140296e-01
9.212299442714940723e-01
9.124140385034764655e-01
9.628129087263231911e-01
9.206446635525225020e-01
8.809948421531926810e-01
9.528933207263915461e-01
8.828725582396789173e-01
8.750904426475624165e-01
8.956627207313929695e-01
9.597187562900445501e-01
8.653935629453385348e-01
8.907573961902733872e-01
9.557897862481359308e-01
9.501298526375420161e-01
8.598527728058902309e-01
9.187920082193971050e-01
9.410763726738231583e-01
8.368939314891620240e-01
8.946824873313395932e-01
8.573649225444517352e-01
9.002385187189931859e-01
9.160523347388471738e-01
8.740820393135358968e-01
9.073198192360197867e-01
9.236209626421052477e-01
8.994062275139786955e-01
9.349407251978544275e-01
9.359276093192568924e-01
9.691000910632467935e-01
8.602402073917410075e-01
8.809948421531926810e-01
9.417828190803670951e-01
9.792945041786083049e-01
9.033060742607430527e-01
9.552301400559948252e-01
9.141596574502797168e-01
9.183174347500848711e-01
8.519699818155953563e-01
8.890242665251155696e-01
8.988219402934519708e-01
9.247370738498150722e-01
9.329565241917676666e-01
8.269592590750586281e-01
9.677920549343794754e-01
9.178072960187713125e-01
8.657651099735538258e-01
8.625925356295027768e-01
9.427359751761730244e-01
9.951502064056481078e-01
8.863822105843333077e-01
9.552890050929317978e-01
8.560864821022952098e-01
8.848117181875767567e-01
9.270254297265576593e-01
8.562256656639660735e-01
9.203395963251674861e-01
9.178535187183995969e-01
8.607187815860649627e-01
8.743261587030750626e-01
9.633732361299429670e-01
9.056011168340177830e-01
9.295115910031118700e-01
9.291164777072692393e-01
9.372940304191679228e-01
8.790974653380707604e-01
9.508676242702859271e-01
9.836672184842832900e-01
9.548822696229376517e-01
8.999185368242129668e-01
9.831630907417391319e-01
9.443734829720323853e-01
9.603650147136651993e-01
9.308332823424352309e-01
9.543365673105682623e-01
8.238344741389415082e-01
9.068495504576161714e-01
9.176296887877122277e-01
9.084577732816613294e-01
9.220423569173246126e-01
9.102835118649726942e-01
9.084794723657474425e-01
9.239671595772122048e-01
8.989267724146784433e-01
9.090225906227539232e-01
8.575479453107774930e-01
9.446235873977051334e-01
8.776355471092778249e-01
8.812727330754551724e-01
9.697927740890136539e-01
9.729671359850512458e-01
9.444748919043535196e-01
9.114086378598317273e-01
9.324353559371892919e-01
9.293822040335015799e-01
8.366068393257888314e-01
9.043497270264688748e-01
9.538600346299653809e-01
8.579131177328314095e-01
8.634584634670964265e-01
9.125656249797472475e-01
9.268445109290470718e-01
9.015827015445474490e-01
9.079309785938695088e-01
9.301333609234805344e-01
9.172388978102048451e-01
8.887456467161523044e-01
9.035561232906906826e-01
8.942721568213308769e-01
8.723696107888172513e-01
8.857997813255843456e-01
9.101789255874670470e-01
9.388676184642160694e-01
8.954467873899853991e-01
9.225602489800830419e-01
9.514869555961966707e-01
9.377681210164034997e-01
9.098391136224738274e-01
8.400555010380362786e-01
8.690085897311008445e-01
9.269161625457861264e-01
8.342482718906820693e-01
8.713096692185756664e-01
9.132375947831306018e-01
9.408150757193436409e-01
9.220208571833997668e-01
9.295081695612138484e-01
8.713205712969021022e-01
9.020094790745805113e-01
9.809923803360910410e-01
9.085788045006102376e-01
8.673474899203696964e-01
9.510435896503888209e-01
9.246723030535599630e-01
9.251663123624309648e-01
8.978234697457453395e-01
9.589588835135394174e-01
9.655778984814473720e-01
8.408341198432899288e-01
9.474644825245663871e-01
8.558879918742622328e-01
9.072678761535669656e-01
9.466874084480250140e-01
8.978411852388724634e-01
9.051505052118037353e-01
9.301752501489426450e-01
9.065402346829122271e-01
8.889375417907734445e-01
9.852969810928138283e-01
9.441762049968994708e-01
9.267319576598107567e-01
9.312227349774689911e-01
9.532692001187221820e-01
9.597971726758359745e-01
8.826455569657341016e-01
8.552418924120648303e-01
8.571513359692032319e-01
9.275036975114470117e-01
9.350757564530695065e-01
8.713564250572837233e-01
9.310388570179032319e-01
9.392719358144445696e-01
8.898190349309264002e-01
9.428613747812355506e-01
9.228605242250990104e-01
8.819078974724732234e-01
9.248253105986543599e-01
8.483792084021670732e-01
8.937086739860390372e-01
9.169643781193101972e-01
9.066059771814460877e-01
8.862588309315825308e-01
9.060658996390259512e-01
8.700803671693665420e-01
9.426799091885483817e-01
8.615928429313003400e-01
8.794765048511452576e-01
8.940610504080989118e-01
9.409254594367270075e-01
8.854815976022991642e-01
9.164296824422297760e-01
9.694579090218916617e-01
8.522801371667240167e-01
8.723539030635696356e-01
9.276872238510303070e-01
9.347154813624605207e-01
8.771464310048590063e-01
9.568773860724255620e-01
9.093076892365856700e-01
8.943815070207071782e-01
9.445505639455847868e-01
9.198939408511261906e-01
8.852012764576029369e-01
8.943180483307711093e-01
8.835669457863210008e-01
8.859536018953949599e-01
9.007633945057015312e-01
8.751790402697775528e-01
8.985727060906418817e-01
9.545156597014017308e-01
8.697661431174181779e-01
8.636086432579695993e-01
9.632279437477614392e-01
9.606577191512303271e-01
8.628786474557652575e-01
9.187920082193971050e-01
8.608370060372984023e-01
8.754981675080558690e-01
8.651565884859945266e-01
8.215252204396529256e-01
9.334906798884153867e-01
8.933097164926837586e-01
9.511211192918670454e-01
8.699728924658628459e-01
9.180274864320298045e-01
9.619185886079667513e-01
9.541740850140185692e-01
8.911259101139927807e-01
9.460955970356675904e-01
9.831883202505572461e-01
9.538711245665590921e-01
9.270847610447980891e-01
9.519840112498421103e-01
8.520747824316637908e-01
9.017293814607608704e-01
8.863561743488762579e-01
9.015330276920722197e-01
9.079101839273502339e-01
9.345266594065775312e-01
9.594010932260665925e-01
9.321167198085148486e-01
8.327442297406665306e-01
9.910427957467846660e-01
9.250384432043271543e-01
9.706480658003201478e-01
9.470944167701932370e-01
8.997667985549885339e-01
9.177601485953353899e-01
9.026354955667631463e-01
8.788213276556943176e-01
8.842695183215666388e-01
9.530628861502721261e-01
9.544777193913716040e-01
9.320562481520073828e-01
9.907999571830315988e-01
8.520007665713313916e-01
8.942764362705445391e-01
9.440073617748984125e-01
9.282517018984992596e-01
8.985965026988282922e-01
8.988908476465335973e-01
8.568400164675036290e-01
9.576207042502333788e-01
9.093358459273820360e-01
8.609642965900857758e-01
9.309652794269530629e-01
9.146514714991841322e-01
8.362498590431405310e-01
9.622857323503281046e-01
8.664329127767088634e-01
9.487972943343266907e-01
9.401128563462537446e-01
9.219312278162798968e-01
9.577966862465482345e-01
8.781527703861617962e-01
9.524379244767918751e-01
8.385945486410948391e-01
8.917458501430590712e-01
8.842236283651049300e-01
8.592769935375617063e-01
9.195808031638680324e-01
9.075984795977686259e-01
9.355953325218974159e-01
8.681914256433236332e-01
8.873027795717306487e-01
8.668697205773875369e-01
9.639087024671885162e-01
9.436325966956431444e-01
8.724546715098802085e-01
8.954950314606198170e-01
8.788213276556943176e-01
9.330010534935507804e-01
9.407619128642000783e-01
8.993878733098172873e-01
9.879822991407052335e-01
8.516096519247455809e-01
9.170033648167367213e-01
9.349936808012386802e-01
9.377528780409494225e-01
9.144766452692749681e-01
8.928589877103180195e-01
9.060757252066597989e-01
8.684329876067715670e-01
9.666339437484107178e-01
8.634298258840420459e-01
8.727741882290827036e-01
9.034745319198288493e-01
8.827221349025570207e-01
9.249117297947156979e-01
9.451494367723812795e-01
8.560864821022952098e-01
8.727017474922136309e-01
8.645124856091639387e-01
8.909151263074498450e-01
9.674628950802431904e-01
9.339007535936066917e-01
9.447055902847891762e-01
8.953425391426396152e-01
8.735656407904054399e-01
8.992290945935470514e-01
9.167152200135517681e-01
9.968995217950964438e-01
8.443309052979020013e-01
9.394672490321039904e-01
7.968182545600889233e-01
9.421162273691284783e-01
7.491617001426217337e-01
9.498219406792339781e-01
9.325637878263670633e-01
9.075575570374010415e-01
8.706049597449445621e-01
9.262205755664132401e-01
8.922771379299708761e-01
9.570872867873672085e-01
9.104111552257545537e-01
8.909151263074498450e-01
9.422849717280621373e-01
8.556790351857362920e-01
9.670010654588574450e-01
8.611646763373119740e-01
9.358421246840362695e-01
9.551142685747558980e-01
9.262187823207169712e-01
8.297704016264050297e-01
9.818392690841184489e-01
8.805303107256182704e-01
9.016591910265522314e-01
8.072862588083391522e-01
9.413869541599199087e-01
9.224397901662473309e-01
8.790001781204197506e-01
8.654899207401148820e-01
9.212412569538686036e-01
9.152759590982224580e-01
8.851005139925879339e-01
9.537169471613510252e-01
9.340418077999200763e-01
9.235217876334470555e-01
8.859757573034245937e-01
9.063877378239145743e-01
9.796200436408759593e-01
9.514400224171055687e-01
9.620888493167090161e-01
8.973833707831309070e-01
8.486051031534251887e-01
9.203810617175353093e-01
9.406966989463010353e-01
9.237126218931513977e-01
9.186507161704839941e-01
9.335492033928741717e-01
9.313732442613061879e-01
9.314229406442017245e-01
9.274071369343107607e-01
9.234057766935719336e-01
9.433248925872860235e-01
9.473333803534220721e-01
8.921523312333332623e-01
8.711392795273421585e-01
9.022204020949252667e-01
9.600158701718914944e-01
8.788710218565417565e-01
8.753020625142551303e-01
9.099600059555800202e-01
9.702447036886294729e-01
9.099815774815445124e-01
9.460308153860195191e-01
9.046892964868386011e-01
8.865718968443985215e-01
9.049963558943571185e-01
9.192348607677199857e-01
9.014352491237754839e-01
9.542676375656268251e-01
9.520368746075605904e-01
9.484516304749559534e-01
8.946498448194271091e-01
9.342341838977155088e-01
9.126933447626222051e-01
9.719895445837913872e-01
8.058152284045160263e-01
9.119318924746981914e-01
8.797291345080789915e-01
9.156195961291773155e-01
9.049022157985887604e-01
9.443602711371041902e-01
9.514400224171055687e-01
9.029005627078726670e-01
8.655342493397831793e-01
9.287529377937249198e-01
7.477917000756864052e-01
8.788083808389616225e-01
9.822957174493490706e-01
8.894762121028839674e-01
9.394794376929804791e-01
9.326645568337420533e-01
9.452331831171952858e-01
8.511759646744271324e-01
9.272655158677841625e-01
9.232759877958314210e-01
8.779259898236319026e-01
8.911606837239711698e-01
9.324303229933138537e-01
9.437932373132739139e-01
9.352407235094607474e-01
9.316403555287752214e-01
9.646279032698518163e-01
8.742543151252375466e-01
9.620870016096101374e-01
9.456695688381320242e-01
8.822254523274333238e-01
9.171538680328346071e-01
9.270086115041833441e-01
9.412546747463235164e-01
9.416238281735831439e-01
8.583034231927157975e-01
8.511844910211936455e-01
8.897066841159499972e-01
9.105467748698199415e-01
9.644912285843592059e-01
9.602876877439279202e-01
9.521325220247707222e-01
8.466082009868844960e-01
9.882008163146512869e-01
9.305606346897584702e-01
9.286571180022974437e-01
8.762921510292009941e-01
9.184639476070604047e-01
9.095319864335638105e-01
9.258889684018947186e-01
8.899225167280546689e-01
9.656612114801303992e-01
9.199129061902610038e-01
9.208917363663061684e-01
9.124080026396476084e-01
9.328668310030436839e-01
9.223527902164735393e-01
9.027284930494530180e-01
9.424825074020644067e-01
8.896978590869571990e-01
8.752191472728086952e-01
9.404076594279207058e-01
9.247230505271165635e-01
8.957979693025237555e-01
9.381852015607212714e-01
9.413901157410116127e-01
8.969726090074257030e-01
9.270665032140757988e-01
9.533753060915149957e-01
8.991936143087663202e-01
9.215962755277224971e-01
9.518182623597137848e-01
9.307665694394010591e-01
8.765654648189988851e-01
9.258221501582526436e-01
9.569125004610566920e-01
9.413111700078676813e-01
8.431622400328143696e-01
9.435292221912557897e-01
9.361697817851180048e-01
9.156299687945628207e-01
9.427386577236692711e-01
8.544620783452235857e-01
9.170319713538960249e-01
9.000854416638703892e-01
9.767183953341227465e-01
8.987331102853728382e-01
9.496800586979977643e-01
9.254646576027980576e-01
9.152616090580014685e-01
9.366180495114935223e-01
9.426200838600353737e-01
9.119718502688440864e-01
9.094129298011116580e-01
9.092561110769985522e-01
8.963453107632037842e-01
9.494961685649182526e-01
8.705568066507844982e-01
8.657155714388048429e-01
9.449357845735394390e-01
9.280356546069581380e-01
9.462754223762496197e-01
9.418724667942370843e-01
9.001536056171119959e-01
9.173158808170102096e-01
9.223092488971040837e-01
9.080527879610909014e-01
8.696533900678239393e-01
9.612880484193326858e-01
9.650154164345233765e-01
9.833526067793283421e-01
9.210678378502452635e-01
