9.554218664028666375e-01
9.076966441429182852e-01
8.542393633055639368e-01
9.621586266329028581e-01
1.567947046852399495e+00
9.369193738757441992e-01
9.160934649829370890e-01
8.225073471057163799e-01
9.845569771082379740e-01
4.730531348820380400e-01
9.436296051930638251e-01
9.069497373233028625e-01
1.002947879939838138e+00
1.085671522033147873e+00
9.263475322493243125e-01
6.607573721184839544e-01
8.178325267405620602e-01
8.387753817577177085e-01
9.618114265545588681e-01
1.269391843324277236e+00
4.059078744710717390e-01
9.554832413784617451e-01
1.003256112465937822e+00
8.224086414634778075e-01
9.258335642972792545e-01
1.306214190260223784e+00
7.957394175972773986e-01
6.341297707302772091e-01
9.371733702859668114e-01
7.993911657176379082e-01
1.228392219823733589e+00
1.280844166708448251e+00
1.227391434635334511e+00
6.951803824773791218e-01
1.050640043617806274e+00
3.624085050876361125e-01
3.984895277772026456e-01
8.416665640181159036e-01
6.499728699617034477e-01
1.226701735218799660e+00
9.881206124640343758e-01
6.866376004020467994e-01
8.101319278450564987e-01
9.537260809110837956e-01
1.078217957487933365e+00
1.099717534786447626e+00
1.105868035784104420e+00
7.227171372879934719e-01
8.445844387828242983e-01
9.098437785415242063e-01
7.359507291610186686e-01
1.236510024599428936e+00
9.723678937538056122e-01
1.755670390746632448e+00
1.001983199797994439e+00
9.798185459068501357e-01
1.074061034660851233e+00
8.753663839405777525e-01
1.183763126733790916e+00
1.196720303641329863e+00
8.640776767347315701e-01
5.370381735170440818e-01
8.241939423111165341e-01
1.230125590504572486e+00
1.198738860544820595e+00
1.098778631453240395e+00
8.300936883120668686e-01
7.098223058966681709e-01
8.435463386263054586e-01
1.206558105265449266e+00
6.752592917089144109e-01
9.938976831675010448e-01
8.644441835918482697e-01
8.181386047457599453e-01
1.011333198316575865e+00
9.025014134955235967e-01
7.975456430728495860e-01
1.130919345016673905e+00
1.337526198668009814e+00
1.089197357859676529e+00
8.765484299551251635e-01
5.817764583047442262e-01
9.771234824418025822e-01
3.952524930337706910e-01
9.544664456643191519e-01
1.335992622687994791e+00
1.229601398560153047e+00
1.460759844330883794e+00
9.837851666202869216e-01
9.559814461771198868e-01
9.860872578864833260e-01
1.119354413364969547e+00
1.082484262390929430e+00
4.546695054124211266e-01
1.119786923823125502e+00
1.106501212309914273e+00
1.048037574700418251e+00
1.067132797308046888e+00
5.565130948215816220e-01
1.160516152275576474e+00
5.689791267321741008e-01
6.163205486587247650e-01
1.012941678148198799e+00
1.309349798848866930e+00
1.091619842503978255e+00
1.096081576840323368e+00
9.596721217008733484e-01
8.833771434082904328e-01
7.481045818507898737e-01
1.003697556437840532e+00
1.010173566002095180e+00
6.762052670428219114e-01
9.110055491392975435e-01
8.252586508954217193e-01
7.535991259390373287e-01
5.843151112576673301e-01
4.020997689530513841e-01
9.138851142670436634e-01
8.489240521650901483e-01
1.049400138846015684e+00
1.352651452907810858e+00
1.158255222531292317e+00
8.986509202360686288e-01
9.633790547013771910e-01
7.453103819683866149e-01
1.063821471199298818e+00
1.098767149250737818e+00
9.554107370845600355e-01
6.178050084215985782e-01
6.039182661836858257e-01
7.680551717484936924e-01
1.410389334776879222e+00
5.099104215364298476e-01
1.168906337136873974e+00
9.142317115826923413e-01
1.189633380802689766e+00
8.924236670366405555e-01
1.198048227745394101e+00
1.180946428328065068e+00
1.011575477553153801e+00
9.369684463612695247e-01
1.026749022615511597e+00
9.659571328287797076e-01
8.374008579236394967e-01
9.814001274965923338e-01
7.573010955811380063e-01
5.366218618203262292e-01
9.013759711223580107e-01
8.617242368987129142e-01
7.702028011485790859e-01
1.086212854432627051e+00
1.012562679925651743e+00
1.035568363858057728e+00
1.244953210451128056e+00
8.924954983650555951e-01
9.004043794398618461e-01
7.940090432027097078e-01
9.519809226073382424e-01
1.485018828197492313e+00
5.902227221562084125e-01
7.879673949702450386e-01
1.047941658550386013e+00
8.454027381138145003e-01
5.679127194967975578e-01
9.020100589500550381e-01
1.370807128681519771e+00
9.055308012077312174e-01
7.390513870770885063e-01
8.815964555389286250e-01
1.142438815444352773e+00
5.016985172682865146e-01
8.132020840022248231e-01
1.086063713131453223e+00
9.781624142281244438e-01
1.151280187620411288e+00
1.077907891078666802e+00
9.326713326383392344e-01
6.016463911662747188e-01
9.830508519946746793e-01
7.505464952493133834e-01
3.362999378475699519e-01
1.091708543402852616e+00
7.948707774291090544e-01
1.322819897350654195e+00
8.337905453395209054e-01
6.515394421425365623e-01
9.260755909324441815e-01
7.963846647874914808e-01
1.245752819140254930e+00
7.954302044008075834e-01
1.051265236081236232e+00
6.378157619818294322e-01
3.463055841729326678e-01
6.010764634834396825e-01
8.064563944398419615e-01
7.626425933257906520e-01
9.689631854927386323e-01
1.143321812108938351e+00
1.190303959629642971e+00
1.269510573294391875e+00
9.871749356525256758e-01
7.713044844850777126e-01
1.030975649977444064e+00
5.016985172682865146e-01
7.492515541380081467e-01
5.677905438063777233e-01
1.067569933292578988e+00
1.182251670989875603e+00
1.193282482275477063e+00
6.602484120085495567e-01
8.648769125027520044e-01
9.892166081189290860e-01
8.067335408534899166e-01
7.489948474500819353e-01
9.591325717864437328e-01
9.952836098987206670e-01
9.020370453982852199e-01
1.253023344691729601e+00
1.057914525217983570e+00
8.343648436394298651e-01
8.583483208314607316e-01
7.010090778590227778e-01
4.254026136909757061e-01
5.777273832994228586e-01
9.076167664292507098e-01
5.784127686077742414e-01
4.888469828463855027e-01
9.011337877998630841e-01
8.924954983650555951e-01
1.061568855482288187e+00
9.656079598082104587e-01
6.682111422685395041e-01
6.508173280111037018e-01
9.224799740639931800e-01
1.003713611328184152e+00
5.173371994145163910e-01
6.071340517322895147e-01
8.533072585059887638e-01
7.525865760058640941e-01
1.074092452867111414e+00
7.545067794628427249e-01
1.055493611459494385e+00
8.534730305070777900e-01
6.422009293778699890e-01
7.053091429503168808e-01
1.006291617329740706e+00
1.040936326250661237e+00
1.004666211301963763e+00
7.403697062601557466e-01
6.276477458247172736e-01
9.277532286442934373e-01
8.117966470255560951e-01
7.816242143708107548e-01
6.336759250002842458e-01
6.213681352341042796e-01
7.090219571932847575e-01
1.031811332326180386e+00
8.682446147738220876e-01
6.291329933874960645e-01
9.957691054130601849e-01
1.139885993306908984e+00
6.139235451526015019e-01
1.347761240994208576e+00
8.819046270391830422e-01
8.244583434896162188e-01
1.036088707414480670e+00
8.768718826391910248e-01
7.255583945481901553e-01
1.250988929783130699e+00
7.901045898485745678e-01
5.011204863161888845e-01
9.344934686620494091e-01
1.189930716178428272e+00
1.146172617745717437e+00
1.099940019081188325e+00
9.022855959662587910e-01
1.028281392398035843e+00
9.488633560636740016e-01
1.125818536738048437e+00
6.922438592607665919e-01
6.939371172073169891e-01
7.999167628528337515e-01
6.266947078580529240e-01
5.878480898275021405e-01
1.299019014994158061e+00
9.532947012474991544e-01
5.012226846262928248e-01
1.440074088161282129e+00
9.480037719946319275e-01
7.390800020092817002e-01
8.660067166562233076e-01
8.318528237681485082e-01
3.042230398315062256e-01
7.857320984683716647e-01
7.736511963765432265e-01
1.043127312468454360e+00
1.002799104085971837e+00
9.321898888415456330e-01
7.143898974478378738e-01
8.607192750283345628e-01
8.701845853696366095e-01
8.240615564981496055e-01
1.294237292881592616e+00
9.006143354333702167e-01
7.731408100403768247e-01
1.107748740797829479e+00
9.499532662692082852e-01
1.059067291042482317e+00
7.288113950757221238e-01
8.163723710294403801e-01
9.876644739821883734e-01
6.752185610412572148e-01
7.792416384049296596e-01
1.668551509490605156e+00
9.868597368062858033e-01
9.716350951036656358e-01
4.352771855994255201e-01
1.343796410332099400e+00
9.589621160626241592e-01
8.687983863362714887e-01
1.905960679577500816e+00
7.764198410411461415e-01
1.071135836646776474e+00
6.304828343729500517e-01
8.369155932472576165e-01
1.366707447646170914e+00
8.972151765909847088e-01
9.938712466666946854e-01
1.043693103798380539e+00
1.134955173554474728e+00
1.098702022635752895e+00
6.178945311191177403e-01
8.836975186544889782e-01
5.849363549139511287e-01
6.186981935147355394e-01
1.317689273780061399e+00
1.343678438032095412e+00
9.757701183506293230e-01
6.865244437473401184e-01
7.215957152965492005e-01
1.000408846768006788e+00
8.778238186731699422e-01
9.367294280044731192e-01
4.842515126215999888e-01
5.530634307721400411e-01
7.600567918486266228e-01
7.115616098883056351e-01
9.294424338537212726e-01
1.168470215571022486e+00
7.502977937783962270e-01
1.147650512479337692e+00
1.041169307947335643e+00
7.698429089311475959e-01
9.915228220149698846e-01
8.859470440907859512e-01
9.625109606800137385e-01
1.203229033861647146e+00
7.282686179453563557e-01
6.272393860343377092e-01
8.676422037788872332e-01
1.069289362823813150e+00
1.015096333395843597e+00
8.072555705632382672e-01
9.501964771904566343e-01
6.436193518800570335e-01
7.492476509175473032e-01
1.018754808696806347e+00
1.257754089057224967e+00
9.501647896149920669e-01
1.048826705526636482e+00
1.043422758464757960e+00
6.344724079997601240e-01
6.663042345532455002e-01
1.268024321047148240e+00
1.007346270875111971e+00
1.028266517773858801e+00
8.272879111255818652e-01
1.241569955500508859e+00
9.727409686884511686e-01
5.520430554063334716e-01
1.204673579213560330e+00
7.123894626098439264e-01
9.892375174056542431e-01
8.365854196184379088e-01
9.825346657088263047e-01
7.175894494590155936e-01
9.599966449210790564e-01
8.161454544441607561e-01
9.910178348863103448e-01
7.992952963096111585e-01
1.030420436089559244e+00
9.467005766283940194e-01
6.933950121787336718e-01
9.202727749748068620e-01
1.189074419192344800e+00
9.997181788219766663e-01
7.316371308564365572e-01
1.206356768782596456e+00
4.987388149810496607e-01
6.791799306494490374e-01
1.106765762705188560e+00
1.014543857818588357e+00
1.052847485605691746e+00
8.222042386954021564e-01
1.120699143026307798e+00
1.208863211178589081e+00
8.159231930013955969e-01
9.961792460212329781e-01
1.147394721335233569e+00
9.636304557158946738e-01
1.146034638308322195e+00
6.120304531048925689e-01
9.199950982147196976e-01
1.100723540570572201e+00
1.099050166069434509e+00
8.339326667131100601e-01
8.337421302375451759e-01
1.303907994480436372e+00
7.948707774291090544e-01
6.855900897778044456e-01
4.553832961450003380e-01
9.219192564435633175e-01
6.032913009100226986e-01
1.096584800358874068e+00
1.063175658579802008e+00
5.772491349761659230e-01
8.157400905951999182e-01
1.021695944121835842e+00
8.842657428245164208e-01
1.010330139757931844e+00
1.129682747769862550e+00
1.030063601899187553e+00
5.331176526939612748e-01
9.137030233290726056e-01
5.843151112576673301e-01
9.696192067948833371e-01
1.040580772356247019e+00
1.082214479495291704e+00
1.144901844392277823e+00
8.557955896009927788e-01
9.829387438610985850e-01
9.923272753418621583e-01
1.132689450406695775e+00
1.171041482152798352e+00
8.208768748228560952e-01
6.454404384939141925e-01
1.108899001141653295e+00
8.906071926024086149e-01
1.188065157619898171e+00
1.004293144645784119e+00
7.653678981065886733e-01
9.991067232005713672e-01
9.842839479013932857e-01
8.607864983572754980e-01
1.208429463436607731e+00
1.155449538551557742e+00
7.935068736447680182e-01
7.264826091393945529e-01
1.141757147711975007e+00
1.275332928369175889e+00
6.871291555545623320e-01
4.668458005806786493e-01
1.138935984151167702e+00
1.080806371117438047e+00
9.233862369461262043e-01
6.869217083778408339e-01
8.400207502143967053e-01
1.205244164552382813e+00
9.127516863749696174e-01
9.046325470871608987e-01
9.496907425181680962e-01
9.340678802768862532e-01
7.355139072099071695e-01
1.125262757397437197e+00
9.256041909505194898e-01
9.798525961677102547e-01
9.613253664656231656e-01
9.295455484528435397e-01
9.370362422169244976e-01
6.961357999997273005e-01
9.463129456537243689e-01
6.013148250996462885e-01
1.122469562389049491e+00
7.647218791495860035e-01
8.550077731934950798e-01
9.185163436004719628e-01
1.048993132567463515e+00
1.000050923198996689e+00
8.428625937358465992e-01
1.051265236081236232e+00
1.256740203576763193e+00
1.347166695101928990e+00
1.168608235283945307e+00
7.017887748452129593e-01
1.242356895912238857e+00
1.106685049676524146e+00
1.755670390746632448e+00
6.120304531048925689e-01
1.049642765837868863e+00
7.282654865104752906e-01
7.220567667047763649e-01
9.145312307309712008e-01
1.208468200751613875e+00
4.984444911030382896e-01
8.523796824715090814e-01
7.980253219504006568e-01
1.139015661621985753e+00
9.721270097555853029e-01
4.147265382478954598e-01
9.197489375389820143e-01
1.003636394964475764e+00
1.706069715330944758e+00
1.282662642955063603e+00
1.035565805815024998e+00
9.659713362731432440e-01
4.622731337835174203e-01
9.116110065984377453e-01
1.056205053311540798e+00
9.155292294843794254e-01
5.926931553139749287e-01
1.075078646386481873e+00
3.628445330301052763e-01
5.438468809133756299e-01
9.329390619518933558e-01
9.068731571931737401e-01
9.303847462424332804e-01
9.973666513115387877e-01
8.335519245984225334e-01
1.125102660044021485e+00
9.047236263107647503e-01
1.286969895955717202e+00
8.038827285750910212e-01
1.231198665449118046e+00
1.062012026050781266e+00
5.242546528386446969e-01
8.796908622768394581e-01
8.237404768109494180e-01
1.000618282698614969e+00
1.273949141505913429e+00
1.055488906601392163e+00
8.673770073212975218e-01
6.284505447762450681e-01
7.180063160275389489e-01
5.163510958421195784e-01
7.744296696326486984e-01
9.219192564435633175e-01
1.179916772923196744e+00
9.235636351554062928e-01
9.615339070882258365e-01
1.130919345016673905e+00
1.238901576260368120e+00
9.586623092361552523e-01
1.475421426177540241e+00
7.374433068762862309e-01
1.200098589101362689e+00
1.188488943149068833e+00
7.010890867262352666e-01
1.034737097268197514e+00
1.233831124451096883e+00
8.283767185183263937e-01
1.043849848761100985e+00
8.597651332790283707e-01
4.806294466437967539e-01
7.719878749552271380e-01
1.452752395900967608e+00
8.017637849876011469e-01
7.008473994300025156e-01
6.451565699370509499e-01
1.187598125736605503e+00
7.428357527232677393e-01
7.833307471366524055e-01
9.416665199758942340e-01
1.022574277158827316e+00
7.302228034151836411e-01
5.278608684069228119e-01
9.337008256447602017e-01
1.076759603138294441e+00
1.086063713131453223e+00
1.058074336855127306e+00
1.221745406120940070e+00
1.094731409033017799e+00
7.289662547767890022e-01
4.020147873113810721e-01
1.239521797920047463e+00
1.213332590776399877e+00
8.553889366072572331e-01
7.086668866671133049e-01
6.391037068504273888e-01
1.509694711044041515e+00
8.844394659204271036e-01
1.044649662661656375e+00
6.172195352777717359e-01
9.851205620789936779e-01
9.763681803758436084e-01
1.122977573976039478e+00
6.133703291338473695e-01
1.123588007565830438e+00
1.247948279548269923e+00
3.142609004751686919e-01
7.163713374591377248e-01
5.491706804524753016e-01
7.394561437300090079e-01
7.574373719594728049e-01
8.226914060533598860e-01
8.441060542499158048e-01
4.026574767674222510e-01
6.023650850424897563e-01
1.315145734903839125e+00
1.210283241938753918e+00
8.521630564832308741e-01
1.512685750401716822e+00
8.506943001419985384e-01
5.397181667410687611e-01
7.812102165418101096e-01
1.227231042577390463e+00
6.652153225542223325e-01
1.117143842140242205e+00
1.058277434794866023e+00
8.972369104243634874e-01
9.731161214327358477e-01
1.276478881516298847e+00
1.112910593919053781e+00
1.129933375904090820e+00
1.089805933114651237e+00
8.479260904780590025e-01
8.356333272252350897e-01
9.235321026905741748e-01
5.943643844869831439e-01
9.652662307335587721e-01
1.520978620060675857e+00
7.179208960851222177e-01
1.006531304871233656e+00
1.155443607477560253e+00
8.295729705550379807e-01
1.185734320862765978e+00
4.736741203486292129e-01
1.363857051221062600e+00
7.460468888119122788e-01
1.795458646856478824e+00
9.557167402044185467e-01
8.952149778023853477e-01
8.438233169097629771e-01
9.600219931387941052e-01
1.310065482048409891e+00
7.873198087701815950e-01
1.125818536738048437e+00
1.019717586556246447e+00
5.490228720661216588e-01
6.742092154271400739e-01
5.734999562160104647e-01
1.213506341096597163e+00
8.152849956878333026e-01
6.533107302323681864e-01
7.699572747630238911e-01
1.161492334054772257e+00
8.660581693627561473e-01
7.691499592908536131e-01
4.957981655624249528e-01
6.527438459408957394e-01
7.646564484401807693e-01
5.417799807953858071e-01
9.598411404951151527e-01
1.182316209488199377e+00
1.037211880590323210e+00
4.593145032052249332e-01
7.586184008615862728e-01
9.303705946488258771e-01
1.301829121965844438e+00
1.148320744206896560e+00
8.642114620831312655e-01
1.040649398160945927e+00
8.795945096097569360e-01
9.432938951709947117e-01
7.974830554490193180e-01
1.194193085577407665e+00
1.114407235598588120e+00
8.395912973962684767e-01
6.067806083930725736e-01
8.568621689853964662e-01
5.670145059592671677e-01
3.311032845909979150e-01
9.725883960335308664e-01
1.040956287010383452e+00
1.015549181607996010e+00
1.033046143321537658e+00
6.698970112654142328e-01
1.001316436644941854e+00
9.808009246802324999e-01
9.812723281474838855e-01
8.456715490936477231e-01
1.117355366851738863e+00
7.449606506385045845e-01
7.448663274042393034e-01
9.711169522160291168e-01
8.043224368204663355e-01
1.181010396299586152e+00
1.141105722071491080e+00
9.810508997727844793e-01
8.136745805371059514e-01
6.109529351179461276e-01
9.780626184156047120e-01
7.010154767049902036e-01
8.091246947757230190e-01
1.341614941049361409e+00
6.422584153367085769e-01
8.322430476883503347e-01
7.925902559666052616e-01
1.027911834417101211e+00
8.037404976696514991e-01
9.059816331031218528e-01
8.702815514221174942e-01
1.052041483673728850e+00
1.097933815632191834e+00
8.716530865318734556e-01
1.008142739785446107e+00
1.063559228434805437e+00
8.523824385179651353e-01
1.229106618293484443e+00
8.477924917625813128e-01
6.647911206617330704e-01
6.149361409059985739e-01
1.220624368638440149e+00
1.215570025661192100e+00
9.221509546749828701e-01
1.349521327609081167e+00
4.325592664901487527e-01
9.435396817776812162e-01
8.520576085556142987e-01
9.628073130867926821e-01
9.250625721686811520e-01
9.105129094651522870e-01
9.348712268394823166e-01
1.033890561681124698e+00
7.025495546778092182e-01
9.008075141703257849e-01
6.768187913137651002e-01
3.850461150122922449e-01
1.130756387743434122e+00
1.139934779553464228e+00
4.592252882590758256e-01
5.967603888283250502e-01
9.757885250902442742e-01
1.199135015918213476e+00
7.865127359939698692e-01
1.249738317103631591e+00
9.091577135616124572e-01
9.463334203615157980e-01
6.753562801201288268e-01
7.976629637338862322e-01
6.363023472938643676e-01
1.378888336655632596e+00
1.062621942838705813e+00
1.044360828745175107e+00
5.040877673669352799e-01
4.598955854816846323e-01
8.096465358244296917e-01
7.947658827186865338e-01
8.638493864951820589e-01
9.776455322660776437e-01
1.010802120551609118e+00
6.245708594687363613e-01
9.648394221848438645e-01
1.391265520189498783e+00
6.596496487149514643e-01
6.294118894127396224e-01
6.941122969043128643e-01
9.615693794776380976e-01
7.390464847491095002e-01
1.065161553319438070e+00
1.015321651069110542e+00
1.054046057917636503e+00
1.066874444997392590e+00
8.255042653255734164e-01
7.731587244450257579e-01
9.726122122366992473e-01
7.331144072152172564e-01
1.003220154118680929e+00
9.125139157116578525e-01
1.217871151319023459e+00
8.955984792020961205e-01
7.359706420244448433e-01
1.133383734727891889e+00
7.312334831865168194e-01
8.084998207101758982e-01
8.424185705047222417e-01
7.703222047739358702e-01
1.037488536036643705e+00
1.014134357201580627e+00
1.161994331624514265e+00
9.712508713721768050e-01
1.275443328708615764e+00
9.544664456643191519e-01
7.616541743564758660e-01
1.025921756921432060e+00
7.804868424709915375e-01
9.478232994514479426e-01
1.139111693207524922e+00
1.159901452545283096e+00
1.154465271805984905e+00
1.001387667595328157e+00
9.653682973824827540e-01
7.709486136110932364e-01
6.396239173588145199e-01
6.146043006074641823e-01
4.474028775965410709e-01
7.309375017508598082e-01
1.235486387023218668e+00
1.013418808607580157e+00
1.219623467604468159e+00
9.137890918852925592e-01
1.064485851902100988e+00
7.905413900147164608e-01
1.084049279961156076e+00
1.460206291118546496e+00
9.023114796110888181e-01
8.036134086949588973e-01
7.979323999898471076e-01
7.438043476751267091e-01
5.189789913570657109e-01
1.030934994740886346e+00
5.936342837169468201e-01
6.533107302323681864e-01
1.229041650726191870e+00
1.163486044067414626e+00
8.333488787148507493e-01
7.701346380545296411e-01
8.245693463858713157e-01
6.231799890923214180e-01
8.928211204865532657e-01
1.014337726987813992e+00
9.460998501077412248e-01
8.765415023966879327e-01
1.001645295915595479e+00
1.073344206625901798e+00
1.006747417858903981e+00
8.840957219652078036e-01
1.408233268540204142e+00
4.836688345610476447e-01
6.712997159717813966e-01
1.278874912106767958e+00
4.973088150761320048e-01
8.039506025390414923e-01
6.252932529528629768e-01
6.698970112654142328e-01
5.241679140345512078e-01
8.420875089493711219e-01
7.996405586766262008e-01
1.120298195114641793e+00
1.171285217177523208e+00
7.278703585011678800e-01
1.190392448920915891e+00
1.247608391067936751e+00
6.525160529303437595e-01
2.971908852355140129e-01
8.675002464693761794e-01
9.325459752377340816e-01
8.837610632565360280e-01
6.732251715910959611e-01
9.363932574357651806e-01
7.777267742873383849e-01
1.059264813428385743e+00
6.422584153367085769e-01
8.567115045480194757e-01
7.606434883817908554e-01
9.380296077207683769e-01
8.758382649949147947e-01
6.503832292978376506e-01
7.713322251977086097e-01
1.114247960951241012e+00
1.034147114111911403e+00
9.857705708489957752e-01
7.060800677435912220e-01
8.811602304574110978e-01
6.740728542529665912e-01
4.979157125700607311e-01
1.110564370849537186e+00
9.510925239833624145e-01
1.041817788282320745e+00
5.226994215405263988e-01
1.138935984151167702e+00
1.492727442402160598e+00
1.077251502754713597e+00
7.809149928023683129e-01
4.805426047293400171e-01
3.819094465300880148e-01
9.113556443682589991e-01
1.182251670989875603e+00
1.038204233417712175e+00
1.122396689772252154e+00
8.677709543284735094e-01
1.028738195271211131e+00
1.040331376097757943e+00
9.373180572882614525e-01
9.880067571865873699e-01
8.521630564832308741e-01
1.024940074330640716e+00
1.038834482400071257e+00
1.120290973339434171e+00
8.979532266119136796e-01
9.194677664291990293e-01
1.136915960550326732e+00
8.094955678345842065e-01
1.161071030997042675e+00
1.265627905373053919e+00
1.098300425028702954e+00
9.657604785232754008e-01
7.626039296738544859e-01
9.749995420155813663e-01
8.348443134156207091e-01
1.227426017963922922e+00
1.297443636392887401e+00
6.720806858890900903e-01
1.322773687347714500e+00
8.680425656290652325e-01
1.014620057858343083e+00
1.307914243999042547e+00
9.653682973824827540e-01
7.537021132961714276e-01
6.710811808006534873e-01
7.663687809016114239e-01
9.931767670802669201e-01
8.432632459312506823e-01
6.645481284820546897e-01
8.560613550994947696e-01
9.917427820656650184e-01
8.729978419862454153e-01
1.116369729409193656e+00
1.195824325859490722e+00
1.274515879460543788e+00
6.159744454290395632e-01
9.172590296689283607e-01
7.852709632728738232e-01
1.025880390968930689e+00
8.795926182820335004e-01
9.148011124343183864e-01
1.117982235545133207e+00
9.024379792845368398e-01
6.567166385180489563e-01
8.341849846127949997e-01
1.347231763718996334e+00
5.189789913570657109e-01
5.103746366211165952e-01
9.689107206759384194e-01
9.457338224978419916e-01
3.334842027184500290e-01
1.122716995368418180e+00
4.943343421043456254e-01
9.948978685907485797e-01
4.352362430687897743e-01
1.082945882113519165e+00
8.228954759678386299e-01
9.624943374727298329e-01
1.040727492708569901e+00
7.408029273376691703e-01
8.188778792960228481e-01
1.037488536036643705e+00
1.108203278601657571e+00
1.301357370410654024e+00
5.866463877190065679e-01
7.919389561744377692e-01
4.683147393662872582e-01
9.735712025265432779e-01
8.764356113591336150e-01
1.239073056812893592e+00
8.511668809397257007e-01
3.958065832901412895e-01
1.482318946789558112e+00
9.476159709099252204e-01
1.297121161949586599e+00
9.682380853050464031e-01
6.907107147451769791e-01
9.134337435873147726e-01
8.980502443289053449e-01
1.007068458744829087e+00
5.362492349174673434e-01
1.059854450070872645e+00
6.093891652342515730e-01
6.910277261335040500e-01
6.454979840920549439e-01
9.300800553585317765e-01
8.262712854074857338e-01
1.106625564246345172e+00
7.545269441485558115e-01
7.890429763094028992e-01
7.269630139899383447e-01
6.672556913361110675e-01
8.577130447433284344e-01
1.103880140410206545e+00
4.755961710981009283e-01
6.055628029690213188e-01
6.871250274625437804e-01
7.875742823837135198e-01
1.105373205979520490e+00
6.866791185091424277e-01
1.256740203576763193e+00
6.670049564864105607e-01
1.270823263769615963e+00
1.069225082759801770e+00
9.763191315993854369e-01
9.181924292121550479e-01
8.929677718233265393e-01
1.037035789972486910e+00
8.082486662999479599e-01
1.244022824839065011e+00
5.975467155410588704e-01
6.079032129105798044e-01
1.148299351499378673e+00
8.192723861528611318e-01
1.108697061588333366e+00
7.692168956178189188e-01
1.082970188655793198e+00
9.451547851913286724e-01
9.296838189421972043e-01
6.913715861685546527e-01
3.442213235804670313e-01
4.373290564107983336e-01
1.180259094305176060e+00
1.125172150583378050e+00
8.564562947596686682e-01
1.118086618064046744e+00
1.026749022615511597e+00
8.687883670047389373e-01
8.050793492975963916e-01
1.154529471415266739e+00
1.169383418499051475e+00
6.007437377803568346e-01
9.758755282810223086e-01
1.160195186641046261e+00
1.243527142543625175e+00
1.045846063594287445e+00
8.113699260700766303e-01
7.562371810158441399e-01
8.827876542031205531e-01
6.087849067098817235e-01
1.099610974654283480e+00
9.226881983894830164e-01
9.534261370027584670e-01
6.999884484498957171e-01
5.772491349761659230e-01
9.180062686646232040e-01
1.448903458451527904e+00
1.237164095651383855e+00
1.112557587640520040e+00
5.928248227772324741e-01
9.500429268487625700e-01
4.358222665891083869e-01
9.513560967377571176e-01
3.881225599790804615e-01
1.149070420458175201e+00
1.338243126293791718e+00
5.835450882127485306e-01
1.333144791036076526e+00
9.265082081243743994e-01
1.235469435757687640e+00
6.864224204604754132e-01
6.774459000366834793e-01
1.253077134214212629e+00
7.903282117507274274e-01
6.690247428475307734e-01
1.094661664001137957e+00
9.889807065044566858e-01
7.405941764213344047e-01
1.277597800529001404e+00
8.609942806286207118e-01
3.410207402274564870e-01
1.285713206473335868e+00
9.657120146203563849e-01
9.991754579494146471e-01
1.107534149518078381e+00
1.205190193659488651e+00
8.478784791255863373e-01
1.148455469256363992e+00
7.541502570044570364e-01
8.207309146202700356e-01
8.656684068066698989e-01
1.059767952615355835e+00
7.058959494156679115e-01
8.600453664555415267e-01
6.458128165247365438e-01
9.138253596766970910e-01
8.307257421520527485e-01
1.363042446830964982e+00
7.237958845834132626e-01
8.335937990570640999e-01
7.752141805787732265e-01
6.789783883304599810e-01
9.603495913040581700e-01
8.753663839405777525e-01
1.149141660399880971e+00
9.122033894629061335e-01
7.480243861376184578e-01
8.976465332653303930e-01
1.144824917991812407e+00
9.441416330361096509e-01
9.546123295305620760e-01
7.132749885876817908e-01
1.081412708804641021e+00
1.026190244925828443e+00
8.579779742340480908e-01
3.908303761789986286e-01
9.328115639741006992e-01
1.273582392429267962e+00
1.173788770302923279e+00
1.078753680308202068e+00
1.108244766183617891e+00
1.124041925366364492e+00
9.414643973919600839e-01
7.705750983671528775e-01
9.960503181515311111e-01
8.802369598872227252e-01
9.133950946427382700e-01
1.180075920021599334e+00
7.010459100633610330e-01
7.214744283381306911e-01
9.557940134463864812e-01
7.661916086110379664e-01
5.195399533374956969e-01
8.504174664767358838e-01
8.309428187034715307e-01
1.273921153728195144e+00
8.664519983193283981e-01
8.661738159683707305e-01
1.020211769091370568e+00
1.034425877381955239e+00
8.968042209634000672e-01
3.216350790149253847e-01
9.797422477575503663e-01
7.095682745460577534e-01
6.022574868809933424e-01
9.266907007736037150e-01
1.064388773394218335e+00
1.028887554765030465e+00
5.185209926824475568e-01
9.032677677416282025e-01
1.217097048773071455e+00
1.138233785501659767e+00
6.643002405188472848e-01
7.166928727410158961e-01
1.043146310825374234e+00
7.502977937783962270e-01
1.026749022615511597e+00
8.916907933628914762e-01
9.487994392528975585e-01
8.594644223710137254e-01
5.866463877190065679e-01
5.982905986201172421e-01
8.962927819808120811e-01
8.504193295218015480e-01
1.017586235398016958e+00
1.112271439703248044e+00
9.762876969315331666e-01
6.845293013141977578e-01
9.332495497630595160e-01
8.853358504246304772e-01
8.522628086987337204e-01
4.037497275832518939e-01
8.326261236234197005e-01
7.572010528687264097e-01
9.343443935093072028e-01
9.544664456643191519e-01
1.110505591309283613e+00
6.050048149264352082e-01
5.640985630165675779e-01
8.652984729333601521e-01
8.237340002359073710e-01
1.132847852036237057e+00
7.773233215617859626e-01
1.294167807359007050e+00
1.008674110835337645e+00
9.322526949623777259e-01
7.792416384049296596e-01
7.472456062132825094e-01
8.000454379703103580e-01
1.317642643867409813e+00
9.539179915735654935e-01
9.309957870639190558e-01
7.485064385726608593e-01
7.819087548412790856e-01
9.644379229511358398e-01
9.012365201013523563e-01
6.811931692021109264e-01
1.164837389718742955e+00
1.312396221154346065e+00
1.326694399315290651e+00
1.025279776968275547e+00
9.857647764902239818e-01
9.175175507288375609e-01
7.651966433662207301e-01
1.289774863513632575e+00
9.045921716778343447e-01
5.633926091101760791e-01
1.252485757871000693e+00
7.790694841772578538e-01
9.971927310751899087e-01
1.002918562598987151e+00
1.247240521887554410e+00
8.271727318093115011e-01
4.931623888810438006e-01
8.373155470664060962e-01
1.252673385406983142e+00
9.672203605667886173e-01
1.028281392398035843e+00
1.042358798100729844e+00
7.005646335515824941e-01
7.576623748606170494e-01
8.557531078595653762e-01
7.959914333905663275e-01
8.174385591030581821e-01
8.307540636122585642e-01
3.570522415106865410e-01
8.660067166562233076e-01
1.583858172422292210e+00
6.208922021110471201e-01
1.094356518470536610e+00
5.952804292090343452e-01
1.004037611920817419e+00
5.748662322223282439e-01
7.098223058966681709e-01
1.230062942394932080e+00
8.004614839107188073e-01
1.001226544023806175e+00
8.562708371297255150e-01
8.481178178370556431e-01
9.120889795953828205e-01
1.275512762720621529e+00
8.947596888895393841e-01
1.082101958859304158e+00
1.343565068979912347e+00
9.702972282264495929e-01
9.106347903706270008e-01
1.243723801482259361e+00
1.073308608730257685e+00
7.064142297108195745e-01
6.013345988768686867e-01
1.149126363539015871e+00
9.667220852985766166e-01
3.379814447422128110e-01
5.254992884280003107e-01
8.386469809355007188e-01
1.137122075790713227e+00
1.144667118073792844e+00
6.676726343774020966e-01
8.982061894507059607e-01
1.137990158789577988e+00
1.109191858104316752e+00
6.825664469082068919e-01
8.334076585997580722e-01
7.124192221627219102e-01
5.861548770997546676e-01
9.568140416507086021e-01
8.884584301976189424e-01
1.284952991028488256e+00
8.714002548973013296e-01
1.174643445176347223e+00
5.383419427491752396e-01
8.854998026051948967e-01
1.175769289120343952e+00
4.629515806859125782e-01
9.621449859958552953e-01
9.148011124343183864e-01
6.732251715910959611e-01
8.632610905339239693e-01
9.612350670701172994e-01
5.595930647243236855e-01
1.376832665075910844e+00
3.872539704147192063e-01
8.452992738354360158e-01
1.180019482078672688e+00
6.382876667800461146e-01
6.873412633706981190e-01
5.671847994501290069e-01
4.638056416023396133e-01
8.215945330666810653e-01
1.066874444997392590e+00
7.828155225013750940e-01
8.663320348809234739e-01
1.088423815086120738e+00
9.357096655047972833e-01
1.010142002741561518e+00
1.073273055391555708e+00
9.328134314160826390e-01
1.314947015866293478e+00
6.565004365411528653e-01
5.632166463438720294e-01
1.301474471885433415e+00
1.282507375966755792e+00
7.279420630237415368e-01
1.242265839391955451e+00
7.208817383530923273e-01
7.446356599355800077e-01
8.373251817603837299e-01
8.498442247202142585e-01
1.193842608007956718e+00
9.253591699161927142e-01
1.167470368821308613e+00
9.148011124343183864e-01
1.061237475140115460e+00
9.870648218067625823e-01
6.139235451526015019e-01
1.246098426113729563e+00
7.802318182508451994e-01
9.748758963700570046e-01
1.197386140787566555e+00
5.264147695301719665e-01
8.848634297326809506e-01
7.994424261263062270e-01
7.935585608410428149e-01
9.975928185800013726e-01
1.015558288645298957e+00
7.762215569049363273e-01
8.651520090134743324e-01
1.157678890352416889e+00
6.567751408105342303e-01
5.990099526890532156e-01
5.765846595387704721e-01
1.272821610414829552e+00
6.502000399869808378e-01
1.032059462473798206e+00
1.332742053707668850e+00
1.102098013349352090e+00
1.072661623372207496e+00
7.834777850862405524e-01
1.415110890359129181e+00
1.116219633990283233e+00
1.140941850560040827e+00
9.825965884693601549e-01
9.264616088865335053e-01
6.242938199664009868e-01
1.068636483193045938e+00
1.044633469383617674e+00
6.860004697650784466e-01
7.239161516316382494e-01
1.494097506086783378e+00
9.322526949623777259e-01
8.289094070767024647e-01
1.018963942294144553e+00
1.157515834928517284e+00
3.764284774205728934e-01
6.478090231564107571e-01
7.679555178917996106e-01
1.363511693346113995e+00
5.451735887941432379e-01
1.266156007086989055e+00
1.028281392398035843e+00
6.934987974998619853e-01
1.105846890579041730e+00
1.006211908580545433e+00
1.243459543413064416e+00
4.548102479346691207e-01
1.067132019730159032e+00
1.001928750797698831e+00
1.210091188579439647e+00
7.053765925888080268e-01
6.856908235069180124e-01
9.907433407398552605e-01
1.140114900137987775e+00
9.995491035588895956e-01
9.286551671540475006e-01
8.924062615176986402e-01
7.065978802458524610e-01
9.497269885685715174e-01
8.404633097242135698e-01
5.670145059592671677e-01
1.035894945539274303e+00
1.025374003448535243e+00
7.664469224394305780e-01
9.608736704619937896e-01
6.586836335750734239e-01
1.507472715605436386e+00
5.180296186776096601e-01
7.830276384108370014e-01
8.798944853588210879e-01
1.223990015581155388e+00
1.256703224332181179e+00
1.183672261000450199e+00
7.038489790866770957e-01
7.381725747985579122e-01
9.139783407094148604e-01
8.127092568402692896e-01
9.549810217084460096e-01
1.053479232163905044e+00
1.272244537683497878e+00
1.117554656870888063e+00
7.567203818627752376e-01
7.225595649988503233e-01
8.327416321530657362e-01
1.033322840461145864e+00
6.976565824281889538e-01
1.082140682845339708e+00
1.214965546278720554e+00
7.076034333890225403e-01
8.081894394726875097e-01
8.606030890455266258e-01
7.104858039807382397e-01
1.364631551447517577e+00
8.815964555389286250e-01
1.139643682367123878e+00
7.560289132951096835e-01
1.028966766168402547e+00
1.270570307749647299e+00
5.232658952100307514e-01
1.030975649977444064e+00
1.335992622687994791e+00
7.865127359939698692e-01
6.202963866792451375e-01
1.064435838072645080e+00
1.104594320331256263e+00
9.390478606933252426e-01
9.302753341718056346e-01
1.218567454852809373e+00
1.130756387743434122e+00
8.741401143705397336e-01
9.566715868918460597e-01
8.234406309168260663e-01
1.832359774440239786e+00
7.811541290537903359e-01
1.010503681078995131e+00
7.095682745460577534e-01
9.035548591580978561e-01
1.403690103223296459e+00
9.523683763207483333e-01
6.036699924199737666e-01
6.043651212631389047e-01
1.267877396873399176e+00
9.263100562757539125e-01
6.566767858249505929e-01
7.395909825855823128e-01
6.995392798607908968e-01
1.109891682266728852e+00
9.071989898809716957e-01
7.922121009081607435e-01
1.071156165011028838e+00
8.329918982955089035e-01
1.025231048424221303e+00
6.994077974244736762e-01
8.481667901549858612e-01
7.639554349343584683e-01
6.463358894182221759e-01
8.268545081732089352e-01
1.123486583714228937e+00
7.954154152006447376e-01
9.524533211656960319e-01
1.122746523437878396e+00
8.530346137224255054e-01
9.391072435488317938e-01
7.459592871300200212e-01
1.149529927188970735e+00
7.955988048862410178e-01
1.006490836406280787e+00
1.275512762720621529e+00
7.875514284892298766e-01
8.696095870920356186e-01
1.033046143321537658e+00
6.928410062003066416e-01
9.128324662689006885e-01
1.134497530425745637e+00
9.403579302027154085e-01
9.454541534644784750e-01
1.000523044000019013e+00
6.628177493919225061e-01
7.731408100403768247e-01
9.803949250395095349e-01
9.555937032496663042e-01
1.171265609966877674e+00
8.972151765909847088e-01
1.198002109587348762e+00
6.702902254686515793e-01
5.449329909312733422e-01
1.062420270541547085e+00
9.905365171039262062e-01
7.357804949643593773e-01
7.416889642281616624e-01
9.658607330162390925e-01
7.230554833738552789e-01
8.015547417568190669e-01
9.572054245722189103e-01
5.012004256191685547e-01
5.823311772923932539e-01
1.302627183836229552e+00
9.675242912410192409e-01
7.712556859522801123e-01
1.084513076576370860e+00
1.023140384678867143e+00
8.069854573407080345e-01
7.839271279203728904e-01
9.141509630794292240e-01
9.457150951254874593e-01
1.327042387433984283e+00
8.876805373540507249e-01
9.180298016888082113e-01
8.440230602809938310e-01
5.852654545911386563e-01
8.512090192552782542e-01
5.428143044007229800e-01
1.035834332379649725e+00
8.329584381744428168e-01
6.559759032300334081e-01
6.272449554219052814e-01
9.761499444713510609e-01
6.533601901413620405e-01
8.802545305456265234e-01
8.168705884513185467e-01
1.068447986010468531e+00
1.102734917218770372e+00
7.825634705321645734e-01
1.434883782888138892e+00
1.075175930038385408e+00
1.048466770741125709e+00
7.010752202650553100e-01
1.056189821457974798e+00
1.098951949075564816e+00
7.219525812284163235e-01
8.670115386896933840e-01
8.008940548711418472e-01
9.800984218832973216e-01
5.682472475384694466e-01
5.615688810385702778e-01
3.750059747782582553e-01
1.215570025661192100e+00
9.413219154883341044e-01
8.751184490454004816e-01
6.791779020960693192e-01
1.207837624260119425e+00
4.119027540028471490e-01
1.447994076695558574e+00
4.749394536325197147e-01
7.508344682587132501e-01
6.027784616763375292e-01
1.406082304311157438e+00
8.107052304258209885e-01
7.752900249857879178e-01
9.298866018205727002e-01
1.042349184698471376e+00
8.562153423744361946e-01
1.001548033764837919e+00
1.301321707650439086e+00
3.893334218784425538e-01
9.757741930612998660e-01
9.493128460907263033e-01
8.020883435566864561e-01
1.368393127207781390e+00
6.240166166273829473e-01
1.122168598945108009e+00
1.131251186553967614e+00
1.020950017178041680e+00
9.623943037444608883e-01
1.188437933662940482e+00
8.394241029975135771e-01
7.914806101028976082e-01
7.331613879928199351e-01
6.362524606723369835e-01
6.259850141509433197e-01
7.121945107599880753e-01
8.779639440675716111e-01
8.845853370542369198e-01
8.876793940854563747e-01
1.017630246961080065e+00
7.333004532513054397e-01
6.821351911822309821e-01
8.490460994535049544e-01
7.012227869639651168e-01
1.146451560313012985e+00
1.075403274075317661e+00
7.278869577932862711e-01
7.292715602216488513e-01
1.256830074177320178e+00
9.189134753490010299e-01
7.548090085591200316e-01
8.275469819986942532e-01
9.825965884693601549e-01
9.328134314160826390e-01
9.933958170047099134e-01
7.796677091844788077e-01
8.166544718667970715e-01
1.015574739463448894e+00
1.055960673302680508e+00
6.684364646072583627e-01
9.182318751491189701e-01
8.901604130673759219e-01
1.097649473988106861e+00
7.483463233841070039e-01
8.916063501238745692e-01
1.368878965791004543e+00
9.260765668139179230e-01
7.801121302426523574e-01
1.203241436976970835e+00
1.137911259218105098e+00
7.442474834756361846e-01
1.096983094774686363e+00
1.166578979810193761e+00
1.297651889122272584e+00
1.140563687869037723e+00
1.618680204311925497e+00
1.171265609966877674e+00
8.187356399142455832e-01
7.852029616869553585e-01
1.214464503411840868e+00
5.597499000052160723e-01
8.059415995687920775e-01
9.346737902862001235e-01
1.013356616995401582e+00
5.978438625893807146e-01
6.063492732448794165e-01
9.612350670701172994e-01
1.176887962889034744e+00
6.930003758261691349e-01
8.872757710624905592e-01
1.265341041182188153e+00
1.090519242235968189e+00
8.583622773379658843e-01
1.160972060485739643e+00
1.157642998063524997e+00
8.773795538920922121e-01
5.460061673694874829e-01
1.391203351106309549e+00
1.409903564454244140e+00
7.058924128104475670e-01
6.427150522086922946e-01
9.307304698089221562e-01
5.789670724166603444e-01
7.696827404714124965e-01
7.199986849588982940e-01
8.190419121108115652e-01
9.964767845478885722e-01
5.189789913570657109e-01
5.846686363663986530e-01
9.687982195050728329e-01
5.268991249279754152e-01
1.193274996331205040e+00
1.037775078994711997e+00
7.008473994300025156e-01
7.169293310713769074e-01
9.635317110288554865e-01
5.489968249623111696e-01
1.001226544023806175e+00
7.047075237010673732e-01
8.481331022044906742e-01
4.096103875201665412e-01
1.025164240560072049e+00
7.053676361710392584e-01
6.016463911662747188e-01
5.430783396331488877e-01
1.082123452178212819e+00
7.299395545784652661e-01
1.207652956361524366e+00
9.665723349102608442e-01
8.892417528682394767e-01
8.225073471057163799e-01
1.097428509285325315e+00
1.337055465055859260e+00
1.218355079921378259e+00
8.919159028389113120e-01
1.275512762720621529e+00
5.471633179766127730e-01
9.459746164468814111e-01
6.992992616293988162e-01
6.163205486587247650e-01
7.230275347101625671e-01
9.599985028442730162e-01
6.863822321787669267e-01
7.769273523732689313e-01
9.221531217066041286e-01
6.355721959733974247e-01
9.073949381463909392e-01
6.351238615396932463e-01
1.018762187472247893e+00
9.932460329393864029e-01
1.085667305217594913e+00
7.296250375527493226e-01
6.627166104062967023e-01
7.997437104576081701e-01
1.246790506133681697e+00
1.016814643331382051e+00
1.206970397202385747e+00
1.052329476474815451e+00
5.755128105867077792e-01
7.948568004351390659e-01
7.404365846552839470e-01
9.636001398930731376e-01
8.065574781114914771e-01
9.969144705384896943e-01
1.106312582360314378e+00
8.365645099808384222e-01
1.119655700244384100e+00
9.436590059903845473e-01
5.586718774061516513e-01
9.805733484798148103e-01
7.262131944646067483e-01
1.164858063651210029e+00
9.329390619518933558e-01
7.021258879479446158e-01
8.245528046730120630e-01
1.323608008068822839e+00
6.661607404373236507e-01
1.085996062823365360e+00
8.064635164723015226e-01
7.336590076298570295e-01
1.132101185561326773e+00
8.565016600765088528e-01
4.773831381652103301e-01
8.913189075246583659e-01
9.269672469182926866e-01
8.505568637339684379e-01
1.062708992676050235e+00
1.055709482807312583e+00
9.762876969315331666e-01
1.412762876264171519e+00
4.268535951813244855e-01
1.694011311981032497e+00
1.212451319068526878e+00
5.784127686077742414e-01
4.483251588928982567e-01
5.523034663985649795e-01
1.008361722733860377e+00
6.957894937061588347e-01
8.425153360870655250e-01
1.224575207231271001e+00
1.099423261854517442e+00
1.125057816144150236e+00
9.157109995730603469e-01
9.618939163557400640e-01
9.841515652442442974e-01
6.704061684236971574e-01
6.006714213034533012e-01
1.062338425227165928e+00
5.419355820598034112e-01
1.483586377558511415e+00
6.146850420959862893e-01
9.638372119079061662e-01
7.008437225546914062e-01
9.583364497927338022e-01
9.586160869693258757e-01
1.267418198314826050e+00
7.719818024380412647e-01
1.224494782007301774e+00
7.810912710160998751e-01
8.209556903486737722e-01
1.239570435131199577e+00
1.147992155749042453e+00
1.394865151760616984e+00
8.075352496155283610e-01
1.387737593424149152e+00
8.955984792020961205e-01
1.140782737104529598e+00
1.148201100027180344e+00
9.644379229511358398e-01
1.079317458425100407e+00
1.260031859887038808e+00
6.982611721035640873e-01
1.178597113704973998e+00
4.603891177530280987e-01
6.395647166124722727e-01
