1.061773993163858787e+00
7.008473994300025156e-01
1.155563344676594495e+00
1.146379020664592074e+00
1.380129112479336229e+00
4.493457887851277088e-01
9.016893636290884695e-01
5.655811905253872451e-01
7.365922477991443396e-01
1.082945882113519165e+00
9.675086317114796053e-01
8.194924348277000670e-01
9.768004142244044452e-01
7.528176990539526825e-01
7.919661164986966373e-01
1.045921049502407607e+00
9.503834969006842437e-01
1.324409949512846740e+00
9.437796630375389073e-01
8.449334435111282016e-01
1.006600486588817178e+00
8.955371777639468123e-01
7.495742062776802328e-01
9.649826359226600925e-01
9.614907064704539819e-01
9.620912352698933745e-01
7.055114628174108393e-01
4.286407617710446538e-01
1.372967617971006637e+00
9.625951336117112289e-01
7.268514843098224931e-01
1.273975878945447615e+00
1.081727388145222957e+00
4.678763153558691545e-01
1.020562033889024889e+00
7.181730855940233749e-01
8.995838340382699139e-01
1.572289910410171299e+00
8.457796903110049724e-01
1.056770902134635648e+00
6.172195352777717359e-01
1.053530301079819820e+00
1.119246005694732204e+00
1.076708222048780916e+00
8.547183400930622454e-01
3.863391583762869619e-01
1.310690486930442544e+00
8.515496928757564365e-01
7.587575200738361225e-01
8.263482980143362910e-01
1.243326151699297721e+00
5.639620324614709190e-01
1.035599522385564963e+00
8.342955787972337056e-01
8.703401840279082480e-01
6.150061506680529755e-01
7.169076661729278932e-01
7.862743192832767347e-01
7.982621534162469557e-01
3.887553401281332865e-01
6.269354224226856287e-01
6.021208809526201744e-01
9.123082718967674420e-01
5.834522342339647505e-01
9.894286501866552674e-01
1.141173293884184536e+00
1.107106806120212505e+00
1.156919410916502189e+00
7.755191644995022004e-01
9.151838798120379703e-01
4.811952159423729669e-01
1.050716142196883141e+00
7.325168005130586746e-01
9.459143670283335359e-01
1.285031661110482837e+00
9.037518271222473309e-01
4.755961710981009283e-01
1.314543666604157002e+00
7.940199888300428777e-01
8.606030890455266258e-01
1.118042383032959997e+00
1.105907128201554457e+00
9.240698042063184570e-01
8.638420866542375620e-01
6.543157427872737797e-01
9.377536135607211776e-01
1.110580117359166952e+00
1.259657576354194841e+00
9.773489461481262852e-01
7.020655436800787852e-01
1.294167807359007050e+00
1.090793321067899280e+00
9.175079890684206818e-01
1.112846390384078177e+00
1.039743923723934094e+00
1.097213614959780426e+00
8.897567318685269955e-01
5.724723878106114938e-01
9.180440975124238845e-01
1.141065028671003123e+00
1.336846798217113497e+00
1.028909285540554164e+00
1.202065259651047713e+00
1.050183970891178653e+00
3.624085050876361125e-01
1.041663002640575320e+00
9.621586266329028581e-01
1.362245763047433389e+00
8.324004323761234891e-01
1.160195186641046261e+00
7.698917480720082196e-01
1.202928997995974969e+00
8.730899191161375361e-01
1.062923066873227906e+00
6.865889963127950191e-01
6.327802106172158991e-01
6.644774815187430850e-01
8.984101785474636337e-01
9.146585473824532242e-01
6.342153189303640914e-01
8.399416982999604597e-01
1.219193278798442082e+00
9.432938951709947117e-01
1.060630918244105825e+00
1.186851734473826303e+00
1.170258428231396364e+00
1.196416506794771628e+00
9.267528320226783300e-01
1.169383418499051475e+00
1.314543666604157002e+00
7.113104138920302022e-01
5.953715407496937839e-01
1.035568363858057728e+00
8.985010259611033723e-01
7.612266910922118601e-01
9.088842245377675155e-01
1.301357370410654024e+00
1.065469497432592894e+00
5.536915194508421623e-01
1.263883958164189858e+00
1.132121169718215636e+00
1.387466303301032600e+00
1.174604127070039361e+00
1.164118997699507441e+00
6.539891036083762543e-01
1.171345492848475889e+00
1.088201296906819771e+00
9.831465176250294702e-01
9.616465031958374432e-01
9.991387232653182737e-01
1.126164762449879619e+00
5.541996931365443801e-01
9.832948172224381667e-01
1.132143355770083515e+00
1.015912219267149696e+00
1.166399392977813365e+00
7.901328650655879970e-01
8.497425773696483109e-01
1.206514738918627261e+00
8.306835907348306680e-01
1.171939932373047943e+00
7.290977102450558744e-01
1.318616834792929460e+00
1.235031647839244240e+00
5.103746366211165952e-01
1.193849492858373829e+00
1.008797531758431010e+00
7.117840414179950059e-01
1.205854080953511875e+00
1.128614170329739874e+00
7.316952913032896966e-01
8.248547977218307903e-01
7.742619195151563272e-01
6.865889963127950191e-01
1.113171444318520997e+00
6.713059928185554082e-01
1.244282123076263291e+00
1.042138150169434230e+00
9.873404739527675833e-01
7.436719312525266190e-01
7.014850765325264526e-01
7.072551622961499307e-01
9.209380569952231310e-01
8.295729705550379807e-01
9.030625886435679206e-01
4.121511846591127681e-01
1.124588560156302153e+00
7.194263261320850145e-01
1.026749022615511597e+00
8.008940548711418472e-01
9.886752221948466035e-01
8.836251142196959174e-01
9.164405415336739358e-01
9.610742734578451296e-01
1.245105979852697775e+00
1.186851734473826303e+00
8.939018335026145401e-01
7.483081946730525402e-01
1.160888822629521533e+00
1.267716003794191026e+00
9.249142925704743057e-01
3.846963150352712413e-01
6.654420158642722072e-01
8.132017450648240109e-01
8.869433691369789097e-01
4.709061718685967901e-01
9.638372119079061662e-01
9.485788131819488100e-01
8.084272734191985110e-01
9.978324627809274094e-01
5.906951992977613752e-01
9.771234824418025822e-01
7.404365846552839470e-01
1.041949160356185233e+00
1.081838205967216027e+00
8.557095511795727028e-01
1.077367432704435579e+00
9.257676890692392302e-01
1.050183970891178653e+00
9.577125370806661708e-01
1.299019014994158061e+00
8.354333968326048687e-01
9.365460198011544835e-01
1.044745608583822927e+00
1.264077295994517014e+00
8.522226803200191325e-01
1.058753784266183828e+00
5.748739695396277716e-01
1.071408689713268858e+00
7.804459846536571099e-01
8.615731293923682976e-01
1.015910453271300584e+00
7.578719595746854498e-01
8.701845853696366095e-01
8.810026391744067986e-01
1.263876936098459858e+00
8.689872839954178030e-01
1.235368276800123288e+00
4.316766977287431750e-01
1.124844701148218329e+00
9.481498451324430476e-01
6.865889963127950191e-01
7.556332893765316250e-01
7.986638056046981848e-01
1.217097048773071455e+00
7.421121898712355058e-01
1.180702206366558649e+00
1.029240916170653941e+00
1.362097446923077770e+00
8.574590650685158799e-01
9.494737739314076386e-01
1.164734433016714199e+00
7.096952507871239213e-01
1.094537367496352998e+00
7.873797316759300058e-01
1.196416506794771628e+00
1.103385229601164363e+00
8.987306969798090073e-01
5.563070859606792373e-01
1.361552622260709500e+00
3.819428985187079961e-01
1.165139071087510025e+00
7.624662167570585014e-01
3.624085050876361125e-01
1.193842608007956718e+00
9.292511338142612765e-01
7.152594505574748629e-01
8.780543292676967759e-01
3.349850726416225832e-01
9.929126502669369803e-01
1.176266455104134634e+00
1.365982692921905661e+00
1.146604126324017647e+00
1.020811628786307823e+00
1.228580121991338148e+00
9.701993895970715265e-01
7.770776909400088917e-01
7.008437225546914062e-01
9.637109568019838202e-01
5.496491494500819197e-01
1.088054039862722089e+00
1.034531237211162802e+00
4.749394536325197147e-01
9.113955836119443932e-01
8.843750928378071308e-01
7.491467534475544365e-01
1.038446022790540990e+00
7.004769588305265193e-01
8.322723211940974419e-01
1.121273309820596253e+00
1.041949160356185233e+00
1.056724181674723484e+00
9.898838258231709153e-01
1.077594428545932237e+00
6.885259900947775513e-01
1.025861415019609035e+00
9.744426095683214051e-01
6.442397670210489036e-01
1.006993700448899132e+00
8.695853954840201405e-01
7.435522195769725950e-01
6.138123431007006525e-01
8.218939286660569277e-01
8.415051414046651468e-01
8.568719302793847969e-01
1.223204912671368216e+00
9.027055634563991848e-01
1.169065191860326980e+00
8.770837799587621886e-01
1.033019179325202375e+00
9.000747483690658690e-01
8.436472657819643617e-01
1.055987729742541514e+00
7.290694553280496759e-01
1.281123268735094411e+00
7.502607152518322442e-01
1.443334294813769292e+00
1.034214445300227325e+00
6.919380496203781927e-01
1.065585851598389144e+00
6.515217517061763219e-01
9.397301515552688445e-01
9.414065184966722288e-01
1.294938906931747846e+00
5.398204866483816700e-01
8.975424892876744387e-01
1.048965343305137576e+00
4.573645893583725974e-01
7.886180740640380549e-01
1.085333093687435690e+00
8.066703837407971367e-01
8.006309185992043220e-01
8.987306969798090073e-01
1.115284789889522843e+00
1.258887930382786902e+00
1.117143842140242205e+00
6.279725608212181065e-01
9.249142925704743057e-01
9.061216222403496445e-01
1.224495047638520573e+00
1.517835285416832436e+00
1.009176786846786911e+00
1.014334001327058754e+00
1.126686819240828807e+00
9.576719357839877933e-01
7.598003106790478522e-01
1.171620983878852718e+00
9.633663914235331971e-01
1.045304730846873031e+00
6.935267824843472928e-01
9.171634195304577686e-01
8.642179792725515064e-01
9.254926056787042832e-01
6.836200135430064995e-01
1.343678438032095412e+00
5.390854614028186553e-01
1.212720948478021699e+00
9.493184798703279137e-01
1.041949160356185233e+00
1.127547413445157076e+00
1.191816405917462518e+00
8.041546314999505896e-01
8.103642469314650265e-01
6.215225551160027395e-01
1.305522053778598091e+00
4.631453060560589696e-01
9.480961905841982507e-01
1.065877646105960475e+00
7.802318182508451994e-01
8.225141656634397114e-01
6.933760632695148418e-01
9.001723959967459221e-01
9.289862388492453604e-01
9.718116599977706382e-01
9.316146778301854781e-01
7.638070819567110981e-01
7.411441758663195323e-01
1.416642891692866835e+00
9.216880501461910402e-01
7.494503075176784934e-01
1.188407892002149246e+00
1.091429165928106348e+00
1.023468973431952644e+00
8.558716489594827559e-01
1.249509768757558259e+00
7.528308892678357012e-01
8.451546510006521240e-01
6.915458343208896741e-01
5.409769521211421628e-01
6.724816166868985423e-01
7.610169551410560507e-01
8.970721383103705815e-01
1.028117230961691941e+00
1.122168598945108009e+00
1.073650723947949581e+00
9.776391960633340483e-01
1.028509300745149790e+00
9.260031766559705391e-01
5.194794634145668555e-01
9.761029438192854180e-01
6.985370627576671376e-01
1.037145598304047844e+00
8.417351224505980056e-01
7.391645374323664308e-01
8.145611408570532230e-01
1.258828560568935329e+00
5.570072176807330244e-01
1.182045684813775921e+00
9.991387232653182737e-01
1.083619614479301552e+00
9.453474007928278633e-01
1.396503786180391282e+00
9.116614791602245527e-01
1.186664022896607662e+00
9.891395736092513102e-01
7.092053068698571661e-01
9.056048455959189170e-01
5.868403694570887286e-01
1.223360718316508944e+00
6.060747389476203173e-01
1.389365379384806642e+00
1.165714778694708409e+00
1.091763022140078698e+00
8.198265437917631182e-01
1.155668056009004241e+00
9.282017772540651634e-01
9.359722913394203925e-01
1.086828349107334946e+00
1.201392571477230220e+00
7.584200819424854467e-01
1.089553035957697258e+00
4.438435542912465004e-01
7.649700079553927168e-01
7.144831205120606432e-01
1.124453241513736490e+00
9.113599033906585323e-01
9.555132375177648463e-01
1.007393333853960460e+00
7.214744283381306911e-01
8.919159028389113120e-01
6.308300579905116168e-01
7.839271279203728904e-01
7.617218969872807666e-01
9.886288086786394480e-01
8.799642453661206121e-01
5.530634307721400411e-01
5.175947745840593361e-01
9.758358681691464698e-01
7.202392115628104552e-01
8.269207723291689405e-01
1.074802526748761533e+00
9.316872925112664738e-01
9.607473169747846597e-01
9.125902287414879854e-01
1.125419712918254156e+00
4.806294466437967539e-01
1.048347982780679422e+00
8.905124433252779026e-01
1.055841173112111786e+00
8.214719546553068685e-01
6.915458343208896741e-01
6.278749909531867734e-01
1.349426285455546770e+00
1.024817886043885240e+00
3.503975014832358403e-01
1.178035910769441585e+00
8.265633411908441808e-01
1.295176162528299368e+00
9.963668576142232780e-01
3.185061617975398773e-01
7.998525109911477360e-01
9.598547809592257174e-01
8.248320761705857374e-01
7.278703585011678800e-01
1.284286102335378876e+00
1.168170387688989953e+00
4.791337258680312128e-01
1.068301011971148684e+00
9.649826359226600925e-01
4.253067924598921135e-01
1.064072755617350152e+00
1.098786210800035912e+00
9.386107772568383911e-01
7.697366924327408988e-01
8.613533144618203963e-01
1.131199669145445785e+00
8.905791588470700626e-01
7.992952963096111585e-01
1.432628229337005399e+00
4.931623888810438006e-01
8.973548671331319504e-01
1.204438119881547475e+00
8.781471625790744362e-01
7.128233315364420619e-01
1.192719297484811980e+00
4.745090153259696186e-01
1.132420904825527375e+00
8.281293374168752219e-01
1.276505907581775734e+00
1.448146528054202076e+00
8.139287843649335441e-01
1.102437331746939364e+00
9.157109995730603469e-01
9.360994348773022944e-01
7.522041542501610722e-01
7.554104690932919031e-01
1.323608008068822839e+00
1.338827658469880166e+00
6.505941320037966769e-01
8.328620905444151790e-01
9.718313966591479724e-01
1.323221653579649271e+00
8.228705374512251813e-01
9.203262514235203140e-01
8.638609768572065306e-01
8.903968938787731879e-01
8.281355848328845193e-01
6.312081478729658635e-01
1.173348612540330960e+00
9.661087076228065396e-01
1.155443607477560253e+00
7.163286383599406504e-01
1.313217608729217112e+00
8.716144695054385272e-01
1.453817737477665961e+00
9.951954439606092162e-01
1.443880084833998767e+00
6.963210095400479416e-01
8.497425773696483109e-01
1.257551597077081862e+00
8.216573502377214622e-01
1.016080735772634025e+00
4.346562352143893415e-01
9.971040533088632030e-01
9.419201561830257141e-01
5.237078738672029665e-01
9.948042273254781298e-01
9.448999307340990583e-01
8.767954018983248332e-01
5.448006950513788471e-01
1.184904845167874088e+00
1.118915501684472291e+00
1.078832218802127985e+00
1.124616621229659330e+00
9.875322493250281441e-01
1.103448453439105581e+00
1.257302212418688780e+00
6.962813323105362384e-01
7.369768406151038231e-01
1.185843883743377347e+00
1.055580303864830372e+00
1.109697875806662459e+00
5.765846595387704721e-01
1.372955859260913014e+00
7.586184008615862728e-01
9.575764559545415500e-01
7.111496937582509892e-01
7.419214281001952349e-01
8.479802288521264275e-01
9.112319367574094331e-01
7.092672975336915542e-01
7.539734897417066373e-01
1.157910874755965658e+00
6.162975408469799632e-01
1.055297546702106182e+00
9.733789213634719273e-01
6.992992616293988162e-01
9.164405415336739358e-01
5.457187372979325213e-01
9.198685781067202916e-01
1.403851556926532407e+00
8.732330450861345295e-01
1.458078272291525534e+00
9.882458657688597548e-01
7.839271279203728904e-01
9.158003743535103602e-01
4.674482365627858904e-01
1.038546792824335929e+00
1.085126441405189990e+00
1.077367432704435579e+00
1.188324254491681442e+00
9.400606993629012642e-01
1.033435434801823316e+00
1.188220580929698178e+00
1.127030042124297804e+00
1.275862401686662650e+00
8.545698243143172723e-01
6.589080861262766042e-01
1.653063667431974970e+00
1.832359774440239786e+00
6.770804922769665390e-01
8.221923833154689554e-01
8.140106400876883086e-01
9.785316713592703275e-01
1.150027909270396442e+00
9.502481149792397774e-01
8.740893901574592340e-01
6.542769944183960407e-01
7.235305445657428391e-01
8.836520314852338576e-01
4.344659221737686150e-01
9.900256476145483653e-01
1.330268805851554603e+00
7.461175781094483428e-01
8.689872839954178030e-01
8.710732190152236099e-01
8.048986411702617749e-01
8.177866836845646414e-01
1.070883854334595986e+00
9.622705436861527240e-01
9.449112578716586386e-01
9.081616496554877349e-01
1.143756173776873553e+00
8.941166099148195601e-01
8.161454544441607561e-01
6.077130924125219158e-01
7.547396555870041768e-01
1.216674759743635592e+00
9.988507846009702096e-01
1.136134469332167773e+00
7.185957801721728488e-01
7.014850765325264526e-01
9.875282627383739076e-01
6.539891036083762543e-01
8.719566764326456276e-01
8.026945932007429896e-01
4.738094989521387523e-01
1.055370203220755254e+00
9.917282210398836728e-01
9.736597181190262962e-01
1.107646911504494902e+00
8.358375006443526933e-01
9.397421807481725065e-01
8.747955855152638183e-01
1.086592872506372265e+00
6.769393464304163111e-01
9.107696434158706333e-01
1.124844701148218329e+00
8.692533310207789521e-01
8.576892017853120498e-01
9.576693034926088144e-01
9.777228818234154906e-01
1.107646911504494902e+00
8.871809368403840157e-01
1.080946151170830261e+00
1.176819593679977460e+00
8.625574999432337187e-01
9.024437044745584613e-01
1.198002109587348762e+00
9.495651582091383380e-01
1.153956490870914120e+00
8.613862587603579035e-01
1.253974596320516222e+00
1.043396014524061721e+00
7.635359766334905984e-01
1.170570067544858261e+00
9.655339274607633859e-01
7.694851252367818084e-01
1.376941894205486294e+00
8.921370658447983493e-01
7.602031970418001716e-01
1.065787134142570203e+00
9.807805377530248725e-01
1.088384083209461561e+00
8.096814672951577752e-01
7.436719312525266190e-01
6.331736480859356808e-01
9.611197047924339154e-01
8.062467356120117667e-01
1.012039039241134253e+00
8.367434252054706256e-01
5.247457429041755272e-01
9.533083438293236123e-01
7.322822241535753562e-01
1.055967802787525889e+00
5.880534819053107043e-01
1.144130186901214596e+00
8.413482093787120197e-01
1.034890475460349180e+00
3.399380587743104365e-01
8.403783769818424787e-01
9.203262514235203140e-01
1.197425261914823791e+00
7.737074859268835425e-01
1.002709572858383913e+00
5.117711503382057492e-01
6.782525255340134951e-01
4.773093559863902380e-01
9.597975173618955580e-01
1.049967411645224447e+00
1.151750316301012322e+00
9.097264388401425927e-01
1.132114296079869575e+00
6.765394896218726029e-01
1.025978255182785848e+00
1.090741191347364580e+00
9.816734748704153413e-01
9.789412837150597291e-01
8.957703383500149608e-01
1.022867353135380686e+00
1.017079212725970017e+00
1.129090189549426970e+00
1.065725724506016769e+00
1.134777428233132213e+00
1.419164015702982784e+00
8.192723861528611318e-01
1.064883664854497480e+00
9.638258456435532251e-01
6.987367631952663416e-01
9.281703787058097621e-01
7.847297341995788100e-01
1.265527860686610939e+00
6.359135032437275292e-01
4.041311897132136566e-01
1.226049752094984679e+00
6.246887317924658678e-01
7.979311803937226832e-01
1.273470039584336355e+00
1.219011260963724919e+00
1.244883815871213661e+00
9.067221328084575926e-01
9.932141708271799985e-01
7.645039197249194896e-01
8.926381512789183237e-01
8.181572572570731117e-01
6.683005996079738331e-01
9.486422455738680037e-01
1.005414997434347590e+00
1.046874373291172944e+00
8.366647468234550411e-01
1.052329476474815451e+00
9.585460664577249990e-01
1.007200648510144125e+00
9.896514770046813680e-01
1.184847306884254436e+00
1.290320274993898009e+00
6.301945078115478438e-01
8.999946215394453164e-01
9.550251789483821252e-01
8.620773054935946256e-01
1.127167116415493942e+00
6.055628029690213188e-01
1.093482481658941907e+00
7.397178400805962672e-01
5.246921771139627655e-01
6.791779020960693192e-01
1.461481767727718761e+00
1.057052950631163002e+00
7.771374090517325639e-01
1.266151466115784219e+00
1.012937272744768302e+00
9.528257316912146502e-01
1.234303504689429953e+00
7.882694587291457777e-01
8.279953737851937223e-01
9.490059808435620248e-01
1.400455522029428357e+00
8.685329292237319310e-01
4.123068186414150516e-01
7.588980082498243407e-01
1.111971116122062453e+00
1.337626130983179173e+00
7.951535173063637441e-01
7.726247352871827845e-01
1.150095109588241460e+00
8.637302197171039531e-01
6.297318829969058562e-01
8.550077731934950798e-01
1.096998509939238087e+00
8.557955896009927788e-01
1.119842117150604999e+00
8.829906478966828010e-01
1.213548989978903148e+00
1.135346171403565307e+00
6.733803154603931196e-01
1.340464533049860352e+00
1.267404803525701951e+00
5.896804289580659386e-01
1.227347243867594750e+00
1.179259200592331691e+00
9.204935597024874738e-01
1.265495518111055873e+00
7.909911273131352560e-01
1.090741191347364580e+00
1.175446046707688152e+00
1.026778812958086817e+00
6.368262181798202137e-01
1.121273309820596253e+00
9.868660605473683622e-01
1.017314861147385008e+00
9.950186926577549995e-01
1.010089582792447649e+00
8.504201261311241655e-01
9.623359484904552286e-01
8.162608720348801805e-01
9.076697140988710943e-01
6.753562801201288268e-01
6.351289357115763590e-01
1.194767281872185949e+00
4.730978383515886954e-01
9.614711673128321090e-01
9.857647764902239818e-01
1.172489498236310324e+00
8.438521591624377205e-01
1.164452559492598294e+00
8.759226594877684846e-01
1.266864199163830307e+00
8.208794275584857525e-01
7.111496937582509892e-01
6.769515488529339597e-01
1.182722422246841543e+00
8.225454654246975306e-01
9.648394221848438645e-01
6.595335592380635603e-01
1.384277114313698709e+00
8.087836316700039996e-01
6.875476234656558994e-01
5.352184147914048618e-01
7.669800394258463605e-01
8.997662923299167836e-01
8.780256731676516768e-01
1.145904915339589270e+00
1.221009919413502898e+00
1.037535104184909018e+00
1.220692392511105950e+00
1.265466561294547043e+00
8.217762616061423664e-01
8.368765187695804686e-01
3.154663013740940380e-01
9.177491358210829731e-01
6.178945311191177403e-01
4.491363138372361785e-01
8.560582238209591965e-01
8.009616165127727561e-01
1.130702004425721885e+00
9.795554013893802425e-01
1.088400989248322182e+00
9.630139475393676429e-01
7.996405586766262008e-01
8.221220535976342392e-01
7.611033246651699447e-01
9.410795878448715568e-01
9.598550476830021161e-01
3.161171033257800245e-01
8.524962825926619692e-01
9.913041171772822846e-01
4.650597634886822207e-01
1.078331801109889909e+00
9.665723349102608442e-01
1.003853899591378385e+00
8.655360565674263817e-01
1.151475410153137258e+00
1.132961602405185841e+00
1.047236034852150777e+00
8.953200654601546349e-01
9.028445623454901536e-01
8.849453172615878715e-01
8.237643750328275116e-01
1.013020118626799304e+00
7.492476509175473032e-01
1.409897978097401028e+00
1.130756387743434122e+00
8.296384669102563336e-01
7.539056587713592883e-01
7.724081926235319973e-01
1.072211226357580260e+00
1.112704217435546372e+00
6.422910955669469679e-01
1.046843922331992749e+00
1.119786923823125502e+00
8.202297904070575685e-01
5.008737295740853801e-01
8.792109878216141094e-01
6.777220098052658681e-01
7.088401418783728536e-01
1.030112640655006739e+00
1.049814779083954708e+00
5.497388331794725858e-01
9.389671410254148975e-01
8.447910568340608606e-01
5.359938454678023767e-01
7.072839069172880411e-01
7.895363643847090884e-01
1.157722677508966846e+00
7.264532776243659562e-01
8.007687518224118062e-01
9.060108167250028322e-01
8.331715898561866673e-01
1.064560139090193980e+00
6.482043386300250232e-01
8.927242142969332717e-01
1.012005360734445247e+00
7.813727737605191681e-01
1.167823527193880606e+00
1.375388866821856348e+00
8.596515797382213719e-01
9.778182774157970769e-01
1.006600486588817178e+00
8.503335791651744913e-01
6.548638162703463994e-01
6.675881751591374869e-01
1.124991414729066497e+00
1.270846595394867329e+00
1.055967802787525889e+00
9.466158726184786820e-01
6.676046553193847322e-01
1.111993027775806553e+00
6.023263567792513928e-01
7.403818257449936713e-01
6.715682240691982496e-01
7.014850765325264526e-01
8.594536739992176821e-01
9.636001398930731376e-01
1.306357274392788925e+00
1.261930914485619892e+00
1.175730707370265415e+00
1.139145952166683129e+00
1.176273750576896093e+00
1.126881654476358907e+00
1.375676950815585942e+00
1.037303148092301397e+00
1.014134357201580627e+00
9.524549049499784203e-01
9.360794556194844684e-01
8.128686075341946538e-01
7.402434341600003798e-01
7.713917209771111727e-01
1.099431107685115538e+00
6.245348592209580829e-01
9.450840978186176855e-01
1.174466387451828409e+00
8.437285060878861875e-01
1.139591711149595454e+00
7.377741572450156049e-01
1.146812276649888496e+00
6.725282579947630124e-01
9.001723959967459221e-01
5.843151112576673301e-01
1.126877108150326379e+00
6.313629384878876039e-01
8.513654993127894866e-01
1.453922165312180104e+00
7.699542825735794516e-01
1.122168598945108009e+00
1.131140280995908354e+00
1.071805735471564436e+00
9.208591089809941010e-01
1.220867143152465362e+00
6.561919088604678540e-01
1.250112821150316300e+00
1.078510922700472330e+00
1.372795092632338010e+00
7.772772540611773140e-01
5.996951273094693891e-01
8.225883643009800350e-01
8.802545305456265234e-01
1.094212746140444503e+00
7.232365488504378659e-01
1.078588978201424631e+00
5.757300194917754910e-01
7.457934377851982433e-01
6.322466192483496839e-01
7.416070866604574929e-01
9.080794327059881210e-01
6.071860692507997648e-01
9.308726958464275114e-01
9.282017772540651634e-01
7.693860938426824170e-01
7.995352502162816899e-01
6.893795236118149816e-01
1.091724049683930220e+00
1.331812886261274587e+00
8.238821505061180162e-01
1.173237661618967254e+00
8.152947959953281698e-01
1.633434396846487946e+00
8.294828071080202481e-01
1.241888049149631801e+00
7.208169151667979113e-01
6.812253098901024373e-01
9.419985324196145093e-01
1.209162557960092643e+00
8.206451811667022644e-01
6.802010362921926401e-01
9.865144471696964956e-01
9.846155566147487548e-01
1.124588560156302153e+00
6.504403182298291730e-01
1.169784079618219730e+00
1.029933207954243812e+00
6.286757854488083108e-01
1.344023058560094297e+00
8.708692928049495130e-01
1.031059442252799885e+00
1.092347473006905600e+00
9.191520765229943546e-01
7.692790030100138399e-01
7.740801020126677479e-01
1.226049752094984679e+00
9.122033894629061335e-01
8.871432373154722884e-01
1.071613416581062461e+00
5.012226846262928248e-01
9.116452498313226682e-01
7.412699435035953188e-01
9.143823671233243244e-01
9.234542895819538577e-01
1.007406396829784168e+00
9.978157542132943814e-01
9.362470818095913749e-01
9.102650983180201605e-01
1.297924429491519538e+00
1.175747341330972473e+00
8.974650378427732056e-01
6.562206633220497576e-01
1.312429673980208600e+00
9.711261738896572737e-01
9.726122122366992473e-01
4.073739051536655609e-01
8.222042386954021564e-01
3.629607961565104457e-01
1.000426938263896615e+00
9.987394091959637121e-01
8.737004140033117761e-01
5.634316645146696390e-01
1.014279748890976940e+00
9.916427579707064455e-01
9.130323882814960212e-01
7.416070866604574929e-01
1.154471582837087729e+00
1.334071058854152669e+00
5.012004256191685547e-01
7.032718433013329662e-01
1.069722438108268614e+00
1.008198142190093183e+00
9.544664456643191519e-01
6.278344609674547661e-01
1.184728901580591964e+00
9.851205620789936779e-01
9.644932929627698659e-01
1.119786923823125502e+00
1.212616173904882633e+00
9.273257895719392296e-01
1.194830006279411272e+00
6.967152932063687132e-01
9.810508997727844793e-01
1.007039972540698880e+00
1.226210647391550612e+00
5.693070162345427176e-01
1.035222567118049941e+00
8.989908010490437196e-01
1.011830913225328477e+00
8.636773693188685153e-01
8.878994282443954944e-01
6.304828343729500517e-01
7.281112503001790914e-01
6.885259900947775513e-01
1.168931719283955228e+00
7.701346380545296411e-01
1.155170425129951717e+00
1.245194717666074924e+00
5.398517132755898951e-01
8.257404680678385178e-01
6.920953066661080788e-01
7.477276050451624467e-01
1.088235606657967924e+00
8.709439450941994787e-01
4.519527013603888421e-01
6.989570987206160657e-01
1.142502797671962167e+00
9.417658750366784126e-01
8.899517589761268832e-01
4.049897806206010364e-01
5.660214704185314583e-01
8.545628707209236286e-01
6.578735466508123242e-01
1.207907540725376094e+00
9.699059850131007687e-01
1.309388949620936327e+00
9.061216222403496445e-01
8.742163918248718746e-01
1.026749022615511597e+00
1.117948373915305771e+00
9.159694272384729663e-01
1.002591953214857723e+00
7.517948785151228330e-01
1.194600691399924308e+00
8.928771884241889500e-01
7.375588258087202309e-01
5.659327417778565739e-01
7.538372196530253033e-01
1.101146393462896000e+00
1.054806463867950406e+00
7.527549984981874998e-01
2.887585158930857099e-01
6.957894937061588347e-01
6.210737726764281597e-01
9.311155967751251206e-01
9.700287827462578116e-01
1.255664595647495885e+00
3.390072587373668678e-01
1.284286952729881914e+00
8.300936883120668686e-01
9.881206124640343758e-01
1.357130347061334286e+00
8.740721776035171864e-01
8.699670160238023309e-01
7.128749022771310173e-01
1.085126441405189990e+00
7.558688680323983888e-01
7.719221263331408345e-01
1.071494822778712885e+00
7.993328759104069148e-01
3.726334484941448144e-01
8.840811417298231056e-01
8.616856467690170440e-01
1.065637369963048364e+00
1.116917848696591387e+00
9.618479356417308779e-01
1.100253825104749561e+00
1.178106466767614213e+00
6.463646984224780123e-01
9.105277593233935818e-01
7.259346177984253856e-01
7.508736936360524972e-01
1.132498663209831502e+00
8.644441835918482697e-01
1.096197540425386974e+00
7.563025136206624754e-01
1.377666654316903161e+00
5.016985172682865146e-01
8.723793528226089222e-01
8.492821395855322253e-01
7.112297118265163975e-01
1.041399707804301356e+00
1.493236880419625434e+00
1.246329796154014069e+00
5.946024110881369396e-01
1.314543666604157002e+00
5.314675794006394893e-01
8.882661371164818354e-01
9.110055491392975435e-01
1.085671522033147873e+00
3.319540832129692087e-01
2.907241022442310641e-01
1.033125473092436408e+00
5.426830186602591422e-01
9.615693794776380976e-01
6.213681352341042796e-01
6.993657408343521009e-01
8.770070873516013776e-01
1.009400954034109343e+00
1.087112012708333131e+00
1.188517028714320523e+00
8.256091893764214706e-01
1.064099534449697515e+00
4.026574767674222510e-01
7.875394187377101618e-01
1.077466547133572483e+00
1.333022194228307589e+00
8.434196071617997559e-01
8.117966470255560951e-01
1.007216805333452037e+00
1.063967313127642367e+00
1.117085030439561866e+00
3.754157184322883256e-01
1.385421582355071290e+00
1.011788460289240188e+00
9.840769987550039843e-01
9.468168025024923384e-01
1.270890728185082086e+00
6.946875940296610707e-01
1.328146822675887462e+00
9.539897591834961554e-01
9.599985028442730162e-01
7.797790884367413744e-01
9.147701175504362459e-01
9.002181241265981848e-01
1.014477070220545896e+00
8.609942806286207118e-01
7.839271279203728904e-01
9.594722889119701170e-01
6.499393659305654491e-01
6.315280061699698466e-01
7.118253974230629444e-01
5.906682991727081333e-01
1.135609207306202073e+00
4.629515806859125782e-01
1.051591412127159453e+00
1.305835233631875036e+00
9.907433407398552605e-01
1.207210864535656958e+00
8.368254488378993328e-01
1.002918562598987151e+00
1.193849492858373829e+00
9.063633268188213687e-01
8.538391394874529361e-01
1.009292873066794938e+00
9.636563983250929777e-01
8.659837250346218429e-01
1.179708100249236891e+00
1.016814643331382051e+00
9.397301515552688445e-01
4.650112127808525009e-01
5.580795822865446398e-01
8.427543125096240706e-01
5.390126220540033541e-01
9.031005836022181210e-01
9.661087076228065396e-01
1.432048209846677356e+00
1.008693844661486594e+00
1.212720948478021699e+00
1.103508944288503768e+00
9.879075782282827900e-01
7.849377884581637543e-01
8.463399456023488199e-01
7.257296188842432549e-01
7.099925718780994988e-01
1.512835891632196006e+00
6.275199835902697254e-01
1.275982002456989228e+00
7.205127600976380942e-01
9.977999106438066867e-01
6.986698245619223924e-01
1.178550506304497647e+00
1.006124435975326303e+00
9.625805609636376436e-01
8.834275466491612328e-01
6.010764634834396825e-01
1.090918166787726351e+00
9.436590059903845473e-01
6.402129178288654687e-01
1.249349040270306466e+00
1.292442971337862678e+00
9.127795845430711763e-01
1.212584578735795393e+00
9.091577135616124572e-01
9.229125858782273317e-01
6.464450501869234422e-01
5.354208497222584517e-01
6.985370627576671376e-01
1.200229358960661630e+00
1.015656829201834643e+00
6.349232671658442406e-01
1.110946400818373370e+00
5.693606299294596829e-01
1.282831029522133237e+00
1.235939735800188011e+00
7.196304156953881037e-01
6.023650850424897563e-01
1.099350033245250824e+00
5.653937866516602906e-01
1.072372171938994923e+00
6.179136484913279048e-01
1.134704407702532114e+00
3.133751671595301214e-01
9.400256716185344530e-01
6.880937450861966953e-01
8.995060033638505592e-01
8.244767598779965123e-01
8.187956194182290925e-01
6.702902254686515793e-01
1.033924536946960515e+00
1.029529394197852499e+00
5.978438625893807146e-01
5.709407753595315826e-01
8.144717162806046629e-01
4.914649140018050311e-01
1.493981002669296343e+00
8.505847746237458207e-01
8.331593325282071749e-01
9.300268197673101644e-01
6.447777448421173618e-01
9.214898922143003324e-01
8.768821039340020107e-01
7.150561339757947055e-01
9.443154026569323678e-01
9.544664456643191519e-01
1.273975878945447615e+00
8.986989392723030434e-01
1.336506985867526698e+00
8.312093220338651056e-01
1.072185831442983739e+00
7.902636425013360721e-01
7.810625326525681977e-01
9.706182802282975475e-01
1.278472684218880495e+00
8.125260564678793429e-01
7.390509537038408849e-01
1.080269475179384875e+00
1.364409914538195601e+00
5.878797540169701241e-01
1.403468631445482062e+00
1.112508410816409166e+00
6.757569343737326317e-01
6.595697818807304547e-01
5.585420693024426564e-01
1.502200679746192646e+00
6.340220695237107629e-01
9.597975173618955580e-01
1.001928750797698831e+00
1.052551063219414385e+00
1.256963651853032937e+00
9.763022546747417429e-01
1.065402397926727751e+00
7.634280534008439645e-01
7.603904632602258573e-01
7.181011601039918313e-01
1.106891371996710172e+00
1.167550680508040672e+00
8.457064071768036762e-01
8.804588453140532733e-01
1.141457066668750020e+00
1.016845210827899804e+00
1.060302047574351647e+00
9.699171213648972723e-01
7.969950414654840554e-01
1.202398763752934752e+00
1.057238205998084712e+00
6.743258643023366528e-01
6.191166354202199962e-01
9.231799823491810830e-01
1.087088987928642503e+00
1.021988241107860240e+00
5.516175819400697122e-01
9.073286856566474823e-01
1.016104698434586728e+00
1.147864883656689372e+00
6.686674472343538955e-01
9.744420305386924941e-01
6.992002068007802107e-01
1.090117275197003632e+00
8.321914432866138744e-01
8.265633411908441808e-01
1.043514522481531648e+00
7.903738999366259899e-01
7.437606025159069212e-01
9.305750335145086538e-01
1.304085147271422107e+00
5.720945913069488409e-01
6.761182024550478342e-01
6.024683798358256848e-01
8.797147212208841216e-01
9.145691083916752673e-01
7.398945581350995226e-01
1.352651452907810858e+00
2.950869398001611521e-01
8.475145208502552485e-01
5.321317017471849375e-01
1.428211574925666083e+00
1.093073024206673516e+00
9.495562381431944532e-01
9.563432882396408763e-01
1.104200300528386691e+00
1.230805471772714599e+00
9.044833419127533691e-01
8.741983423484156468e-01
9.045305277205508698e-01
7.065126293259594847e-01
6.972973212504518514e-01
1.202677061315327700e+00
9.612350670701172994e-01
9.004043794398618461e-01
1.246098426113729563e+00
1.271067778674018989e+00
3.477837345911811706e-01
8.673247531770994501e-01
8.517894589506035397e-01
8.152259136577095777e-01
8.245693463858713157e-01
1.075825587342683853e+00
7.003914408194538144e-01
1.141591701833756689e+00
8.851934531747025492e-01
1.553239315524328701e+00
9.543782529719785357e-01
1.074826252493839895e+00
1.152687715348772457e+00
1.048413662797171853e+00
3.725204142143717645e-01
1.413264971384865509e+00
9.667939210013088980e-01
1.168170387688989953e+00
9.324054985331665657e-01
5.744963773846445410e-01
9.220851216217664792e-01
1.173890901077476956e+00
9.036057324833499660e-01
1.042423021189788468e+00
8.240615564981496055e-01
7.020655436800787852e-01
6.649427107900691691e-01
9.603431274516508465e-01
8.331593325282071749e-01
5.231597079167910058e-01
1.059242028505045452e+00
8.545061873283483767e-01
1.292548301082525830e+00
1.005639970973727371e+00
1.290320274993898009e+00
1.378581556733828872e+00
1.027589716606034820e+00
1.012039039241134253e+00
1.115360768763579591e+00
8.335573913006518731e-01
5.753594433815583109e-01
9.440921552400647343e-01
8.764555743443815938e-01
1.125990315124136387e+00
1.116406119329458102e+00
1.381363009679507758e+00
1.247868602305373997e+00
5.634316645146696390e-01
1.236497201975053084e+00
1.081243416881050745e+00
9.702972282264495929e-01
9.780140656046334424e-01
5.690387152391490622e-01
9.269672469182926866e-01
7.293796477674148182e-01
4.574241340344397111e-01
9.965290911858691869e-01
1.013072732959589439e+00
1.017875130981851006e+00
1.273719269280286781e+00
1.761062660395319890e+00
1.169672788722037948e+00
4.886295405487524057e-01
7.241699299326235240e-01
7.043407515560083931e-01
7.303005688357013803e-01
1.147171048138681426e+00
9.016839352496738291e-01
7.296323599376329794e-01
8.825323776563951395e-01
1.097601514324190841e+00
1.153060551963275948e+00
5.966468194409966230e-01
7.139581547970885733e-01
1.019306520706670494e+00
1.243014879398877115e+00
1.177642145888389225e+00
1.324086620677946913e+00
9.931558986009657586e-01
5.359938454678023767e-01
8.575638204297381106e-01
1.201634426670123323e+00
1.037111752828170363e+00
1.026030837298436360e+00
8.073324332499073330e-01
1.335500752471296071e+00
7.565315687583900051e-01
7.486122156059783483e-01
1.008674110835337645e+00
4.558008081233141939e-01
7.699572747630238911e-01
4.502084922435357073e-01
1.073898601123951968e+00
8.630151817213084220e-01
1.176299043081267426e+00
9.683511597243190661e-01
7.941408336979771665e-01
8.000785194712985993e-01
6.441101291889547165e-01
1.018841988424256773e+00
5.442537079977063375e-01
9.429347040796619561e-01
8.277786516730283317e-01
1.176273813266488055e+00
7.829252984777188562e-01
7.408526449701109406e-01
1.057031368071617461e+00
6.245348592209580829e-01
9.868464884025885953e-01
8.870039499486986889e-01
1.144837228788014194e+00
7.992575393501640812e-01
1.078840069352908992e+00
1.123945729203029043e+00
9.798185459068501357e-01
1.014321168000905882e+00
8.998590899951735000e-01
1.234281470310065520e+00
7.930437184023946262e-01
9.636304557158946738e-01
9.728205116157355725e-01
3.790737495719854744e-01
9.004473117082669731e-01
9.021156713263154270e-01
9.685149287983423338e-01
5.371297857510962670e-01
1.024538910246982404e+00
1.117355366851738863e+00
1.021020733869648867e+00
9.610742734578451296e-01
1.159525312751267911e+00
1.118070496405530800e+00
1.281931362977912991e+00
1.379776262887206562e+00
1.182610682709671845e+00
1.068681901651471922e+00
6.314889124978066981e-01
1.024932670862567230e+00
1.310971743642960874e+00
1.375793402848290103e+00
1.025373294416289216e+00
6.186318319223533813e-01
8.406036374717843485e-01
6.975350450298321014e-01
8.920369405233916638e-01
7.935889878021891164e-01
9.825915895529324651e-01
7.654458583603445110e-01
7.807056207260965053e-01
7.992894349854334779e-01
1.062445859472636034e+00
9.209147551261690490e-01
1.610483198780783054e+00
7.729848274386318385e-01
9.240209095307653220e-01
8.809114198035885579e-01
6.309853513821677140e-01
9.731161214327358477e-01
8.215945330666810653e-01
6.392719345101406381e-01
1.079111894502451596e+00
8.553207064971136697e-01
8.512576206262015832e-01
5.823497933944010718e-01
7.118813050432366563e-01
7.891525482013294068e-01
5.413741721899075765e-01
9.105189662834236586e-01
4.719045260129109409e-01
9.393617024776544921e-01
8.753123119577619349e-01
1.237482933372667349e+00
7.960571899379591532e-01
1.142730297057207078e+00
4.509413694791049587e-01
9.242595409766239944e-01
1.081243416881050745e+00
8.716573376460248213e-01
9.949564856324017992e-01
9.083483716595976976e-01
7.795914102012729829e-01
6.502328779973439721e-01
6.800253646036940047e-01
1.100253825104749561e+00
9.529225647389345522e-01
1.438185339003132945e+00
9.388285009230774580e-01
8.550466469810436010e-01
8.330417940390308917e-01
1.021347199616681189e+00
9.215008311798197349e-01
6.056259142950685126e-01
1.278607737849491777e+00
8.048893724744156097e-01
5.956163274429039367e-01
8.641566501863930938e-01
1.372020884585368750e+00
7.024113455473719458e-01
6.970466934351714494e-01
9.791743987062389021e-01
8.449876389370749585e-01
1.263883958164189858e+00
7.909934483577100162e-01
1.036087080947514893e+00
5.866463877190065679e-01
1.061568855482288187e+00
7.073762025255236896e-01
7.549486055207870194e-01
6.067736365732173676e-01
7.424596182168001768e-01
5.788344214649805419e-01
1.211528399662525901e+00
1.507311273888232606e+00
1.197202106959913692e+00
5.646434022674815534e-01
4.388463923256940014e-01
7.784524319352685851e-01
8.622314762609400995e-01
1.003075330815581312e+00
8.619765007034921878e-01
7.914806101028976082e-01
1.132177874810374574e+00
7.231213011147356040e-01
6.134713261559064934e-01
5.057895913398727794e-01
8.593880010954672022e-01
5.915634867509096395e-01
1.151186739655138069e+00
9.326908450610612578e-01
6.753017487399252117e-01
1.069152811807066117e+00
6.223584199919754978e-01
9.099103609477567911e-01
7.143372143320377843e-01
1.061466665122213104e+00
1.131080372894798014e+00
8.971697075957605350e-01
1.115730830461182599e+00
1.214746792230585237e+00
1.075056217003975911e+00
5.507263067109120502e-01
1.155668056009004241e+00
9.422627610871399106e-01
9.698380228759908572e-01
7.349646375262787190e-01
9.661049454554822002e-01
7.869206197210663056e-01
1.048347982780679422e+00
3.921784377486084994e-01
9.101173188832352157e-01
1.230542656748588870e+00
7.022621203793246725e-01
6.801111224664074806e-01
9.453132046985440740e-01
7.681403077330538620e-01
9.796872433308975170e-01
1.030125667445240811e+00
9.601955903345248400e-01
1.168919126886831750e+00
6.486918411667231821e-01
1.127979145631093472e+00
3.199561988836178705e-01
7.591897354879255655e-01
1.089826822132841322e+00
1.122031438360889144e+00
6.064628663977598144e-01
4.755994282957224373e-01
8.381876842355744373e-01
6.339747112331112211e-01
9.186865605904326326e-01
8.552255393477614653e-01
7.103417237700221376e-01
6.880311736636026687e-01
1.013957902118141741e+00
8.852124686614213367e-01
9.486422455738680037e-01
6.589080861262766042e-01
8.692727163563911397e-01
4.363852613127991442e-01
8.897567318685269955e-01
9.045197966220117625e-01
9.530661070706620830e-01
1.079111894502451596e+00
7.914702603600966002e-01
8.162626719518594198e-01
1.107459937978420017e+00
1.020211769091370568e+00
9.169516417983292200e-01
1.094946913739705430e+00
9.807474966870974864e-01
9.352833680661657434e-01
1.306782436208644427e+00
1.122944236531904227e+00
1.243766118005372512e+00
8.032886102779680515e-01
8.929131616311140052e-01
1.419409245825108190e+00
9.644379229511358398e-01
9.107144564156587352e-01
1.043255296196134108e+00
5.857358283914393393e-01
9.504063892258618473e-01
8.258918490837566795e-01
1.327901634415625587e+00
4.937995174419786970e-01
5.768622130823355398e-01
7.988676450412147689e-01
6.511764006244152858e-01
6.819249571551142530e-01
8.971697075957605350e-01
5.939610601641462928e-01
7.714182061323145989e-01
1.167432834166248989e+00
1.078800513851905007e+00
1.052668782433246797e+00
8.575638204297381106e-01
6.065141353802238067e-01
1.202565789601505397e+00
9.576719357839877933e-01
1.150259089368795618e+00
9.698339427193951590e-01
9.344074330607180512e-01
1.592636115639392003e+00
8.661738159683707305e-01
4.806294466437967539e-01
1.210477745966864305e+00
1.209320873837584021e+00
1.126736754349604963e+00
9.330786333128014975e-01
9.427383567881348903e-01
8.160103818711207380e-01
9.770231483251003990e-01
8.633470006646081218e-01
4.717060721186805416e-01
9.952016338136279172e-01
1.443880084833998767e+00
1.283080928200809323e+00
9.190398052962943654e-01
1.108244766183617891e+00
1.116838708811037417e+00
1.204511095781612973e+00
9.675086317114796053e-01
9.783612485450700058e-01
9.615791590688990143e-01
1.105264697003472740e+00
6.964671568172312588e-01
1.292985588794671958e+00
1.172995638786070272e+00
1.102819984149286947e+00
7.833307471366524055e-01
1.076344445076087952e+00
5.499734641196438734e-01
7.994650064876523965e-01
8.548543053515631485e-01
1.117414530000796713e+00
5.971406945217700990e-01
1.075280603364215937e+00
7.939245182921353949e-01
5.863074650871057392e-01
8.194924348277000670e-01
9.012365201013523563e-01
1.148292691135109012e+00
1.832359774440239786e+00
1.402232888990335935e+00
1.166941625507294855e+00
9.424738843243055664e-01
6.999884484498957171e-01
6.684364646072583627e-01
9.472991601278254459e-01
1.336801686127430333e+00
6.859797909084073275e-01
6.441565616820497109e-01
7.026826901789251512e-01
6.828018612577609892e-01
8.340641856241353125e-01
7.541502570044570364e-01
8.740270616416263572e-01
1.430054110182561677e+00
9.364469913773418863e-01
8.251732510797489262e-01
9.369416384063067316e-01
1.243318533189915920e+00
1.128895104275847272e+00
7.695755284729801637e-01
4.484452767418004582e-01
8.126772129315086302e-01
