5.278009820411597719e-01
8.251532370433557473e-01
7.209804078919519466e-01
7.886406885289313218e-01
8.908391109685893650e-01
8.619353571921274382e-01
6.612047659466073757e-01
5.429384554109073502e-01
9.813768743305631981e-01
8.848412648027201843e-01
8.778343358803093466e-01
7.890948968042433842e-01
8.435435801115314103e-01
1.068447986010468531e+00
7.390800020092817002e-01
9.035598406249834014e-01
8.802545305456265234e-01
8.514617385442874165e-01
1.064286603049939606e+00
1.063278765986624519e+00
1.013430869228954867e+00
8.320543812243808013e-01
1.071408689713268858e+00
1.009688353822613571e+00
1.011047294878813396e+00
7.961700690806291503e-01
1.312498745375529019e+00
8.381450525240247140e-01
7.136680335366388794e-01
6.497075948896475772e-01
1.013466716689982228e+00
5.939268305425474681e-01
1.009951269208166691e+00
7.738225399813177807e-01
1.101562357796903369e+00
7.617049247989539085e-01
7.466367417866512923e-01
1.110137035901895608e+00
1.393633023406961824e+00
1.069309117852010882e+00
1.443807687785537253e+00
1.031352350293474496e+00
8.922296280137840263e-01
7.572010528687264097e-01
9.491440200953805695e-01
1.076178936477266035e+00
9.166315558161419741e-01
8.859520725005074482e-01
9.730410655290924193e-01
8.439328280826753348e-01
4.394935976864537963e-01
5.590178254540494329e-01
7.043195617675361841e-01
9.392533761268475612e-01
8.717634413987342956e-01
1.426481270174168925e+00
7.539734897417066373e-01
7.500125685054078728e-01
1.098671365833711500e+00
1.079000258959113889e+00
1.087260282275359646e+00
1.355696811213213282e+00
8.774691305751413095e-01
4.141968401285400225e-01
5.429709532505136993e-01
8.103755540813653013e-01
1.003220154118680929e+00
8.757151790848609618e-01
3.628445330301052763e-01
8.217447126904734445e-01
7.523984255602884641e-01
8.764431510170767048e-01
4.901409613111695207e-01
1.071140688424677689e+00
6.710811808006534873e-01
1.007618017198192994e+00
9.572442001544575474e-01
1.226819059768429199e+00
1.154269045554640494e+00
8.242712611931986011e-01
1.358123584064470091e+00
9.659159921903380797e-01
9.672275264804340855e-01
1.329248764531980376e+00
8.513243342597675012e-01
8.840811417298231056e-01
9.290997996710769202e-01
9.700287827462578116e-01
6.276333774277963462e-01
9.393617024776544921e-01
9.554107370845600355e-01
8.276727587449349555e-01
1.026778812958086817e+00
4.990577685267956198e-01
8.814019459567502546e-01
1.158684507293454846e+00
8.532513160533171659e-01
9.774357282249109824e-01
1.012562679925651743e+00
9.966473095567582874e-01
7.492464046417132151e-01
7.199685481867063030e-01
9.019550331209567062e-01
1.009176786846786911e+00
7.523305302750465939e-01
1.286499435871486074e+00
1.034459532925446679e+00
1.538526967487986452e+00
1.321669265243909486e+00
8.268545081732089352e-01
1.009598172392202065e+00
1.213985798856968001e+00
7.048813180692495850e-01
6.927678214002302992e-01
9.948818549513395171e-01
1.300170282153833901e+00
1.050554787078237240e+00
4.554751319409911514e-01
9.059365737114052353e-01
6.716591128624399554e-01
9.047344718618723913e-01
9.628460805147467383e-01
1.149829413587907467e+00
9.137890918852925592e-01
7.905413900147164608e-01
5.331384555902854983e-01
5.164944389235601729e-01
8.101627842327467910e-01
6.807141449130070798e-01
1.154206811252451503e+00
8.103755540813653013e-01
1.002126157830102393e+00
7.948707774291090544e-01
7.007403923393962231e-01
8.873330681394211439e-01
1.130162197214668041e+00
1.024389615456460678e+00
8.027681785127227521e-01
1.020049114733028617e+00
9.682328391088519393e-01
8.335672045721445045e-01
1.150363476269849583e+00
7.073038767235657609e-01
6.685053595111598579e-01
1.218355079921378259e+00
7.136341852284522336e-01
1.086596525436948069e+00
7.463069576484262502e-01
9.225699382019867389e-01
8.550358455508865196e-01
6.083721015713845492e-01
9.855301805381007085e-01
7.858218748509443463e-01
6.590896960891932110e-01
6.121412465778802714e-01
5.332447517523988267e-01
9.661913432121111978e-01
1.072720793761083202e+00
1.073090338994999060e+00
1.268771970700723228e+00
8.105635370668173856e-01
1.112846390384078177e+00
1.103448453439105581e+00
3.623709020090032373e-01
9.876258113534718275e-01
6.602344882047153085e-01
1.089901382811493402e+00
1.273884088301209694e+00
7.373831207668894994e-01
9.246680188323633809e-01
6.977931615325849712e-01
8.830781058651155924e-01
1.158894693975249801e+00
9.957691054130601849e-01
1.143590218841465278e+00
4.119961207601997022e-01
5.861548770997546676e-01
8.686472592474575594e-01
1.066410285725176488e+00
5.622581794011779488e-01
1.240855416157758073e+00
8.350753414921704421e-01
1.091190582807126441e+00
9.440415151094501134e-01
1.014249318802624922e+00
7.716035785077052234e-01
1.305769079975294567e+00
6.732251715910959611e-01
7.720705746868774533e-01
1.174643445176347223e+00
1.093502383310641424e+00
6.919115407510364468e-01
1.103816042587809854e+00
9.186865163868080941e-01
6.043830783213460789e-01
8.757570861004055907e-01
6.785827509006977509e-01
9.870648218067625823e-01
5.646434022674815534e-01
1.099431107685115538e+00
1.106504413217995308e+00
1.156827725705257937e+00
1.234502466671927756e+00
6.791779020960693192e-01
8.480411995108302348e-01
7.006330048764822793e-01
1.022276760454799982e+00
8.341259500333003674e-01
9.022846967243693950e-01
9.774800962753781297e-01
7.502607152518322442e-01
4.337508041476926812e-01
9.453073181295090777e-01
1.152983423809104346e+00
9.302893142815727989e-01
6.987844925275696895e-01
8.495157825326022927e-01
8.912804917738906818e-01
3.413318514247403734e-01
6.381672249362984051e-01
8.714002548973013296e-01
9.855301805381007085e-01
1.479162483521752502e+00
9.041422450061835647e-01
8.869517525214559717e-01
8.836207158334139500e-01
9.303990803777538732e-01
8.283303764728230378e-01
1.012796950192447865e+00
4.888469828463855027e-01
5.180296186776096601e-01
1.373299949196323810e+00
1.074872713711585881e+00
1.011047294878813396e+00
8.187725345995408022e-01
9.199057718383847337e-01
5.526230215172829308e-01
7.970328555173156193e-01
8.205320464116032664e-01
2.814786279383103551e-01
9.394486639764896285e-01
7.870817805757358565e-01
9.163451787943711624e-01
8.899517589761268832e-01
6.621162732848915322e-01
8.895065509704307427e-01
5.769924921947386931e-01
1.160480897403946443e+00
1.005520321957616758e+00
8.597651332790283707e-01
9.183814333487682058e-01
9.521785690398624213e-01
9.258323655489861803e-01
1.211089209837836744e+00
7.355129760919248971e-01
8.352985603510337809e-01
5.703216588548805088e-01
4.316766977287431750e-01
7.552638509181549553e-01
8.086744962053353802e-01
8.545204729903154162e-01
7.895493865292264601e-01
9.383288828851141794e-01
1.003980657506384766e+00
1.149070420458175201e+00
4.668956818616137316e-01
9.454165703283561317e-01
7.475207945539874554e-01
1.036631296913849365e+00
9.567763784620485490e-01
1.136215641154765033e+00
7.139397263293499885e-01
1.179984491930962331e+00
6.800269933510476594e-01
9.374791146765449890e-01
8.631357221984634620e-01
8.217451340503835189e-01
1.001152406942018791e+00
1.026394057920516190e+00
1.037206810036916727e+00
8.716263233569601088e-01
9.401445842468898473e-01
9.440415151094501134e-01
8.451457785432127112e-01
6.795607196035864384e-01
4.574535235464869398e-01
7.896649206026994383e-01
1.059656045397158852e+00
5.132384816274293549e-01
9.450792185771225151e-01
1.314154330647514524e+00
5.899139638598379642e-01
9.161312970555113289e-01
1.271469014623243021e+00
1.248495356626019515e+00
7.419161429097873572e-01
7.938005597741015773e-01
8.483623643220682409e-01
8.805663836881120199e-01
8.332098459681496205e-01
6.538488234309391967e-01
1.069895468207495259e+00
1.111538834053586555e+00
1.387668989455454804e+00
4.884479468033907090e-01
7.390509537038408849e-01
7.170464741362136962e-01
9.791693733486137585e-01
9.148011124343183864e-01
1.135668677511078251e+00
9.219192564435633175e-01
8.921710815532085670e-01
7.304170647812912032e-01
1.156884232737724671e+00
1.138935984151167702e+00
9.030982271451133414e-01
1.087595052647257532e+00
9.789412837150597291e-01
1.179484475149175093e+00
1.048287616796922173e+00
8.112161112517269901e-01
9.804918890773176576e-01
1.001316436644941854e+00
7.506873910359044277e-01
9.173100499927880902e-01
1.248420928418649600e+00
6.627166104062967023e-01
9.730162465084827295e-01
1.111833110117207424e+00
6.438048112186046668e-01
7.351118197548714983e-01
8.906071926024086149e-01
9.568127209814647482e-01
7.205153067724078264e-01
8.921266546649909701e-01
8.056861121421053928e-01
8.845906575299782304e-01
1.128074293601284195e+00
1.129321816673171330e+00
1.063175658579802008e+00
7.713427258992215929e-01
9.360817834524455261e-01
9.298950657869583525e-01
9.440579909769052369e-01
1.306982555515568967e+00
7.002838536309138329e-01
8.367434252054706256e-01
7.693710817316664619e-01
1.202565789601505397e+00
5.966593250691810679e-01
7.387896677291658776e-01
7.589082726373667098e-01
1.197854700868543398e+00
7.453750584156606518e-01
7.373999057451642303e-01
7.427031434399927745e-01
8.271727318093115011e-01
1.034169077962442618e+00
1.304734192093232048e+00
9.506724334057672365e-01
1.049398618445146036e+00
9.886752221948466035e-01
7.619048923081649383e-01
1.018963942294144553e+00
1.265341041182188153e+00
8.580793622251822184e-01
6.345873207789378689e-01
1.023044637820389458e+00
9.665260105605647523e-01
9.557167402044185467e-01
1.118971470641215049e+00
7.610251390664293236e-01
1.220624368638440149e+00
1.002634728518673191e+00
7.358730574137753999e-01
6.142846362480908207e-01
1.274142248126371335e+00
9.831405457234214662e-01
8.326261236234197005e-01
6.532634872206787291e-01
8.997544385487589169e-01
6.340264883926409745e-01
9.344804100893070453e-01
7.771805100263661226e-01
6.740344269854900983e-01
7.179002289433586981e-01
8.252459659881137277e-01
1.312605139916693586e+00
5.192113815606843596e-01
1.073255754637386650e+00
8.212681606917039412e-01
9.679824673984235295e-01
8.884584301976189424e-01
7.516021486188212419e-01
4.267020560702490251e-01
9.040096667096364502e-01
7.261158442608180996e-01
1.115694501479653766e+00
9.068710922690569332e-01
9.953477786534064009e-01
7.440296248792824807e-01
1.074999021374877461e+00
5.709407753595315826e-01
1.359232575427379741e+00
8.011200601253936071e-01
7.312199405261612384e-01
9.694872804423840806e-01
1.037351392239523218e+00
1.704391288657418402e+00
8.532904694932312850e-01
8.978175707602006339e-01
8.292094995279992720e-01
9.566686527341181634e-01
1.008734496540259151e+00
9.793988745499183635e-01
8.134788858787117549e-01
7.883292653057751842e-01
7.972619654099146747e-01
8.941993492892148510e-01
1.079538390767289080e+00
8.829032194094943442e-01
8.263145341524699150e-01
8.953000843145850762e-01
9.572702948984823657e-01
7.217836489062080529e-01
8.924954983650555951e-01
1.047722367236113339e+00
1.099174601971693477e+00
1.026496859046155619e+00
1.369243745329569162e+00
8.520734725070505666e-01
8.182883626390348164e-01
9.661913432121111978e-01
8.060387025344203371e-01
7.950362815439936393e-01
3.009273242614709520e-01
1.120379972010504321e+00
1.030427149104501616e+00
1.452575183457728514e+00
6.794886953194547718e-01
6.122251272371910247e-01
9.273888561099054018e-01
7.716730832241344151e-01
1.336635821889887721e+00
1.198612416356102273e+00
7.993911657176379082e-01
5.667102557504258842e-01
8.220542441968430314e-01
1.160571254779688255e+00
7.265643351335037137e-01
7.609974071881085989e-01
7.884602658336549164e-01
9.973585231117937377e-01
7.580515663975478935e-01
9.929126502669369803e-01
8.770035877568236327e-01
1.212693557367885200e+00
8.578028699761283127e-01
1.165590106296429118e+00
5.923441389108529131e-01
8.586101740495016843e-01
7.064139713433627010e-01
1.214779014255829903e+00
1.110114099124349663e+00
3.874597087075947188e-01
9.290997996710769202e-01
7.502607152518322442e-01
8.977204099732096765e-01
1.047432634365317528e+00
1.209840154861051342e+00
9.981739613010588430e-01
7.740559367756081333e-01
1.016631520570664637e+00
7.230600762163501560e-01
1.045304730846873031e+00
1.258009009917161025e+00
1.016834652421466645e+00
8.528042507111448511e-01
8.039506025390414923e-01
8.565098379296511855e-01
8.214768409175553510e-01
6.340802812483905537e-01
7.929167810902748581e-01
8.607376420732114619e-01
1.050892021877932514e+00
9.436517038767248122e-01
1.184984337823985490e+00
8.630151817213084220e-01
7.963060532827097582e-01
9.245194592645818998e-01
1.136783344233639692e+00
6.550728390841137339e-01
7.621036603647708407e-01
4.489423002101627924e-01
9.990633953671503864e-01
1.058703919204067700e+00
6.074363413101649956e-01
1.119715612474528443e+00
1.533970362074039917e+00
5.031066770276191313e-01
7.717688642926047171e-01
7.659405012086288878e-01
4.913641144771161429e-01
6.699956258090455918e-01
1.149829413587907467e+00
1.023144241448139535e+00
8.038827285750910212e-01
7.687326207097041619e-01
5.579909696635433347e-01
1.095811205431187929e+00
8.722552420172526855e-01
8.938173735458155855e-01
8.805088673385635945e-01
9.451619285321751773e-01
6.072964906817690522e-01
7.588679869892597241e-01
1.064278124427846750e+00
9.026702406425153313e-01
1.267883435734565856e+00
8.217447126904734445e-01
1.036547948291363541e+00
1.025747922277667756e+00
1.015625442742153384e+00
1.327879748455349729e+00
8.967070928408408248e-01
7.254348835252016903e-01
1.005169328737911760e+00
4.419136683382646758e-01
1.195824325859490722e+00
1.026129788090103245e+00
1.198690777592359202e+00
1.070146402680256070e+00
8.254859713608658778e-01
6.028647659907347967e-01
5.442537079977063375e-01
1.226687438625898352e+00
7.659807304828126773e-01
1.298763451366624189e+00
1.129679907571125907e+00
6.835515534927845138e-01
5.881165764209335123e-01
7.625525008084036438e-01
1.035370772849548926e+00
8.963361693490139448e-01
1.011333198316575865e+00
6.587190542885204003e-01
4.818328530927104003e-01
9.968827437276250869e-01
1.238298041424558349e+00
8.815964555389286250e-01
6.933950121787336718e-01
9.078488142758009971e-01
8.038827285750910212e-01
5.820568662417473504e-01
1.122332278593791699e+00
1.154322627553494796e+00
1.058888219355242688e+00
1.220330109742973290e+00
8.052968130050160989e-01
9.146637336083406344e-01
8.456004705515292041e-01
6.865889963127950191e-01
8.924954983650555951e-01
9.608736704619937896e-01
1.002995550301387429e+00
1.077468005233169990e+00
6.466919796378999274e-01
8.456345232801369960e-01
9.073286856566474823e-01
7.113104138920302022e-01
1.007704848553341082e+00
7.827374575092537201e-01
9.296511980996999824e-01
7.647218791495860035e-01
1.171987533565354678e+00
1.087595052647257532e+00
7.655475013654334804e-01
1.010181202492045127e+00
8.187226970257864833e-01
7.096737766667302605e-01
9.903800648856896371e-01
6.698970112654142328e-01
9.661566722557048958e-01
9.441416330361096509e-01
8.399376508678437769e-01
1.262626937751705869e+00
4.858374501257295419e-01
1.067102678350275724e+00
1.013322619900905108e+00
1.095284453166708083e+00
7.265643351335037137e-01
7.140624196856347750e-01
1.157840576817808387e+00
1.012030834073522900e+00
1.205700756785947014e+00
1.323221653579649271e+00
8.732330450861345295e-01
1.121596373071367836e+00
1.022880363839020257e+00
7.720061589373505839e-01
4.576874873489818474e-01
9.500678187904593175e-01
1.261331769171458728e+00
9.489244718608229601e-01
6.767257052622775992e-01
1.348455634167782913e+00
1.308083514309120510e+00
7.865475665957806228e-01
1.258561237403414967e+00
7.713427258992215929e-01
1.127030042124297804e+00
9.992556871336403246e-01
1.014477070220545896e+00
9.237094937410222917e-01
8.194924348277000670e-01
8.242633447269787084e-01
1.100156908711981130e+00
8.077609121612420173e-01
9.056048455959189170e-01
8.874635947451169349e-01
1.054682088260534778e+00
7.878096001541606830e-01
1.073273055391555708e+00
6.063238919180394815e-01
4.747268550601413950e-01
9.894286501866552674e-01
6.607168564072944950e-01
9.076417132077118088e-01
1.476870452707734982e+00
8.860090438677403757e-01
1.297642875696803033e+00
1.034169077962442618e+00
8.924236670366405555e-01
8.782266615123893727e-01
4.785703988769571260e-01
1.106811295197097200e+00
9.174581811866852066e-01
8.899517589761268832e-01
8.999054753028777887e-01
6.118938091960760550e-01
1.480331140838357928e+00
8.000913850256384796e-01
6.250572840032465605e-01
5.914786998722202371e-01
7.808530911791766727e-01
8.554479581319462955e-01
1.152712655038863776e+00
1.101143355046301897e+00
1.423075307447988269e+00
9.893989697733858169e-01
1.163364082599531502e+00
4.645417456044844129e-01
1.199135015918213476e+00
6.941331089216268291e-01
1.301300236858921267e+00
1.116508862268675628e+00
1.266487262699123040e+00
1.200210550824849065e+00
6.125649461618738467e-01
6.509983217054693405e-01
1.036698534589998610e+00
6.702849587166554990e-01
1.040856909919237738e+00
9.697702187725671941e-01
9.860468156626026603e-01
1.139739163965951541e+00
7.879088350109251238e-01
8.087998310451944839e-01
1.440393725039702977e+00
1.453922165312180104e+00
1.317745738509418230e+00
7.437606025159069212e-01
9.800984218832973216e-01
7.790863042608919820e-01
8.439328280826753348e-01
8.751184490454004816e-01
6.672057528232113732e-01
1.265809390482051988e+00
8.776480349707853623e-01
1.141252913641179312e+00
7.897182231569563893e-01
6.768466650564767262e-01
7.836050389983820752e-01
8.696095870920356186e-01
1.165365156399954083e+00
9.974920854144593285e-01
9.970023886191659024e-01
9.182106974982594538e-01
5.832178542640719110e-01
9.518499978580589049e-01
9.722475796061970099e-01
8.217634173776204864e-01
7.819087548412790856e-01
1.142272226058786089e+00
1.057129380606915969e+00
1.078808250694475390e+00
1.333144791036076526e+00
7.067076718456238860e-01
9.713389645071641709e-01
1.034418884638270031e+00
5.842278940602081416e-01
8.305055740574665002e-01
1.013667810341055686e+00
1.132796222312435930e+00
8.631751793116311244e-01
8.588256169149025565e-01
1.115041675256256415e+00
6.623268067076238941e-01
9.045684960566608979e-01
8.306804889405955405e-01
1.071806033752772169e+00
3.691273334348758040e-01
6.871506954870872930e-01
9.699171213648972723e-01
7.375588258087202309e-01
8.162608720348801805e-01
9.893739136841056547e-01
1.151280187620411288e+00
1.036108904660852037e+00
7.264532776243659562e-01
9.505682982970952155e-01
3.972882046365210362e-01
6.461527758381562236e-01
1.748346868971292212e+00
8.571432762405920558e-01
1.187864630300043745e+00
1.340558144524328865e+00
6.936707206088739142e-01
7.803065245687839102e-01
9.552361726883881188e-01
1.207547082122407911e+00
1.164183226126193738e+00
1.267745513359311849e+00
1.554066855096172706e+00
8.367434252054706256e-01
9.613727283051946015e-01
9.798185459068501357e-01
1.021850685010306847e+00
9.810450250534318295e-01
5.560644323031194158e-01
1.030112640655006739e+00
8.088325880161760795e-01
1.340464533049860352e+00
9.286527139171837364e-01
7.150399945230121457e-01
5.628683205916619192e-01
1.080844146722281796e+00
7.502977937783962270e-01
7.752384069946437473e-01
8.277053323655997330e-01
6.342153189303640914e-01
7.454130893644775879e-01
1.305179372579879260e+00
3.726334484941448144e-01
1.059405875371153938e+00
6.948595459647619599e-01
1.084556263101944307e+00
8.933209452417021357e-01
1.130987784103459459e+00
1.311396622860819594e+00
1.042929796111602636e+00
1.356489097703538205e+00
9.859192925177769906e-01
9.847809218057672620e-01
1.187988686963411311e+00
9.365460198011544835e-01
1.088123851644757556e+00
8.955984792020961205e-01
9.357096655047972833e-01
1.122115524559475386e+00
5.766204051912973139e-01
8.121626236690225875e-01
8.028655951690882864e-01
9.950361737772703830e-01
9.425170982946586840e-01
1.254624297546239831e+00
6.113106630049309764e-01
1.306371372492885374e+00
9.338081981217756233e-01
1.038730414641759747e+00
7.700416450485035869e-01
7.884066391993944656e-01
8.135714200601742441e-01
1.078588978201424631e+00
1.020357296213304510e+00
7.455950597069447294e-01
9.852182399684072944e-01
1.051662645797563522e+00
7.995858300661203844e-01
1.166372422262952568e+00
8.959370298500657359e-01
1.078832218802127985e+00
9.496988302298584594e-01
7.132934852147245763e-01
6.037922801259830718e-01
8.452507274354774669e-01
5.103523336658156717e-01
1.184161727917350415e+00
1.028951067255031715e+00
1.340245127419233517e+00
9.648394221848438645e-01
7.084537273919760958e-01
5.793523051621711772e-01
1.121274846527074764e+00
1.164858063651210029e+00
8.685329292237319310e-01
9.031005836022181210e-01
9.015967529840841488e-01
8.635654121966480634e-01
1.334312420428092283e+00
9.035548591580978561e-01
7.404365846552839470e-01
7.144416170659909637e-01
8.786546010451615762e-01
7.171032796234063644e-01
9.687165527724002079e-01
9.768641396660497911e-01
6.652982567258171054e-01
1.196637117352779889e+00
5.537359894491871160e-01
7.283667712694571472e-01
4.805426047293400171e-01
8.138754422295989555e-01
1.068531485210570731e+00
8.950577568756619140e-01
1.071832058067901938e+00
6.843873137443874377e-01
1.232753088622150717e+00
6.650446920422371511e-01
8.770070873516013776e-01
9.273257895719392296e-01
6.148548015239810871e-01
1.055027639002051432e+00
9.099286899024568998e-01
9.313089443995603567e-01
1.163859371445695290e+00
8.530370129682879332e-01
9.327870845402785882e-01
8.594536739992176821e-01
6.025048796526359940e-01
6.853788978362922446e-01
1.118243982014810678e+00
5.943880348059998875e-01
9.160934649829370890e-01
1.075825587342683853e+00
7.511884288586527791e-01
8.154685931008689437e-01
8.244820428144745694e-01
9.053625819324544466e-01
6.761523415076255983e-01
5.903896119835738698e-01
2.750520853682745237e-01
7.151058530562242055e-01
1.274643746129337840e+00
1.025859256874666059e+00
1.244011534565143018e+00
1.300740961440914223e+00
9.572054245722189103e-01
9.813768743305631981e-01
6.987673020065324758e-01
7.927805957676141713e-01
1.058914148121251841e+00
1.164858063651210029e+00
1.069416436489078137e+00
7.979914363534487132e-01
6.814647126094655061e-01
3.922603372074185413e-01
4.549508857788255312e-01
1.020217986748369388e+00
6.805723855592548110e-01
4.603891177530280987e-01
1.063840627243607839e+00
9.519910057615785792e-01
7.389978139863951911e-01
8.921048935975851579e-01
8.416335132702025268e-01
1.025185362326477723e+00
9.039415527812936224e-01
1.042262555920848488e+00
7.316952913032896966e-01
8.356333272252350897e-01
1.212451319068526878e+00
4.412462299047850145e-01
8.377613321303278848e-01
6.359559426831299378e-01
1.219189266735963173e+00
6.648966980874152499e-01
9.201571836733214438e-01
1.048347982780679422e+00
9.829056450584994220e-01
4.921571858575442548e-01
9.437544818173674299e-01
8.217451340503835189e-01
1.075175930038385408e+00
1.537472418835880594e+00
9.536009116654934337e-01
8.717219964341897942e-01
4.396699702620491812e-01
1.451335291380160042e+00
4.597272067773798265e-01
9.062742034016596504e-01
9.603988249077168859e-01
8.475145208502552485e-01
4.882049558414746637e-01
1.072118685790260040e+00
9.435066670308793757e-01
9.201578406700251511e-01
1.310489073693374085e+00
1.170068819913321345e+00
8.160892619702154738e-01
7.275713714179724567e-01
6.067806083930725736e-01
6.539891036083762543e-01
1.229036230366567395e+00
1.147171048138681426e+00
1.236138501969167303e+00
7.395532955442306600e-01
3.980064098529864647e-01
8.435435801115314103e-01
1.145539013966048181e+00
1.025182091434551745e+00
9.419326559223265560e-01
8.909267903384042731e-01
8.702815514221174942e-01
6.975477751577656704e-01
9.363932574357651806e-01
1.110470451649777424e+00
1.165571083915871498e+00
9.564172011009778318e-01
9.744900601637904725e-01
7.849637864260404774e-01
5.378598923864703618e-01
5.876044140159377704e-01
1.012045502142755238e+00
9.280352132402115428e-01
1.150920102393263811e+00
6.893795236118149816e-01
1.249349040270306466e+00
1.212762691899840650e+00
9.586089672903603809e-01
4.623104622402012809e-01
4.166624550168185337e-01
9.290424901802832869e-01
6.467913131103296687e-01
8.554762749266444644e-01
1.100787145027483538e+00
1.121906017460027494e+00
1.095975829883463648e+00
9.314556238813774813e-01
1.181150127817747197e+00
9.468459670942436235e-01
7.199373355293996468e-01
8.865801162116250245e-01
1.115203152573717382e+00
9.730651184398223519e-01
8.271727318093115011e-01
1.131080372894798014e+00
1.072658271769339811e+00
1.140313354772793053e+00
1.115683034504576288e+00
6.250572840032465605e-01
9.438146647274161527e-01
4.955735207445565171e-01
1.267877396873399176e+00
9.735324497443490488e-01
1.020217986748369388e+00
1.170072617210615729e+00
8.221923833154689554e-01
7.053091429503168808e-01
8.017360078956152769e-01
9.766755750419315874e-01
1.028198180893863833e+00
4.971558188933195011e-01
6.104583294208049127e-01
1.042640185823220822e+00
1.295985851403539613e+00
7.027430948826023371e-01
8.432296949069828518e-01
1.275740552517052429e+00
8.921048935975851579e-01
1.112662111401366394e+00
9.864207955206999445e-01
6.921695696860670211e-01
3.379814447422128110e-01
6.972843760514367828e-01
5.351187248822639742e-01
1.235240428300730997e+00
8.657910834812850842e-01
1.246046536060501531e+00
9.724957959859101830e-01
9.191412044310586227e-01
6.126652128416972820e-01
6.359648995675823979e-01
8.162608720348801805e-01
1.315941593397798925e+00
8.532042912068577012e-01
3.959663221163779445e-01
5.407049325643966675e-01
8.985010259611033723e-01
1.001924477388966173e+00
1.184217719302537608e+00
1.156055954555697207e+00
8.490809099492204748e-01
9.926301506525636587e-01
9.973641212644049903e-01
1.300611915581150191e+00
1.006341700764901814e+00
9.746545435544298197e-01
1.020383664556198111e+00
1.508400936031788930e+00
1.134364484880068247e+00
8.909050121450433624e-01
7.022334909548134663e-01
6.359559426831299378e-01
7.714194670064234982e-01
9.150439470269208231e-01
1.232697249066344147e+00
1.048503475407392749e+00
9.104742134778887053e-01
8.385983228311568727e-01
1.089553036937554342e+00
9.743704784509743533e-01
1.069801694600982067e+00
9.364146142461555744e-01
1.057779799031819623e+00
8.481331022044906742e-01
1.064477816947625888e+00
1.064422807460449150e+00
7.804459846536571099e-01
6.173425042022350206e-01
6.454530491626794264e-01
1.417820726819202237e+00
7.283667712694571472e-01
6.195597830414113494e-01
1.309327300708436059e+00
5.418117066402317050e-01
6.981786001696892452e-01
7.026785812687275090e-01
6.185580796557459404e-01
1.205898710352560688e+00
9.652662307335587721e-01
1.014798348657387717e+00
1.027733712867705762e+00
9.628460805147467383e-01
6.875476234656558994e-01
6.639169447841272165e-01
9.991883918842242585e-01
1.399495489618273636e+00
1.108610182716402770e+00
1.336446801923047989e+00
6.774955633426966717e-01
9.633819090499017301e-01
8.949907553477559619e-01
7.341404821774493161e-01
9.486422455738680037e-01
6.702123321886641616e-01
8.363846080892722856e-01
1.409041255533981518e+00
5.982850869592872822e-01
9.617777532848842403e-01
9.441232476389440631e-01
1.194767281872185949e+00
8.007659015145235371e-01
1.023074720315107156e+00
5.213065822220849244e-01
7.769273523732689313e-01
1.626335199135978682e+00
7.481045818507898737e-01
6.449445383471528181e-01
1.166495301688432740e+00
1.055605588520196481e+00
7.892427915860130705e-01
8.522226803200191325e-01
6.187792000584112495e-01
4.276612490024240820e-01
1.433441752292788696e+00
1.014798348657387717e+00
4.089554414566844431e-01
1.042925203310665960e+00
8.064563944398419615e-01
5.861694231356472384e-01
1.175446046707688152e+00
1.097631944026582484e+00
1.330018936770880345e+00
9.671641886988745496e-01
7.697366924327408988e-01
8.786931776668619465e-01
1.067466500393176476e+00
1.062325403618886499e+00
8.039506025390414923e-01
1.162631563572773530e+00
6.348432642102720402e-01
1.069722438108268614e+00
9.413219154883341044e-01
7.872289746969188817e-01
3.474134239134724633e-01
1.091367574362297033e+00
4.204110129817742458e-01
1.648755876567122192e+00
7.225370430273273525e-01
6.202285477093284483e-01
6.780508544137218152e-01
8.951465866724567233e-01
8.596515797382213719e-01
9.223855795169974003e-01
8.563233125045096594e-01
1.031174873955556404e+00
7.389978139863951911e-01
9.269672469182926866e-01
7.864163120532465800e-01
5.471007630171040859e-01
9.856939056260162202e-01
1.126194659094925221e+00
9.084345590775654289e-01
9.575764559545415500e-01
6.802149216399575593e-01
1.099334403234733637e+00
8.027959460780643708e-01
1.084513076576370860e+00
8.770070873516013776e-01
8.355361817277547898e-01
8.459975647384894160e-01
4.888469828463855027e-01
9.841720568183555118e-01
1.240663892053597284e+00
2.942495082309942722e-01
7.022334909548134663e-01
7.889003116250273839e-01
1.016512219156440411e+00
8.203767217829212033e-01
4.123068186414150516e-01
1.047068810242324011e+00
8.565613456599705522e-01
1.058860044871859696e+00
7.072551622961499307e-01
5.146800512855934651e-01
5.771658515791132649e-01
9.362695690333825427e-01
4.650597634886822207e-01
1.226462685432666566e+00
6.230684854701878939e-01
6.441565616820497109e-01
8.264063594338536545e-01
1.283581589475170093e+00
1.358432019526705670e+00
8.254218374764170640e-01
1.137856211204365975e+00
9.245128871294949757e-01
1.291004373290062679e+00
1.294046289805243166e+00
1.048056317491719902e+00
7.442524404276497085e-01
9.598947630945787735e-01
7.776317073754132059e-01
7.022621203793246725e-01
9.524549049499784203e-01
1.252969606626708865e+00
5.761409468780465115e-01
9.016759268045234643e-01
8.474772558171344006e-01
7.778608631184890099e-01
1.063126517178447861e+00
6.901114069439017173e-01
8.763616995524754483e-01
1.083959165142233338e+00
8.821808850386128054e-01
8.805301074269111794e-01
8.646017198493390898e-01
7.438224769658366986e-01
7.998549366310527819e-01
9.798894246030276367e-01
7.569265380644195629e-01
1.247339655979389450e+00
1.122874633766036467e+00
4.174849639981110250e-01
1.112608882175136760e+00
1.227966114926882346e+00
7.282654865104752906e-01
1.046628606893727831e+00
8.756128977307875427e-01
1.036021758714980923e+00
8.375841178952223576e-01
8.041254722943442790e-01
1.033372652670254244e+00
7.218870562616223063e-01
8.021770652883256636e-01
9.268829477224526103e-01
6.542769944183960407e-01
6.134713261559064934e-01
8.997544385487589169e-01
8.445841222830670070e-01
3.675725147683037708e-01
1.094731409033017799e+00
6.882915565483265219e-01
8.034858593812287397e-01
8.748013065887567663e-01
1.140958253861435123e+00
1.021850685010306847e+00
9.041422450061835647e-01
6.865084564729463379e-01
8.506943001419985384e-01
7.373501881236359523e-01
5.388264160314112372e-01
1.113154249707152710e+00
1.198734587253542871e+00
1.148299351499378673e+00
1.117806102754234976e+00
8.690393962848531606e-01
7.302783904427275763e-01
1.143360085490384037e+00
1.154638712635418063e+00
9.877716410544683523e-01
8.162605936158779940e-01
5.551199325435411946e-01
6.743258643023366528e-01
1.014418057620879887e+00
9.417182951991762696e-01
1.037960576850471384e+00
7.252862059072828771e-01
6.892882627383486449e-01
6.240166166273829473e-01
7.359055487134572582e-01
7.961738113820187035e-01
9.280182540017599679e-01
1.049495878652718428e+00
6.737422236646726237e-01
8.366714681550238009e-01
6.100497057191394124e-01
9.102799621005389641e-01
8.848286907198370521e-01
9.593052962247925475e-01
8.348409645849996785e-01
7.993757148555981074e-01
5.866463877190065679e-01
9.246204409605334185e-01
1.138593692966760162e+00
9.848051362220565652e-01
7.213020589790074544e-01
7.309960809941908888e-01
1.275512762720621529e+00
8.449455273668756705e-01
1.204626387827500977e+00
9.805640617105241263e-01
1.157059494962169532e+00
6.808918246290783793e-01
3.261906177179600408e-01
1.327072260551951599e+00
7.064028598343726761e-01
8.400995444861147909e-01
1.067772713994920242e+00
7.219747059538037526e-01
8.072856045687597515e-01
7.601103762289836974e-01
8.770837799587621886e-01
8.121780901026780519e-01
8.141941200235365272e-01
1.110771569697285743e+00
8.176264698789139640e-01
9.866735843500197278e-01
6.256142752541579144e-01
1.132837130439811268e+00
9.357168281609329341e-01
8.413667169772331977e-01
9.176470788899792064e-01
1.478301291239384696e+00
4.683147393662872582e-01
6.104306475332141879e-01
8.168125395553140766e-01
8.047935353613813181e-01
1.033548924339043884e+00
8.395969896898431983e-01
9.133498755745704800e-01
9.431914917549464317e-01
1.284276967240594258e+00
9.439654311975036460e-01
1.235939735800188011e+00
9.292665974923219885e-01
9.802559418236318489e-01
1.030865917764315576e+00
6.272400334635974684e-01
9.614458674355818024e-01
8.124647395055714094e-01
7.252561583861774075e-01
4.819614677926682966e-01
1.233725779271360290e+00
8.928771884241889500e-01
1.008142739785446107e+00
9.214941173326827162e-01
8.664169368597979259e-01
1.127620668316081654e+00
1.330018936770880345e+00
8.627953666213060702e-01
5.250551990812878378e-01
7.851651633108353012e-01
1.169932336224710934e+00
1.465351523096569464e+00
8.178240805547967174e-01
8.899889764717482388e-01
9.781913935937619486e-01
5.360027368022974859e-01
6.789783883304599810e-01
1.051206884416716836e+00
6.993360407976700888e-01
1.020981316467046263e+00
1.291004373290062679e+00
6.497075948896475772e-01
8.396219711448394962e-01
9.990096848340332958e-01
5.734999562160104647e-01
8.454293484590703622e-01
1.083364382223025002e+00
1.001548033764837919e+00
7.568680675720367290e-01
7.662670899487669107e-01
1.099314832521940399e+00
8.950577568756619140e-01
5.643154408356090279e-01
7.581575300206045975e-01
8.127094766427358508e-01
1.107906893726466002e+00
7.626039296738544859e-01
1.124864888028094256e+00
5.160883504388250609e-01
8.971697075957605350e-01
1.097420210687297004e+00
9.920657864813933191e-01
1.057328789011396486e+00
8.586969629872128751e-01
1.038935591364204214e+00
5.938101964216855322e-01
6.454404384939141925e-01
1.207746952501993043e+00
8.498978753392046892e-01
1.116998206880005950e+00
7.975885513444426200e-01
8.221586590684863971e-01
6.758949489255787757e-01
1.079405614597115370e+00
8.387733118556497391e-01
8.974118697364710240e-01
6.380753802765969374e-01
1.026022404008026356e+00
9.458567364343367645e-01
1.066606058140495916e+00
7.014850765325264526e-01
8.340337048946455667e-01
8.364636750573373192e-01
3.652991879623305183e-01
5.225539705846243832e-01
1.289829197600545596e+00
1.137356423997440302e+00
9.702972282264495929e-01
8.917536656544244877e-01
1.342152988141555259e+00
7.804459846536571099e-01
1.085605241579109981e+00
1.040856909919237738e+00
5.964158362318160433e-01
9.320664122968630450e-01
7.452879743693041625e-01
8.694722035273144689e-01
1.344388923467842778e+00
7.440296248792824807e-01
8.432494160826163876e-01
8.173075953539894467e-01
6.542769944183960407e-01
1.255452561478482831e+00
1.313730955313808568e+00
7.794512784361674607e-01
9.680535120850001229e-01
1.303675725276136177e+00
7.403818257449936713e-01
4.561446440792630841e-01
4.519527013603888421e-01
9.282963073052554748e-01
1.543339675051372373e+00
9.369416384063067316e-01
1.002810921645414632e+00
9.538385866623462217e-01
1.085323874450920378e+00
8.792525549015711706e-01
9.248060993586360023e-01
1.456450840168606264e+00
1.096584800358874068e+00
1.129520824318811512e+00
6.507332860333134850e-01
8.012407682027323785e-01
6.973982326976577717e-01
1.121061526198687597e+00
6.992950887208246868e-01
5.864516602059690609e-01
9.938488049613936060e-01
1.100735593460055561e+00
7.153093159248016253e-01
8.656354863603469285e-01
1.126801273168371198e+00
4.974333282223495356e-01
8.568621689853964662e-01
8.613789163445791930e-01
9.485788131819488100e-01
9.694991653060204273e-01
1.211250045526726771e+00
1.094731409033017799e+00
7.867616312153214997e-01
1.115405392177224231e+00
6.921695696860670211e-01
7.440013156097567970e-01
1.162729707559094106e+00
1.078588978201424631e+00
8.523557524467945123e-01
8.819359413143155191e-01
1.003694443705911432e+00
6.008701049063583932e-01
1.038582972653525616e+00
1.134322247569433006e+00
1.092664719830235054e+00
1.146489466606920526e+00
6.708653977503606924e-01
1.012638687693778294e+00
7.190361228740288491e-01
6.397714468848580971e-01
9.566507368854693105e-01
1.191816405917462518e+00
7.643743255773836065e-01
1.067457813057938631e+00
9.493128460907263033e-01
9.338671478321666219e-01
1.126907852823151091e+00
1.055013056674394933e+00
7.862783294520498956e-01
7.749333344712479033e-01
1.288059233834851103e+00
7.345222169431766535e-01
1.192627884271276750e+00
1.168861801596794203e+00
1.344214866623284266e+00
8.445081693680469570e-01
6.296882877607696827e-01
9.312948565114681498e-01
6.433662235027577392e-01
6.919414206345879670e-01
1.138006048392785408e+00
9.942236982184210481e-01
8.876805373540507249e-01
6.679239817064798190e-01
8.413667169772331977e-01
7.704269546005028113e-01
6.070281692190819811e-01
4.209151997972098158e-01
1.265495518111055873e+00
8.810026391744067986e-01
9.288942790184778753e-01
1.085918655059969096e+00
1.168613645785706812e+00
8.412754292470632222e-01
9.156231861396834093e-01
7.227425128555426959e-01
1.086451246366174850e+00
1.105887194295645637e+00
8.537289771567723173e-01
8.077609121612420173e-01
8.283303764728230378e-01
6.004640382413006794e-01
8.176264525616929735e-01
8.688387102821574226e-01
1.183316288011070361e+00
8.571220938467084549e-01
4.548102479346691207e-01
4.782731737327766686e-01
1.013020118626799304e+00
3.197980522804641512e-01
6.498388052211578891e-01
7.897752584540741472e-01
9.912309929720366508e-01
9.739961976082126549e-01
8.951465866724567233e-01
8.676351469475901412e-01
1.176426818764220172e+00
7.778126687330071398e-01
9.282124275232291888e-01
6.752185610412572148e-01
9.778866501576206627e-01
7.597658407021721239e-01
9.730410655290924193e-01
6.477588267288996171e-01
1.102844551530901551e+00
1.057914525217983570e+00
8.807466849151071031e-01
7.465915665298835657e-01
1.000248133036770293e+00
1.116713371543421651e+00
6.117796653972374932e-01
3.255170171599824358e-01
1.183022099187329701e+00
1.093963233241901367e+00
1.139145952166683129e+00
8.364896807123165523e-01
1.321732422812529562e+00
8.948515095496655247e-01
8.752774518501242884e-01
8.924062615176986402e-01
9.000384193214735484e-01
1.055501948283199320e+00
1.011121990664634485e+00
1.027290396077687129e+00
9.318921733113452177e-01
9.967635405588277653e-01
5.312731699297589261e-01
9.292511338142612765e-01
1.070438411981900817e+00
1.266624975872594039e+00
1.066590943690259419e+00
1.121906017460027494e+00
1.252673385406983142e+00
1.241258599254525752e+00
5.242692109057813799e-01
4.298003571186524985e-01
6.190163492628912856e-01
9.808538442644182398e-01
7.914806101028976082e-01
9.736771160375466971e-01
1.265478593692687337e+00
9.992895583926081349e-01
1.347595215962540616e+00
9.573504756909521074e-01
7.819087548412790856e-01
7.334039137239101169e-01
1.045789819709285640e+00
1.166342147371781879e+00
5.231597079167910058e-01
1.012122587065271473e+00
7.844940427522740789e-01
1.248827482832197244e+00
7.512082193699006760e-01
7.591040428967158471e-01
1.292624343208815363e+00
7.943500680725822383e-01
8.056796233752960834e-01
1.041502588559402698e+00
1.544643326343389411e+00
8.009616165127727561e-01
8.658790094319329667e-01
9.649278325258506817e-01
8.139287843649335441e-01
1.009965282332251801e+00
8.205558744996415133e-01
1.116447622514390448e+00
9.624013114576814854e-01
6.149752622423659831e-01
8.810971270819631940e-01
9.702972282264495929e-01
1.395467921848319026e+00
6.059729885942027883e-01
7.181217527694193636e-01
5.872228915915744807e-01
1.144675181430963473e+00
9.076846498266695207e-01
9.195729315210128263e-01
5.940429542033349719e-01
1.119036468752243829e+00
1.008674110835337645e+00
5.241679140345512078e-01
1.237742640993138910e+00
8.344317884649842254e-01
7.945266546547160580e-01
9.063831067713823408e-01
1.050194157719187338e+00
7.801121302426523574e-01
1.267286199898252530e+00
5.977299952333537947e-01
1.372301550514329227e+00
8.229317140155945065e-01
9.623436402571812209e-01
7.749432695847952024e-01
8.603038703440304413e-01
4.146867567326648074e-01
7.277264418783317979e-01
9.246594675727132229e-01
1.270087916534726302e+00
9.552012550521544743e-01
1.124052636422409268e+00
1.179912764478143750e+00
1.273975878945447615e+00
4.455231210264190556e-01
8.583788544098577278e-01
5.317304877787750739e-01
7.620841703342496887e-01
1.210091188579439647e+00
1.108702795352556336e+00
1.205370317569369076e+00
9.737743272831422825e-01
9.787495233341663159e-01
1.118631805585717398e+00
9.817668458339802173e-01
8.218768368964560755e-01
1.044853553949655955e+00
5.945570839642089211e-01
1.222552531880573001e+00
6.890553064922313453e-01
8.121780901026780519e-01
1.097035454312988323e+00
8.997662923299167836e-01
5.483347937100930825e-01
7.341914274862766376e-01
6.450100213676294159e-01
1.070525802318176289e+00
1.259387562372100922e+00
8.387753817577177085e-01
1.031284618740043291e+00
9.073266180601337050e-01
6.447777448421173618e-01
1.333096593677486563e+00
5.146228605009915968e-01
7.629112756847844512e-01
9.483083365044047142e-01
9.398903623173621158e-01
7.411867720410940663e-01
1.457155159698720448e+00
1.180410799687852119e+00
8.342591696242621646e-01
1.115405392177224231e+00
7.105535674215346376e-01
1.049400138846015684e+00
1.296189789206729781e+00
1.306482184775490385e+00
3.362999378475699519e-01
8.379941720699666252e-01
5.040224245967974692e-01
6.702694071637678164e-01
3.059197647070355797e-01
9.536197587291728173e-01
1.148320744206896560e+00
9.339663846477959108e-01
7.833307471366524055e-01
1.399577208077503299e+00
9.081729443692512227e-01
8.997662923299167836e-01
8.368261410237752829e-01
1.194767281872185949e+00
1.071372461596139525e+00
1.015253083788319577e+00
4.012466807776159938e-01
7.653898668126242200e-01
4.207389687340767903e-01
9.802555357470491559e-01
9.992774443574737875e-01
7.566216338918162476e-01
8.123016242131215758e-01
1.111323160454782188e+00
1.831505875064408428e+00
9.010569139837799613e-01
1.139934779553464228e+00
8.324251531840782814e-01
8.736320015528413752e-01
7.710350041234861340e-01
1.289829197600545596e+00
8.296909216814599697e-01
7.401415889733177211e-01
7.227171372879934719e-01
1.032564631704797620e+00
3.345339899822275531e-01
1.160888822629521533e+00
8.462363291058722092e-01
1.035057184859857538e+00
8.227799886150665154e-01
1.227240624656609436e+00
9.722619331803667997e-01
6.089354798431042548e-01
8.503335791651744913e-01
6.782793264464438421e-01
1.136406797348552988e+00
8.136148172355888164e-01
9.324054985331665657e-01
8.722739840259902122e-01
9.816734748704153413e-01
1.117050818822133973e+00
9.857678812246125633e-01
5.591581537035754668e-01
1.129321816673171330e+00
6.752592917089144109e-01
9.603839756069970646e-01
8.200205190417699797e-01
8.188009272822568407e-01
3.422031832798537732e-01
9.846570807016540305e-01
1.107079977330609033e+00
1.032391532738131223e+00
1.212720948478021699e+00
1.471390664413865679e+00
7.558168999400821653e-01
6.585719336981663563e-01
7.361125225719379328e-01
7.590921163520657489e-01
1.461481767727718761e+00
7.151548893989393418e-01
1.142502797671962167e+00
9.128324662689006885e-01
1.251085346355402361e+00
1.268184374006745552e+00
1.003824747213768465e+00
1.062990410470293190e+00
6.590896960891932110e-01
9.277938932474997236e-01
5.044219373494679415e-01
8.822024269463099033e-01
8.703696009359570551e-01
7.792416384049296596e-01
1.008693844661486594e+00
1.048885453577256932e+00
9.486422455738680037e-01
1.100659844199279425e+00
8.431339188531511430e-01
9.626313187144606154e-01
7.624662167570585014e-01
7.598083922981003768e-01
1.097213614959780426e+00
9.919857471482350642e-01
7.365922477991443396e-01
5.902227221562084125e-01
1.265426006579596363e+00
9.537476362259215135e-01
6.706798809681316920e-01
6.652781691882417858e-01
8.663956276438258275e-01
1.103385229601164363e+00
1.004206715418600293e+00
9.084345590775654289e-01
7.769273523732689313e-01
1.381724102525164755e+00
1.157438164593709296e+00
1.165219034483568228e+00
1.212551704322940793e+00
6.524761195936388258e-01
7.893255724184884414e-01
3.629607961565104457e-01
1.492460590137173471e+00
9.778182774157970769e-01
1.115405392177224231e+00
1.086544554711748711e+00
4.894913637847699839e-01
1.427162632910734530e+00
7.966208579208111651e-01
6.083415755330129349e-01
8.454034068843567784e-01
1.137057819229720490e+00
8.454535903364874816e-01
4.711707671432303068e-01
1.408459182097871354e+00
9.524206541554059990e-01
6.720921855555899160e-01
9.707627013885895551e-01
7.774345163631168898e-01
