5.248949256436531430e-01
3.863106888582040765e-01
7.071531288794953296e-01
1.054394761669204206e+00
1.110300801013450078e+00
9.924076066975483501e-01
1.068522014298631362e+00
9.562098617423655522e-01
1.055177050351041146e+00
7.821105179587433121e-01
6.976997511294608101e-01
7.585755894914099073e-01
7.486919768535967856e-01
5.198109652892830557e-01
6.711669660365636725e-01
5.338766106415284707e-01
5.310029126439869129e-01
6.492347400759973519e-01
1.033890689548539354e+00
2.285550429534590477e-01
5.009079161861330620e-01
1.050048213399233266e+00
8.813485649854233550e-01
1.068522014298631362e+00
8.050204534140442680e-01
6.426098957895074459e-01
5.926873975474123979e-01
9.782994332116790037e-01
5.822932755255293413e-01
8.482744476553377710e-01
1.112109579849976493e+00
8.908719325770078079e-01
9.673752189308320037e-01
9.037031301232585356e-01
1.110734371127740872e+00
7.650364717759431388e-01
7.284941995295061146e-01
9.009837193737587624e-01
7.746202619997157868e-01
9.342256192455516972e-01
1.073090644641457425e+00
1.049080010596123547e+00
8.777675056512749263e-01
1.004971947496039242e+00
1.218856849905566309e+00
1.100066624492570533e+00
9.348397026937851351e-01
1.136398562550122504e+00
7.232459046649040157e-01
7.379441178007410951e-01
1.324725111571663616e+00
1.281744920193596649e+00
1.423626427458936972e+00
1.159168213840775730e+00
1.254054935144223615e+00
1.072146853397269783e+00
7.840507930526823266e-01
7.941569852199971136e-01
1.048886584252826326e+00
8.315759690287843897e-01
8.706919857342860780e-01
8.904535955534664815e-01
9.362243465016040211e-01
8.169275579138260968e-01
9.329488663629661449e-01
1.065586514259349471e+00
6.624911149558533330e-01
8.624202138752711244e-01
8.048306348680849265e-01
7.840868148662014647e-01
8.175537059821671448e-01
5.073256127341777555e-01
6.798021753586034333e-01
8.791692567678620618e-01
7.907350049751071808e-01
6.594958502348612361e-01
8.560181377528084390e-01
9.192800222126442655e-01
3.697474621916012061e-01
1.035144878533252877e+00
7.691740405794907920e-01
8.521287004382733787e-01
1.184182182374253323e+00
5.536376309731310119e-01
3.475002771700956838e-01
5.932849062218501501e-01
5.582191349353265997e-01
4.925519816553938224e-01
9.051890109460983824e-01
8.468853519441117417e-01
1.174646129284723006e+00
9.966964674635133692e-01
6.362849009163277225e-01
7.006788033164076390e-01
5.967910484448626374e-01
6.354793570292575078e-01
6.849313164657758746e-01
8.523414879077929607e-01
6.704023888273457077e-01
5.468258126362620652e-01
6.007826807610004982e-01
8.273431070572881962e-01
8.295549318221814294e-01
8.098720453840335676e-01
6.152948629043423212e-01
1.171501483551464995e+00
1.104337622128752416e+00
1.259050801355790394e+00
1.053418530484398596e+00
1.069392418846903947e+00
1.356955841009600094e+00
9.682533537034913040e-01
1.077766568511382195e+00
6.492100430758421803e-01
9.027470834370663333e-01
6.995300082951896314e-01
1.024764838019559310e+00
1.188222071459844154e+00
1.058317847722791694e+00
1.154073141221107601e+00
9.284823248124551842e-01
8.274634478728600806e-01
8.830358365177077840e-01
1.150571941776966201e+00
1.010625547011176684e+00
6.600059406132623430e-01
7.912849412267127791e-01
9.176982100541883902e-01
8.406281948762555079e-01
6.629800952675680703e-01
6.919853064257283082e-01
7.185261709488776072e-01
1.017797806081687684e+00
7.727613136689037709e-01
6.287831999254933635e-01
8.136559529143142511e-01
7.100954319870906861e-01
8.132294678536996502e-01
1.334461929187406248e+00
7.165952977988637729e-01
5.783271302059552754e-01
7.046421805275698835e-01
7.585755894914099073e-01
9.570141654448347523e-01
7.937506912412324311e-01
7.803225098247789093e-01
1.011404149127518082e+00
9.584653269896518113e-01
7.161442496067197405e-01
7.765941760273817884e-01
7.681700325146392228e-01
9.049490223435887604e-01
6.678314855166400665e-01
7.072703527715598071e-01
6.420055528863460870e-01
6.864465293370500820e-01
8.253026554658222658e-01
7.654138948009928667e-01
5.551684594638346404e-01
5.956246680060636178e-01
1.087241741248502258e+00
3.967830747786139090e-01
7.170770425368797607e-01
9.820712171928726031e-01
7.998516010862698478e-01
1.101415528388366427e+00
6.454778219507466552e-01
6.606190915993551682e-01
7.024669113964906453e-01
7.769123509071671485e-01
6.262451787897306277e-01
5.441235011119955889e-01
5.986121926474128330e-01
6.648396420871733881e-01
8.119526910118339824e-01
1.208328632991910290e+00
6.767560318969679800e-01
6.167624448837316642e-01
5.382544426271087534e-01
7.518915152162189974e-01
9.838262300327282883e-01
9.081754795858737461e-01
8.354840951866520093e-01
7.478717621550280414e-01
5.618948938984538177e-01
5.916600316303601836e-01
8.106414103632613166e-01
5.580913542307959219e-01
7.982055849762751398e-01
7.617243299432153725e-01
7.077102887156432320e-01
8.237888503343988589e-01
7.678589765309880022e-01
9.077407378531854310e-01
1.103980439380150225e+00
7.869067508473691630e-01
7.637696850471130672e-01
9.973371676237575700e-01
1.275613544538286792e+00
4.560169301904539729e-01
9.849618290747238492e-01
8.823966502444412496e-01
8.996538541053104021e-01
8.834929653868478505e-01
6.230444513864537015e-01
1.061147398643147444e+00
5.993269283739900422e-01
8.181415921561716598e-01
8.793957650526994518e-01
6.719332891994856949e-01
1.184675386115350504e+00
8.971473275707165795e-01
7.427292894236983134e-01
5.799386167044223717e-01
8.086057809332768409e-01
8.424540237129893860e-01
9.010788602100180400e-01
5.368153501628629698e-01
6.510675471093632094e-01
7.067138851454610737e-01
9.674300556871912038e-01
6.532106101878416560e-01
7.323706652524455407e-01
9.216629914336953444e-01
7.835108627480368293e-01
1.345933250187518970e+00
3.431128591149525398e-01
9.198250303103233660e-01
7.880331353547462836e-01
8.402143369622755431e-01
1.190626036861848647e+00
8.307259351819382687e-01
8.980915440918665338e-01
6.797209499911477382e-01
8.693171155449134213e-01
8.289102730767757832e-01
9.746121644896201808e-01
6.917609181783365147e-01
7.763115726154358187e-01
7.854942519619707575e-01
7.947116932422696456e-01
8.747979708020781064e-01
4.771825419370261390e-01
3.395426777625238923e-01
8.177495741436386911e-01
8.976664008193635524e-01
1.041525302842532641e+00
6.651505811979788740e-01
7.100954319870906861e-01
6.799375941186349692e-01
6.604912578806353407e-01
8.929228071144110768e-01
6.813219534663155219e-01
9.425844257360952438e-01
8.639482440203370972e-01
5.614327788794570839e-01
7.871971223421466712e-01
1.074103695158772576e+00
9.961728702064989172e-01
7.760644632976100299e-01
8.314139237286374273e-01
8.990377502174440316e-01
9.872980222363612057e-01
9.386444622361533874e-01
8.308877123845053170e-01
7.193742038601306232e-01
6.867780125705327254e-01
5.729105915733236909e-01
8.242662937637159626e-01
9.454564075329753292e-01
7.544508913123972871e-01
1.004617000964077134e+00
7.994020147256424291e-01
9.776829521297970560e-01
8.335661625660710783e-01
7.360663164141179049e-01
9.959403368567775194e-01
1.009907900608186360e+00
1.088420510993478363e+00
7.750775971832389866e-01
1.359875188237269938e+00
8.441207642881460860e-01
1.099570492389519982e+00
9.240583470885126438e-01
8.962050943852197804e-01
8.975719791931071612e-01
7.487905235335967635e-01
7.777195619971445650e-02
1.027609367372018107e-01
6.237959579070045946e-01
8.259816867862617151e-01
6.338272900682514477e-01
5.591152408720266864e-01
9.668819677286125680e-01
1.371238439046901680e+00
1.106485581715361821e+00
1.090994925038531127e+00
8.967701966464052266e-01
9.809422699377939869e-01
1.193540360331333705e+00
1.186569812443700300e+00
1.026675907620630435e+00
