1.156967908099636677e+00
1.285994545428207347e+00
9.951273243368944366e-01
7.563567458064943683e-01
1.198906470837916238e+00
1.016222080051074173e+00
8.028995865815646837e-01
1.340541482395549266e+00
6.395755363655276637e-01
9.674848986608695078e-01
1.294873566948235188e+00
5.237030076217545904e-01
5.725262039108235390e-01
6.698498160129421342e-01
7.696249656089171332e-01
5.624689741077627536e-01
4.799874455050550659e-01
1.068455118786560964e+00
1.020231564584991535e+00
8.839505677929113681e-01
1.416184018950936707e+00
6.908927865103124955e-01
9.832027660086266607e-01
9.865560791015515196e-01
9.105497312264707599e-01
8.320624841488829526e-01
3.981345031581612348e-01
1.096321295842342058e+00
8.282666155000116825e-01
7.055452318151945734e-01
8.799852331843736053e-01
9.022221194955455381e-01
1.035773114788962834e+00
7.906617378910234528e-01
7.490863192897222467e-01
6.177447284315249476e-01
6.595213360272728087e-01
8.003016934292022100e-01
1.023781260490566281e+00
6.983278207937206883e-01
7.109236695983395249e-01
7.204674777261794727e-01
6.982421083535610418e-01
6.858947677991213965e-01
9.138652536748455013e-01
8.822598021287085812e-01
8.800306096208807549e-01
1.399576317236160383e+00
1.090716023031746751e+00
5.724493882661167987e-01
8.962992286317807977e-01
1.103552124951680646e+00
9.185873089174734218e-01
1.034705566410679012e+00
9.184884350884094939e-01
8.558464275802487586e-01
1.267089881385235595e+00
7.863991158592635866e-01
9.702901593255864876e-01
9.292406409875716422e-01
1.006869239668303218e+00
1.143479639020284155e+00
7.793603805086191105e-01
9.540716464880220071e-01
8.664043868604801579e-01
8.109495658055470013e-01
1.071944828363654123e+00
8.449147785720946269e-01
8.961580346764198568e-01
6.582240671234858009e-01
6.950288581705452717e-01
9.251102348426789579e-01
1.062468630540854164e+00
9.496123754939761463e-01
8.167711707287743650e-01
9.739447361968691652e-01
5.782487501652686657e-01
9.408177294585302608e-01
1.078447621635244102e+00
7.255519773989346222e-01
9.986794787511111826e-01
7.106276487499060268e-01
1.134359163335177056e+00
6.768097086126958484e-01
9.702349978611563008e-01
1.165660379234870536e+00
8.027485236301852289e-01
7.184959210364054716e-01
5.232694653496163806e-01
1.080154026099857001e+00
9.357623430407796539e-01
8.792598460781937408e-01
6.019693701237254224e-01
7.476751779715122836e-01
7.066553605390145654e-01
1.018769914778995922e+00
8.394704187101692527e-01
9.849618290747238492e-01
8.063135978634479173e-01
7.514942145476767310e-01
9.490315082231962629e-01
7.700416736171881160e-01
9.601369120887616182e-01
1.009131599596602369e+00
8.177495741436386911e-01
1.175536135306360253e+00
9.712288648063817087e-01
9.387477234531209636e-01
1.388530926074179606e+00
9.856444477261182557e-01
9.508821936916501683e-01
9.243586422779472844e-01
1.245452354402520667e+00
9.794223020015919712e-01
7.175594354346509496e-01
5.878692987626240596e-01
9.454040334798217149e-01
5.477032609877323655e-01
7.422124733572993405e-01
6.789097626055270451e-01
9.511471667155848575e-01
6.609005000339905900e-01
9.233084620416435184e-01
5.826113273607257392e-01
5.222606528054880570e-01
8.600299139476788035e-01
8.924558705421606897e-01
7.926815426092772565e-01
6.371876348707339321e-01
5.834678158077859500e-01
7.506348351679160702e-01
6.558715503776849642e-01
9.448806119132842074e-01
9.005083163981499883e-01
7.141962509364638834e-01
5.969998115359338442e-01
4.910214809211881914e-01
7.835108627480368293e-01
8.031640835981805893e-01
6.526860032269290457e-01
7.263239397530636410e-01
8.680790240273519309e-01
9.079822096391646502e-01
9.105497312264707599e-01
8.706919857342860780e-01
6.137018092120443136e-01
1.278767691621290226e+00
8.578683830490470008e-01
1.104909595518434484e+00
7.319623268304057406e-01
8.803937896506442984e-01
1.153371197700732376e+00
7.592505388547796663e-01
1.388305020123463684e+00
8.718484604024386853e-01
7.057494670572218576e-01
8.055524219946067488e-01
8.462974120984697590e-01
8.099873570184024096e-01
8.078020358961394143e-01
3.318703667939278401e-01
5.662011018637694848e-01
6.392162108085598371e-01
9.068725018533259075e-01
7.165652102438485604e-01
5.423942034761716213e-01
6.429730479741453397e-01
8.169666640678669989e-01
7.304585521476519849e-01
7.262621223191513264e-01
3.474932016447323524e-01
9.380253716817489318e-01
7.304585521476519849e-01
8.984697874376278426e-01
4.778104488598952648e-01
6.813763569440548507e-01
7.958605489823604717e-01
8.400902590390223468e-01
9.001758327115215730e-01
1.245634158994068930e+00
6.723303503142822324e-01
1.990718956302080844e+00
7.745851047237207743e-01
7.474786971083452469e-01
8.086824115038732108e-01
6.470195098903490649e-01
7.576999472730304719e-01
7.233991866894600165e-01
5.146227305243114003e-01
8.210147501985731733e-01
4.680351473337466817e-01
7.235832109038302651e-01
7.504697951883267937e-01
1.029649086719622186e+00
7.962690063163224696e-01
6.841350762598308322e-01
8.425372044025344342e-01
8.459618128471170229e-01
6.774007149471198419e-01
6.210266588689544731e-01
1.048628793387265112e+00
6.396474499598119312e-01
7.495469108163616001e-01
7.633597357596161315e-01
1.107059782847543916e+00
6.306186901813449763e-01
7.463998955774213684e-01
1.069660520988890084e+00
7.107756283527442154e-01
1.696633225209040585e+00
1.139281282535229645e+00
7.031905073085182867e-01
8.432865704307610510e-01
7.933816936626721938e-01
1.079812313342470187e+00
5.052678927192391090e-01
6.474859098709211391e-01
1.318584069564841199e+00
7.967522694854219933e-01
4.856558894845832142e-01
8.424956120046275254e-01
1.147631874949750497e+00
9.702349978611563008e-01
1.169174050310182844e+00
7.475114367473058019e-01
9.176488661349466724e-01
3.699799170217165645e-01
9.691881204144323636e-01
7.768769852684694888e-01
7.199204257309432808e-01
1.060553915758000176e+00
1.079812313342470187e+00
1.455062973175695884e+00
1.276472222316958893e+00
5.168670647923238048e-01
6.612077646111247375e-01
8.583429870933833028e-01
1.249647331945356932e+00
1.057268839820204365e+00
1.094563469239208553e+00
8.605069133453204788e-01
8.890156593414459962e-01
5.615066661965434358e-01
1.002139378295815675e+00
7.874150416341118008e-01
1.146167468930674227e+00
7.165351252152885042e-01
6.173425072301588212e-01
5.884571275214722785e-01
9.451945952801141804e-01
9.341233504311844404e-01
6.195837216328822228e-01
6.690357760938390186e-01
5.954584143043766264e-01
9.618143379383305991e-01
9.668819677286125680e-01
5.598488916276650462e-01
3.510672785546610775e-01
7.138676376114837518e-01
6.882736575406411816e-01
7.197989714204023892e-01
8.611582204247522077e-01
4.901893845466951949e-01
6.542372771746430837e-01
1.042161309988870244e+00
7.790757606307742167e-01
5.896974400462230426e-01
8.436617535408443835e-01
8.746634692690518076e-01
7.047003721355082906e-01
6.996447182543245047e-01
9.978036489930858233e-01
9.717818934277269172e-01
1.033890689548539354e+00
1.050112823798778017e+00
8.591639957902605929e-01
6.498032901453602017e-01
5.817771812639420670e-01
7.795027684469598706e-01
1.006631686467956976e+00
8.474320280241193215e-01
6.535357897058183818e-01
1.653083457223725183e+00
7.949337934872485745e-01
9.765081886123327948e-01
9.737780219318578068e-01
1.029462758618514995e+00
5.003498669670097820e-01
9.286338890182684880e-01
1.005149514834662750e+00
1.282804691249078477e+00
8.035044073624171279e-01
1.105124238320128072e+00
7.961575672876348708e-01
7.684467383663261542e-01
9.443577696092153584e-01
1.051471481262876040e+00
9.773470170872602392e-01
1.253134122356835078e+00
8.397182450490917605e-01
9.504585437947059567e-01
9.660063175625595022e-01
