1.050306702712643370e+00
5.782291584745972157e-01
5.613773761513679572e-01
6.778850338567581346e-01
5.568167573369572354e-01
8.234708618758860288e-01
6.630831304832441875e-01
8.807572695658637540e-01
6.683283839433638018e-01
5.855497705475104508e-01
9.121557248732090617e-01
7.470860450174110490e-01
9.958822204806990763e-01
7.859283266119152511e-01
9.623566940553591742e-01
8.009026051141648894e-01
9.859861119866969448e-01
1.343284817975422207e+00
8.827617861882656181e-01
1.085512887188508913e+00
9.286844214168655798e-01
1.087241741248502258e+00
8.328339650779689185e-01
6.225217440225329080e-01
1.107778372866268901e+00
1.178621105827191817e+00
6.691931777586064278e-01
6.739499116367625442e-01
9.041819132385557900e-01
1.034705566410679012e+00
1.210986561582185539e+00
4.336755422046029151e-01
6.738434718828814063e-01
8.159511193525406103e-01
7.148543860424620977e-01
5.981086988286864470e-01
4.850761337116715199e-01
9.756150238597003366e-01
5.532248569606060817e-01
1.207217486905123982e+00
5.701163725531230853e-01
7.398315247259293903e-01
7.037414379768973660e-01
7.603668350357647432e-01
7.465958096319934567e-01
1.134736277418732842e+00
1.172628391670863079e+00
8.682998530845962293e-01
2.306025512428080682e-01
1.023412905515575622e+00
4.700202041414965892e-01
3.868185315588789641e-01
3.909638829744603583e-02
3.898137002895716435e-02
3.898128099197539081e-02
5.035133402088745602e-02
3.733183190029145532e-02
6.020628086746820234e-02
4.188287428187332379e-02
6.453020967201722469e-02
3.509589868466261864e-01
6.663191977658899923e-01
2.777513811112009012e-01
1.652763278363135635e+00
1.475186585908698778e+00
8.541758564753622052e-01
1.325136548829702665e+00
1.282322759965266901e+00
9.321844883317532693e-01
4.524025451271800335e-01
9.120094913898220135e-01
6.787207640635410932e-01
5.302110604069136812e-01
9.312688864115321596e-01
7.979816529844175887e-01
1.080769654383999745e+00
8.901284938391352819e-01
9.350445766150415894e-01
8.855559159598245245e-01
1.002551466391220059e+00
1.050048213399233266e+00
8.003392239907024530e-01
9.191809992124597706e-01
9.960565899601809825e-01
9.378707266240444707e-01
1.260352530269384763e+00
7.084741422382722087e-01
8.662284850460734154e-01
3.594371140535738696e-01
7.206500131905133610e-01
1.259701329523009949e+00
1.174807848308511149e+00
1.079061305790196101e+00
6.335449406926177973e-01
7.979443432007546910e-01
1.503120804331314009e+00
1.079880638596414588e+00
1.117717834329539528e+00
9.738891584328771556e-01
1.281937475578587726e+00
8.543896677035164311e-01
1.285316584755064051e+00
1.251021376072257718e+00
1.286964302268135185e+00
1.067987084629395511e+00
9.759497691072075432e-01
8.007147232981953744e-01
8.143159467686678088e-01
9.313705311273596799e-01
9.822407834462009157e-01
1.470356992537067198e+00
1.448517536273785433e+00
1.262683753505307704e+00
1.254147090856682745e+00
1.405801780261757949e+00
1.661451870363876537e+00
1.222961921345592451e+00
1.793823167161839205e+00
1.162246909042341070e+00
9.862710131979739447e-01
1.122422467108039168e+00
1.129554147354407290e+00
1.025380534269270560e+00
1.107203426260395585e+00
1.309177171860826938e+00
1.268125547063288838e+00
9.345837365082819703e-01
8.951239700187632042e-01
1.045417066608131051e+00
1.159089487393218043e+00
9.409733479835551417e-01
8.613320688592782659e-01
9.829762476890762102e-01
8.540048845265081345e-01
8.488651386410216437e-01
9.210660916605181159e-01
5.280619329922874305e-01
9.347372993963051213e-01
7.455195532228612310e-01
1.034266627015195450e+00
1.036590962850931552e+00
5.736037916303478035e-01
8.724278505458408217e-01
1.157360206996998375e+00
9.163677841697669413e-01
1.104623534781730587e+00
1.373556025141065451e+00
9.989717637776713843e-01
9.766199492061652387e-01
7.174991008314866026e-01
7.699027208182315229e-01
4.942208274174024196e-01
6.068065284400975257e-01
8.889693516188007516e-01
8.119140633861913203e-01
9.208176115451461863e-01
5.729105915733236909e-01
1.011943884516913306e+00
9.305579941318286030e-01
9.217127680048466942e-01
9.311672638791871348e-01
1.054134256477933240e+00
1.170376739293494506e+00
1.403605034326650403e+00
7.360345716296949892e-01
1.057989809210696075e+00
1.388643906621459756e+00
1.502856077173101434e+00
6.272809796147218453e-01
1.318685953668500721e+00
1.237146329277110546e+00
1.220076752386169527e+00
1.450610591787313108e+00
1.287158429170958573e+00
1.179272637671209267e+00
1.200762232630531168e+00
1.067987084629395511e+00
1.080632787461390576e+00
8.356886501017402047e-01
1.019439317387117683e+00
1.088628794563866853e+00
1.694779901924303722e+00
1.194961042737553658e+00
9.426364878419076776e-01
1.499950220810136958e+00
1.300795244845864174e+00
1.819643204219824950e+00
1.472640746602618123e+00
1.174888724520015248e+00
1.230634093768224524e+00
1.196301248589495270e+00
1.346039404714704402e+00
9.837695188135658908e-01
1.116840102897568077e+00
1.003730730599172949e+00
1.001727628830060501e+00
7.500410306925260340e-01
9.956498227861700911e-01
9.814499748333855855e-01
1.164467358923153562e+00
1.288227174847353274e+00
1.119110400811655026e+00
7.318053948105887052e-01
1.115015916136008034e+00
1.143786181380453071e+00
1.156732656389978242e+00
1.051341933861746902e+00
6.257400312523919705e-01
5.993900752424309308e-01
1.125457241649811202e+00
1.129628912654073281e+00
1.257473740965055820e+00
1.210127888561138620e+00
1.201438480280023979e+00
1.133906957170802032e+00
1.204491044701654356e+00
9.667724246517724884e-01
6.523616686050892621e-01
1.066652100773608725e+00
9.269693994013219474e-01
1.084202630860665817e+00
1.139813905855723064e+00
8.657890428357213342e-01
1.077086375031728549e+00
1.014892579232739012e+00
8.449566101781235128e-01
1.334357592836414419e+00
1.174969611867658470e+00
1.202878038650813330e+00
1.474167194642630907e+00
1.009310640036533258e+00
1.152514425471214077e+00
7.259223144354631785e-01
6.221586384884889576e-01
7.121993745515059482e-01
8.419968233448981154e-01
5.602532208120851731e-01
3.733550701664312688e-01
5.116911106160687561e-01
7.090628448368332393e-01
4.811919139588276551e-01
5.429118375179812356e-02
1.885689587578336934e-01
1.358359886371994785e+00
6.909207567457891219e-01
7.125859545877970547e-01
8.134620406281096727e-01
1.205512016131788933e+00
1.650685135155985916e+00
1.041652442161727254e+00
1.007701559540490122e+00
1.184346537985963899e+00
8.684324044564288858e-01
9.509351764850805244e-01
1.344152354323746024e-01
2.984738035358739938e-01
2.321395251826455786e-01
7.689314535876431433e-01
2.003220096528873506e-01
7.172578638470934465e-01
4.967237211821916021e-01
2.831992036967581616e-01
1.982693822086938340e-01
3.660675149048226995e-01
7.003625087154358164e-01
1.116986295724703204e+00
1.130152547008657526e+00
1.002610363786731407e+00
8.800306096208807549e-01
1.018344388828554159e+00
8.997961518625897659e-01
1.250929679130523997e+00
9.319808656824889459e-01
1.215125212700444157e+00
1.061939743163321515e+00
1.059105970732142188e+00
7.162043565562020708e-01
1.208842159822760998e+00
7.911015441699225104e-01
9.383864085543376365e-01
9.830328674833097580e-01
1.354586364979580848e+00
8.482322868975019636e-01
8.988956922141441153e-01
9.472405845799933832e-01
3.930999334879128893e-01
5.667463757306725469e-01
8.934837763665641752e-01
1.124493220819512418e+00
1.399576317236160383e+00
9.030814695934881176e-01
1.209613269004021330e+00
8.895253628884468577e-01
9.768435471568737150e-01
6.299436591014964115e-01
8.373697861919306984e-01
4.648607744498608474e-01
4.628938569632412015e-01
1.070801456417225461e+00
8.623766352894259857e-01
8.070380485353828570e-01
1.005919698949530705e+00
