9.799847035531289441e-01
1.121684759275566101e+00
1.028532128751747043e+00
1.213828848675514882e+00
9.104525800148166592e-01
7.368608269236103236e-01
7.551519297512274687e-01
7.093870484819078115e-01
5.424459224581317240e-01
1.076474934551390206e+00
7.749368211586860067e-01
1.018648299652485267e+00
1.162326064998824515e+00
1.455075378967996824e-01
1.358370697982134445e-01
1.464025118585744190e-01
2.356753933905646470e-01
2.761648210682827731e-01
1.104838066445118061e+00
2.747465848701279301e-01
4.363812322579901926e-01
1.162088629468728040e+00
1.063461715626728532e+00
1.023904104414311345e+00
1.345010411813482576e-01
1.085443847381398985e+00
7.938983863970665578e-01
9.016977657514524402e-01
1.090974002440516927e-01
1.017130556789900497e+00
7.600282169840899549e-01
1.957025160238715367e-01
1.472259628396975550e+00
7.248432198928748127e-01
9.639329913797086702e-01
7.799302446018526735e-01
1.501824531615985614e-01
3.479891852533030239e-01
9.839964029276833113e-01
1.068321352887495523e+00
7.441218056410612292e-01
1.045545157898532196e+00
9.054291268702711060e-01
7.803581898663802807e-01
9.511471667155848575e-01
8.302005940739280998e-01
1.629720551220181335e+00
1.188967090175403252e+00
7.156337475837696305e-01
6.932502076682808267e-01
7.954525104813675584e-01
6.763269244819585246e-01
7.194045277737950439e-01
1.129778472949671597e+00
1.035961734392238709e+00
9.350445766150415894e-01
1.214433474160516724e+00
9.369439260157967908e-01
8.081845722582629010e-01
1.012424133142180604e+00
9.352495403538874097e-01
1.085927310535615975e+00
7.078276974151938017e-01
7.614524433310015938e-01
1.099216386215235097e+00
8.137723446680211747e-01
8.571789860561396246e-01
8.551174272160406709e-01
6.948873620674974605e-01
7.043222983936997528e-01
9.049970098832187393e-01
7.700416736171881160e-01
7.354319405488984884e-01
1.103909030554834247e+00
1.062071915637422537e+00
3.878294196654412107e-01
5.843668417181215879e-01
5.747822178491761580e-01
5.694885748924766178e-01
1.148945308494529360e+00
8.724724509165042718e-01
6.478545956184845744e-01
6.998168537490360164e-01
9.493482567935550565e-01
7.617243299432153725e-01
9.740003203046306846e-01
8.990851128636466738e-01
1.063925790934339588e+00
1.117717834329539528e+00
9.846208741924501462e-01
7.447062709943595982e-01
1.155479594609190253e+00
8.938113340514162175e-01
5.492544288226615112e-01
9.715053004142846227e-01
1.110734371127740872e+00
9.038945825103404941e-01
6.154279907820755513e-01
6.080604842832415535e-01
1.117571449962526442e+00
6.179684112096802684e-01
8.665803601288584179e-01
5.460035707962291873e-01
4.144148805880661368e-01
1.035207667862291681e+00
1.051406703571817314e+00
1.034141284153047291e+00
1.055177050351041146e+00
1.093721713174682142e+00
1.363678275060147049e+00
1.401185025646776605e+00
1.044521305610976114e+00
9.067279573040984975e-01
9.751133363260049425e-01
9.123020052588730611e-01
1.057465370368532165e+00
9.952433877057231815e-01
9.235083123581028230e-01
1.215471377564115052e+00
9.808295179527435348e-01
8.446638758910041123e-01
1.102482791497269909e+00
1.060553915758000176e+00
9.125459101902331227e-01
8.766403129431754593e-01
1.142714001498342125e+00
9.053330652155184843e-01
1.000201231458579310e+00
8.455845816963653006e-01
1.129703687851839389e+00
1.104766546632427460e+00
1.057399852068013679e+00
1.059040248984036037e+00
1.096532614519258653e+00
8.892472703406492096e-01
8.872132258462122056e-01
5.285689300166545035e-01
8.251031527933543330e-01
1.001316217576727174e+00
5.456195406623529642e-01
1.035207667862291681e+00
4.510037687264538131e-01
7.992148362076304524e-01
1.001081277122110480e+00
1.123087234297034609e+00
1.192872972137956067e+00
1.027108426358795068e+00
7.110125239502452787e-01
6.331688659337292302e-01
8.194772693929578411e-01
1.000905144119274004e+00
9.885561638309626753e-01
1.021513952976461415e+00
4.821707476303924156e-01
1.047213205643845013e+00
1.283094023936376171e+00
8.285480926486911146e-01
7.386467696333148814e-01
9.695184691460398962e-01
1.295561649766775680e+00
7.806794571326902688e-01
8.791239691123339250e-01
9.492426504465063530e-01
1.182213467191586265e+00
1.090228287490592640e+00
1.068588918187824088e+00
9.187356595810582949e-01
8.692728371811612176e-01
7.910282091484467371e-01
1.038230539748006942e+00
9.369439260157967908e-01
8.257019503787188519e-01
9.979786920284040574e-01
1.025195747724979789e+00
7.706675824058585311e-01
5.019834582145343838e-01
1.869269837062184081e+00
1.878942377229741112e+00
1.422202801031478225e+00
1.599778178888052071e+00
1.811338740434911943e+00
1.560430978547841407e+00
1.155714336857705637e+00
9.510411597870012113e-01
9.891864378587921225e-01
8.606370959343287996e-01
8.869365768827428553e-01
1.140042325476134710e+00
1.105840317007564133e+00
9.342256192455516972e-01
1.004557867583597552e+00
1.080701216589269320e+00
1.022370671082354132e+00
1.179761759462031101e+00
8.353614102974908917e-01
1.088212307108189725e+00
6.442351595778845752e-01
6.572607876599297905e-01
8.054763834424079061e-01
1.074915513785837273e+00
1.079129536034001857e+00
1.024764838019559310e+00
4.955698243910139911e-01
6.389529619010759776e-01
7.388066498864822584e-01
1.192206329890167060e+00
6.181026986482828223e-01
1.082689438075095989e+00
1.388079187667974113e+00
8.948423664208127182e-01
9.618143379383305991e-01
8.109881017096436384e-01
5.982344928623717362e-01
1.395570660918941774e+00
1.020658669480158931e+00
1.306371219563513320e+00
1.154541578431723670e+00
9.839964029276833113e-01
1.979864688210874579e+00
9.263153285050880203e-01
1.181640491059872566e+00
1.543356268075396942e+00
9.375615894290908470e-01
8.567916869510386890e-01
9.188840581692639953e-01
7.324020947720255581e-01
1.016888137542617088e+00
1.255531053658334395e+00
8.676818146513670671e-01
1.186157465414076961e+00
5.837871523697659715e-01
1.180251287163052387e+00
1.052833658999243527e+00
1.093091245268541511e+00
1.263805806603801818e+00
9.878123292456872928e-01
9.475035316665412211e-01
1.354263895602105805e+00
7.704240525630975389e-01
1.128583098292404330e+00
9.020313748614027238e-01
1.169174050310182844e+00
1.227094737732077778e+00
1.195882111441226359e+00
1.128508471360030185e+00
4.223737467796302436e-01
1.356955841009600094e+00
2.999056973320518016e-01
1.202793263258703060e+00
7.329997686027461823e-01
1.424577096191798065e+00
1.104695036078564341e+00
9.964055121659118885e-01
5.369673602988308536e-01
5.865358494819995494e-01
9.947213156366345732e-01
5.500510398162161696e-01
5.798992053135487712e-01
7.259840740334243536e-01
7.464978397505792618e-01
1.147091921789066937e+00
1.164149632495071085e+00
1.390794035724695510e+00
8.058186700211407150e-01
9.181425442424003824e-01
1.150339283659863820e+00
1.116255714067482474e+00
6.900156716172357874e-02
8.782643892742763025e-01
6.497043403524340732e-01
8.788976008022320041e-01
9.594352154473656524e-01
1.318685953668500721e+00
8.481058297658270462e-01
1.067586238732499693e+00
1.472513685278493467e+00
1.063395452201242319e+00
8.253425675779929582e-01
1.186157465414076961e+00
1.137155757754380270e+00
9.538050417692807148e-01
1.159640797199003925e+00
1.311088085763058908e+00
6.869438742705578083e-01
9.177475592803688853e-01
9.124483325693830693e-01
1.269823929492391423e+00
1.397170168839765969e+00
1.203726450301716655e+00
1.109002119200580783e+00
9.794223020015919712e-01
9.185378693421818452e-01
7.604007134368979681e-01
6.764609620824344471e-01
9.625738078047230140e-01
1.117791040894533516e+00
9.772910503566247797e-01
7.133007444778791672e-01
9.108413093012617257e-01
1.001316217576727174e+00
6.834501466652412871e-01
1.219727959718248878e+00
