8.551174272160406709e-01
1.061411382074615384e+00
7.444788698472230015e-01
8.775869600646751811e-01
1.088628794563866853e+00
9.539116657748442085e-01
1.035584563857872675e+00
2.795072571181601573e-01
9.691330841781794492e-01
1.034642837973794416e+00
9.319808656824889459e-01
9.095791511153726860e-01
9.360702946674933633e-01
8.986117108455002889e-01
9.516244904861012044e-01
1.039305378014599546e+00
9.871838045105124637e-01
8.603767701339857243e-01
5.982974097240224554e-01
3.605076808698297053e-01
2.769895415388992643e-01
8.659647662054870132e-01
2.804350134311211495e-01
5.641609736001368391e-01
1.183443146271253132e+00
9.941418775777793870e-01
1.027232070084130200e+00
7.958234372757164721e-01
1.065187468005101668e+00
1.235802578738431468e+00
8.851884653722893459e-01
7.460409867274759854e-01
1.024887918110601648e+00
1.047598895855241352e+00
1.067118965320936752e+00
9.516244904861012044e-01
9.316247400173447435e-01
1.097872860236586812e+00
1.285026248955480899e+00
1.375437912022706266e+00
7.268498131336345036e-01
7.953042365617103426e-01
6.814035619411379363e-01
8.471375763118107471e-01
9.926384931296304837e-01
7.866528514578353670e-01
5.994321805478465270e-01
4.393017481113475342e-01
9.831461266419575518e-01
3.571653854378699644e-01
5.123055147353207106e-01
2.296900973375917143e-01
7.760644632976100299e-01
1.081043492264378347e+00
8.447893086020067388e-01
9.627367074168069472e-01
8.698488079703230458e-01
8.508966252369616345e-01
9.725017728860755328e-01
8.334033407743792754e-01
4.946792351413837330e-01
6.656175355841551511e-01
9.307102368096056288e-01
4.608439395236070824e-01
9.282298277155303090e-01
8.617669971913622939e-01
7.587104833456805864e-01
1.196552871932814899e+00
6.827119614520257285e-01
8.464233304755115483e-01
7.266022484833847273e-01
9.703453270626415383e-01
1.047406015243509181e+00
1.419364072885706873e+00
1.008296916718524283e+00
1.672032292777284379e+00
6.178789186625299745e-01
9.592195150841804629e-01
9.715053004142846227e-01
1.159877233408844743e+00
8.202650010755426768e-01
9.232085693161169448e-01
4.012044198687700347e-01
4.415179182588538920e-01
5.904318841853568589e-01
1.048822124654482435e+00
1.017555068708427157e+00
7.300835734247835829e-01
8.716258228997825208e-01
1.239122457879745731e+00
5.984862397383132748e-01
6.343927444940056226e-01
1.116913194527338726e+00
6.518135283343291508e-01
1.105911975918723478e+00
9.377676582437353137e-01
1.075389641611703917e+00
7.280280527419903391e-01
4.668061710168965872e-01
6.026283055218127904e-01
7.139273629942580746e-01
8.164585759162674705e-01
1.025442144587979332e+00
8.951239700187632042e-01
5.049688910961842581e-01
3.936984385424747712e-01
9.077407378531854310e-01
1.026490653938273878e+00
1.085443847381398985e+00
6.800188712745641739e-01
9.380253716817489318e-01
6.087111178934173639e-01
7.838347316574536539e-01
4.889114966160866826e-01
7.144354325342322509e-01
5.166323670272368052e-01
7.475441792543906505e-01
7.329997686027461823e-01
7.363521427440021805e-01
6.633924283750968209e-01
3.605381445913836691e-01
8.019563748121676383e-01
1.497318267448476847e+00
1.128508471360030185e+00
8.855099679540153756e-01
4.081414232303656187e-01
9.618143379383305991e-01
6.096461246116217092e-01
6.722509005545255212e-01
8.686092025843719089e-01
1.234551042562046952e+00
1.096744014676289458e+00
4.853796425692596950e-01
9.806604385667839763e-01
7.940830826529751141e-01
8.176320419861897726e-01
4.619666408352797737e-01
7.834029659113032062e-01
6.148736710036655229e-01
8.029373612033752217e-01
8.478951516483376194e-01
7.187077239273030882e-01
6.002121971012780444e-01
8.386041773071465366e-01
5.568712634965163888e-01
8.139664049400361368e-01
8.823966502444412496e-01
6.059877716286524718e-01
6.587321913068450163e-01
8.388927257362237544e-01
5.045807176293568563e-01
1.476335087575929128e+00
9.467676474191579761e-01
1.262964079950991136e+00
1.015134047845452026e+00
6.654877602798884295e-01
8.489918223250293439e-01
8.112193940668190884e-01
1.187973939327421569e+00
1.263525106417245691e+00
9.872409100698641415e-01
1.557724864218486660e+00
1.563146511483581191e+00
9.521554124290191323e-01
8.569207477594766864e-01
8.470534848311366272e-01
7.602313516137797489e-01
5.782879375297417246e-01
1.085996411859862620e+00
8.805300594560798721e-01
9.489259723312616357e-01
1.103338092344048338e+00
7.080920094754683536e-01
9.853599083358971500e-01
1.237774413430355436e+00
1.131051336230216586e+00
1.350940680153386975e+00
7.704240525630975389e-01
8.435783506686639344e-01
1.113342919458395253e+00
1.062005825287973826e+00
1.035961734392238709e+00
1.198064837653754822e+00
6.599804173547987318e-01
5.077784472590818332e-01
1.150804694024122776e+00
7.874150416341118008e-01
8.991324805003814147e-01
7.678589765309880022e-01
7.255211330348058096e-01
7.961575672876348708e-01
1.135189145428877389e+00
1.141720204199741850e+00
5.773684364280842196e-01
7.598251908809821042e-01
8.359342482551792575e-01
8.803483757545516042e-01
6.755772944492810517e-01
5.545370942415434046e-01
6.270044311832815298e-01
9.274227590684567257e-01
8.944202930861978595e-01
1.080085666247562637e+00
9.104040121827451371e-01
7.495139926384603024e-01
1.065453465624780938e+00
9.602989878673047208e-01
4.607568469864400384e-01
1.009012274587781643e+00
3.519432816212517134e-01
6.912005837097622285e-01
8.918961908741959155e-01
1.304773211955484735e-01
8.327526891957517385e-01
1.196888534425817996e+00
1.315737692728219832e+00
1.091762641528770450e+00
1.306771333260163814e+00
9.402475683090595338e-01
7.737422864568046510e-01
1.001845237004857170e+00
1.165501168638785945e+00
1.395114331102569993e+00
7.942678648660930207e-01
8.325901850120860370e-01
1.175455169941300282e+00
8.870287740321070036e-01
1.040826590984798461e+00
5.658256618386625636e-01
1.013626751343929433e+00
1.172467272078712375e+00
7.611807507416145091e-01
3.145828392541656360e-01
1.241375735552643356e+00
2.255734173831946132e-01
1.469597314421574152e+00
1.046892014009185301e+00
1.101842185575423905e+00
1.575847978982247266e+00
8.100258015272551182e-01
1.425052906845168721e+00
7.079157795079532578e-01
1.498106883109000975e+00
1.573233186981723764e+00
4.197971567958316275e-01
4.197971567958316275e-01
6.633924283750968209e-01
1.101984478102779219e+00
9.692982116418322747e-01
5.516690461720241689e-01
8.992272307486033345e-01
1.074238913097358861e+00
9.656783575158568445e-01
9.298988509986235718e-01
4.734626203289612478e-01
7.910648749595688978e-01
7.887615479215114300e-01
6.494323837428265245e-01
9.968128971659213633e-01
8.107184272660556967e-01
8.338105145777671146e-01
7.578008797290413101e-01
9.615975666203367966e-01
3.120804888340295014e-01
7.650021790478165329e-01
8.431199294722723225e-01
9.002708029950804436e-01
7.166554804895329811e-01
8.005644813011416616e-01
6.510923856393154852e-01
7.672031293494151472e-01
9.162693875430977242e-01
1.079607389446972432e+00
9.252105395412413280e-01
9.808858907050830300e-01
9.850186778470356730e-01
6.201465702172143102e-01
7.070066536467018992e-01
9.394194755533515906e-01
5.456195406623529642e-01
9.080305194135536162e-01
1.035270464809083357e+00
9.282803161478238030e-01
6.148958246217884893e-01
8.206199746298860065e-01
1.139509488707867835e+00
8.624202138752711244e-01
1.107490824943396346e+00
9.893011194932316288e-01
1.088073548764918019e+00
6.209362784201469809e-01
7.901858325945800843e-01
8.705143388103923074e-01
5.204767798834322168e-01
1.074171299872717755e+00
1.080701216589269320e+00
6.903059342465615034e-01
7.714688370119220373e-01
1.125605699273033888e+00
3.280996926402979241e-01
8.534923790947058775e-01
8.007898654456522269e-01
