9.209713887049378878e-01
1.195734438368034169e+00
8.052041054301323220e-01
6.656975791172347057e-01
1.287885056865982092e+00
1.158163551017217463e+00
1.666214807058429281e+00
1.419386877623623366e+00
1.184316505608483006e+00
9.625232523795276274e-01
8.626522212519717181e-01
1.056169792250630124e+00
7.901231815755652699e-01
1.098964275426477455e+00
1.036416985673398017e+00
9.976580356925087711e-01
1.154014036202364535e+00
7.788469242484499233e-01
1.489881516254478733e+00
1.480469184923804971e+00
1.246804316770003584e+00
1.274035317843703163e+00
1.292471231924734010e+00
1.246541950201611293e+00
1.030955255619371291e+00
6.500186277460324735e-01
6.568072714112004329e-01
6.577685509232649164e-01
8.541796112690734910e-01
6.439539661369791945e-01
1.286066783277809655e+00
1.205366755955513680e+00
1.428259828203319204e+00
1.323234409543584178e+00
1.427599086818440943e+00
1.320878724318516495e+00
1.511047137651867933e+00
1.167977059230722370e+00
1.121190992725032309e+00
1.221373697842416783e+00
1.348956118866649678e+00
1.336970081027165191e+00
1.228555266190169526e+00
1.399308891462682336e+00
1.624955510156431471e+00
9.806964654105017054e-01
1.155611563987095636e+00
8.304881152102080444e-01
1.050313571375201427e+00
7.996996543159725634e-01
1.022658177415760816e+00
9.915783431911422419e-01
1.262622072564879350e+00
1.085046381702893914e+00
9.802248065246628173e-01
8.547688053697495292e-01
7.554857025999552889e-01
9.064360135121241058e-01
8.013466276863867588e-01
4.581593525085012053e-01
1.143374422912536215e+00
1.052074610771970731e+00
8.683838126367002808e-01
1.203428963785841965e+00
8.819570916752001999e-01
1.082180523095703562e+00
1.068580009795944585e+00
1.247224844213767891e+00
1.113139841983467715e+00
1.169741444425583810e+00
1.317457196863241142e+00
1.226876048540849418e+00
8.387486293342446553e-01
8.564320023872417087e-01
9.696773558982877406e-01
1.093000986236680516e+00
9.741788224391780826e-01
6.265622878445124000e-01
1.051878341284046225e+00
1.018417547939372225e+00
1.345315458554227739e+00
1.287340432992140293e+00
1.381934288622595153e+00
8.646424983930153241e-01
1.206647142583670229e+00
1.501544144974057859e+00
1.235042986526867947e+00
1.476953763577227408e+00
1.008011771278043867e+00
1.082402237213019536e+00
1.124349467045249629e+00
9.808957118018963861e-01
1.190179314709487013e+00
1.108458074933526660e+00
1.374789226580742652e+00
6.728379101333558099e-01
9.013164999925802334e-01
8.616554295212255354e-01
9.483136153308828753e-01
1.171812021665544545e+00
1.358599226162162443e+00
1.268407838260904974e+00
1.506042317155711574e+00
8.331784412254700234e-01
1.149483664874956013e+00
1.304720517907860922e+00
1.303788151705101539e+00
1.207300134128416413e+00
9.990624527914031550e-01
1.136341033352681329e+00
7.758641726281254591e-01
1.094103196357967489e+00
9.886957403449406767e-01
8.348758042853651196e-01
7.672629821752898760e-01
1.213044644375704362e+00
9.844119369528151475e-01
1.075419487039762867e+00
9.400333953403909870e-01
1.311711320009644632e+00
9.491422842412341465e-01
1.289505399416263520e+00
1.169508136776192808e+00
8.883273062658977315e-01
1.058074334468468214e+00
1.306046264758546016e+00
1.393526439278330420e+00
1.200475588556248141e+00
1.526542868157772181e+00
1.337652992055402557e+00
1.209066686006500246e+00
8.870218879739261153e-01
1.502077158948612823e+00
9.947343393336732786e-01
8.473230140002873112e-01
1.443523753721637437e+00
9.768540371771463615e-01
9.483615823225139962e-01
1.278423810423254370e+00
1.247877169655666085e+00
1.217247396657636260e+00
1.153844028948179723e+00
9.247152027050961065e-01
1.374457150026476615e+00
1.283755573532811001e+00
8.504827359683986288e-01
1.066889286373427170e+00
1.099033680074008368e+00
1.896867200960115740e+00
1.091598985516809339e+00
1.635661105736591958e+00
1.344092766541295392e+00
1.181919073004148224e+00
1.345774000201434895e+00
1.340096022131997300e+00
1.192462622411682549e+00
1.161813865151895442e+00
9.816176654410728730e-01
1.215729114496908680e+00
1.261644971113906166e+00
1.375208020103855011e+00
1.326047997396935685e+00
1.118461842768081915e+00
1.150187853216302791e+00
1.007702022340721815e+00
1.243710567378923271e+00
1.220629051410558441e+00
1.288355950706656428e+00
9.236283843485579848e-01
1.280034337818588330e+00
1.172124707908151153e+00
8.127916264838264127e-01
1.080258608547389532e+00
1.351190876036973076e+00
1.339752209713364506e+00
1.442537887046792644e+00
1.465157102479013762e+00
1.326505761138233375e+00
1.237846647731870808e+00
1.394132862237552395e+00
1.026264553258924739e+00
1.414420813669085453e+00
1.091800492369878306e+00
1.111905335124742544e+00
1.128137974025503532e+00
1.367269291718403057e+00
9.106453517185636448e-01
1.339972519222919489e+00
1.418640386029735634e+00
1.202168579948470262e+00
1.324579651668022384e+00
1.145882449018289950e+00
1.183646219346913053e+00
8.841353499845758801e-01
1.288959876223296996e+00
1.093110061872362149e+00
1.288438919130483917e+00
1.076705025617612499e+00
1.071870585129100828e+00
1.457483258369683066e+00
1.340181246651082514e+00
8.734959200244980515e-01
1.285993585047162435e+00
1.091192052074533514e+00
1.208908450514261768e+00
1.318743005662373458e+00
9.829911866746714466e-01
7.887633628617184423e-01
1.091160494070580800e+00
1.481190631888785525e+00
9.906676533010133623e-01
1.048559482588520941e+00
1.180490904043212552e+00
8.944179764836381885e-01
8.725298387071650508e-01
1.082855107423356111e+00
1.074136483946104059e+00
1.128589789541942112e+00
8.110844740651430573e-01
9.024183744481221181e-01
9.678271857574668458e-01
9.102061822313364248e-01
1.096213759546665889e+00
1.143537936479233297e+00
9.845388143734750130e-01
1.117258966991083291e+00
1.290064502568303739e+00
6.080550806194150448e-01
1.018196983230982067e+00
7.493378679293787314e-01
9.200733447297230194e-01
1.048701047083749005e+00
8.893358683450789393e-01
1.050878606048335051e+00
1.323507350558989826e+00
6.112386840422043832e-01
8.591946463661247479e-01
1.199776428730291888e+00
1.220820209933525913e+00
1.143916179030003422e+00
9.575860941419307437e-01
1.192988051690451412e+00
9.165024146915637937e-01
9.079880485666289580e-01
1.181801307435546233e+00
9.457185041903249934e-01
1.084891717293274160e+00
1.207032942521823138e+00
1.320451202475406483e+00
1.199109555370616365e+00
1.444558047862337213e+00
7.687038206796669160e-01
7.681242709049865836e-01
1.257256955143333466e+00
9.895261562351713724e-01
1.443486607797815902e+00
1.031708207758886831e+00
1.293353207076211042e+00
9.624180685931519319e-01
1.495207193425025283e+00
1.338221297619003325e+00
8.707966191475633444e-01
1.081640686334034429e+00
1.025734549876327950e+00
1.063105601746202833e+00
9.505084755179605827e-01
1.363014649183372562e+00
9.243193703218786084e-01
7.519188511256054142e-01
1.161413595363239848e+00
1.236125130484734935e+00
1.462826621378096714e+00
1.236979908965695207e+00
1.235712652625564179e+00
1.161887029436641461e+00
1.288987283726076294e+00
8.749038293945519129e-01
9.707475681436096293e-01
1.263157804033225418e+00
1.281730371402488355e+00
1.256507650671054632e+00
1.430718290881683785e+00
1.678092103522798251e+00
1.471294912654308673e+00
9.990552116657430703e-01
4.763315367967912439e-01
7.426550531233455654e-01
1.628175257701499845e+00
1.562562870568951157e+00
1.499856732579260443e+00
1.498046962391181403e+00
1.448919939863991813e+00
1.431694043436949393e+00
1.158331439668577989e+00
1.288793303073241914e+00
1.366525270381284685e+00
8.574916326068638961e-01
1.356512777233966460e+00
1.420881748304512415e+00
1.470837038645785189e+00
9.940125771525841758e-01
8.985283753798460893e-01
