8.179175950626483838e-01
9.909177403478520718e-01
9.245448357352442637e-01
9.600239891646005219e-01
1.090197657492737227e+00
1.308068296494547145e+00
1.109925833717525734e+00
1.185739229410910589e+00
1.018089894659227834e+00
8.396446401144428417e-01
1.137390786612526128e+00
1.050162983058383626e+00
1.029801900350534760e+00
1.525633946855058820e+00
1.065677205325447297e+00
1.318773122170269652e+00
1.234506393269812818e+00
1.230940486733549166e+00
8.278503454576628950e-01
1.150880983672096125e+00
9.465688455422150982e-01
9.899626589501774321e-01
8.143627431849743692e-01
9.354682989765167322e-01
1.157385123771158764e+00
7.135163356037568239e-01
1.072388199665908148e+00
1.426431193657483387e+00
1.158832340473106237e+00
9.860742522979936142e-01
1.143799038240105759e+00
8.837428261573223587e-01
8.639407583597592533e-01
1.045026447101160771e+00
1.367566187171634917e+00
1.025128551157729495e+00
9.756156109808600263e-01
1.371201060015487139e+00
1.055173182593479586e+00
1.106148054217499510e+00
1.236998944413259638e+00
1.103842148672537826e+00
1.068761328411033995e+00
9.931495912014626226e-01
1.386550580479881001e+00
1.314656577492716361e+00
1.018901440164775352e+00
8.175038507779818220e-01
8.635920926709825807e-01
1.389136410632868079e+00
1.381637231487133910e+00
8.469649719761653817e-01
8.410758510680169664e-01
1.430260102067773431e+00
8.839662664140719439e-01
1.037573662809747832e+00
1.346700157326568226e+00
1.313159759047377806e+00
7.171027884308136535e-01
1.189291278685770337e+00
1.185102881080816184e+00
1.004048805307266035e+00
1.417817729727353759e+00
1.102615849576515927e+00
1.017301097647615116e+00
1.226151074974880295e+00
1.250843083350365426e+00
1.333684826493955589e+00
1.369432748762396068e+00
9.361351255879346578e-01
1.011766789068898831e+00
1.012315135509563646e+00
1.145070131006181491e+00
1.109149658069027211e+00
1.073244002972887357e+00
1.344199490737342462e+00
1.303563392940657151e+00
1.147463843932480243e+00
1.014816190577720434e+00
1.468762363425280437e+00
1.562754541925723162e+00
1.173125385512025165e+00
1.166344528863145769e+00
1.010213122918588446e+00
1.066898169017021836e+00
1.070754430939620416e+00
1.249306630772312188e+00
1.293062376448860240e+00
9.655545223129060606e-01
9.680014405772627839e-01
1.155005939903699153e+00
8.915222981095971555e-01
1.239933419236335155e+00
9.183373356088975203e-01
1.188746226131236483e+00
3.016420336023272197e-01
1.408266821556130699e+00
1.054180561578530462e+00
1.157116260943436004e+00
1.064449459166249889e+00
1.088746332883708368e+00
9.945700312514259567e-01
1.191397646178183667e+00
8.884292226920122992e-01
7.909528505080593019e-01
8.080096431033705340e-01
7.186592164107969971e-01
1.227251542495489067e+00
9.708756512883669476e-01
9.630395865412358924e-01
2.695910447333190185e-01
7.118496224792126847e-01
1.060473702179444810e+00
1.078999400607005388e+00
1.154736746053850904e+00
6.664269035393646234e-01
1.165272641321600799e+00
1.199138931727484314e+00
1.259283990706645096e+00
1.081667929184175314e+00
1.319024243257615137e+00
1.184045157481545596e+00
9.196132907610831131e-01
1.184407811663945154e+00
1.129327346047108271e+00
1.253370281165933742e+00
1.163522634431373604e+00
1.039996499797171126e+00
1.222986554908616963e+00
1.101706806294357577e+00
8.990042428124420670e-01
1.305604762187801970e+00
8.477973658465594031e-01
9.058707743272017554e-01
5.522107790872202715e-01
7.448438147602107762e-01
9.934779188924051097e-01
8.673212720174439117e-01
7.991815813937993562e-01
9.447181561956321527e-01
6.244503248757110603e-01
1.009497314414800950e+00
9.300276160197622488e-01
7.859272289935356204e-01
1.057023586080251487e+00
9.572772224479793035e-01
1.264096581463278746e+00
1.031401627369841201e+00
1.253008134385743100e+00
1.244319613244432077e+00
1.194644266094415874e+00
1.080915490859408967e+00
9.869692583248484974e-01
6.876067962084581042e-01
9.129522217314699484e-01
8.877887941048027143e-01
5.784831248341046894e-01
7.142771588388647785e-01
1.130889381913353420e+00
1.431870346308217412e+00
1.243552013418274482e+00
7.521804182578072373e-01
7.974894978479506458e-01
1.111475295550482967e+00
1.324911626024977584e+00
1.175678555116498325e+00
1.398943532057287609e+00
1.083634301613790818e+00
9.445548166842064886e-01
7.459689894409383681e-01
9.293989449287834992e-01
1.094467532341660387e+00
1.169986668763097759e+00
1.058630215217295722e+00
9.503313527934437177e-01
1.182231579074171979e+00
1.135509367138642478e+00
1.117121371177341338e+00
1.005883063185064819e+00
1.024201027765652361e+00
9.876503549869003473e-01
1.050282140399656061e+00
1.115817815188090423e+00
1.411429310116393498e+00
1.594321303433917203e+00
1.357667573736881517e+00
1.320808558774017927e+00
1.204166608451371134e+00
1.111803027433781121e+00
1.003347595082716426e+00
1.052468388408194455e+00
1.120337032067742156e+00
8.111198508711104926e-01
8.045785322275046392e-01
1.065833981609959125e+00
9.093566282513620980e-01
1.046207214219082138e+00
9.563308017689562401e-01
1.033924939118144648e+00
9.133671620230077171e-01
9.465062931094324616e-01
1.020356337243452760e+00
1.089873056362127945e+00
8.389602797345955265e-01
1.042267461879424983e+00
1.168169062940924041e+00
8.982853859391011220e-01
1.009757233004185073e+00
7.170528682161190215e-01
1.053077733240605163e+00
8.336336826331106620e-01
1.213212653563855437e+00
9.469025950550851167e-01
1.185812417163940591e+00
2.644445203426701307e-01
7.424758418335979382e-01
8.666461906109789171e-01
1.170097046170387456e+00
5.073840853754062463e-01
1.103010690404675254e+00
1.315847482729137097e+00
1.185402658886276051e+00
1.251598461168816456e+00
4.838636462208241729e-01
1.299940037125069558e+00
1.219779709871297468e+00
1.184910417797882420e+00
1.004145490930538731e+00
1.253641416842224521e+00
1.098213051590633649e+00
1.334847924203144576e+00
1.200761044591590387e+00
1.294625357678312216e+00
1.256233553618787191e+00
1.411548378800545400e+00
1.209363837826123556e+00
1.418148928655078356e+00
1.123498511756078955e+00
1.092660392707767159e+00
1.012266922823798820e+00
1.092738262468475385e+00
1.030575428634182833e+00
1.139818439788642390e+00
1.085017527869179377e+00
1.417414171708326620e+00
6.702868736583488252e-01
9.229736226036385771e-01
1.249624882518870939e+00
1.843244167805207168e+00
1.170147193063026947e+00
8.344491376345430922e-01
1.250639210486821362e+00
1.170267451216604915e+00
1.343130735841544743e+00
1.098908318690352326e+00
1.139241620874617666e+00
1.024824446686092738e+00
1.141145844182021030e+00
1.099662169991181271e+00
8.014557397643339298e-01
1.498608489038375957e+00
8.054175117821966712e-01
8.185521903495555085e-01
1.186638742405542013e+00
9.372728306993007852e-01
1.368174889344507816e+00
1.449262264993927296e+00
1.194427462076016022e+00
9.997641842659444888e-01
1.064511653409724978e+00
1.387344692742114027e+00
1.396474664849839620e+00
1.231788456318002378e+00
1.202908496334198052e+00
1.263418326317687690e+00
1.221042761038610758e+00
9.905420434392816498e-01
9.914680052722666392e-01
9.884336749793838361e-01
1.209356913721394866e+00
1.193050317941589000e+00
1.135574862956957309e+00
1.212960818458857837e+00
1.183741615990093532e+00
1.219262143104945517e+00
8.659769891065887126e-01
1.124773726813256491e+00
1.219405734329270130e+00
1.159497154222753679e+00
9.633805744304739793e-01
1.510712349939374866e+00
1.142842627407136158e+00
1.130955147872684030e+00
9.967789952630836670e-01
1.134617378061793636e+00
1.630225170616346864e+00
1.525849652909563092e+00
1.150402436253607386e+00
1.311411036525798934e+00
1.126631120882072512e+00
1.242341067473636818e+00
1.235326914786309738e+00
