1.256146799141628190e+00
1.352797868674958659e+00
1.221800199511157814e+00
1.386316408569761904e+00
1.172228469241799687e+00
9.457330963042023253e-01
9.527285720900696697e-01
9.946179369212460042e-01
9.697204480995231801e-01
1.316982213154929582e+00
1.039254195783759105e+00
1.374751419734597579e+00
1.428639934711823933e+00
3.701899752938745958e-01
3.840934549031261303e-01
5.274658496953503750e-01
5.956361513966386134e-01
6.642201080685350423e-01
1.396975892678367526e+00
5.687107411425852410e-01
8.077233093783209306e-01
1.454204300832807162e+00
1.476582971254763565e+00
1.350105956596341805e+00
4.118367752188942799e-01
1.528068607460298933e+00
1.150310640869803391e+00
1.434611483660887199e+00
3.543699880060824925e-01
1.358144129988919424e+00
1.036385813832735758e+00
5.439743029939582142e-01
1.560193884359198702e+00
9.894000482055146373e-01
1.344322636047140973e+00
1.159179732754454628e+00
4.906012847402223542e-01
6.397106860345382895e-01
1.475468042495424514e+00
1.529793783746338232e+00
1.240905893565747986e+00
1.534737324979485340e+00
1.331261899256374281e+00
1.212656602661306593e+00
1.368448184358244779e+00
1.190788974523811605e+00
1.741893540008623287e+00
1.392934993318108550e+00
1.019141567780901259e+00
1.023139578587946463e+00
1.126408388246081360e+00
1.201549586643963830e+00
1.254063235386562836e+00
1.543473695916693700e+00
1.549909552064625107e+00
1.520191861614719864e+00
1.629672626848940098e+00
1.348519581659649358e+00
1.029492497276260687e+00
1.377861923409609446e+00
1.186063414149498785e+00
1.388528944160868583e+00
1.169655896534061990e+00
1.277641958972745018e+00
1.407486117078575738e+00
1.316509563940405414e+00
1.460620820609806136e+00
1.445220444071497079e+00
1.096107138854764518e+00
9.851130349996750635e-01
1.363897870101710819e+00
1.070475879134459296e+00
1.164103332254693646e+00
1.304766298157481685e+00
1.357265965158735099e+00
6.443651429146628473e-01
8.585323880213395764e-01
8.358910377205635012e-01
8.671929351690933485e-01
1.307649813571616804e+00
1.108251093641089868e+00
9.160033444531130442e-01
9.341535517112731224e-01
1.162394272285739438e+00
9.976625195129485979e-01
1.162115695176332286e+00
1.170077416940766613e+00
1.229436998935137026e+00
1.307927076189970617e+00
1.201336250665194560e+00
1.035112105324444087e+00
1.301591150174297606e+00
1.117475866472478430e+00
8.302418467356553755e-01
1.181410233089431161e+00
1.330269790969715427e+00
1.136702663240660049e+00
8.253343225516943660e-01
8.936837337096262823e-01
1.367713561688226998e+00
8.109971312520907194e-01
1.134473153756702324e+00
7.730386656498527964e-01
6.828180695019394619e-01
1.259697333409130815e+00
1.252164767202097018e+00
1.233837092596250296e+00
1.258886546384003324e+00
1.323633811068821942e+00
1.451311800291003928e+00
1.573178408452258203e+00
1.222936240552485732e+00
1.107715266814431443e+00
1.282601208898075384e+00
1.178851353966818838e+00
1.302524083802448773e+00
1.294404228820946967e+00
1.220966129621691820e+00
1.399141746116397078e+00
1.263437759910525759e+00
1.101941116670737353e+00
1.382845549046064715e+00
1.239511044951280727e+00
1.140162869034325510e+00
1.106798544954965990e+00
1.333723002215662312e+00
1.112375114585656410e+00
1.215734503286541202e+00
1.060070384030806334e+00
1.407695352075121420e+00
1.342124815500846946e+00
1.242267455452134683e+00
1.269422842590883338e+00
1.277198970818992363e+00
1.144231089433076054e+00
1.082802857533892382e+00
8.240723501761162417e-01
1.130209991863413865e+00
1.211819820781605328e+00
7.826870013637681200e-01
1.236716948296229024e+00
6.943792227894451941e-01
1.013029874756934623e+00
1.273879288792748810e+00
1.353158512057587526e+00
1.365198369900357589e+00
1.270185233299185423e+00
1.016634814281252241e+00
9.543440816459386467e-01
1.023527120146727309e+00
1.221345805792786399e+00
1.219533627329649983e+00
1.225632878537452175e+00
7.099049273978953467e-01
1.209874966867420909e+00
1.549089529745351523e+00
1.143631744913395476e+00
1.049868753057389803e+00
1.216887432565985971e+00
1.389797166303088582e+00
1.036186956000849424e+00
1.275113496796194124e+00
1.156018260164274114e+00
1.362955777147371927e+00
1.333986433947724315e+00
1.346683042710989930e+00
1.201777797372449941e+00
1.147273624410930282e+00
1.004467200781418157e+00
1.234478061826309370e+00
1.116291359201974975e+00
1.071971714005246490e+00
1.206112480578037882e+00
1.249801368894996045e+00
1.016485144789942563e+00
7.166142873707634919e-01
2.074203316476366687e+00
2.089200711385530429e+00
1.637473699524095494e+00
2.098031272223163324e+00
1.998525940373436116e+00
1.705491086537044509e+00
1.471451593446203132e+00
1.177299155782477236e+00
1.193753793530268004e+00
1.074191505415916348e+00
1.088153440037737729e+00
1.282097525982274222e+00
1.324331934807021049e+00
1.131260974617435355e+00
1.261253996184156234e+00
1.259353199158348868e+00
1.272767739700319423e+00
1.418686318318632456e+00
1.105717476300388746e+00
1.267156281796234962e+00
9.758044063621215125e-01
1.017905349645211288e+00
1.046943172054346949e+00
1.262144761654702130e+00
1.324319640951790333e+00
1.310831463109284112e+00
8.612689543550225979e-01
1.146948391992657079e+00
9.833917639206006811e-01
1.281474520440864628e+00
9.190663246465317071e-01
1.363319626664582174e+00
1.447253078407709559e+00
1.108332187920874512e+00
1.230727327891608436e+00
1.130734798747993652e+00
8.898155911524600059e-01
1.483242987494658216e+00
1.226763668968375631e+00
1.491306006690557018e+00
1.355674608049260765e+00
1.197447090605153308e+00
1.890863581251610581e+00
1.106862306453937572e+00
1.316318036803337366e+00
1.641660319933653467e+00
1.069898786281344272e+00
1.152571000788422007e+00
1.025679592623570002e+00
1.041207103018967794e+00
1.362137267535034058e+00
1.436790178389878436e+00
1.284835833544281325e+00
1.337538244085011652e+00
1.046211171863793643e+00
1.396643511579661601e+00
1.412371282425612939e+00
1.294824051863589842e+00
1.361467313113726929e+00
1.248717593571048168e+00
1.210880092429601040e+00
1.467593649228596364e+00
9.876777212592542377e-01
1.422822032945610493e+00
1.117103145108586659e+00
1.376471394031910211e+00
1.366996795612802185e+00
1.354962810790196315e+00
1.376325087137711067e+00
9.016396995124101865e-01
1.632248485631790702e+00
7.517971203196732732e-01
1.362568279956533068e+00
1.240020322691693710e+00
1.647519083167656939e+00
1.335794336148505845e+00
1.144982539004312017e+00
7.772900228156459645e-01
9.396609526208148377e-01
1.178667717486323152e+00
8.241885702289888371e-01
8.389666269304235646e-01
1.042716800933204180e+00
1.004392983578745513e+00
1.341295013296921468e+00
1.436700080496006837e+00
1.538701725665120756e+00
1.088295512826253253e+00
1.234194698685295855e+00
1.368902786749419009e+00
1.296669973531098696e+00
3.312655884328367661e-01
1.118594321238797651e+00
9.451236420214420564e-01
1.073385220634048842e+00
1.186903959081687665e+00
1.418025460861466858e+00
1.037822458916297874e+00
1.300563840752498423e+00
1.909274847960876986e+00
1.206190246677012690e+00
1.109566042016133958e+00
1.328783675337541714e+00
1.355148995116428834e+00
1.226295609325030345e+00
1.376287414315012114e+00
1.624650817126384927e+00
1.026181128966739298e+00
1.149229327183568961e+00
1.129738012324882357e+00
1.465315815909392416e+00
1.491291133326043905e+00
1.342785530179901876e+00
1.332227200502193343e+00
1.196931118714147368e+00
1.204060028510008040e+00
9.953006411660693109e-01
8.506570824878187942e-01
1.268024141848474784e+00
1.391776409108142376e+00
1.150845079637232038e+00
8.958097822389279319e-01
1.170605571323505734e+00
1.203597915366571680e+00
8.437880802460536733e-01
1.347610158834694927e+00
