1.095426399207307222e+00
1.113729503648717367e+00
1.195540865344169923e+00
9.864987099127153769e-01
1.305218799844819699e+00
1.082429129335388263e+00
1.325426248179901512e+00
1.308859041730752404e+00
9.295679445424277487e-01
1.009124644854214603e+00
1.437472772238478802e+00
1.237276477594638546e+00
1.448363824290711310e+00
1.022788253628134969e+00
1.496697502153999881e+00
1.277747626517620194e+00
1.054509952687745278e+00
9.186663860913486523e-01
9.002011572811198237e-01
1.139260428742904008e+00
1.112996212444368194e+00
1.241525529749800461e+00
1.132107466431176324e+00
1.004130713499952643e+00
1.115509932839682028e+00
1.006521746833731079e+00
9.456628476174865350e-01
1.259254122694188904e+00
9.491516238076862511e-01
1.325306528723354083e+00
1.299605995178022555e+00
1.007946350460665830e+00
1.235313664944945655e+00
1.229669805916879355e+00
1.163288098327741826e+00
1.514763412521248798e+00
1.257663681874190864e+00
1.192182719664975910e+00
8.376458307319021301e-01
1.143606640216159320e+00
1.047993272605668658e+00
1.347882153074893674e+00
1.152637391603424932e+00
1.050487593289146204e+00
1.038668718235150612e+00
1.131332076736922376e+00
1.156528675513806004e+00
1.382171134344828411e+00
1.238152638760517510e+00
1.160373778601694328e+00
1.042704332720939320e+00
1.021612751116959039e+00
9.359004079613851834e-01
1.128147034502143820e+00
8.320406530822568314e-01
8.335810046310774268e-01
9.875920060056981864e-01
8.471801629235852227e-01
1.114410589433179499e+00
1.075517791309107185e+00
1.146966212149916897e+00
1.073708642029539195e+00
1.065801884779648878e+00
9.320073674001928543e-01
1.198541473144882019e+00
1.378514902390460595e+00
1.157875402687222222e+00
1.062145581238878034e+00
8.716162928055404269e-01
9.379028810942151573e-01
1.341546288185258007e+00
9.033648974938680576e-01
9.740142317889631807e-01
7.390243468947191863e-01
8.407101848446224546e-01
7.861279247234845835e-01
9.162019048919304298e-01
1.281173789525680951e+00
6.548871005777221477e-01
1.237056947055100053e+00
1.182440264359634785e+00
1.068378563507884182e+00
1.036234694425213876e+00
1.179621922080332785e+00
1.120494418242520718e+00
7.652640749481038895e-01
1.449495732484850530e+00
1.418372797036608235e+00
9.448769111125794318e-01
9.954701473117232302e-01
9.864967365657174581e-01
1.049875488327786099e+00
1.069496415570980519e+00
1.162199503823637903e+00
1.244488977330343360e+00
1.067191743212855926e+00
1.002670330744870775e+00
1.066586214420940371e+00
1.245538542463150655e+00
1.033648367674135704e+00
1.055241849786280772e+00
1.149276914755314571e+00
9.948234626217945520e-01
1.134468325147493850e+00
1.114629714491201629e+00
6.916935988091009735e-01
1.060336405483187416e+00
9.048377856070222158e-01
1.131317506384696081e+00
1.145006170608456664e+00
8.775446409146524518e-01
1.018005248037145538e+00
8.783739624737165741e-01
8.067244096458816571e-01
9.367349713517363341e-01
1.005022004827484938e+00
1.058587308389015602e+00
1.179759064526053614e+00
1.231248687538719189e+00
1.154437708272611607e+00
9.279693293753531469e-01
1.116498277242634618e+00
9.214440217304029623e-01
1.273063215123261038e+00
8.356077214763762973e-01
1.192671130374771238e+00
1.250446554765074936e+00
1.004302187473796071e+00
1.188833478711146086e+00
1.496895618319075805e+00
9.673897647221341156e-01
1.179311892770339210e+00
1.593716396047691441e+00
1.211341171740973888e+00
1.432680614787105400e+00
1.104752070176032497e+00
1.332271533188598811e+00
1.253277919961281128e+00
1.127825623537049182e+00
6.205278347938343320e-01
1.290410153426546191e+00
1.080513945705511514e+00
1.203044183693653846e+00
8.703065232421289821e-01
1.189524279316802602e+00
1.336635067424528422e+00
1.234568900265843094e+00
1.133417194590708554e+00
1.034368284832991147e+00
1.129983359426621758e+00
1.213847327366238460e+00
1.156252328158501763e+00
1.132641632550277500e+00
1.473444662370732017e+00
1.079012860504673377e+00
7.343489436001718884e-01
1.310002687402153088e+00
1.117702064366346226e+00
8.945275576454871924e-01
4.570498484590111432e-01
6.983422275640517318e-01
5.597396005467835112e-01
3.315923945509854365e-01
8.194281565667489442e-01
9.149642330489062836e-01
4.744898156429674940e-01
1.066583675080258864e+00
5.262245863174498384e-01
1.357917373550393991e+00
6.476860795333435616e-01
1.060818444097535673e+00
9.076316484865554202e-01
1.101507492842276559e+00
9.530323747847677662e-01
1.031422276388532788e+00
7.785239131324521722e-01
5.980685218071821740e-01
6.796670897896326391e-01
1.062916032458894433e+00
1.010269562323505399e+00
1.365508851053314654e+00
8.086598059766395563e-01
8.225563569764576810e-01
1.049721301877887480e+00
6.286150340523907198e-01
1.019804343350749765e+00
1.165243023608499628e+00
5.023795490780358364e-01
5.175048494708576197e-01
3.852286493234480247e-01
5.495964866292974982e-01
6.785068608784600164e-01
1.107226178505795522e+00
1.131749752871686443e+00
9.739110908471443340e-01
7.827187284825217750e-01
1.066307429661335071e+00
9.950473924804982273e-01
9.234627824942008845e-01
1.253121580745941044e+00
6.982037194764871835e-01
1.197013696884574374e+00
6.695249632637657600e-01
1.016486805030669238e+00
6.539314154029753912e-01
8.745032833150727658e-01
9.536721921213235920e-01
1.049624608023315586e+00
1.043042300455619520e+00
1.219192977012244050e+00
1.279938924244822473e+00
1.342708357027636135e+00
1.339637556131605400e+00
9.621233776754967160e-01
8.507327593281658329e-01
9.341896992951619350e-01
1.233225365932018036e+00
1.272873673566641495e+00
1.134780057156838495e+00
8.833061978471014042e-01
1.222832575108665498e+00
1.295154145565997394e+00
1.195671919383812343e+00
1.080083092196601591e+00
1.024782556578297310e+00
9.822782167022533484e-01
1.185760963605787977e+00
1.399548155925290471e+00
8.443948556198572764e-01
1.537534566627950294e+00
1.571787126226315445e+00
1.337268607796905817e+00
1.381178918319878379e+00
1.057415498145596988e+00
1.202147557348105966e+00
1.392631051354095595e+00
1.268517844379796200e+00
1.301261658668275700e+00
1.048539889019990179e+00
9.391755097011206255e-01
9.257501647801799072e-01
1.332678563961181784e+00
6.448591956917103518e-01
1.051777841074135189e+00
1.040264753754242211e+00
1.211277863623976492e+00
1.282628158804498986e+00
1.142298215587714827e+00
1.095430715580905989e+00
8.788342657954387738e-01
8.136656861206786884e-01
7.531390156635442423e-01
8.979269730557691842e-01
1.362901402898245129e+00
1.168775573957810954e+00
1.163616834918185017e+00
1.187719848297383196e+00
1.355053220826345717e+00
1.140730124667638012e+00
1.170660218509717021e+00
1.171650826843161575e+00
1.201801319406718305e+00
1.074362561820546125e+00
1.080876491810503381e+00
1.210189869640529103e+00
8.658606140877562751e-01
1.283931795201925352e+00
1.134819592389516352e+00
1.299778715214182867e+00
1.284073979142142052e+00
1.088168717906527583e+00
3.256175917356031180e-01
9.613081990453615777e-01
1.105910797606712848e+00
9.297745623553858030e-01
1.379350554206954849e+00
1.011033814769175310e+00
9.542374540854695608e-01
1.274164081541346860e+00
1.306958551911218125e+00
9.735262055948112891e-01
1.115998595051543862e+00
1.307087452962619967e+00
1.207865067841026985e+00
1.189550534842427565e+00
9.715587477585572174e-01
1.456011853216649721e+00
8.531302763933177324e-01
1.243663236705351727e+00
1.336648539066647379e+00
1.179181719367671688e+00
6.850775132650325228e-01
1.031019559875147706e+00
1.174769440476336468e+00
1.138766988822693449e+00
1.014587841890384867e+00
1.155943000285523548e+00
1.058760371731261918e+00
6.988766887595261323e-01
6.980813518186061994e-01
1.246408636836294992e+00
1.048422134840964803e+00
1.047440756761531366e+00
