1.095797026787572070e+00
1.189427582386345161e+00
1.009048154427024446e+00
1.145513594521732070e+00
1.302826491437791612e+00
1.244023414011141693e+00
1.272205564773926545e+00
8.714437230188827321e-01
1.156623068246489527e+00
1.311458286818401930e+00
1.184831654885786900e+00
1.162021075971090722e+00
1.228704560959028580e+00
1.119316957026760706e+00
1.196596939661635162e+00
1.313229192578587723e+00
1.124687217226180369e+00
1.200662146017670961e+00
8.342259671936947951e-01
6.555432842552922912e-01
5.651287966940958807e-01
1.098141523615196791e+00
4.937430144336315552e-01
8.807218363750749512e-01
1.316632877490761189e+00
1.231674362369610476e+00
1.261412254670781552e+00
1.012434484488270892e+00
1.347418357266226385e+00
1.286063185873390857e+00
1.081680799812576144e+00
9.742387163183138243e-01
1.224142170161345300e+00
1.226450105076045016e+00
1.183522996678313399e+00
1.183596828870763229e+00
1.255217867632205886e+00
1.356780145524477232e+00
1.337929171747862522e+00
1.601696313841056263e+00
1.058431978336287216e+00
1.062027591600460452e+00
9.679687050470904275e-01
1.131453606075475848e+00
1.291941747519072203e+00
1.074630317486968689e+00
8.421111055986452154e-01
6.946683176567390872e-01
1.210725812577486016e+00
6.252629193555634401e-01
8.211376497210716163e-01
4.830618546759645748e-01
1.063531525150177126e+00
1.293617008109522626e+00
1.049647855113138961e+00
1.167991175012081495e+00
1.163142037580739530e+00
1.133840007327185484e+00
1.185028147184884473e+00
1.168877976251971207e+00
8.122687162626502921e-01
9.640838969993276164e-01
1.099387541864882634e+00
7.291478421203505533e-01
1.114256870078946360e+00
1.091482800657003871e+00
9.519038744828282050e-01
1.376484998996742259e+00
8.785938125268818455e-01
1.156212804684608741e+00
9.952239090755609086e-01
1.198353004325923177e+00
1.242530621835850724e+00
1.713400722133112009e+00
1.204915806486965613e+00
1.807075483879003297e+00
8.223944068916030359e-01
1.204767510735366809e+00
1.249799063854895032e+00
1.283540067717077848e+00
9.742769385266123461e-01
1.079367093193731808e+00
6.322432338720458400e-01
7.295746603558752597e-01
7.766610951201056157e-01
1.387595425592832887e+00
1.272514690770619294e+00
9.767280947193126561e-01
1.117365008627566381e+00
1.369883138044115878e+00
9.187770178987857417e-01
8.544743969767478742e-01
1.433750972499511001e+00
9.088861171134234862e-01
1.381631364785011140e+00
1.244889369080832475e+00
1.281542478506360050e+00
9.824795378640428511e-01
7.790256114656818331e-01
9.207110893198133805e-01
1.029866599154315887e+00
1.122248117876332607e+00
1.309854555193610715e+00
1.130976393166185368e+00
7.027716950381315275e-01
6.217656867175074265e-01
1.162703671036786846e+00
1.167944540971900924e+00
1.356920297942256326e+00
1.022916174268363232e+00
1.109939803942738612e+00
8.488943888383539971e-01
1.035674952134418625e+00
8.187115981594199621e-01
1.025960759688236745e+00
8.523942917349514037e-01
1.053807309870823827e+00
9.249806185929390079e-01
9.877161373476188722e-01
9.635068771875754390e-01
6.444109670148211455e-01
1.120422136053057960e+00
1.614371596164969613e+00
1.311228234281183180e+00
1.036459368157695016e+00
6.185294741298725807e-01
1.226589001207495144e+00
9.216549227669977862e-01
9.251795380892013920e-01
1.136598064893391991e+00
1.419657450121884379e+00
1.323082856704905996e+00
7.532630901188940298e-01
1.166132250764327694e+00
9.788380509600390633e-01
1.140538345966251477e+00
7.517644124269212691e-01
9.844962723089895063e-01
9.808022878477178352e-01
1.065862139684516929e+00
1.091975527475662400e+00
1.010290448167424415e+00
8.659195767064897797e-01
1.021532591128118339e+00
8.309759738960492692e-01
1.032621098668693449e+00
1.147744631854276776e+00
9.102259475559705271e-01
9.308215222587864490e-01
1.088102254106593225e+00
7.212464786893502122e-01
1.590145427430676106e+00
1.224577233498421069e+00
1.525401012420516622e+00
1.267080340570674757e+00
9.993308702280958578e-01
1.097377503496476114e+00
1.043957983958379465e+00
1.357401318490545350e+00
1.383498840921504103e+00
1.198098713432083517e+00
1.697621983764888931e+00
1.650244322629854654e+00
1.180375116422575532e+00
1.091679231926414806e+00
1.119396502155638018e+00
1.085791227418809513e+00
8.246975447903148737e-01
1.326673212023531390e+00
1.139240620179196695e+00
1.182441567328119003e+00
1.230368697473038564e+00
8.358710489922041020e-01
1.189665183815344029e+00
1.352770333254283752e+00
1.307181237241186400e+00
1.509864553474498772e+00
1.004030258162758482e+00
1.111730728643677280e+00
1.318375458568492586e+00
1.268193191651508567e+00
1.280480398873970804e+00
1.415413680794303852e+00
9.808300156219356136e-01
8.467311240326496069e-01
1.295394519642001807e+00
9.211094372531967167e-01
1.125952617593618310e+00
9.251711211486023378e-01
8.870588724813031067e-01
1.057570414685545357e+00
1.311755086055003350e+00
1.324438070908840359e+00
8.505334322326677521e-01
9.642014272810791597e-01
1.049763892291322387e+00
1.096038831623390220e+00
9.618312123954499970e-01
9.066721533742918560e-01
8.700888289206171189e-01
1.174836955084166634e+00
1.099109863613539462e+00
1.347354886080704750e+00
1.182579078063022537e+00
1.009460103416537358e+00
1.252790211598134862e+00
1.132131800001712429e+00
7.205099090722156818e-01
1.185403361285354062e+00
5.857517903944253757e-01
8.776262489460997518e-01
1.107123251758439508e+00
3.844683902129384934e-01
1.009883999637916085e+00
1.322640040731805522e+00
1.512975756766011592e+00
1.328057944798997525e+00
1.517816481039521159e+00
1.394468359019955583e+00
1.020788177902112182e+00
1.190319225051122087e+00
1.284364056225612671e+00
1.556157302543555332e+00
1.077524803510042650e+00
1.086439900005619075e+00
1.342488038512899440e+00
1.217757396469112852e+00
1.242993880306397569e+00
8.041248004323438003e-01
1.177302170215851929e+00
1.294416761207154432e+00
9.708214379530171190e-01
6.135494186551371243e-01
1.544735461432150458e+00
4.306160064156150935e-01
1.642458620769573940e+00
1.270544980511740807e+00
1.296838639938350246e+00
1.588134451878029374e+00
1.092255936540832195e+00
1.641360622450421580e+00
9.707252538376510698e-01
1.573702507156340635e+00
1.759288043578977945e+00
6.693667999568341243e-01
6.882237003906310768e-01
9.472614581923864963e-01
1.200851323199872089e+00
1.194279430747139825e+00
8.464480723367883153e-01
1.084578952268210550e+00
1.230969383251548477e+00
1.183651043351756860e+00
1.185222720637897353e+00
7.502490109335635537e-01
1.001171942270524085e+00
1.084259110671980775e+00
8.967793200559415201e-01
1.214659119815920230e+00
1.087536733726065963e+00
1.127904347264862217e+00
9.899440720791428117e-01
1.211933207092174225e+00
6.330713397030821588e-01
1.076406562739967043e+00
1.105365510125223771e+00
1.110852552419053563e+00
9.832947669110213562e-01
1.084356704390484261e+00
9.310990661674631852e-01
1.064645289249547710e+00
1.147157180178790759e+00
1.212364165448299280e+00
1.145668511642599086e+00
1.185308404574777263e+00
1.242535848533164788e+00
9.034801263059424326e-01
9.607329762023293362e-01
1.237886419308060537e+00
8.067416480205817919e-01
1.143375471740001759e+00
1.191642660723389202e+00
1.210758855908759424e+00
8.707880222070202292e-01
1.099017962062589948e+00
1.411977409931475469e+00
1.042007830783089783e+00
1.362819983884249186e+00
1.257653841931404060e+00
1.334076320288546391e+00
8.992894027215538877e-01
1.070492505153030294e+00
1.191400128022867433e+00
7.581790128661102246e-01
1.291876967806294019e+00
1.334040501282752311e+00
9.288983971531329376e-01
9.912624060483919974e-01
1.352164240392369265e+00
7.278832075416282743e-01
1.121451931736031637e+00
9.968648106234585526e-01
