1.497304147028894361e+00
1.384206796092581682e+00
1.530186288661722793e+00
1.340202727479720579e+00
1.361107518791552451e+00
1.005202277351184614e+00
1.705880420256949748e+00
1.308335407198531586e+00
1.736947269590590537e+00
1.244767129360406344e+00
8.412963338158007121e-01
1.484968469049923412e+00
1.183924221248207953e+00
1.290760119697893504e+00
1.257268973968669323e+00
1.133630050717317594e+00
1.287521276501075729e+00
1.390565472643270573e+00
1.714822756758156874e+00
1.349684331192802844e+00
1.375655059954258075e+00
1.228862681296466697e+00
1.026151125834839251e+00
1.036948852282770561e+00
1.223173899843287282e+00
9.895139462905532257e-01
1.408604094702547327e+00
1.180334876084334184e+00
1.304224630294215759e+00
1.542730256353608942e+00
1.703880653256875322e+00
1.697693636106020421e+00
1.418680954796040838e+00
1.193016227021670206e+00
1.021752763458720459e+00
9.981566803416377365e-01
1.271742932935608028e+00
1.370403582824744504e+00
1.314019734905184089e+00
1.346192944251473955e+00
1.307281337795408005e+00
1.407508661536163164e+00
1.280703247088712970e+00
1.425883959166275528e+00
1.495485616101047466e+00
1.256599798088806841e+00
1.037453404119097033e+00
1.381122678598840192e+00
1.177469838212090947e+00
1.137748691130050505e+00
1.021808084448651677e+00
9.075957979739436299e-01
1.462520717328805953e+00
1.476694672673966702e+00
1.491422681385541793e+00
7.819620722538437319e-01
8.890018712161759096e-01
1.128956007058303790e+00
7.621688036547160650e-01
1.032282810094691916e+00
1.120959536286621816e+00
1.140238861403705783e+00
6.312193656552307353e-01
1.186856292478421837e+00
1.286456552474231962e+00
1.223665643704705985e+00
1.313651663741909781e+00
1.218976249878616303e+00
1.022860335498463336e+00
1.385552242642137166e+00
1.424695625872432814e+00
1.268192565829211471e+00
1.244026958496941893e+00
1.414724179651795755e+00
1.572142782899860425e+00
1.500894403095406782e+00
1.458488506405785756e+00
1.104820397831781653e+00
1.064386632298763624e+00
1.281017750209823225e+00
1.275878640609743986e+00
1.297849537227435235e+00
1.289752516764297585e+00
9.117178837321033846e-01
9.605564630233889289e-01
1.023343370940306585e+00
1.009751873885533779e+00
1.009409706377514704e+00
1.013760009341176271e+00
1.130670567949329186e+00
1.242994208748659846e+00
9.993839514630852294e-01
1.017870398842103619e+00
1.054959054314699385e+00
1.016574848086966965e+00
1.178574049259181855e+00
1.141836198178933559e+00
1.315798384928907216e+00
1.242699236468560287e+00
1.159278196656273074e+00
1.357448899068147696e+00
1.335552753763808109e+00
1.452015860271426817e+00
1.351610768244524419e+00
1.359102272220436225e+00
1.315051303533491422e+00
1.289857020814070054e+00
1.485318904465833478e+00
1.228730962251272762e+00
1.298915246952365266e+00
1.362884051300260246e+00
1.315367023471531338e+00
1.145799342999429316e+00
1.374354646174608563e+00
1.461896355829989558e+00
1.441351167735348549e+00
1.227538405268812749e+00
1.314375356290720553e+00
1.168058972045031174e+00
1.125481420608217098e+00
1.223812301303882855e+00
1.325169604604168549e+00
1.266256202290901633e+00
1.171248916581533628e+00
1.230651218644105871e+00
1.520134328304779681e+00
1.469998044167369011e+00
1.225846853687554638e+00
1.168272119051718239e+00
1.339785013779522194e+00
1.448784528798082727e+00
1.326475615234357752e+00
1.355766287378813439e+00
9.574799111619654024e-01
8.618958238198547450e-01
1.122745432180123792e+00
9.973728494440791126e-01
1.467408816378897196e+00
4.283153325595058791e-01
1.287470940642621908e+00
8.751361182882185785e-01
9.964372123019258343e-01
8.219852145693841150e-01
7.297039569125107761e-01
9.548912673289805531e-01
1.187208784929143501e+00
1.033243158431164543e+00
1.136621729527698577e+00
1.232178732780582209e+00
8.178241072356372543e-01
9.685161987782531234e-01
1.155864744342409267e+00
9.703420315192324841e-01
1.272857158621816920e+00
9.471896498620151483e-01
8.290891579942564205e-01
8.288107542601165223e-01
9.633406046024013403e-01
1.319111630633220456e+00
1.084483924016102829e+00
8.433495765848404435e-01
1.373340548507794523e+00
1.221179063817381394e+00
1.194635716965702699e+00
1.291539857523444024e+00
1.278225739965292984e+00
1.432593919103935409e+00
3.704076964844811304e-01
1.124807136591289058e+00
1.379993555501408231e+00
1.377139912923481146e+00
1.458406232547446502e+00
9.377859657706126839e-01
1.092044145110621090e+00
1.043625048428050039e+00
1.082385436161066972e+00
9.311481133467670590e-01
1.205953923360471469e+00
1.388271384585111123e+00
1.238749875199623096e+00
1.344580872715406494e+00
1.176673859638906805e+00
1.512110752492493493e+00
1.068711083648919313e+00
1.454630125423998832e+00
1.454689145723381261e+00
8.613147305621602356e-01
1.121646067212116238e+00
1.107260603919028252e+00
8.967523498896836642e-01
1.155279405276736560e+00
1.321267331120359323e+00
1.467192918257088197e+00
1.439618216569739095e+00
1.357949709390908977e+00
1.337096350781520115e+00
1.274753601057868169e+00
1.206360976314620581e+00
1.162458307429562243e+00
9.744898647200790354e-01
1.053178272567071527e+00
9.977379431070747540e-01
9.704019137361630243e-01
7.536450649473407370e-01
1.193854570216497768e+00
7.707802514167140240e-01
8.553494321333746653e-01
1.073472237184753597e+00
1.005251067651794061e+00
9.250529790147379305e-01
1.032906877952509905e+00
9.412531007762694468e-01
9.086882356908420055e-01
1.261160116305513279e+00
7.412394527011124667e-01
9.665562036627681763e-01
8.754264596836304202e-01
1.139234278108974818e+00
9.179387674022979615e-01
9.446432448347251709e-01
8.181558488532953977e-01
8.632461434182442384e-01
8.489850826666710537e-01
1.093174346828585719e+00
9.402132327253388544e-01
9.836086665523195993e-01
1.001419257514777117e+00
1.103092046594098985e+00
1.436853368927259123e+00
1.592635710689039863e+00
1.190852790515216419e+00
1.340465022198763512e+00
1.095304509520478975e+00
1.072669740939734551e+00
1.050239293556364251e+00
1.157505897711465837e+00
1.323611756174970955e+00
3.488529990800146030e-01
7.369408670143122730e-01
1.246588180556383652e+00
9.131448934895948222e-01
9.632645785819063944e-01
1.450403114868841881e+00
1.370238725414176573e+00
1.061330292916666362e+00
1.041430771670013078e+00
1.215617848753981933e+00
4.461796451770763117e-01
1.009945248071589585e+00
1.216226178757015219e+00
1.074568450122540986e+00
1.055340488363289753e+00
1.087997211377788043e+00
1.288169692889463702e+00
3.690769553898529676e-01
9.893057623511042342e-01
1.425305573770444090e+00
1.205250808396416629e+00
1.615415141669791499e+00
1.529805579159083662e+00
1.582815229110933419e+00
1.403287058075846527e+00
1.444395738983678124e+00
1.300895086648010457e+00
1.129660491883644813e+00
1.300048511349511049e+00
1.419158269675173445e+00
9.537370528032106387e-01
9.208911601527801638e-01
1.090391810953970086e+00
7.317743957147176959e-01
1.259586604574161717e+00
1.495325090468736740e+00
5.309082583356171670e-01
1.612669435586778999e+00
1.144154637245639705e+00
1.017987223328163049e+00
1.067447911505096769e+00
1.293417682599301344e+00
9.472364522529725939e-01
1.256236808116192316e+00
1.333050106782333266e+00
1.273380180760314007e+00
1.150337391536219167e+00
1.212581277803015167e+00
1.179643067549984714e+00
1.279525081662417296e+00
1.339213794969061455e+00
1.353490122382924987e+00
1.220154551252668140e+00
1.104094665965056787e+00
1.381033535560957315e+00
1.219972006909747497e+00
1.182246633986156370e+00
7.801827365796953906e-01
1.184479044346733234e+00
1.119655975845265994e+00
5.639944359959131459e-01
9.359778651328425347e-01
1.440458064107373648e+00
1.260086431078483837e+00
1.535008192545336048e+00
