1.208917561488315195e+00
1.083204051313068961e+00
1.182475208603712469e+00
1.066099974132411976e+00
1.309397364393847241e+00
1.303753985371316482e+00
1.423890067843362806e+00
1.488620593904642631e+00
1.259079186127035399e+00
1.174727211229395163e+00
1.181006971308405706e+00
1.372944190444515877e+00
1.054837386872480298e+00
1.191933637124009904e+00
1.271254640655824941e+00
1.112337954494178049e+00
8.009094183626723762e-01
1.389786674934993860e+00
9.884415471349018434e-01
9.129550923594331735e-01
5.856277452645941572e-01
1.434510331119911886e+00
1.170106196038731339e+00
1.347851346631264713e+00
7.945797550042054125e-01
1.318014852732954489e+00
1.153246835598156217e+00
1.621740010267012755e+00
1.372898826896452151e+00
1.042558806806702210e+00
1.699332909492454080e+00
9.890480687305405194e-01
1.438745841146021442e+00
1.203291088784191443e+00
1.292690433984130749e+00
1.190231266406599930e+00
1.246661819931774273e+00
1.276549049628950661e+00
1.291248873256830354e+00
1.305496351891969331e+00
1.426803268226509269e+00
1.447599568116846092e+00
1.381209360035822842e+00
1.181848436715752237e+00
1.190055035567417541e+00
1.075921346010981550e+00
1.112004142606459078e+00
1.457043367082240248e+00
1.484050909593547019e+00
1.204600525383549448e+00
1.326630597273854351e+00
1.221031300597585911e+00
1.122725679669222876e+00
1.130008766820493005e+00
1.289391290229239928e+00
1.306535538472190172e+00
1.149600501968553123e+00
1.422697444247662535e+00
1.221208051936510053e+00
1.644512736478741743e+00
1.281545719566370867e+00
1.295313741248722561e+00
1.222958034298454510e+00
1.157209212110863916e+00
1.022672601378933344e+00
1.114301488234104909e+00
8.577445657024187486e-01
7.931588718816442451e-01
9.204082526084419458e-01
9.710063803748503197e-01
1.141976282661156805e+00
9.756915103473542406e-01
9.236100720616925441e-01
1.097566820729183767e+00
1.075208961325311963e+00
1.095333056589797405e+00
1.188010948230036057e+00
9.360821808841303104e-01
1.325672284024754566e+00
9.503514491939892839e-01
9.299367301738722391e-01
9.417135430588691181e-01
1.110136726027113108e+00
1.085304290174489594e+00
1.214218667754991099e+00
1.137714490801918998e+00
1.082150261388216350e+00
1.197732357342275122e+00
1.079029133910816451e+00
1.224478488016119249e+00
1.240149504288982962e+00
1.052259916651169025e+00
1.232771668933059672e+00
1.631420767341329014e+00
1.636385659571875095e+00
7.307587073554037138e-01
1.065701791076921534e+00
1.305297828516412517e+00
1.263055048666546831e+00
1.050969627025482467e+00
9.959162819826337110e-01
1.221040918242671802e+00
1.270216712708062579e+00
1.155217796059955448e+00
8.803334549526994346e-01
1.083623202868073898e+00
1.178839907768066020e+00
1.007955467627848600e+00
9.173493526881678628e-01
1.055470087024155346e+00
1.167224542128425302e+00
1.221490896509678459e+00
1.255640285989311877e+00
1.483889254551317372e+00
1.682033960350726387e+00
1.306609229962100605e+00
7.943709563967565890e-01
1.199594778271189988e+00
1.378949602697790988e+00
1.484519185587812151e+00
1.638506664711320449e+00
9.216400925671932587e-01
7.244744104768613413e-01
1.044496153805818839e+00
4.068907259280338806e-01
1.324257974705426610e+00
1.090161454321943557e+00
1.329201425877286624e+00
1.143263071148410637e+00
1.041497052846422244e+00
1.083440326223737982e+00
1.089886388524060612e+00
1.009272525785617436e+00
1.075512509183293330e+00
1.092190049709051092e+00
8.777080695204496630e-01
7.319006141695806322e-01
1.048344258483114411e+00
1.059086760955360917e+00
8.654351179246830839e-01
8.484694232411306158e-01
1.114529595772191684e+00
1.051381830931336747e+00
1.181027989182847460e+00
1.242771169876872639e+00
1.249896724816214721e+00
1.312731912581446725e+00
8.405947730454742528e-01
1.017080978321326601e+00
1.391588452917523311e+00
1.097004139870387140e+00
1.023426183377037058e+00
1.299324193362118463e+00
1.295247568200200705e+00
1.219430100350756163e+00
7.658560264508081916e-01
1.254174929688486095e+00
6.181219166988857205e-01
9.413085844551803971e-01
9.268696407685139693e-01
1.058803749744196887e+00
9.965335194142809216e-01
9.647121318224594066e-01
1.206094336388302102e+00
9.269579670465021293e-01
9.096925394833837997e-01
1.041019356711867960e+00
1.106025230120179614e+00
1.049284313836349236e+00
1.136303160031193693e+00
1.159248738022750524e+00
1.164039614192967198e+00
1.126296771720330492e+00
1.117026293990927455e+00
1.055457972634949337e+00
1.214067846707434839e+00
1.181816073186747307e+00
1.112095847040587282e+00
8.327538588306373502e-01
1.094218777629264006e+00
1.134133828473900429e+00
9.380468762366921398e-01
1.106649054673649823e+00
6.868120576551518530e-01
1.158157460459771748e+00
1.370842125157418323e+00
1.219855112952704435e+00
1.179153548531732820e+00
1.108579335809133593e+00
1.019140780528742685e+00
1.296173564408964252e+00
1.295443823088198387e+00
8.826778524017812044e-01
1.353113734816577596e+00
1.304307326774713394e+00
1.030645708263787874e+00
1.005230266541730533e+00
8.349460145619009843e-01
1.069735621807506698e+00
1.172876131424075874e+00
1.312849661166575865e+00
1.291907953756750382e+00
1.528074507477068966e+00
1.181728457081871131e+00
9.358516962671890038e-01
1.333657836701581445e+00
1.287481066334334123e+00
1.052470062489963443e+00
9.934248987947368326e-01
9.869875551686833060e-01
1.031492964152543879e+00
1.138242832686971351e+00
1.156519182421719805e+00
9.961974578995882457e-01
1.191184315547373362e+00
1.035809208553390537e+00
1.125461337798247863e+00
1.300903806175547572e+00
9.816965994117811123e-01
6.283988850074366805e-01
7.492110857852818384e-01
1.085367497354048583e+00
2.702304523154699378e-01
9.943840493142670489e-01
1.059942491052887847e+00
8.360341847560317508e-01
1.156953258868500978e+00
1.369315146065123612e+00
8.688397137593790731e-01
8.780671548117754410e-01
9.635667628909234672e-01
1.013161152721500535e+00
8.993350190158031499e-01
1.115313732129378677e+00
1.502272523532577786e+00
9.477850424353275738e-01
1.507072465861468480e+00
1.061146454483046453e+00
1.268410904080117030e+00
1.334434006477326795e+00
1.266871217120157933e+00
1.710787244884409697e+00
1.348210299287316616e+00
1.374727422039581981e+00
9.177513904009118040e-01
1.530162659446123952e+00
1.040274813071317528e+00
1.006546635165619374e+00
1.055489867939149784e+00
1.065404419221183563e+00
1.177483788691349176e+00
1.301636425002446362e+00
1.138678639962507289e+00
1.177650450246830793e+00
9.921128556845871804e-01
9.915754904875813125e-01
1.316423389411349065e+00
1.426404465625214835e+00
1.396662299193686563e+00
8.223284114096800490e-01
1.343374613866316070e+00
1.088134025320189657e+00
1.024834979165723636e+00
1.136348343010496142e+00
5.348373238147688946e-01
6.935730830629446286e-01
8.908310191494458463e-01
1.244063530031830123e+00
1.300663491661170346e+00
8.119078837524772441e-01
1.375263767982530583e+00
1.218533467611444099e+00
1.493399127335182541e+00
8.995220205790108725e-01
1.711143064935050084e+00
7.044092279355633757e-01
9.234812547819638562e-01
1.352050559773573246e+00
1.343114733761655799e+00
1.413948783102411566e+00
9.592730653663071871e-01
1.391342174716281743e+00
8.906372363429778671e-01
6.421292114235440662e-01
1.082156153531406373e+00
1.607247217334317524e+00
1.193760050010067131e+00
1.527320580654536908e+00
1.232308856833001842e+00
1.099287436546380281e+00
1.012174721456424953e+00
1.664280440351672219e+00
1.125547640946457095e+00
6.875096169432406423e-01
9.043225394167656583e-01
9.930556532016593385e-01
7.843169476160494202e-01
1.061758911502558300e+00
7.377946734815308272e-01
1.010240443470795668e+00
1.291341519799383386e+00
1.000599809450313238e+00
