8.097385737112685611e-01
1.014404904845546795e+00
9.768745435888475104e-01
1.029757938882358115e+00
1.519344073977662024e+00
1.209457026597077434e+00
9.475042559310664636e-01
6.306022994241379243e-01
7.223746919407412204e-01
9.882717668610585537e-01
7.333874524983750032e-01
7.271025997963546095e-01
1.278291516527834792e+00
1.086749288140207215e+00
7.970633079195558190e-01
9.726617495570694105e-01
7.051165251811956081e-01
8.553108537900031560e-01
1.037891754086110341e+00
1.192489160664234937e+00
6.423014859773442664e-01
9.035126587118578190e-01
9.617164955359860379e-01
1.218122800497809743e+00
1.263188851362730292e+00
7.973542197967307121e-01
8.431647514329152493e-01
8.604746246030694490e-01
1.025881072473985078e+00
8.629368132565086169e-01
9.186490935694220372e-01
9.695052627677993584e-01
1.254090560094134554e+00
1.475098502052564209e+00
8.015816251171689055e-01
9.398309122681726135e-01
9.676550748783624423e-01
8.518962436253983972e-01
6.781437832902500462e-01
9.198558538148954300e-01
1.290955777051508768e+00
7.957050171275638073e-01
8.035721359889046456e-01
1.255128304790401828e+00
7.900545739085598207e-01
6.878805388912347940e-01
6.990948015479627742e-01
1.138436595584018107e+00
9.499789456651980268e-01
1.237508590718397139e+00
8.832956449050991532e-01
1.088696362796344408e+00
1.099200854468908028e+00
8.242514282330690722e-01
1.034562963638208544e+00
9.339456863664831188e-01
7.934020608208444125e-01
9.179568843168038894e-01
9.928940869865677810e-01
1.129937262745660753e+00
1.184582200369555416e+00
1.112251156601010704e+00
1.148264779587877760e+00
8.325876982279079019e-01
1.204610274260803360e+00
8.497233853711669838e-01
7.785253485000743767e-01
1.076420768208727896e+00
1.171483341576714743e+00
8.642400183348492027e-01
1.141863751205497213e+00
1.521171167124924839e+00
1.083605148113275796e+00
6.607091551684520780e-01
1.117875093781465434e+00
1.113702805482165825e+00
1.356190542411796152e+00
5.886067479125787205e-01
6.596310198570749517e-01
1.179535581498152519e+00
1.210181198901982613e+00
1.299693591110848701e+00
1.021872762607916929e+00
1.135023240407264877e+00
1.058951600833053064e+00
7.400223275637954901e-01
8.381044819731633400e-01
7.926402697420935617e-01
1.053571655808955176e+00
7.431541995395022360e-01
1.130197511133799182e+00
7.746570164040049722e-01
1.202080143933786927e+00
1.437040681250300711e+00
8.435062584420779386e-01
1.220400833620249426e+00
1.360892238438935253e+00
1.118608072061174852e+00
1.343068006008084403e+00
9.266848325243000062e-01
1.508878209439105333e+00
1.367348105786709178e+00
1.108339118311151061e+00
1.306884127651320560e+00
1.160852762510727221e+00
1.201895685018377735e+00
1.044257211780528882e+00
1.198701596437911077e+00
1.100110004453377810e+00
8.306694844645126086e-01
1.027651877610213704e+00
1.318137291052454696e+00
9.533565347645449606e-01
8.820157802187209573e-01
8.632947707478556554e-01
1.123680785603764942e+00
1.144036223750190207e+00
1.259383290074620021e+00
1.285869273094167875e+00
1.027646222236686002e+00
9.688159627846366639e-01
1.139326926758266190e+00
8.091073256118569423e-01
1.262458923355234353e+00
1.594281452945983890e+00
8.468191304834263855e-01
9.158299024623273166e-01
1.195105824653985183e+00
1.128356484117617020e+00
1.189667838692935353e+00
1.228975723808445553e+00
1.064594737998699747e+00
1.075240736808717568e+00
1.243895415148295047e+00
1.027258676506205504e+00
1.088677317857846161e+00
9.989875603208914212e-01
1.135240198477742934e+00
1.216824373621525401e+00
1.710276378359510741e+00
1.550953775995574491e+00
1.577676835758847540e+00
1.527488177811309855e+00
1.225255077638060408e+00
9.523277000774891254e-01
9.548841672991353891e-01
1.082462573505159620e+00
1.211191238567975947e+00
8.757246993796101719e-01
1.063938999747593872e+00
1.384937103381397305e+00
9.123028395438483873e-01
1.408897410896371882e+00
1.303221744359033707e+00
1.452474992753139293e+00
1.504823561972874257e+00
1.425081756230928143e+00
1.130580547128431146e+00
1.370627380313568011e+00
9.304321244892952425e-01
1.434410973943148759e+00
1.445986839735751150e+00
1.137363393001066703e+00
1.239882462862426094e+00
1.338642239962122060e+00
8.250019950056214357e-01
1.091159266426937169e+00
1.023125781328251271e+00
1.176071360576806724e+00
1.224537654441516299e+00
1.145919349815234467e+00
1.245994919855720307e+00
1.148504276341971941e+00
1.269161016692461619e+00
1.231042895565305662e+00
1.352278186727996712e+00
1.229273786608449548e+00
1.112463552912555054e+00
1.182488757925229894e+00
7.536511373795714563e-01
1.253687229088239929e+00
9.842759448183454607e-01
8.740875901192085573e-01
1.010219865359363478e+00
1.111038749013325111e+00
1.187916163653877755e+00
1.169939354083819216e+00
1.426527148583994764e+00
1.154417798218732916e+00
1.036739053529122989e+00
1.180360770703745343e+00
1.180139665826951845e+00
1.399008147095706533e+00
1.116731506972651555e+00
1.062834231967611842e+00
9.809707642654897919e-01
8.285583896195000131e-01
9.950928448963680673e-01
1.178437566789559243e+00
1.228284308145782378e+00
1.155204337041177309e+00
1.033665952951564382e+00
1.206006885655605210e+00
1.363234740474551732e+00
1.234515301161495326e+00
9.581661396581542256e-01
1.018993959409641104e+00
9.838973223761525722e-01
1.285960082781424596e+00
1.023115971662933221e+00
8.855014509557654900e-01
1.130158449912095575e+00
7.527410222635240178e-01
1.134965284503327565e+00
8.617134174728631191e-01
1.087518009591829982e+00
1.190361871219049572e+00
1.204236551992746707e+00
1.188747406988313937e+00
1.402137186343875630e+00
8.484091078643988260e-01
1.284129033961261435e+00
1.352004716208796697e+00
1.608694947230637773e+00
1.194356811569676324e+00
1.589129659342164214e+00
1.340633920456754558e+00
1.186863484916255818e+00
1.194148555345198703e+00
8.586224762601041283e-01
1.273553322477980698e+00
1.212663252012881054e+00
1.386430142045255609e+00
6.896807502180848370e-01
1.137404960431994905e+00
9.581267551411410954e-01
8.276885495309099783e-01
1.099588683147939339e+00
9.474765639308783127e-01
1.060061203498004589e+00
1.259264886697561314e+00
1.114424865520355912e+00
9.915859027647400126e-01
1.194636900733762941e+00
9.566943575675275202e-01
1.129443407295020130e+00
1.135302860867405617e+00
1.096832521845419128e+00
9.871338003286697083e-01
1.227645049904130925e+00
8.359382513271974569e-01
1.611042427525505083e+00
9.605372757098059600e-01
1.541898154506583740e+00
1.063453793050233687e+00
1.152879908470069159e+00
1.060180317546929318e+00
1.105958030942441273e+00
1.148109390302284094e+00
7.496992801692088371e-01
1.026313129161938065e+00
9.588374570252073958e-01
1.124924636900155095e+00
7.918542682900159280e-01
1.040828567721802100e+00
9.839377995037410507e-01
7.252971840876177856e-01
5.485304943405852063e-01
1.313843221996921828e+00
1.032733566907006129e+00
1.020749752448400161e+00
1.090980254522977866e+00
1.008208095242193902e+00
1.076267233752959296e+00
1.106221495986653869e+00
1.046466922461184001e+00
1.086999353132083401e+00
9.833747794216292082e-01
1.515637904392122204e+00
1.024485303336243325e+00
1.151646927896699424e+00
1.177841850905748444e+00
1.234445654976906948e+00
1.448092349544231716e+00
1.159114645659354181e+00
1.339293389121713806e+00
1.178067781663772351e+00
1.084620823721971883e+00
1.066179893653736332e+00
6.697038323961200801e-01
1.538817457028460289e+00
9.763876685936906386e-01
9.878727156776431206e-01
1.191855376632113384e+00
1.217377113131418165e+00
1.430502907246766320e+00
1.472142378448322741e+00
8.618425100282383067e-01
1.502992088383841907e+00
1.194154294133685790e+00
1.362687924895093827e+00
1.206150507335803201e+00
