7.242737116625095339e-01
4.910692876109101213e-01
5.902224539267130199e-01
5.989113499095762849e-01
6.094153782768136907e-01
6.199421284718235059e-01
6.369505225348216504e-01
5.743776400600074661e-01
6.939357970309628643e-01
7.842388591078631732e-01
6.187676530783201567e-01
7.110207496704765706e-01
5.671818889243257500e-01
7.742209819664467307e-01
8.467609660082160428e-01
8.094768775129365102e-01
6.591608501343267923e-01
8.052669153611228259e-01
8.327259787708993777e-01
7.596693021102840504e-01
7.965293458064455212e-01
6.061476610158209599e-01
6.640004048171280759e-01
9.224490312792653635e-01
6.247246364096051829e-01
5.624360964106144278e-01
6.692474292340430120e-01
8.410220983053796617e-01
7.687785099611863515e-01
6.557841102094734698e-01
6.557841102094734698e-01
6.053972447631628118e-01
6.557841102094734698e-01
6.312511794678242749e-01
5.929420645404792634e-01
6.654085676542746963e-01
5.929420645404792634e-01
5.929420645404792634e-01
6.312511794678242749e-01
5.927533496886208120e-01
6.252467057200136180e-01
8.018573318322208543e-01
7.710269102654417894e-01
7.017478755623076658e-01
7.104467808732870537e-01
7.456531378216255668e-01
7.185286494444396155e-01
7.658418530977973981e-01
8.498641210756742170e-01
7.550494152897386790e-01
7.193621609717388843e-01
8.085346250695470971e-01
9.169845121429787138e-01
7.647272008758511097e-01
7.040196955771854670e-01
7.713225199680452393e-01
8.213062790030373206e-01
6.536034881688297382e-01
6.969157091431754658e-01
5.976176932536111375e-01
5.994944954481089550e-01
6.059699874492308069e-01
8.151045640250370594e-01
7.929923613651553849e-01
8.207390096018569725e-01
7.600650526655137185e-01
6.847607409265203948e-01
7.926448602051524572e-01
7.286730607601246135e-01
6.092018289757776817e-01
7.907985834787362167e-01
6.362663577101738133e-01
5.069548629665411310e-01
6.820257472676301003e-01
4.840690432714628844e-01
7.939596230944873101e-01
7.423602696813463853e-01
7.198746328695734276e-01
7.657149610878143386e-01
7.223811770034814783e-01
6.627785450192104078e-01
7.205229706737903417e-01
5.893645898087418455e-01
8.455631948500110795e-01
9.004013125200776013e-01
6.741063818661804374e-01
7.617372220741541744e-01
1.000000000000000000e+00
7.377988537463925356e-01
7.123096257317220736e-01
7.318525201226677712e-01
7.710211773210373654e-01
8.810784314417223761e-01
7.604530360525613153e-01
6.320697800595650451e-01
7.793764523814284972e-01
7.138421854073527806e-01
8.206746117912834260e-01
7.556653358663723008e-01
7.020205229942449998e-01
8.118898580644464680e-01
6.185996008899589116e-01
6.862038801677710076e-01
