5.710088770550789672e-01
6.385159752974772784e-01
5.917707740396859206e-01
7.824156696692533552e-01
5.702977409783887008e-01
8.320869582454564206e-01
7.529675730091255348e-01
6.134448070468712100e-01
7.118075571674645774e-01
6.292665816003248924e-01
7.718641444441852739e-01
8.325118491233711726e-01
7.939692020608833944e-01
8.569722594378839098e-01
8.646058834451930686e-01
9.105996786348745653e-01
8.391842893763884481e-01
7.722949331064058454e-01
8.330936590169039091e-01
5.873870372345100233e-01
8.453255691380889836e-01
8.427402438547109131e-01
9.106015996805456592e-01
7.416174760524593124e-01
9.456459480930241579e-01
7.711293658731723788e-01
6.429643548934892427e-01
8.176962181534019880e-01
8.747856742120233564e-01
6.935492005484281686e-01
7.696602138416943628e-01
7.165411981126890151e-01
6.896043272684226899e-01
8.256126780831767320e-01
9.777907609099392161e-01
5.887760566256970973e-01
6.769313972298315329e-01
4.211414898456952716e-01
5.961336415947914302e-01
6.677363298816568760e-01
6.557841102094734698e-01
8.022261084438903067e-01
9.509428320748326557e-01
8.426335372140119073e-01
8.109854373015624729e-01
7.897325845919360710e-01
7.667149492851652592e-01
4.631767600103282589e-01
7.463719521432671256e-01
5.292926972798541740e-01
7.249985594446498594e-01
7.643980685262254937e-01
5.639481692499241916e-01
9.127808579336302852e-01
7.198542484037649958e-01
8.860341061731334955e-01
7.701070403061760494e-01
6.701125811589926373e-01
5.803700379730126757e-01
7.527870316994337285e-01
6.418281996768346875e-01
5.917495763836420064e-01
5.369032274107571334e-01
6.802205412789327221e-01
5.322180490422845356e-01
5.552143209297262239e-01
5.526403122850523930e-01
4.803736438959165800e-01
5.160084911687181641e-01
5.267888573668852992e-01
5.399620053193592284e-01
5.607077969875591261e-01
4.425447130779848748e-01
6.115527958937799768e-01
6.268420412783349827e-01
5.554347880847518848e-01
5.422112380215790006e-01
5.902661435088345510e-01
6.312511794678242749e-01
5.649903315343860477e-01
6.890221879906152092e-01
4.873578890234754324e-01
5.946789771297360527e-01
6.011714078417257356e-01
6.920193102081594327e-01
6.961728072779642673e-01
6.247441434636672453e-01
6.107564175205891788e-01
6.709790925360104019e-01
5.118208768862858582e-01
6.511659952367441218e-01
6.080715978275638145e-01
6.178286241174576476e-01
7.071095489743515206e-01
6.521128950575200145e-01
6.746193620103936306e-01
6.305170294583684054e-01
6.627416326597215246e-01
6.816785705345663748e-01
6.343279177779698186e-01
6.644886477331546359e-01
5.903385991252587672e-01
7.622321671002539878e-01
