7.197253648307596618e-01
6.644724041722653851e-01
5.782223060954900795e-01
7.961263575558857886e-01
7.397688084970118760e-01
6.966554957262479641e-01
7.135063201139041356e-01
7.994970302814752294e-01
8.315588264193337631e-01
5.784110209473484199e-01
7.016699932194629952e-01
5.784110209473484199e-01
7.364392949870979255e-01
7.860940795954405313e-01
8.384480313110660443e-01
7.271696073902166324e-01
6.654085676542746963e-01
6.527294904573146539e-01
8.399708233531505419e-01
8.167018754172277184e-01
7.798706810755895447e-01
7.798122977950887602e-01
6.055859596150221513e-01
8.220881514908696674e-01
6.195508586525761974e-01
7.727937703023701754e-01
6.050198150594449098e-01
8.332001262542886311e-01
8.121239292991629943e-01
7.994720119581938400e-01
7.964767080294657964e-01
8.171027923338320953e-01
8.662383464065780414e-01
8.271516692462486109e-01
8.235612990243960096e-01
7.663710133987544637e-01
9.843408709657409661e-01
8.456016749658731291e-01
8.236621232359140343e-01
8.693553708335651775e-01
7.960012801660609760e-01
7.794780233096326727e-01
8.536889268109323359e-01
9.508693342105163371e-01
8.133900683315911095e-01
8.144043288559199567e-01
8.098242485467871399e-01
8.316068424364916334e-01
8.211404641364190571e-01
8.534808945604265285e-01
8.227679908862767233e-01
8.280478019171890747e-01
8.174307316551336910e-01
8.366869634856838323e-01
7.616477296583442635e-01
7.509435875778849301e-01
6.537173551176183040e-01
8.066174065997199216e-01
7.842394287607907799e-01
8.293002654957242203e-01
8.200664352765537624e-01
7.809796397133317303e-01
7.875660242219973961e-01
7.894888838778444384e-01
8.300566292384607969e-01
7.632557429397526239e-01
5.793545952066423421e-01
8.169503166146609985e-01
7.791231405222338591e-01
5.109075990443290305e-01
8.226200631468836288e-01
5.795433100585016817e-01
9.326881366167008025e-01
5.795433100585016817e-01
8.381297224339026020e-01
8.766143824691294828e-01
8.150594451783355066e-01
8.148245539723214526e-01
5.795433100585016817e-01
7.632151212560327469e-01
7.040153315536779033e-01
6.758574891028590326e-01
5.797320249103609102e-01
6.506041789490659699e-01
5.797320249103609102e-01
5.797320249103609102e-01
7.256947906687882810e-01
5.797320249103609102e-01
6.488857556578198071e-01
5.797320249103609102e-01
6.894698733089347220e-01
6.369688458400675213e-01
6.501904702223102461e-01
7.152448333436756123e-01
6.557086725572540686e-01
6.196278126506480355e-01
6.445865943891631034e-01
7.733863297546935689e-01
6.788237065470883458e-01
6.652154858710667140e-01
7.042611032253625059e-01
5.799207397622196947e-01
