5.516006543005947949e-01
7.828423965568002130e-01
8.795917907355492726e-01
8.185702323162928895e-01
7.776907425213728242e-01
7.439741431816438988e-01
5.502004162316993519e-01
8.470371716399512918e-01
5.818718443363811721e-01
8.353462763342516251e-01
5.607015145450560123e-01
7.760396144244816607e-01
5.961117987818177477e-01
8.572524519601362192e-01
8.064873270057431043e-01
5.611521499771412458e-01
5.519457295778542605e-01
5.344189242398512674e-01
4.814354066637751006e-01
5.159418188623735579e-01
5.151915455746380879e-01
7.183570909867866838e-01
5.966368234202397147e-01
6.665033007666764098e-01
8.106064133538385397e-01
7.835148215466941624e-01
6.959424488649161855e-01
5.831288922438194744e-01
5.831288922438194744e-01
8.072637218169840256e-01
8.009590223275319110e-01
7.110990149716576170e-01
8.227032180806731487e-01
8.973935106723974764e-01
8.739168521819188351e-01
8.652180743115092110e-01
8.368072262681792717e-01
8.101336959472574817e-01
8.124726346333180915e-01
7.996285074002204007e-01
5.831288922438194744e-01
7.390761700020859193e-01
7.260736108870771144e-01
7.336826617199301293e-01
5.710131076516936632e-01
6.222108062107610804e-01
8.405957804283565871e-01
8.247729348131819238e-01
8.646175632797199473e-01
8.640742781071408807e-01
8.307770950639279395e-01
6.477531648383038076e-01
5.833176070956788140e-01
8.287497953599648470e-01
6.974308547880888609e-01
7.455559868632880560e-01
7.920849363405838561e-01
8.035702900802872417e-01
8.041679397610936864e-01
7.942205413935771174e-01
8.037975777715301584e-01
8.546486888607940369e-01
8.481393347807711924e-01
9.170743884425762715e-01
8.147754472373948120e-01
8.067072634728358338e-01
5.835063219475373764e-01
6.531403570668730119e-01
7.842599203351827697e-01
8.507381646779511586e-01
8.501730028707722431e-01
5.835063219475373764e-01
9.640809885529030288e-01
7.269119319970586135e-01
6.521171038472006742e-01
5.836950367993959388e-01
8.051072745046169432e-01
5.836950367993959388e-01
8.118665691447638499e-01
5.836950367993959388e-01
7.494127074240459763e-01
5.256399711262339514e-01
5.139666144083522292e-01
5.836950367993959388e-01
6.896120390010604950e-01
7.828273231213759287e-01
7.258599760577932880e-01
6.896120390010604950e-01
7.159799081892925798e-01
6.315980021588402105e-01
5.516758049265990671e-01
5.666520028708033063e-01
5.838837516512549453e-01
7.952384459299262076e-01
7.539948550187675069e-01
6.026610709757339590e-01
6.314763305031189100e-01
5.940676550081079865e-01
6.994718280121420273e-01
5.838837516512549453e-01
8.740044925623243754e-01
7.570016609415226583e-01
