7.005301228560963933e-01
5.202081820031122517e-01
6.957224701398747602e-01
6.727196625719126244e-01
8.072765125445813261e-01
5.316159986070584376e-01
7.373838096386916563e-01
8.223682663857646569e-01
7.907023517518124711e-01
8.372503595642880603e-01
8.043481054634978866e-01
8.278200703481636280e-01
9.786085772334122135e-01
7.135437934816084571e-01
9.276814807828765996e-01
7.422286909728895710e-01
8.528826826415635276e-01
8.232638002931210730e-01
9.059453389331671991e-01
6.606038827318880813e-01
6.835422363708318905e-01
8.450728272868797131e-01
8.037334638428935696e-01
5.980549444227067912e-01
4.399098058061692851e-01
7.909151052041928365e-01
5.969050764295147360e-01
7.744205108907659119e-01
8.437858444259338508e-01
7.810175559465156736e-01
8.343083600679372935e-01
8.314791085303588902e-01
7.486318173240232854e-01
6.897527835440648847e-01
8.801079532081518275e-01
8.269884786131611598e-01
7.510884326260499622e-01
7.818365630986003900e-01
7.798822507888162336e-01
8.304811676429831868e-01
7.356742290165351195e-01
7.709194979922533442e-01
6.709103413875112665e-01
5.301696130852361355e-01
6.335650754821792185e-01
5.280176314830570261e-01
5.718825908523864632e-01
7.446760971545508534e-01
6.415922474228200612e-01
8.155355748185649789e-01
7.953838948664051500e-01
8.568983649428487670e-01
8.068644361927939102e-01
8.180111954846924771e-01
8.025471371066730253e-01
8.386780899281476298e-01
8.431770489189733819e-01
8.303338562003076406e-01
8.442906728643267966e-01
8.379661407750846891e-01
5.423664842423094878e-01
5.838837516512549453e-01
8.600022635376279867e-01
8.971433797207455374e-01
9.743848778176410486e-01
8.361308063012301561e-01
8.363660529690603029e-01
5.666811354828160674e-01
8.178921743680301892e-01
8.671671074731420736e-01
8.708850008850058666e-01
5.151915455746380879e-01
6.924906366981843364e-01
7.178724540163590184e-01
7.272653150793613186e-01
7.398344060689419077e-01
5.838837516512549453e-01
5.838837516512549453e-01
8.195189308990259436e-01
5.985662440629446746e-01
9.509475166054358608e-01
7.640425267895337713e-01
6.136199429574592523e-01
6.926845860814589972e-01
7.640637971173105392e-01
7.136197039271866549e-01
8.193460100009419822e-01
7.336821010970087098e-01
6.686579872144384762e-01
7.270242433043371255e-01
5.838837516512549453e-01
7.905265144366862007e-01
8.743866412781189368e-01
8.985778724013513408e-01
8.968877905574555998e-01
8.507614115536881183e-01
8.159292477371113961e-01
7.875332694777349429e-01
8.054859011267695434e-01
5.838837516512549453e-01
7.638202324959565415e-01
7.402798339148617401e-01
