5.836950367993959388e-01
5.836950367993959388e-01
5.836950367993959388e-01
5.836950367993959388e-01
5.836950367993959388e-01
5.836950367993959388e-01
8.629558920305435699e-01
7.676526807378951656e-01
8.963653158223771067e-01
8.577247595552770498e-01
8.715988026243461917e-01
8.462315430410738415e-01
8.656213782047199601e-01
6.663664382442223699e-01
7.112733081622018005e-01
9.370020107365176765e-01
8.092264521786862730e-01
5.836950367993959388e-01
4.098174357069962470e-01
8.155804502695978009e-01
5.836950367993959388e-01
5.836950367993959388e-01
8.202985533008264607e-01
6.923947914700887551e-01
7.138095145632143979e-01
7.336938501432300752e-01
7.623573320145089482e-01
7.453419640679299629e-01
7.511374660133918191e-01
8.048614229869514025e-01
7.314707479801276779e-01
8.194641144650514075e-01
7.223585033202116756e-01
9.723436263826370496e-01
9.975235363081568218e-01
9.922500076711020522e-01
8.981653199896599826e-01
9.371100715235241019e-01
9.839977283311152068e-01
8.275648143007297008e-01
8.951480913976217479e-01
8.783153535628475117e-01
7.552962130608331659e-01
8.813345399252481283e-01
9.742689527325278931e-01
7.838491487212894127e-01
9.992451405925646402e-01
9.045102849594263139e-01
9.437330806011016149e-01
9.772813251707885840e-01
9.009495727473133542e-01
7.022079637667484331e-01
7.892730379485114467e-01
8.732201808921445929e-01
8.063195188479195252e-01
6.873412929782614089e-01
7.863523616002278116e-01
7.408132091901369343e-01
9.070455034925147819e-01
9.655026286211204622e-01
7.356104925457634947e-01
9.460275523683714383e-01
9.966031326665408807e-01
9.118701641819211279e-01
8.292897824699315690e-01
8.746212736088417872e-01
7.633612791309007939e-01
7.776138647259799308e-01
7.580077616093431336e-01
7.217442157355155041e-01
7.696487688424151763e-01
8.147918770930476784e-01
6.466408883446952416e-01
7.855253559003937402e-01
7.504852266890962298e-01
8.076878212448836969e-01
7.521219246855227469e-01
8.100585436218833424e-01
8.078174226484795550e-01
8.362690075550737179e-01
8.099561485448623088e-01
8.358034025787677290e-01
8.142260417817627216e-01
8.326504635934568466e-01
8.195765479777940010e-01
7.722598783141084722e-01
8.065036178675537570e-01
8.408882777372358452e-01
9.033555361885344803e-01
7.758634255991335715e-01
8.529452126681650315e-01
8.312285710569209396e-01
8.398001686384299891e-01
5.228426845329254835e-01
8.324699332703142662e-01
6.853914760276140772e-01
8.597565654130127077e-01
8.026102862548394334e-01
8.186999753805478397e-01
8.529479020676437040e-01
8.302459724193417268e-01
8.378705988475519950e-01
