8.829689350819768245e-01
8.596643880579875052e-01
8.741739535131767269e-01
8.337408028673214400e-01
8.206358499341256385e-01
8.276800364666145882e-01
8.146175924525062007e-01
6.357861878993482652e-01
8.123592652160240846e-01
8.264666462136019964e-01
8.253487870275614258e-01
6.581856528779412852e-01
8.936710405958494530e-01
7.507568968236163487e-01
7.760879236468074538e-01
5.158703014541393683e-01
6.890856871791682936e-01
9.263015720311825740e-01
6.211461002910678708e-01
7.732058074911748458e-01
6.697820060733660208e-01
7.488262652294539468e-01
9.265799698331209644e-01
9.339412082521701963e-01
8.168454066575759898e-01
6.544415105025510604e-01
7.723276381656604128e-01
7.764496896962664874e-01
7.793836098308046800e-01
8.436020533576641389e-01
5.836950367993959388e-01
5.836950367993959388e-01
8.564833892328355125e-01
7.510957180374177033e-01
7.582587332552110926e-01
7.525990197337837362e-01
8.541452517432438496e-01
8.264327503844817180e-01
8.494361805922623354e-01
5.836950367993959388e-01
9.005971236044432171e-01
7.678780943257691449e-01
8.427886163400910569e-01
8.330636743858230719e-01
5.836950367993959388e-01
5.836950367993959388e-01
5.836950367993959388e-01
8.344135314110754376e-01
5.771503082347894109e-01
8.142969461576169410e-01
5.836950367993959388e-01
5.836950367993959388e-01
5.836950367993959388e-01
6.471033388670447417e-01
8.161543988570343355e-01
8.219946002978539834e-01
6.902300126761831134e-01
7.009953101300137046e-01
7.754136662037948158e-01
5.836950367993959388e-01
6.650090004355049267e-01
8.649633808204063579e-01
7.758617180363901467e-01
6.377615049647278322e-01
5.084247179349158374e-01
5.732302154964992180e-01
8.620494432911870453e-01
6.036988110964333076e-01
7.435365163238346620e-01
9.525267725114552331e-01
9.027857525971879626e-01
5.836950367993959388e-01
5.836950367993959388e-01
5.836950367993959388e-01
5.836950367993959388e-01
5.836950367993959388e-01
5.836950367993959388e-01
7.508234779482160226e-01
5.836950367993959388e-01
5.836950367993959388e-01
8.900235481243697899e-01
6.918332059984616533e-01
7.029544626045348688e-01
6.695540494822816990e-01
7.820760916978253263e-01
7.038916803106610720e-01
7.120335819100805930e-01
5.836950367993959388e-01
8.004492110690518691e-01
8.016406372727697960e-01
6.846517848682354135e-01
3.901872048582895602e-01
5.965276467257975002e-01
8.136075053641703692e-01
6.272184023014443222e-01
8.318433252957709856e-01
7.920148716406997247e-01
8.403100812566033362e-01
7.997963629685683751e-01
8.449881722934785566e-01
8.361955085865258042e-01
6.845043702459603363e-01
