6.104323370105946278e-01
5.940947189268388495e-01
6.232263611288482164e-01
7.571053098900751843e-01
5.142207062332907475e-01
6.567714481631319323e-01
6.648868807081267374e-01
6.847282180403843066e-01
6.312511794678242749e-01
6.312511794678242749e-01
5.852047556142673246e-01
6.312511794678242749e-01
5.852047556142673246e-01
6.312511794678242749e-01
6.312511794678242749e-01
6.312511794678242749e-01
7.165370174453622454e-01
8.522036377202197865e-01
7.229767412185466036e-01
6.312511794678242749e-01
6.314398943196828373e-01
7.193269318834659698e-01
6.314398943196828373e-01
6.314398943196828373e-01
6.314398943196828373e-01
6.314398943196828373e-01
6.509598484803973406e-01
6.609602949800522653e-01
7.508976748713014349e-01
6.609602949800522653e-01
6.810201604924753793e-01
8.008397966044875638e-01
7.668102615535458133e-01
5.959731752417697370e-01
6.112988358157304125e-01
5.334491559308670583e-01
5.838785592169279948e-01
6.141043018589837921e-01
6.202203891130362301e-01
6.441973918260366361e-01
5.196606225067925688e-01
8.167919162962131718e-01
5.264884132996959787e-01
5.902586695064307998e-01
6.269666160546983891e-01
8.307202612213708814e-01
5.474193212664191233e-01
6.285360150991858852e-01
6.074965809617705048e-01
6.068623031617839114e-01
6.386240265731993881e-01
5.094689416391783299e-01
8.069698540690822819e-01
8.267881355467761040e-01
5.871311711202976680e-01
5.712398565767128344e-01
8.365844568684968063e-01
8.548339323671887424e-01
5.844498962068311876e-01
5.701075674655595726e-01
6.557841102094734698e-01
6.150217022079640383e-01
5.844498962068311876e-01
6.318173240234007393e-01
5.710511417248536059e-01
5.844498962068311876e-01
6.318173240234007393e-01
6.318173240234007393e-01
5.844498962068311876e-01
5.842611813549727362e-01
6.318173240234007393e-01
6.318173240234007393e-01
5.842611813549727362e-01
6.318173240234007393e-01
5.842611813549727362e-01
6.318173240234007393e-01
6.905969365937810744e-01
6.318173240234007393e-01
7.784066395096668201e-01
6.906211489537247283e-01
6.318173240234007393e-01
6.906211489537247283e-01
6.318173240234007393e-01
6.906211489537247283e-01
6.318173240234007393e-01
6.906454424801342640e-01
6.906454424801342640e-01
6.906454424801342640e-01
6.318173240234007393e-01
6.906454424801342640e-01
6.318173240234007393e-01
6.906454424801342640e-01
6.318173240234007393e-01
6.318173240234007393e-01
6.906698171667654540e-01
6.906698171667654540e-01
6.654085676542746963e-01
6.906698171667654540e-01
5.695414229099828862e-01
7.520979590837360007e-01
8.018608968331565334e-01
7.186916822796046711e-01
5.695414229099828862e-01
