7.827060228859240576e-01
7.854073351331657404e-01
8.115173042074620424e-01
7.961052226759838257e-01
7.808188576866331720e-01
8.350851663517158130e-01
8.243406574588665325e-01
6.894567413565121372e-01
8.004280846987213982e-01
9.455777247701634414e-01
8.247263850761489268e-01
9.507548163007615294e-01
6.513305480695300576e-01
7.455866004900415511e-01
8.169740402770812038e-01
7.884221746831229227e-01
8.129561772897112570e-01
8.603977874292468853e-01
7.482715947577575077e-01
6.617684776969358085e-01
7.701761356922359747e-01
7.482188138356449247e-01
8.057211126851184790e-01
8.322019430250152672e-01
7.873762400427918307e-01
7.457632107878214844e-01
8.209667712531476536e-01
5.833176070956788140e-01
8.111977490414927772e-01
8.501181380837912194e-01
8.295490668954993430e-01
8.133056887905709686e-01
8.160824922466443088e-01
7.704124705433874620e-01
9.450284478683558254e-01
9.791006002919302453e-01
8.789246551628098203e-01
8.551047533165365699e-01
8.077366332856507070e-01
7.924831328443833200e-01
7.874516690330110036e-01
8.560391573151182598e-01
8.717169404542877142e-01
8.528970201378007765e-01
8.672545670027084208e-01
8.424055499195226560e-01
7.709458817956319487e-01
8.338071121098371563e-01
9.775429326287978782e-01
9.616908850726552105e-01
8.980698530349277009e-01
7.893882657999461427e-01
6.942819399886772658e-01
9.689059505579308285e-01
9.588601622947725556e-01
8.488772433332421041e-01
8.429981627226151852e-01
8.463861105869032730e-01
8.038339584839918617e-01
8.855495399908626108e-01
9.942052034447020903e-01
9.867899603698810918e-01
8.837644292154970271e-01
7.814719031748528222e-01
8.965572870642658510e-01
8.681035081116995622e-01
9.374061536206945711e-01
8.622493341062338335e-01
7.974793714528274347e-01
8.420121229538858332e-01
9.368620824354975118e-01
9.147770261760597155e-01
6.919413840738697363e-01
7.019181538333081338e-01
8.958527591911158439e-01
8.457366335815746927e-01
5.821853179845253301e-01
6.077040091712031522e-01
6.040119917182411591e-01
8.059501129724495616e-01
8.503361631063051096e-01
8.336683734411283186e-01
5.821853179845253301e-01
8.510990389147395918e-01
5.819966031326667677e-01
8.738636426350014919e-01
8.178810787723528319e-01
8.796772271835652246e-01
8.383852319131492870e-01
8.706962423584875266e-01
9.249032435171471445e-01
8.058580846852746449e-01
8.317169335775151939e-01
7.614074092404143901e-01
6.686216429162632480e-01
6.558597681757820652e-01
5.819966031326667677e-01
6.849858384018169266e-01
6.491194498905076271e-01
5.819966031326667677e-01
5.819966031326667677e-01
8.035277260939097665e-01
