7.285926547053975799e-01
7.893878593792461595e-01
6.681237456797221030e-01
7.348859098807604129e-01
5.501623795409859019e-01
7.514927062393103041e-01
7.937043980424974832e-01
7.643612080401900322e-01
7.614667149424952930e-01
7.923567349619364819e-01
8.072921135463254627e-01
7.539932261048636342e-01
8.136952648764695928e-01
7.917537019099030182e-01
8.003930936558640852e-01
7.547422726682367911e-01
8.798736769073822739e-01
7.938462313135742354e-01
7.669139338135277928e-01
7.509895104776815877e-01
7.733252173191226264e-01
7.043724296101606663e-01
6.263010591637898639e-01
8.417703223688415282e-01
7.955859857367112431e-01
5.069608293987953873e-01
7.334045117447327566e-01
9.527712138343448212e-01
6.543571263280807404e-01
7.044314323067579764e-01
6.602349159080403984e-01
7.799307145322426083e-01
6.312511794678242749e-01
5.819966031326667677e-01
5.819966031326667677e-01
7.267338726693518547e-01
7.161838896595287274e-01
6.713432040393296774e-01
6.300813967470242360e-01
6.221063042214336480e-01
5.677107349698430339e-01
7.271539726726768960e-01
6.170116056881717048e-01
5.528018017610321078e-01
6.961679174978234741e-01
6.945034704763117794e-01
6.496867416705659481e-01
7.451728358446775280e-01
6.925031724011156964e-01
7.398403302907079482e-01
7.069958473492821138e-01
8.084319441473130086e-01
6.117086680477602512e-01
7.149416784562885319e-01
6.101752842532234267e-01
6.958420526471376100e-01
7.076082001805915622e-01
6.028735273125175320e-01
6.495602332254150069e-01
7.673754828697443298e-01
6.562472142392555829e-01
6.276272350127515276e-01
6.971862739312483237e-01
7.542088193494788095e-01
6.916233671135756378e-01
7.289641237390904749e-01
7.345281131231562455e-01
7.332283396779287754e-01
6.711849994495526772e-01
7.692387120177349713e-01
6.900158291538989186e-01
5.819966031326667677e-01
8.053836983260730387e-01
8.851139925919899731e-01
6.052801700203565005e-01
7.571541486961582690e-01
7.163136526741933352e-01
6.760493957372307738e-01
7.677073614662206502e-01
5.818078882808075392e-01
6.292063573617728833e-01
5.818078882808075392e-01
7.097316048152784163e-01
7.373591177552132336e-01
7.515109153717051127e-01
7.568067716790988220e-01
6.175146204564020413e-01
7.284675286265389627e-01
5.818078882808075392e-01
5.818078882808075392e-01
7.072253249057701696e-01
6.202909492731697449e-01
6.733308823645700603e-01
6.918607327944844565e-01
6.661864717812684411e-01
5.818078882808075392e-01
7.054814688563511016e-01
5.818078882808075392e-01
6.653385531095792338e-01
6.661145056199598846e-01
7.366250967539242911e-01
4.357201043397854745e-01
