7.717876802333286657e-01
5.818078882808075392e-01
7.954945988492725384e-01
7.790061771686893621e-01
7.462919050146569200e-01
7.433671434711535131e-01
8.457407625904713733e-01
5.119006884285052239e-01
7.092211222793692871e-01
7.215234156023465628e-01
5.818078882808075392e-01
8.329034002633148859e-01
6.888739415640027230e-01
8.278450223117220785e-01
9.265106279918179366e-01
7.908046674044787450e-01
9.381354452614718564e-01
7.812502161845704673e-01
7.673209346820121235e-01
7.816087476778689203e-01
8.823990549549703966e-01
9.035476296619853187e-01
8.396494978305293344e-01
8.002452867473931475e-01
9.122308293730133633e-01
8.166465901323319843e-01
9.159835140426821898e-01
5.959615021702210358e-01
8.895121291296066435e-01
7.705544928269457694e-01
8.763178763045097464e-01
5.816191734289489768e-01
5.816191734289489768e-01
9.402234984947142049e-01
5.814304585770899703e-01
8.678020233356081858e-01
5.814304585770899703e-01
7.023804817531438260e-01
8.112545577865665214e-01
7.581479799960072485e-01
8.031041645774128490e-01
6.800113360733849310e-01
6.349010717716441210e-01
6.144879991876287528e-01
7.636256111297705651e-01
6.226139095916385369e-01
7.504094233638384237e-01
8.255995527522161925e-01
8.764280992844829532e-01
8.781212446527785209e-01
8.262246404004419675e-01
8.169424281404279453e-01
8.354054475010631586e-01
9.324875781343395786e-01
8.238851299368367131e-01
7.886924845027911690e-01
8.330896092120317897e-01
8.512301057918112424e-01
8.266726337782949185e-01
8.345951607908643766e-01
9.688565014156551580e-01
8.226387545557565240e-01
5.810530288733724014e-01
8.275037199184427372e-01
8.871755248259377558e-01
8.060717984129298630e-01
5.810530288733724014e-01
5.810530288733724014e-01
7.735955838590604650e-01
6.381824912644352699e-01
7.823983124878526318e-01
7.995159384896090016e-01
8.042664566637439671e-01
5.808643140215136169e-01
5.808643140215136169e-01
5.808643140215136169e-01
6.431343980610249034e-01
6.316362239515712629e-01
5.789411510090158863e-01
8.259352155071653101e-01
6.433022478247155673e-01
6.722331300722871328e-01
8.692727212624091759e-01
5.806755991696544994e-01
6.763356268073249522e-01
8.658557004885863995e-01
5.806755991696544994e-01
5.806755991696544994e-01
6.312511794678242749e-01
7.436936959195369345e-01
5.804868843177958260e-01
5.802981694659369305e-01
7.660390451313986437e-01
7.652318301915639331e-01
8.076472646324794891e-01
8.771466314398943531e-01
6.723493186584172943e-01
6.897527835440648847e-01
7.730143154016486662e-01
9.086263371949596657e-01
8.127136968940807948e-01
8.402563227514968647e-01
