6.761354580992406937e-01
8.371475990961430025e-01
7.820423245733875151e-01
7.607599988061534146e-01
7.177272072722482577e-01
8.043085797442408591e-01
8.100044378883881624e-01
7.339180897682363591e-01
7.711766027223269093e-01
6.887818613984344474e-01
7.644259406926628975e-01
6.742500690727377677e-01
6.609036425080729860e-01
7.537943445220137706e-01
7.035210764807138251e-01
6.834626250425531735e-01
9.116988482535628435e-01
7.533200707104040772e-01
7.268457472764581206e-01
7.274317970430365099e-01
5.693527080581244348e-01
6.572692260100533312e-01
7.340678608816184614e-01
7.500140268126261889e-01
7.824739749468307970e-01
6.432980604466550512e-01
7.973421845330443958e-01
6.914189626478786099e-01
7.594001909684265916e-01
7.760052579917878779e-01
5.740242482737945018e-01
7.422498628803649856e-01
7.817905527052978476e-01
6.803198683153020010e-01
6.853029906655744297e-01
7.407877525053030432e-01
7.396800327737818037e-01
7.058407040013660039e-01
7.369976940090946504e-01
7.156476198802715905e-01
6.126100065515391879e-01
7.179919239400648356e-01
6.649803569595839070e-01
5.833817068804701966e-01
6.764634242271226894e-01
5.904987108738599666e-01
7.640331805976886548e-01
6.234092293120283568e-01
8.062022271885326274e-01
6.301684622520568047e-01
8.029637504935168701e-01
6.306880119104653071e-01
7.636658268324375554e-01
6.044230302597741744e-01
5.139632990038865978e-01
7.359496011982671337e-01
5.226088480592201435e-01
7.300817150639719033e-01
5.581276390997137460e-01
7.037084238284124771e-01
5.259874344914770017e-01
7.195394168391979761e-01
7.509255788078577076e-01
5.616290421868721516e-01
5.751914869305688738e-01
7.509598720582545406e-01
7.392888167086956175e-01
5.923920706538188252e-01
6.723567346666449174e-01
7.149096463476154462e-01
7.165099871953418686e-01
7.397485393856090274e-01
8.339123612500174421e-01
7.144704420588989802e-01
7.774240594327365139e-01
7.098344478396226842e-01
7.194387107331802200e-01
7.430101107365303381e-01
7.872237332717550995e-01
8.411392108347096608e-01
8.265536303274851893e-01
8.275908366693416340e-01
6.506943250689645186e-01
6.045127343127892905e-01
6.505061774285613163e-01
6.898407175862286689e-01
6.516314560810861911e-01
6.319739507317744254e-01
5.358385925055829668e-01
6.240953729823059959e-01
5.825915917906659969e-01
5.733277925952280363e-01
7.250347600180533369e-01
6.216084634661191988e-01
7.723750044775949952e-01
5.857644671266790670e-01
8.214094421399521506e-01
7.343370701834235348e-01
7.811362252625216884e-01
7.870585855479825810e-01
8.458664313586702344e-01
8.149926317355247196e-01
6.918203122712411890e-01
