7.679109773802433869e-01
9.916449974570401560e-01
8.804793976711706716e-01
9.304099345334332360e-01
9.598808712484012684e-01
8.562914979106699409e-01
8.504202251701227233e-01
8.152785892516424271e-01
7.679775686506119525e-01
8.432148972911439611e-01
7.562188560766396339e-01
9.080390493362581195e-01
8.638452084337969739e-01
7.757307055267701479e-01
9.483202807624045994e-01
8.155344336836837238e-01
8.888358633757528215e-01
9.228123932771545856e-01
8.381188653859880100e-01
8.949794927552752188e-01
9.659255216578501724e-01
6.237025853934704545e-01
9.367454611773714523e-01
5.516135119833928124e-01
6.652198528024153568e-01
8.317178265691070882e-01
9.861705389952831746e-01
7.569352708058124657e-01
9.563272366068870101e-01
8.154520421645629069e-01
9.443189489201323505e-01
8.671681724779678468e-01
7.613774970481356208e-01
7.690342104316096883e-01
7.545257866920672685e-01
8.087876989148411466e-01
7.117689991004535477e-01
7.574576396793969435e-01
8.962648208761819779e-01
7.326749621436811077e-01
7.967685896049018224e-01
8.604193878328181277e-01
8.836369437950675199e-01
8.126946151079502689e-01
8.952060519670957950e-01
8.565304020167892052e-01
8.300105038729311824e-01
9.556706386089670602e-01
9.744332586133741536e-01
7.952745825880022101e-01
8.561910008446617093e-01
9.637072272792530647e-01
8.515535990145292056e-01
8.490847373173865398e-01
8.360017783454551932e-01
7.850776904415667223e-01
6.106497887132894542e-01
8.146719354327749407e-01
8.654329156393959499e-01
8.077972487397878654e-01
9.556970044797946651e-01
7.736416548884292865e-01
8.908048082522292965e-01
8.136669682287083205e-01
8.019120082099584490e-01
8.459136386780720107e-01
7.806635817028955149e-01
9.005472730703906192e-01
8.441326420914607720e-01
9.244091831642831103e-01
8.752108915939841305e-01
8.513875238836426940e-01
7.849488799426024288e-01
6.881540085195790857e-01
7.495220416108961947e-01
7.091962340731214898e-01
7.296930251411621882e-01
7.215520670720797503e-01
6.760935816441560053e-01
6.842910622017538413e-01
7.603364139694124280e-01
7.516319770474713113e-01
8.056882791191692927e-01
7.329090032915928088e-01
8.121411584110188597e-01
7.541298981901201071e-01
7.721897781738547017e-01
6.351342548723943882e-01
6.684705950766672844e-01
6.484771308941793544e-01
7.091736584133935262e-01
7.457936896174182095e-01
6.628657876721770759e-01
7.012437609159760665e-01
7.235340284806497380e-01
6.233882786154850697e-01
5.290284286010377146e-01
6.908240933445836118e-01
7.350035300669328642e-01
7.808839126838994504e-01
7.327363193150026044e-01
7.243051748224356157e-01
6.810199326788737295e-01
