6.527280326660419574e-01
7.097407687606371862e-01
7.395775781556402917e-01
7.067177806571643961e-01
7.634535978101220088e-01
7.298465997673996286e-01
7.831589817982995694e-01
7.432634955299234347e-01
7.670962062730497522e-01
8.131010295963854162e-01
7.603867299925166634e-01
7.823754557675742793e-01
7.636940901547123461e-01
6.976716562433831204e-01
6.646161552254205018e-01
7.347293445019488223e-01
7.382785069022889113e-01
8.763309283555780205e-01
8.077680740370682955e-01
7.547100336898904249e-01
8.219773608741857140e-01
6.716056427251506644e-01
7.800971574927997310e-01
8.184182458800330906e-01
7.881240651589137558e-01
7.579142765680635385e-01
8.558161932453819398e-01
7.861539662472470935e-01
8.459105833782715189e-01
8.253807992562438578e-01
7.547050842775833157e-01
8.086342087514687416e-01
9.008823946309829633e-01
8.309610165906267110e-01
7.320977631395279017e-01
8.149116830257939759e-01
7.947146392902961765e-01
7.072165921027232516e-01
8.226709885059146909e-01
6.751248580539243038e-01
7.415443754436851220e-01
7.193391751272679713e-01
7.555149441788133746e-01
7.571679109106707051e-01
7.914530744577035204e-01
7.308984348615060744e-01
7.394974794245314786e-01
7.025388024817619259e-01
7.110301737125349630e-01
7.744690126682933773e-01
6.872814391972191794e-01
7.497358061295117393e-01
7.346165561460480387e-01
7.527623407651199416e-01
6.540646842331432342e-01
8.597146878010866189e-01
7.737680905113719643e-01
8.734880147204290290e-01
6.384544678507360072e-01
6.606515285347203115e-01
5.482158612995664537e-01
5.818544297830663403e-01
7.167168227767836131e-01
4.997478660246210680e-01
5.686184966132660223e-01
7.074667379381125443e-01
5.239399686823905666e-01
8.097789640848920278e-01
9.949046989998112656e-01
6.753365808320553887e-01
5.392219435210308109e-01
5.666282296964190168e-01
6.978896885969696484e-01
6.654085676542746963e-01
6.306646256177073084e-01
6.592159201934481016e-01
7.514675882428524245e-01
6.970491669665030976e-01
7.685039851179892301e-01
7.442178482455660271e-01
7.856229886730849987e-01
7.996147658029137961e-01
7.200652576003913063e-01
8.367754132723586036e-01
7.357447163272272661e-01
8.525843592361112000e-01
7.353993739857109802e-01
8.758026907623626123e-01
9.173915389125022468e-01
7.712852514349677335e-01
8.339094927871701923e-01
8.572053695882130286e-01
8.640891546323142824e-01
9.522469022651607329e-01
7.996342161001631643e-01
8.531326134940236949e-01
8.618099024806068487e-01
7.984256550482701220e-01
8.085893039807090510e-01
8.359207627468435708e-01
8.296714352113396806e-01
8.078155765861837478e-01
8.038579861909944668e-01
