6.218922002199095411e-01
6.144475340634035776e-01
6.426041908787061274e-01
5.869031892809967177e-01
5.264293775993129643e-01
6.320837310239848517e-01
6.592386683076587595e-01
8.231022519769162216e-01
9.255866242137693600e-01
6.586278783969030659e-01
7.382633678461674176e-01
7.859147570630512503e-01
7.978556161910972389e-01
6.352195409902781087e-01
7.228457020124275934e-01
7.712424487835629616e-01
7.018346131090429374e-01
7.376265528617638179e-01
7.598267920464575331e-01
7.163258127214645610e-01
6.607222716904570525e-01
7.586461216406238384e-01
9.031691813699291860e-01
8.925347157356614547e-01
6.125027933016746751e-01
7.811687136724396741e-01
6.695566722423137440e-01
5.983036815722481139e-01
6.023807459436265610e-01
6.260807393979644919e-01
7.579177710098009557e-01
7.226341554463067141e-01
7.652312804259923107e-01
6.651132303334328366e-01
7.223432633782200796e-01
7.895166046292706463e-01
8.317368198642044463e-01
6.438407521137787803e-01
7.145123267876177797e-01
7.412031947189066106e-01
8.229628556704879916e-01
7.578675047810827792e-01
6.642003292186058339e-01
7.077582674341383884e-01
7.473838143325900463e-01
8.231452992922009271e-01
6.226326777303498039e-01
7.864777032137519885e-01
7.330200611404181776e-01
8.334998721419140111e-01
8.293797509206333185e-01
7.221286631158659874e-01
6.601504241174550591e-01
7.418560067262459645e-01
5.738818645027361498e-01
8.445407365298848168e-01
8.532034845829444825e-01
6.998975961230199383e-01
7.327959216196875403e-01
7.436417405987727491e-01
7.599524259200023391e-01
7.410395800114492060e-01
6.981492912108049342e-01
7.493216344405231322e-01
6.991418086890998085e-01
7.137615676147288646e-01
6.793110073310038022e-01
7.065097867773170170e-01
7.475177937858050736e-01
6.543988558381055309e-01
6.839626670211543802e-01
6.821629133115850729e-01
6.087444539316397840e-01
6.395193443619160423e-01
6.070847772924634622e-01
6.902346780426964479e-01
7.812056453477418394e-01
6.703498084099224208e-01
7.812056453477418394e-01
6.664157888253936513e-01
6.664157888253936513e-01
6.490860228009641686e-01
5.744480090583126142e-01
6.490860228009641686e-01
6.490860228009641686e-01
7.709773789438588709e-01
6.294153854434197948e-01
6.495921063664888973e-01
7.778196311169716104e-01
5.744480090583126142e-01
5.889790526514437907e-01
5.747181505084208997e-01
7.636262426094342359e-01
6.829060107884281638e-01
4.750628304461803619e-01
5.708144781946642432e-01
6.567200044206426002e-01
6.532325429366694358e-01
6.483552515885455669e-01
6.012508990351992377e-01
6.994252606443314146e-01
7.831918643859118179e-01
