7.435365163238346620e-01
8.623479349991424181e-01
7.744725571599039293e-01
6.748378572275745002e-01
8.227985438529985540e-01
9.028629219422880103e-01
5.535702498391853466e-01
6.717677020281899170e-01
6.524848088735478724e-01
6.023586579513592332e-01
6.125519744311697101e-01
6.997616806363765596e-01
6.540820139609198058e-01
7.382337439250125088e-01
7.971291479652909961e-01
6.318173240234007393e-01
6.655091677999608324e-01
7.666090519960372385e-01
6.900711268227545103e-01
6.034059191424722135e-01
7.470183545239664769e-01
7.023399380050818763e-01
6.913228577706209688e-01
7.906588471322145706e-01
6.867675584240153785e-01
7.882320248375860317e-01
7.256416019773818116e-01
7.775115296660733977e-01
5.015796228420463798e-01
8.419766617994854929e-01
6.878085021432953639e-01
5.239155756003877062e-01
8.068751787973362788e-01
7.696909453083122798e-01
6.554036570906269787e-01
6.916227391670447533e-01
5.735246631289898644e-01
6.456981580595303472e-01
6.999799406294187065e-01
7.494467047121848857e-01
5.417221151632061193e-01
6.137454900217615972e-01
7.208327702698785755e-01
8.239975774588588209e-01
8.487494586114975315e-01
6.318173240234007393e-01
5.901113417625966084e-01
8.696439458609990236e-01
6.483665854096125614e-01
8.438442580439314833e-01
7.780150265177732116e-01
8.436631418124601600e-01
8.158576246203153026e-01
7.340157042826864764e-01
6.578297845407449218e-01
6.557841102094734698e-01
8.435454055724639355e-01
8.132869714486562485e-01
8.210643821685824628e-01
5.040410258904388652e-01
8.702671305483292707e-01
5.578496857021532085e-01
9.330001617243085521e-01
7.975670497310646256e-01
6.762488096590042463e-01
8.077674634103501061e-01
4.775307183651829601e-01
5.106581648595223122e-01
6.032458846602394287e-01
6.293791263465000618e-01
6.327238853303244204e-01
5.831342563100666565e-01
5.056986026341682150e-01
7.684370725202794850e-01
7.622334501918109906e-01
5.593403011005144698e-01
7.862617734990345886e-01
8.174249463490700363e-01
7.286617243235551378e-01
8.159612075285066490e-01
8.050891690946172519e-01
8.370236283137133526e-01
8.837820535940772437e-01
7.838977814278920153e-01
5.904887714663140663e-01
6.112244588108599608e-01
6.027889879568276710e-01
6.710314145799458618e-01
8.111452832156568205e-01
6.574653732050529387e-01
8.004323667049506597e-01
7.701525796686404801e-01
6.512731875580225482e-01
8.472129284770172353e-01
7.221685117869411918e-01
8.344015403877392822e-01
7.728023094705578355e-01
7.969518433466187268e-01
7.984357914696798009e-01
8.575029977177296425e-01
8.334355335278053056e-01
8.501583221575225169e-01
