7.425786154015089346e-01
9.201740776557056911e-01
7.287415742374915295e-01
9.193977577680563229e-01
6.227057134885380929e-01
5.438124119122917932e-01
5.601467265501614001e-01
8.273664566921735686e-01
7.438707396163102281e-01
9.007476583669035142e-01
6.139628098865910211e-01
5.580074105391443773e-01
5.515778802285132842e-01
7.402747639671777291e-01
8.315722070166264857e-01
8.474631485883096227e-01
7.706265832719274567e-01
4.759915516122980028e-01
4.139885996889758335e-01
6.059512533732989148e-01
5.524409654824362637e-01
9.448551510090713590e-01
7.967018567360807380e-01
8.023773652146884983e-01
4.752137185791071028e-01
4.862995463548776542e-01
7.294555382875160809e-01
3.590686057829635680e-01
5.148862562643239382e-01
8.120130085089282135e-01
7.742242410963835475e-01
7.684907810829573194e-01
7.649981058960133584e-01
7.741756380533691972e-01
6.158958476573519469e-01
6.776163221681016369e-01
6.971131123535325713e-01
8.044147086999404728e-01
6.982607729497698479e-01
8.698270601209525665e-01
8.733747231843729253e-01
8.245880099044230471e-01
7.632772290204479226e-01
6.694412561644220716e-01
7.143315006203151407e-01
6.714165461940344581e-01
7.056084008719215594e-01
7.913220878888503895e-01
8.170772027920711889e-01
7.924377871936983952e-01
8.366835434586485931e-01
7.762759599934853094e-01
7.179502355368218014e-01
7.075243619850755117e-01
7.485178182930252166e-01
8.019790542456339821e-01
7.567491925116822671e-01
7.536563346224045556e-01
6.798502390607833457e-01
6.311729124668056246e-01
5.263990074854631995e-01
6.664306890614895007e-01
6.274476520733945906e-01
6.395806820107553525e-01
8.029298579760378862e-01
8.526383474924016381e-01
8.385842076182092875e-01
8.478917363290034981e-01
8.719536603466307989e-01
8.854007151063054692e-01
8.233534677326548312e-01
8.034890776187121331e-01
8.033763786615403246e-01
7.709246617487830466e-01
7.124807023781459803e-01
7.786643973314693046e-01
7.050908142892770014e-01
8.446070363138186154e-01
7.933878994016551056e-01
7.849621377965583235e-01
7.769534143812417692e-01
5.832179181879119101e-01
7.281894092858798295e-01
7.643585618862467346e-01
7.566562085515191605e-01
5.587548520720845291e-01
6.972469103726782746e-01
7.721855217674865601e-01
8.050522249757487980e-01
8.062657285895462600e-01
5.825276736518046894e-01
7.054293391845222194e-01
7.475762913540571208e-01
6.557805176551698700e-01
7.329878133592009348e-01
5.030991813613933106e-01
5.803397150453301068e-01
7.044687135529279498e-01
6.537425142130841582e-01
7.709534592474985848e-01
6.536085757138195840e-01
6.137192326147417054e-01
7.029345506154927037e-01
7.296473349820168375e-01
7.434021431910776689e-01
6.305920537784392987e-01
6.154085286646017172e-01
7.907914048859169265e-01
6.606684768133723740e-01
7.000387550509973300e-01
7.631424174976613184e-01
6.970054734023464205e-01
6.241225882090774002e-01
5.452163643611807053e-01
6.348549145771887892e-01
7.579092901266699656e-01
5.406585850779839220e-01
5.027659180455466004e-01
6.263008179458817715e-01
3.615901413377890505e-01
5.205349850070086770e-01
5.539524513014993934e-01
6.335102294894343622e-01
6.865244184932957072e-01
6.523788393293219467e-01
7.367087876263677115e-01
6.201091857111812322e-01
5.961542542575385406e-01
7.189346457787749722e-01
7.943562986650334334e-01
6.292028984704880479e-01
5.883869139199292553e-01
6.661336632703444005e-01
5.613633310615947503e-01
5.495742290056416790e-01
6.315855238716185927e-01
6.551182828384563006e-01
6.802296765473073714e-01
7.046969584194925362e-01
5.196963010478573564e-01
7.163883248835890560e-01
6.076124889415920327e-01
7.095983590569919786e-01
6.508315642754788355e-01
5.789141385110195825e-01
6.622226720255955934e-01
7.185134856670674086e-01
6.828522626377780957e-01
6.482318548255296964e-01
6.180758547518611090e-01
8.630175625603604406e-01
7.829196022203257499e-01
8.257500639845004597e-01
7.160232418433754020e-01
7.917248359753296105e-01
6.237420916873160914e-01
5.388229677937836914e-01
5.644482924191740469e-01
6.823993495327731473e-01
7.417585468321955533e-01
5.812646134378328666e-01
7.770638603395580990e-01
6.050188274875135663e-01
7.814227225998868764e-01
8.165221238184262598e-01
6.270521459685869381e-01
5.806158496901357990e-01
6.151804286777937669e-01
5.820139467550787815e-01
5.228506297030971472e-01
6.441815358204040498e-01
5.991110143450807390e-01
5.951024213415891939e-01
5.835704966578749708e-01
6.724574238661955583e-01
7.638647436215914022e-01
7.929335258180202350e-01
8.234834907795874903e-01
7.769625982651197083e-01
7.948320638657134785e-01
5.999638436247132223e-01
6.521436177599201356e-01
6.028567088622440728e-01
4.720412717635900646e-01
7.227602478397241459e-01
6.569383125440796389e-01
5.685181384657482795e-01
6.233333862539437442e-01
5.416310060473065180e-01
5.236615539159223953e-01
6.481107096582854332e-01
6.475310204138317038e-01
5.842061635899696848e-01
5.347105866621417736e-01
7.192158514970388161e-01
7.945975723533666990e-01
5.436854810420691519e-01
6.504862781805569316e-01
6.264005106198817785e-01
5.858673490736383549e-01
7.037117393091418815e-01
7.312939304457620748e-01
7.245777963653002862e-01
7.168248433805627373e-01
5.534444610859168279e-01
7.493028687772039786e-01
6.529137976986241210e-01
4.875191648287354185e-01
5.263448444490915756e-01
7.022555307330849983e-01
7.095989088315634019e-01
6.398118650811187580e-01
4.623103648063661142e-01
7.412605391758239071e-01
8.053799967730138620e-01
4.605350847764217437e-01
4.406921167727084754e-01
4.940291478414667314e-01
5.694110614209297871e-01
5.654700008554635060e-01
6.112969092679362282e-01
6.520994492533934705e-01
7.100746314015170535e-01
6.812783530020258826e-01
6.859297719760301115e-01
6.680207343788859831e-01
6.975175813832157345e-01
7.431607905696018257e-01
7.759965695049382273e-01
6.078102340558025896e-01
6.925507204693066576e-01
9.987523393636931202e-01
6.099535508410419693e-01
6.135400036171823057e-01
6.417838169642279267e-01
7.447582603319393701e-01
6.595966322548416638e-01
7.756728252963773773e-01
7.826366523171700562e-01
6.255310300424863357e-01
5.795537560307953973e-01
6.503388123155703360e-01
4.833334350300312887e-01
6.388304543534032431e-01
7.157915449150240583e-01
7.233488578428104443e-01
6.765332491945459381e-01
6.083437991180887794e-01
7.773412071473312368e-01
6.770475135316219584e-01
7.285871281367594099e-01
7.332170415086854964e-01
7.038215307938801013e-01
6.287706594241705416e-01
7.411117598008211127e-01
6.592584037535587083e-01
7.526334134688258404e-01
7.183019170509732376e-01
7.375063481796956255e-01
7.890058915940300066e-01
9.956331877729257540e-01
6.286829322556426458e-01
6.821539845995306939e-01
8.540054492743016645e-01
5.997507855419796918e-01
5.636730003865412231e-01
6.118807256316479704e-01
5.554412336640549563e-01
7.716264004764485929e-01
6.341838951839859906e-01
6.706590193429503577e-01
6.417697681186662617e-01
5.595909106161864877e-01
6.985969159049754129e-01
6.175556945642165507e-01
6.685457452276967194e-01
6.825487805255517904e-01
6.224944299603814013e-01
6.649050197947402596e-01
7.451703521598003199e-01
6.813005454910243675e-01
5.199789154510401357e-01
7.359130295617796191e-01
6.462681207504095138e-01
5.970984294533254744e-01
6.370916343705407270e-01
6.459345263592571884e-01
6.656280275803292401e-01
8.181053557904572893e-01
8.132535400546779814e-01
8.149039303642751086e-01
8.297826523754021633e-01
7.136973420563264003e-01
6.344375345209033457e-01
5.520452522970609177e-01
7.622199052556342114e-01
8.526737458139674875e-01
7.817143258074008560e-01
7.727578707695750282e-01
7.730030600187323131e-01
6.563562855629589965e-01
6.517245935293883852e-01
7.023467373498394339e-01
