6.731378204422715505e-01
7.315879846574072642e-01
6.407397740912113004e-01
6.461931440180231911e-01
7.323699668568559584e-01
6.339537145259314110e-01
7.625905053084364171e-01
7.859461265412475139e-01
7.437455144129554441e-01
7.334738863619461036e-01
9.416871110260793820e-01
6.223326823193666701e-01
7.284459980486437392e-01
6.948650910205255160e-01
7.337137382758684989e-01
8.552529975223193137e-01
6.977310463140631303e-01
8.860510687388698514e-01
7.996034906410482979e-01
7.402408827296352856e-01
6.637484960534730805e-01
8.326556177123782820e-01
8.221920462282271691e-01
8.114806058713015524e-01
6.587855856744259109e-01
7.598111665001952009e-01
7.529707965609369058e-01
7.188347047331589135e-01
6.876634008476760762e-01
6.641619381775976105e-01
8.350881102290286240e-01
8.631819826353498426e-01
7.828032229217157800e-01
7.817371488135753665e-01
8.057510582684338507e-01
8.248394124573267261e-01
8.325535124223161221e-01
9.702908043346420985e-01
8.499635003547937329e-01
8.377811512878530209e-01
8.765582423864547446e-01
8.125945114892642041e-01
7.824035488368715763e-01
6.332530121138773005e-01
5.864364553400558400e-01
7.466809654018600195e-01
6.171017365120653464e-01
6.618314263462045099e-01
6.930259453280794846e-01
7.438402311037483061e-01
7.108503721524155328e-01
7.385095876637628454e-01
7.021667719648833073e-01
5.511972609095781017e-01
7.450646961356702791e-01
7.264676916065142542e-01
7.622474984039806500e-01
7.457620257809175479e-01
7.509073983364304983e-01
7.055997196399427240e-01
5.533744145183814300e-01
7.794695579371035965e-01
3.891926239009803057e-01
7.740026274995899236e-01
6.896232819325386343e-01
8.214252588601126392e-01
8.192647573773054193e-01
8.024392027595815824e-01
7.406527336539023842e-01
6.176113403670875357e-01
7.571580243183935188e-01
6.720409390998315358e-01
7.182444735519452061e-01
6.481439330753032690e-01
8.088377025918609409e-01
7.419765668787321466e-01
7.608865929108946657e-01
7.201069876884957921e-01
7.330369642967373700e-01
6.104446736288859920e-01
7.674636903009351974e-01
8.178043645796976291e-01
7.984229808587466337e-01
8.048428067103206018e-01
6.490272020847079881e-01
7.240404459627141076e-01
7.876742710056956476e-01
7.827381780463592564e-01
7.838610113433187587e-01
7.248944187746717560e-01
7.424714877241668232e-01
6.845655012909376280e-01
5.708547176403282464e-01
5.771404573667028304e-01
7.449481297879333441e-01
7.105130818396849790e-01
7.148919732573036923e-01
7.687013286613759711e-01
6.860955956710974579e-01
6.049884927059003825e-01
7.860254473023179367e-01
7.126473580047846257e-01
7.581049379223416818e-01
5.654366975220527225e-01
7.299298741282443936e-01
5.848654513251213549e-01
6.640684917980617108e-01
6.242188339659838769e-01
5.706458794887344643e-01
7.916213863314178756e-01
6.460935713804850655e-01
5.426655877479228396e-01
5.711243691183254256e-01
6.788366284195993527e-01
6.048060475650537393e-01
7.765623446917073736e-01
7.757067213295704144e-01
7.194734992181180955e-01
6.735681158629676091e-01
6.863174865136022484e-01
7.161483316370096386e-01
5.208503750484290151e-01
7.681320525865570348e-01
5.369086566860342691e-01
7.611362530743408517e-01
7.001701635503759791e-01
7.304257389861701366e-01
7.675539751869869809e-01
7.486914623049079065e-01
6.981924792101564803e-01
6.335396693360493270e-01
6.989980966874284052e-01
7.194468796895756579e-01
6.566663426812945348e-01
6.628803749256910738e-01
5.961339352996213314e-01
6.562864226455756844e-01
5.803524984794390384e-01
6.343353480065399008e-01
7.344458311741869361e-01
7.445698699787043351e-01
7.520458126588233094e-01
7.392083408726586313e-01
5.833347777578687943e-01
6.793117531874808268e-01
9.975046787273861293e-01
8.238220840403632783e-01
8.611458855999695183e-01
7.300011898561945545e-01
7.455179462023266979e-01
7.724621492835405112e-01
6.251019420346536348e-01
6.045937516354891184e-01
6.572355220618543159e-01
6.783202868408383379e-01
7.516174565690803000e-01
7.606044666813276400e-01
6.542244293756334095e-01
6.691090888696498151e-01
5.615287098777343999e-01
5.547140977229542136e-01
5.957903701055174972e-01
6.454762555530080270e-01
7.659897395908825679e-01
6.152717104153740957e-01
7.883270645417158606e-01
6.629435909223795331e-01
6.386799375643572585e-01
7.603148259758560901e-01
8.097811586530594408e-01
6.836021083554827404e-01
7.388259173334654761e-01
7.698551750593422005e-01
6.568581198842643465e-01
7.727580050859400584e-01
6.998221214062930740e-01
7.113535500340126827e-01
7.535517337537038784e-01
5.689330557854774817e-01
6.165195558101109752e-01
7.109705306087952259e-01
7.202934560015259446e-01
6.790544174415558132e-01
7.615339256157496184e-01
5.438834374479768474e-01
6.523923787259978679e-01
7.459750765156486496e-01
6.874988239071017082e-01
7.374532298964776578e-01
7.520702124430151958e-01
6.708942629206987585e-01
6.591661712273609863e-01
6.056792869651159705e-01
7.180040604555856243e-01
6.924108815536885730e-01
4.637179445601013472e-01
5.941162066562369892e-01
6.196301861120223631e-01
7.552113131085570474e-01
7.206840251159583044e-01
7.417822160197290460e-01
7.329891291025918409e-01
6.149532020957587664e-01
6.114767999620227545e-01
6.684955832246525231e-01
7.138576563267278186e-01
7.280146007927571494e-01
8.592368358777084936e-01
7.284107001396309400e-01
8.203131523573213846e-01
7.785844327969639878e-01
7.219666998208166264e-01
5.928380354011537623e-01
7.976696063070599640e-01
7.949506691973938777e-01
7.802194570885880864e-01
7.129152342278671783e-01
6.767579040403616242e-01
7.256934350309572901e-01
7.365920437171828983e-01
6.831630526569543171e-01
7.208203750223236561e-01
7.025291066542731500e-01
5.385538052934865094e-01
6.027771065516278615e-01
5.562440691559801254e-01
6.030506074881982759e-01
5.217098756779582347e-01
5.291492760918897753e-01
5.914601649509351189e-01
5.658332198249759193e-01
6.452703234550941636e-01
7.255295779785477794e-01
6.638481388721244603e-01
8.099556718702112246e-01
5.410077195998677091e-01
5.182955202300739694e-01
6.473614942188582466e-01
6.543980053664557595e-01
4.958801192218031950e-01
8.050718540825617664e-01
5.550935591049622753e-01
5.526238729213107659e-01
5.983171233308728354e-01
5.609587430635841754e-01
6.778249480624578549e-01
6.687567606754490912e-01
7.200252642456482777e-01
6.621206178337392112e-01
6.110473632311087533e-01
6.989794682449864682e-01
7.732908660261039735e-01
5.972030199868131328e-01
7.079357807294207605e-01
5.013704008587088756e-01
7.990530368032254804e-01
6.928207460245412452e-01
6.937175005902962432e-01
5.558174865006044740e-01
7.245288878422700973e-01
7.868649240446181636e-01
7.939395027529320137e-01
6.990502290989867307e-01
7.598948072725096869e-01
6.092166090523791766e-01
6.973038638162090130e-01
5.474615676486488391e-01
5.850168331652522147e-01
5.404494114656531734e-01
5.730802234082588154e-01
5.342719024711767295e-01
6.919119733727938648e-01
5.346255017141764432e-01
5.383394777986183488e-01
5.979475973861902993e-01
7.582113795056707461e-01
6.924056658887837168e-01
5.999499353831244663e-01
5.413108521111387184e-01
6.499353044832075765e-01
7.749845257099280404e-01
7.377372635393191214e-01
6.914573165983940450e-01
5.956111973501077017e-01
5.693381315366309314e-01
6.929321593657279399e-01
6.066183323640417235e-01
6.259354452043036643e-01
7.504412760705283514e-01
6.997886874309304783e-01
6.898159573612899775e-01
7.756603062581850505e-01
7.438777079957487048e-01
5.100146703025872919e-01
4.067217144887343983e-01
5.928566116525764151e-01
5.045398459785508383e-01
5.859292068739755388e-01
5.465748527586762329e-01
7.632384830408538434e-01
6.926992054944304256e-01
7.822158016873026476e-01
5.732949056368040752e-01
