6.387948823538236454e-01
5.924325061879835985e-01
7.445547472669339362e-01
4.864404517765058555e-01
7.590216831067103653e-01
6.177764240522650718e-01
6.758092299836768735e-01
6.881840447330558330e-01
6.539671391020974722e-01
7.147101487826373889e-01
5.852073151409592500e-01
7.665773270753983848e-01
7.268493717265189780e-01
5.763918029986299096e-01
6.873471837671333295e-01
7.284228175925542281e-01
5.614106763574667758e-01
5.435373567660670702e-01
9.147627219570508839e-01
8.434992605000947163e-01
7.196744552342290158e-01
7.893150967734224865e-01
6.085232469190116067e-01
8.137854271253390781e-01
6.791201837817861797e-01
6.326424816858383648e-01
6.681756377403231806e-01
6.566686546758394583e-01
6.024001839730103169e-01
5.539917276168399018e-01
7.330756199726489175e-01
5.763599201903475411e-01
5.630358778059858516e-01
5.859371601014403685e-01
6.981207360194791045e-01
6.204705630585648501e-01
5.338854428539206998e-01
7.911829654282138691e-01
7.312977811294127939e-01
6.705215122444816434e-01
7.394255492274325325e-01
6.282171083917018617e-01
7.136488945746651824e-01
6.628048182340523509e-01
5.788527142219468402e-01
6.364970433114722770e-01
6.909166394521215615e-01
5.957629824187767875e-01
4.865438308770337339e-01
5.522734273620020229e-01
9.277044141953931788e-01
7.047649416722637783e-01
7.418095464151205354e-01
7.919616779980619414e-01
6.912170904210275246e-01
6.911990221636183929e-01
5.123237952470810486e-01
7.856554963839563754e-01
7.928855008765126611e-01
6.898014215975301067e-01
8.427422537502811117e-01
8.189042888095077188e-01
7.526618511563867298e-01
9.441983451382144343e-01
4.775641226387045690e-01
6.369608210154309447e-01
6.886505891726727446e-01
5.406040796448388086e-01
6.726167874267662272e-01
6.255775917351061866e-01
6.023435201485004553e-01
6.171101457489530651e-01
8.065042861626393611e-01
6.823897680477807315e-01
7.624847882121905673e-01
5.632676845109382269e-01
7.208746181784994045e-01
6.692192991874280628e-01
7.137698586679245283e-01
6.166044329659174927e-01
9.828050705986928204e-01
7.201301321481141660e-01
7.116993572503160781e-01
8.489761065854820599e-01
8.130650503849057298e-01
7.572693515826113275e-01
7.266855842213930661e-01
6.037561100862731678e-01
6.816654938881357984e-01
5.979037166203005071e-01
7.595290413247163253e-01
8.101651391723553308e-01
8.672924966710191530e-01
8.566055393045471922e-01
6.216229219941536988e-01
6.299115019803230853e-01
8.347454775832754414e-01
4.995306131948270001e-01
8.989438004543417460e-01
8.249136231701444943e-01
7.567798507815454156e-01
5.821179239247306070e-01
6.132101215988507992e-01
7.693217164976509093e-01
7.263157514850898666e-01
7.197046899531770459e-01
5.627060257312085367e-01
7.494797594907264271e-01
6.814131912410585912e-01
6.981982589037013520e-01
4.561508898086857888e-01
8.954717400798992699e-01
7.434725316470314205e-01
5.671186120828521915e-01
8.571428571428570953e-01
7.319319331451087374e-01
6.727753465021626411e-01
6.252988333793746412e-01
6.991508500514461710e-01
7.180332432239763252e-01
6.893753855643854900e-01
8.089294080378159890e-01
5.583733454575015021e-01
7.134925118020184476e-01
7.231178515648019056e-01
8.218985601563147947e-01
7.147287365762031719e-01
7.928744093183700548e-01
5.763257906660237406e-01
6.462317777788878503e-01
7.431984911592887100e-01
7.229267505503755853e-01
5.788752178625846678e-01
6.895795724576128105e-01
6.622956297931907876e-01
6.313078403949509143e-01
7.542734606352921034e-01
7.828627468742312967e-01
6.127786624635374046e-01
6.545765075688853019e-01
5.874807750443304943e-01
7.609148802781471321e-01
6.643893128298546946e-01
8.439884602809671899e-01
9.192142531143130402e-01
6.116187175601384141e-01
7.960917544658872025e-01
8.586477065044951784e-01
8.209501325758514767e-01
8.253598705056376383e-01
9.054833524202455797e-01
8.097115693733409891e-01
5.916249526327953534e-01
6.041049248035006425e-01
5.760351090926363327e-01
7.998744351338491487e-01
8.907696988409511407e-01
6.911907449607075371e-01
5.373495669560749421e-01
6.380796791590557238e-01
6.719558195969878023e-01
6.759843786617671935e-01
7.087346914089076577e-01
7.834333312534853544e-01
7.303358461441966654e-01
9.039687347161612374e-01
8.769245270942901405e-01
7.723711273531059796e-01
9.137570029703510066e-01
6.971203606441337408e-01
9.019025767766036816e-01
7.957735483133173693e-01
6.176033310295026002e-01
7.257792757621471802e-01
7.535090268985547013e-01
8.128660496355628595e-01
5.477012341229180459e-01
6.400850709092654744e-01
7.353655270335536231e-01
8.230127085489477023e-01
9.026934252372860179e-01
6.702823084463896963e-01
8.634681847443879121e-01
6.441388901966189628e-01
8.390000246471682743e-01
8.444106003256575121e-01
8.099035848311298968e-01
6.921876643009404750e-01
7.965000197050867703e-01
8.155805600085584972e-01
8.386220115123860230e-01
7.672105981355588078e-01
7.722644938818392646e-01
7.949119822251360379e-01
7.419394458965504757e-01
6.851470375316814909e-01
7.189587799775211119e-01
7.701007508172951210e-01
8.767827256869811237e-01
7.838114719273699960e-01
7.605119005523640618e-01
6.465898511495725698e-01
5.230315726950831579e-01
7.523363525609915170e-01
6.006293034122704988e-01
6.791232540409172236e-01
7.399100463031021979e-01
6.321762496179107460e-01
7.594752429131065297e-01
6.981261793423576556e-01
6.462874306872995467e-01
7.407295899186785437e-01
8.163723447540571776e-01
6.749491353087376799e-01
7.155112556069695984e-01
6.205440189606619139e-01
5.905373396201512026e-01
6.015651903276292289e-01
5.824800874610774892e-01
6.506637516523550158e-01
5.970886941155780780e-01
7.284637511560007050e-01
8.507178009443826516e-01
8.801146299159612330e-01
8.591617271669731437e-01
6.592625886302584393e-01
7.444690620210715482e-01
8.233185161575883315e-01
7.411173360885872086e-01
7.951169311553543118e-01
6.061401174784804002e-01
7.534140190975388007e-01
8.023541436188998954e-01
8.219181533256375571e-01
5.186795120474202436e-01
6.310721760879284270e-01
6.408492196489254944e-01
7.286671129045125817e-01
5.568111986215488196e-01
6.227023759233806244e-01
5.650571768710017651e-01
8.044687833236211505e-01
7.799060782520453872e-01
6.751209812767203777e-01
7.258216252284642733e-01
8.837505499594036085e-01
7.895316063647106475e-01
7.567437541377388666e-01
7.344131770363416800e-01
6.346961589223740763e-01
6.118879354270715387e-01
5.913787342794124546e-01
7.472376556651728619e-01
7.633669432655053599e-01
8.466796909015401607e-01
7.332730831710894126e-01
7.143438266841011242e-01
6.873143298885396879e-01
6.611960167858695891e-01
6.883466968651967832e-01
6.343978070845229800e-01
7.655143356865852233e-01
7.603557531230110689e-01
8.010250624367537542e-01
8.457485732825267277e-01
8.821505312983243252e-01
7.820614267743665193e-01
6.762640220457768470e-01
7.530165330556241043e-01
7.445195350914817212e-01
7.490745015896149717e-01
7.244957972475352115e-01
6.684549383632935049e-01
7.856255527565348951e-01
8.855461441587777482e-01
7.104799293986722164e-01
7.912992147100638141e-01
7.372946195097618283e-01
7.507709665774519037e-01
7.673418512863071639e-01
7.760367565537702461e-01
7.357839773567544928e-01
7.449086366181786323e-01
7.524257895134959240e-01
7.325876804297031253e-01
6.558054164410426212e-01
7.630847933720482645e-01
7.550901471890671957e-01
8.035636436776772973e-01
7.625925436548315339e-01
8.073710222122956193e-01
5.109134782408297770e-01
8.109180228756571740e-01
6.994790651222633215e-01
7.005954840191657151e-01
5.804701323896098719e-01
6.113288506796300537e-01
7.782963055626177518e-01
7.431432529918042817e-01
7.483546040755529871e-01
6.742388211945758991e-01
6.512923390453360106e-01
