6.565427546774463829e-01
6.125159135002573585e-01
7.311735936332723895e-01
7.535143987795571707e-01
6.277281038280275727e-01
5.849631135907451540e-01
8.142869146210613973e-01
6.606054323727780231e-01
7.043314112391104720e-01
5.910874940400085986e-01
6.599154094930409498e-01
7.963878185970172385e-01
8.534478455517789941e-01
8.360996378908193138e-01
7.947015686481266883e-01
8.143593724424716962e-01
9.052721203693459007e-01
7.448340905742230067e-01
6.234506065462637192e-01
5.144692529168958250e-01
5.905695435507162250e-01
7.076607741998243162e-01
7.388798253996912146e-01
7.250277283061248301e-01
7.083898019692773662e-01
7.440261862062450549e-01
8.948545311433534488e-01
5.804219897327884681e-01
6.217018709403163701e-01
6.163774763110044796e-01
6.111984277798384602e-01
6.298504218303464519e-01
5.293853599092744888e-01
6.569493415822130755e-01
7.109948717213740998e-01
7.899227444229613981e-01
8.185561491637722842e-01
7.590681290771530421e-01
6.834198571429543900e-01
7.131184716049628891e-01
6.570865387904560873e-01
6.299254994325930168e-01
7.141576126532739321e-01
7.446408698312564356e-01
6.100049659198145680e-01
6.328155636253287586e-01
7.482237402290603523e-01
5.030833013784589136e-01
6.343343150532437802e-01
8.680957553933514870e-01
7.750631937117177239e-01
7.264670571582259040e-01
7.108201421258124597e-01
7.263586054704893602e-01
7.123087784272570389e-01
7.267502059686140603e-01
5.715353242642344789e-01
7.312706489031615131e-01
7.535708166406239750e-01
7.394086389187943809e-01
6.858781635156778744e-01
5.908496323836129882e-01
6.289025586202089402e-01
6.205026863802814985e-01
6.900855192878516675e-01
6.881956295472905216e-01
6.232273599968150002e-01
5.933497911670337910e-01
7.850358692004806294e-01
7.149796163516783931e-01
8.142725350733188705e-01
7.915059623836955272e-01
6.165627362148881074e-01
7.024485847651860126e-01
7.312441450435959167e-01
7.032814108549911847e-01
8.460831523728056247e-01
6.985520295198468510e-01
6.351711442081341419e-01
7.695896243993624042e-01
7.443907357310393103e-01
8.121044590929713536e-01
6.228478853256044223e-01
7.203913232070351391e-01
7.920387571845791674e-01
6.326779087686364988e-01
7.274838402897785272e-01
8.232167628683511040e-01
8.103461366823092593e-01
7.501628699852750382e-01
7.436311093419389895e-01
7.925823034986033688e-01
8.512345394921634334e-01
7.537206766988014950e-01
7.765374330936588576e-01
7.767042897614646613e-01
7.503458532319738916e-01
7.535635136926314148e-01
7.129989747688766366e-01
7.428123636004527741e-01
7.852209923461457297e-01
6.675364340884059056e-01
6.442045933375106781e-01
6.700507414749999890e-01
7.562780509056923339e-01
6.967365288611788721e-01
6.523418350249601261e-01
7.560903444644291316e-01
5.817642705371398604e-01
7.391802414136364741e-01
5.305910739460868442e-01
7.124377788374500753e-01
7.023315234237432758e-01
7.112571416916125822e-01
6.497706346567341251e-01
7.532196829374544489e-01
6.158377525229044025e-01
8.685632204761850605e-01
7.752311126359888727e-01
8.028998012321059141e-01
6.550833319595404935e-01
8.080208148649161704e-01
7.831104283537870803e-01
7.957514056511368894e-01
8.726600081851189072e-01
7.328090448858536332e-01
6.816355936828100148e-01
7.254025171183399179e-01
8.137615104397541987e-01
8.183652748266291299e-01
5.700722938010213126e-01
6.429099568310409074e-01
6.296779392467056757e-01
7.396108564600910595e-01
7.620883807654356135e-01
8.480827227068434837e-01
8.504973302670868485e-01
7.934578504280331845e-01
7.981571678368860612e-01
7.951042120112483680e-01
7.308580660853802868e-01
7.797010706549614145e-01
5.948088003418269265e-01
6.648097312976339879e-01
7.503297842418847896e-01
8.206379336516362866e-01
6.947634358936964905e-01
6.590340374371952414e-01
6.984191428363076826e-01
8.096407554336505497e-01
7.054808636057792182e-01
5.253114879760010236e-01
7.488162948259623475e-01
6.039181773478055071e-01
7.619288800411864182e-01
7.149027462186262616e-01
8.142427432064982540e-01
7.983241865071535326e-01
7.758359641848538990e-01
7.449582783534627328e-01
9.111765601209549370e-01
8.403976093522298463e-01
8.161358410519690132e-01
7.363845235843519133e-01
7.414814364557679172e-01
8.042361139625380240e-01
8.045784495496024480e-01
7.256477214168505219e-01
6.580031015613976297e-01
8.475654677409802940e-01
9.254520935603458565e-01
7.386394881587567962e-01
7.544913176063766658e-01
7.758305429461275216e-01
8.960769117286201402e-01
8.288512727885881670e-01
7.533800908776832062e-01
6.354947484471799024e-01
7.299264949465864571e-01
6.913357534168601548e-01
7.398703305279820119e-01
4.525206251491997733e-01
7.664805163936558863e-01
7.970979623678021708e-01
8.186343615456128653e-01
8.323740284385522381e-01
7.997564516973340032e-01
8.134755433381415379e-01
8.647120956779805745e-01
7.346925564918334040e-01
8.766586902441070306e-01
7.516690790248140575e-01
6.935450100067669377e-01
7.112636900436350995e-01
7.908856901640333170e-01
7.214349765605573284e-01
6.727014340711690021e-01
7.330985118893138530e-01
7.539665239820809717e-01
7.003624964699889377e-01
4.999472522140681607e-01
6.615849359484456960e-01
7.706323737040403632e-01
6.539617909818530306e-01
6.080434081425130088e-01
7.756824093822848321e-01
7.765767246533100687e-01
6.136199159598374475e-01
7.114660667681154127e-01
4.287971337080527801e-01
6.409339715441524366e-01
6.505646979343684411e-01
7.150865654501962210e-01
7.867125942888328893e-01
6.787785278939750810e-01
8.175882249624492060e-01
7.996354273060908291e-01
6.924318693089867027e-01
7.173204840625013734e-01
8.899195775968683497e-01
8.095628036542310557e-01
7.199900530173017899e-01
6.982577125812432506e-01
6.640969880883322851e-01
7.547660602643055938e-01
7.792866861448741744e-01
8.866654633725108425e-01
7.438475586308224141e-01
7.635617134372896242e-01
7.507261650931150720e-01
6.911619078972949248e-01
6.552841314696739028e-01
5.443063027717134350e-01
5.343982299352526555e-01
8.264002727413928273e-01
7.843144755289009895e-01
7.491348576292524708e-01
6.502318208127160215e-01
5.911958266927916927e-01
6.109238567726856806e-01
6.672272573978267340e-01
7.051715579037841630e-01
7.471359405270008303e-01
5.319909949086270018e-01
7.368456912958410987e-01
7.072257297178317081e-01
6.211734787928276935e-01
7.990921689050056731e-01
6.238896910116911165e-01
7.167513946056942586e-01
6.124611817225878996e-01
8.295215109135140041e-01
7.988287105848056457e-01
7.584537530005999173e-01
6.805018954352997085e-01
7.093276420887894007e-01
8.010794741272054820e-01
9.232077907776937709e-01
7.704004341365255915e-01
7.951812907436569544e-01
7.380989827157715677e-01
7.328574880993773411e-01
8.095435726984473446e-01
8.227365943220118494e-01
7.705867639495029842e-01
8.140793255596103783e-01
8.452995267687488656e-01
7.867835470824593447e-01
8.124473387027970617e-01
5.646505852959595728e-01
6.098890990909464627e-01
5.755129158765478481e-01
5.617947391760936826e-01
5.105568277403129684e-01
5.553547325344972974e-01
7.169682418717412409e-01
6.883997114740131318e-01
8.254918872581481493e-01
7.720044787503653749e-01
6.934590564719188555e-01
6.783868018928957966e-01
7.441422003832401932e-01
5.797480452423293684e-01
7.323437528075276148e-01
7.501079444369803673e-01
7.026801192464622314e-01
7.145107887722944584e-01
8.661004598463030169e-01
6.138371341364876610e-01
6.424390872622385285e-01
6.509474027971315913e-01
7.189423845810075653e-01
7.076805563080891259e-01
7.718554776883792545e-01
7.748576900529883238e-01
6.719624324476544119e-01
7.289201632299662226e-01
7.402340801947107085e-01
6.605968023216501894e-01
7.694791015478649188e-01
7.324989131214898475e-01
6.686378652492402930e-01
