8.093211781603782962e-01
7.306529626671163236e-01
7.091246792097124496e-01
7.685832605709270737e-01
7.456694398105070398e-01
7.212536510644024235e-01
6.275124707390604684e-01
8.284150079122237775e-01
5.791785153988531221e-01
7.517212083703883607e-01
8.919642474520870223e-01
6.633557584752519665e-01
8.191180068843667561e-01
8.293151718337671285e-01
7.766254861774604112e-01
5.510617664412540417e-01
6.940090439222299512e-01
6.848227736451137915e-01
7.024052883005096337e-01
7.656145413768619123e-01
5.343348163782122295e-01
7.978284109365361143e-01
7.621183339486972130e-01
7.614666280354178696e-01
7.870399788155003629e-01
7.996793212613835244e-01
7.758995549596996444e-01
7.264219597800830597e-01
6.626478668867125110e-01
7.486520664339068043e-01
5.522502273711055176e-01
8.762839913146303061e-01
7.659296897375553748e-01
8.239988267405661260e-01
6.810515765785701836e-01
7.072066498291422754e-01
7.893835074096769988e-01
7.854650759439535390e-01
7.277437320162101209e-01
5.549566655456578124e-01
6.415353249472022235e-01
7.500491096168387939e-01
5.158128750562508413e-01
7.584552619427908926e-01
7.696105157888376569e-01
7.622392395147115085e-01
5.635192697516655524e-01
6.992444637979791100e-01
6.226538853280290109e-01
6.295275150409933573e-01
7.129594485791076464e-01
8.089981917642123932e-01
7.510711712837664367e-01
7.566964230668051794e-01
6.159873423123416458e-01
6.322420708118127175e-01
7.056978768051734852e-01
5.653515889777969150e-01
7.448662424949977767e-01
6.982279646056361866e-01
7.007749998796304336e-01
7.065147761397063686e-01
7.016104147672816982e-01
7.865269274005172173e-01
6.776438628015555299e-01
7.029293550900644894e-01
8.342402007742437675e-01
8.858259951947070610e-01
7.149966831903210585e-01
9.915449664043202160e-01
9.314129143860171434e-01
9.101941482546400675e-01
6.652729526691451012e-01
8.896425434934747134e-01
8.973928871466426704e-01
8.127469088460276270e-01
7.698254155142953969e-01
7.912397211373455308e-01
6.896054211560151970e-01
6.420518187862415127e-01
8.423955616513572053e-01
6.431888146891088232e-01
7.236707238754817029e-01
8.407061472562076254e-01
8.236869738222799553e-01
8.369092876946637727e-01
6.539663221461201603e-01
7.088901937082819904e-01
8.281242016064321865e-01
7.349936055770701637e-01
6.187191836634713393e-01
5.573231628646053704e-01
8.287546059695902745e-01
6.567557525664227125e-01
8.206006048188764224e-01
6.592438104941358290e-01
7.767503510962501245e-01
8.799027205439031718e-01
7.925919382471114938e-01
7.677989058815647416e-01
7.541811099135505847e-01
6.465983946269381333e-01
7.547735438474997283e-01
7.900335756724806702e-01
7.709845559710821750e-01
6.788091260055902909e-01
5.748540848192272845e-01
7.351435494033139451e-01
7.404692436689804813e-01
6.145754657052070469e-01
6.094811988958174220e-01
7.662672993136080413e-01
8.243820941197829155e-01
7.968331970028686984e-01
8.814663324522273857e-01
8.022782506519107182e-01
7.446087591732307720e-01
8.858954467733591853e-01
9.006341203161193354e-01
7.830687634145890863e-01
8.036232722161326114e-01
8.118297599963881783e-01
7.792042203845654935e-01
7.103581395421106892e-01
8.402938414255912702e-01
6.493313399098937788e-01
6.747543992947182545e-01
7.833548752586769748e-01
7.084083257141630119e-01
7.227660613119685218e-01
7.082371786213008669e-01
8.062846112878186977e-01
6.796034391570235922e-01
7.751839518527825490e-01
7.171614409375847154e-01
6.493199246321375018e-01
6.865930269461058000e-01
7.854796489729152231e-01
6.922631550697830871e-01
6.969696207256537157e-01
7.439357258772064663e-01
7.305754978291488788e-01
6.880361986752026038e-01
5.928668549172917412e-01
6.852304691978953199e-01
7.257587195714367834e-01
8.034483400009718723e-01
6.502033879535467076e-01
8.420933607523026776e-01
8.108795584916225208e-01
7.395671481723770091e-01
6.959741176453199119e-01
6.288133085101353936e-01
5.192330425734686949e-01
8.157646840033474511e-01
7.404360826595364209e-01
7.802984452306717111e-01
6.760058828488086924e-01
7.561797643230717680e-01
7.119786831928628379e-01
6.553582692808395116e-01
6.807244682116275758e-01
7.368854530881034925e-01
6.850672107636183172e-01
6.340139238118076559e-01
6.952007257688138653e-01
6.518781067591701284e-01
7.338997392263574282e-01
7.863060412055604687e-01
7.385341974398653697e-01
6.755903413599443352e-01
7.078827079823627466e-01
6.798335290584592849e-01
8.251281418415944424e-01
7.756411270420084936e-01
6.918746375636729562e-01
6.328067625997532142e-01
7.917509253013707005e-01
6.641754883046707691e-01
6.638321941071961829e-01
7.299226700047328764e-01
6.678284867243455825e-01
6.411529369444507465e-01
8.621721233017722863e-01
8.557478088279726336e-01
7.032309581968971823e-01
8.639684783366847753e-01
4.907228969745681124e-01
6.671283666257956657e-01
7.982835151218016234e-01
8.218858010140708270e-01
7.419897398562388391e-01
7.008039874362174126e-01
6.763579871433187396e-01
7.178450661090365337e-01
6.937781801542000082e-01
6.848775296591077533e-01
6.456649881473554009e-01
6.109631827394531589e-01
7.447622953646584332e-01
5.875826564487501846e-01
6.921504031600709261e-01
7.707578890561234131e-01
6.412241737035624389e-01
7.257933979643115263e-01
8.622749840573940006e-01
6.742917203188902864e-01
8.276353285263523540e-01
7.451500889204835110e-01
7.659678150163098387e-01
6.384215927001235524e-01
6.180500753733723096e-01
7.154518815958734734e-01
8.410422256915983663e-01
6.249854493230434516e-01
8.072137193214721229e-01
7.809252978421942215e-01
7.145294937867723295e-01
6.649444901511502026e-01
7.869490405557317825e-01
7.826923328553113679e-01
7.735032990842879430e-01
7.578397566563953580e-01
7.123237654802899721e-01
8.126721171498269003e-01
7.914619879353367304e-01
7.938327744442568168e-01
7.760413417649838497e-01
6.905661312347944891e-01
8.868076646438057820e-01
7.494795953547477296e-01
8.149941047835229657e-01
7.525905968219702702e-01
8.651369908351796978e-01
7.154995032987833126e-01
7.433464663566923258e-01
7.141604190810896258e-01
7.144225749044702534e-01
6.514342678076595616e-01
5.566639724898533315e-01
5.618754963701421135e-01
6.687674117745133762e-01
8.184035805588042445e-01
7.912770095921045632e-01
7.156225461343955763e-01
7.878244142330588229e-01
7.215381060633688781e-01
5.976010408995131584e-01
6.805346145523223367e-01
5.060102146414925395e-01
6.517587314606830828e-01
7.554423505841162401e-01
6.461415435644366489e-01
6.802918332291005843e-01
7.039626377104669652e-01
7.967459785412092099e-01
7.016951475354485934e-01
7.656437784196291618e-01
7.293305756422820973e-01
7.153927265090075371e-01
7.366263791270288852e-01
6.790311746784403191e-01
7.444744476585516413e-01
7.667814235264135414e-01
7.323861938526365911e-01
6.883797204848332019e-01
6.848141945311032597e-01
5.401640438411661194e-01
6.654741861327309049e-01
6.379480887779219733e-01
6.016191419864197476e-01
6.358955323242990731e-01
7.263610750454916332e-01
7.469852024753118602e-01
7.080669134939890919e-01
6.889609431389076555e-01
5.765782927275995284e-01
6.886797294293750538e-01
5.307650750198000811e-01
7.598647652423806687e-01
7.455561196701766535e-01
6.864327550726385674e-01
7.185871615935660595e-01
7.319243857993371627e-01
6.483620992603336131e-01
7.310898080941845567e-01
5.533640696055739383e-01
6.984053131138638904e-01
7.255460119574101974e-01
6.982387287007499888e-01
8.608611328349612402e-01
8.764085696500147904e-01
6.603309571848662296e-01
5.863056675426987496e-01
6.100921977873028368e-01
7.986253102268002779e-01
7.598244355502806746e-01
6.638781431307251291e-01
7.785491489499586359e-01
6.565847625701000112e-01
6.144365631090832336e-01
6.853959711552793932e-01
