5.385191287156886331e-01
6.404444097666415203e-01
5.531724728569699101e-01
5.088703682108627335e-01
4.761510195980409033e-01
4.718336766927765380e-01
4.356609642234211544e-01
4.687283603689069156e-01
5.039056581104695010e-01
4.218955204155642735e-01
4.775449155079664054e-01
3.327318147835032769e-01
3.501782529847228820e-01
4.663703378319988269e-01
4.490552026310279943e-01
4.920812670032307379e-01
4.411245095976946695e-01
4.603126168761891845e-01
5.395043464063977723e-01
4.727112278359179021e-01
5.556584335814039877e-01
6.200284630776617956e-01
7.120668334226433194e-01
5.438276197508598031e-01
5.840967867951649684e-01
5.832503302387095356e-01
9.925140361821584989e-01
6.443564288049231648e-01
6.486796300306580942e-01
7.096350527486505744e-01
6.616170904673498443e-01
6.802083465210353452e-01
6.299388586534652168e-01
6.083828028178546177e-01
5.916788631146834287e-01
6.034288614972942444e-01
6.838539469197645326e-01
6.137752122667561316e-01
6.584968857244822837e-01
6.367680368467176777e-01
6.212719991165470690e-01
6.180777125057798083e-01
5.591466330526958517e-01
5.287867910248729153e-01
5.531674070853755953e-01
5.955178098953550769e-01
5.325632362387690000e-01
5.170398540605856130e-01
6.495248070491547177e-01
5.791971344172983649e-01
5.347734463507205493e-01
5.478034801527671416e-01
5.025820338718972602e-01
6.507328554050401115e-01
5.778202680196251606e-01
5.836758930913260590e-01
5.813217124171912165e-01
6.381263177231850658e-01
6.385744533211812346e-01
6.000444484331055595e-01
5.599599678333148089e-01
7.032514097218245386e-01
6.293797529197191487e-01
5.734768544092087028e-01
5.471567146145035476e-01
4.997107624753699406e-01
4.975464501883953838e-01
4.705483345773552872e-01
5.993203116637509931e-01
4.660110452353375399e-01
5.307480899688242770e-01
5.746489873793639847e-01
4.992458248065445026e-01
5.646900354471026118e-01
5.138693217955180303e-01
5.738838981453719956e-01
5.074018013442798125e-01
5.540375062060275413e-01
4.783585463693138529e-01
5.587098667698585652e-01
5.421490798045618398e-01
5.700676754369927712e-01
6.017139468861345541e-01
5.936267379305415481e-01
5.209448385611746835e-01
6.994790016245691078e-01
6.122049465787339217e-01
5.520050088753105655e-01
6.491652638648265361e-01
5.576570819989093986e-01
4.907420937261208205e-01
6.823951794681557548e-01
4.979831458100375530e-01
5.818315612365512202e-01
6.201139861514861629e-01
5.114056471075417720e-01
6.251299192956097928e-01
5.592070699776315879e-01
5.557005938027335112e-01
5.059284762789082457e-01
6.897109274838919557e-01
7.813185660559374135e-01
6.840058907006125732e-01
8.232102363134853329e-01
7.140820229167524902e-01
6.307251484521085860e-01
6.763964210458948134e-01
7.511252425925951659e-01
7.184995137799944365e-01
4.668608530518725264e-01
5.020238012117804738e-01
7.640026558195538442e-01
6.200291102265881316e-01
9.124619676867181672e-01
6.052951116844625945e-01
5.656731530249557993e-01
4.830213237968098983e-01
6.555143304235995227e-01
6.481674267068807671e-01
5.222159951467661987e-01
8.248151067362686772e-01
8.061938991656227849e-01
7.568705306259279064e-01
7.353285303238970005e-01
7.830595538875940731e-01
8.651805718798151190e-01
8.524335222775436538e-01
6.929840275339771427e-01
6.539996873947365730e-01
8.027301612293663569e-01
5.327542934450393286e-01
6.877403207422019271e-01
6.712941798163440943e-01
5.038889072243011302e-01
8.796428396874289568e-01
8.503534329151576365e-01
5.342064720059904737e-01
8.554696042275046208e-01
8.085295705392008259e-01
5.134431664470058276e-01
6.930652757456543522e-01
7.175112740209612650e-01
7.756867641129944202e-01
8.019235709978189686e-01
8.222804695909219364e-01
8.158468236354360359e-01
7.952375470927417478e-01
7.950813283013375976e-01
8.231566342465453934e-01
7.510443250321781061e-01
6.523193767194740422e-01
6.207529884170932544e-01
6.954655892355148250e-01
9.763087506588965514e-01
5.996491195964542831e-01
6.300413324855670405e-01
6.014185618703623559e-01
4.776588576052137602e-01
7.015533717722434170e-01
7.385133231684466448e-01
7.129295697175827007e-01
7.909346275241786461e-01
7.423968495988879646e-01
6.616570446899441293e-01
7.180400566547866514e-01
6.097765779891312077e-01
8.071244468587884802e-01
7.096277205688327205e-01
7.814589876813911040e-01
7.991597084418547992e-01
8.974255894992598792e-01
7.511632513113948306e-01
8.078275710297381229e-01
7.228800262742741678e-01
5.974240368316966476e-01
7.060674072364998555e-01
9.488459139114161500e-01
6.292263095087402558e-01
7.713040107943816004e-01
7.122937886649521877e-01
6.728324942361417760e-01
8.198728724021648873e-01
7.127656250520271186e-01
5.819626816045812001e-01
5.236710129694398530e-01
5.727462309239407245e-01
8.085395177669948419e-01
7.032956322142192018e-01
6.482874533259208594e-01
7.174009957213413058e-01
8.277177721794060083e-01
7.499346091003556980e-01
6.790830248373298517e-01
6.282827490544027338e-01
6.797675773518377929e-01
6.748371396911337916e-01
5.821320532228710931e-01
3.495047883499577401e-01
7.261246398939300573e-01
6.548588242922113167e-01
5.712392501391342359e-01
7.767601186657205892e-01
6.528536122640608008e-01
6.234002961870536152e-01
7.517596326590731959e-01
7.376980355328178751e-01
6.733634894067124232e-01
6.241560737926460378e-01
5.900425856838888983e-01
5.074372701194516111e-01
5.275871329840472468e-01
5.826178867165645592e-01
7.884032234994160504e-01
5.700507879165069847e-01
6.649870382812862468e-01
5.954956901486194720e-01
6.048273152677748898e-01
5.396115844181728072e-01
6.049567969713270932e-01
4.840025122453923134e-01
5.750786966769785291e-01
5.323842799210399823e-01
6.206972709967228941e-01
6.502820823061278288e-01
9.575795383655645310e-01
5.763812490946973455e-01
5.855159175636207580e-01
5.774754008498171887e-01
7.004264024577681047e-01
7.943672044649944253e-01
7.364093543487777449e-01
5.158928157042442786e-01
5.583317305577590872e-01
5.935940810224267228e-01
7.006021568664506649e-01
6.460942267542280071e-01
7.310759910864256250e-01
5.967831444639737359e-01
5.785273236308889899e-01
7.684643873394676472e-01
4.498576163356794999e-01
7.504507138226335083e-01
6.329404107200679030e-01
7.638258064131818736e-01
6.317865860048176296e-01
7.953051187043206349e-01
8.052935038157890135e-01
7.355726382946845554e-01
6.717766458264738949e-01
6.565123518241892109e-01
7.575934762702197789e-01
8.197061371013310005e-01
6.701572987595740827e-01
6.992808667451566595e-01
7.797722720079318659e-01
6.174072151704755873e-01
6.256596427031518859e-01
8.046094935705210283e-01
7.799071307299046962e-01
6.880707865535079515e-01
6.802456235382807748e-01
6.652933334385449093e-01
8.204747174336699533e-01
8.036297872664946995e-01
7.325752483850542784e-01
6.832696821376131879e-01
7.688132633206485878e-01
7.729748442006927345e-01
7.982286441228153562e-01
6.085794049134919392e-01
6.241462458399256175e-01
5.709334843566943318e-01
6.900886337952248928e-01
8.128711609977334884e-01
7.641876469031363417e-01
8.518324033407487228e-01
7.839486788349471214e-01
7.379111512465250655e-01
5.995642998993292450e-01
6.633975093003100509e-01
7.226392107462419334e-01
6.659019140138612292e-01
7.890644484289465188e-01
4.677652267535476471e-01
5.463983018736644492e-01
5.875578611224533399e-01
7.768681374461573474e-01
6.193460127934000692e-01
8.024873575375760515e-01
8.104552954381207819e-01
7.468357392217894741e-01
8.004287224420120195e-01
7.906944509428518453e-01
6.943328422006470602e-01
8.371725558460546557e-01
5.408130032839174595e-01
8.005377294536860644e-01
7.803267343202219264e-01
8.350449329051945480e-01
7.696035035093823362e-01
7.345254865151563672e-01
8.284611616083694674e-01
