6.936064093277019005e-01
7.052629669184672379e-01
7.214303472007802531e-01
7.282191430962748901e-01
7.484226154126504271e-01
5.668834682432020156e-01
6.802983959104327294e-01
7.537490792920849003e-01
5.798862712029329014e-01
7.613312055828587166e-01
5.983053850255675155e-01
6.736555081246273780e-01
8.809685017280207697e-01
5.145591472962323110e-01
5.599111803958681799e-01
7.554937173635438707e-01
7.160039193027866178e-01
8.218724741052616523e-01
6.267824851085644910e-01
7.795014478691646431e-01
7.789131430082553154e-01
8.538278765555760152e-01
5.825842542328822926e-01
7.648107847586365082e-01
7.516086489600346532e-01
7.745223545862234271e-01
7.768198673451075509e-01
8.287940018792128161e-01
7.450122722934829911e-01
7.989667704213997412e-01
7.707804132658292451e-01
6.947649218970048945e-01
6.287470394213235947e-01
5.730703797096544649e-01
8.968575482452237901e-01
6.986098306103815103e-01
6.509485759061386378e-01
8.520877389900342047e-01
8.266592384850967035e-01
7.666789158827399531e-01
8.034219621717618720e-01
8.124009464574694084e-01
8.586018193826568945e-01
6.579242849350329658e-01
8.169260840519264599e-01
7.296189145163147760e-01
6.309336606414177595e-01
8.016549650421145312e-01
8.128620165647518769e-01
6.928107753973223870e-01
6.197883167972939589e-01
7.896455986417749706e-01
6.752092392731082748e-01
6.859572113647675051e-01
8.460597742306992242e-01
7.968933617953911641e-01
7.319397685711900303e-01
6.858353303619689756e-01
7.714381458981963702e-01
8.143285452999127205e-01
6.377870771231591851e-01
7.417579222830493757e-01
8.075141988963365769e-01
7.484538085525342943e-01
7.767945359267693917e-01
7.335032057874022460e-01
6.119275924712908044e-01
8.640225456199724929e-01
7.751694071051903334e-01
7.944071050213442620e-01
6.669979864419052218e-01
5.763521075167544749e-01
8.292131233890263076e-01
6.228263921386010260e-01
7.826161240873552583e-01
6.349169635241266318e-01
8.044359906644242830e-01
7.647577865458163870e-01
6.828260050054693053e-01
7.888559057882811310e-01
8.383036011583556713e-01
6.870419145066775091e-01
7.425240000986098599e-01
6.363371176551866348e-01
7.774794073287952800e-01
6.727632426147940325e-01
7.519464286141060994e-01
5.547080300104989536e-01
7.864215060446089200e-01
8.410318360464267284e-01
6.731370464737258530e-01
7.663256144207062359e-01
7.892565579657848662e-01
6.766464234269963240e-01
8.420431763653821733e-01
7.900185912049726422e-01
7.845173383208207118e-01
6.822058715388429340e-01
6.954644409145094297e-01
7.172669372935530641e-01
6.880617855671138372e-01
6.228671949839772459e-01
8.133568980353428346e-01
7.764396748425109740e-01
6.706506023779620351e-01
8.556685668918482257e-01
7.582328262209081515e-01
7.141482948962969424e-01
8.007225079881874485e-01
7.324592690772043779e-01
7.513635317388741575e-01
6.816329778587795207e-01
7.763462565650448566e-01
6.902846164006545271e-01
5.694397776616213491e-01
7.793094537755174134e-01
7.112715290892189790e-01
7.189783426584135384e-01
8.075164229276777794e-01
6.733138523027349942e-01
6.886996079554857930e-01
8.178410035809854373e-01
5.554783826928360035e-01
5.709296291862745454e-01
6.270707940608397646e-01
6.408580350076522603e-01
6.234022581359990323e-01
6.359635738769225943e-01
7.110772828591275241e-01
6.430040945842131483e-01
5.355115992000256675e-01
7.222516612365234012e-01
7.329562292245110910e-01
6.346659562341118166e-01
9.263273819275444909e-01
8.050354487612082499e-01
6.718352127385359696e-01
7.048089169384660346e-01
6.454628259619716868e-01
7.438276126207887806e-01
9.521563257467684505e-01
6.827110743091674427e-01
6.839294659631512951e-01
7.492549297698031241e-01
8.054126739691316317e-01
7.538215514954419438e-01
7.981199825890131772e-01
8.062672426877317555e-01
7.444798637783084372e-01
7.457629484226372396e-01
8.058702278149489917e-01
7.246703825930492782e-01
7.353797149506174913e-01
7.751828788758609035e-01
8.315728752144383451e-01
7.377544566998986975e-01
7.918950709111957087e-01
8.633001288340215185e-01
8.178678362396260004e-01
7.272975646333903477e-01
6.814935796366945464e-01
7.694764510918699063e-01
7.685170430884696868e-01
8.040478581446417472e-01
7.639664044157763456e-01
7.479276772993691536e-01
7.786557748242337595e-01
7.291755741651751999e-01
6.239937394848424912e-01
6.745207932729654354e-01
5.244853916919224313e-01
7.767499877406788267e-01
6.720605899156345542e-01
6.623398837448897236e-01
6.217015379650753237e-01
6.872776685575552325e-01
5.433376781456347171e-01
7.498937449835112456e-01
8.357330884014319006e-01
8.184392307428176583e-01
8.139676586677557779e-01
7.528361398793984582e-01
8.895631043074297972e-01
7.708669131342973380e-01
6.518155463902827185e-01
5.852460405873215477e-01
7.155559818577381659e-01
7.593487524233951680e-01
6.324076149149849835e-01
6.197037941913776660e-01
6.270946907837294804e-01
6.255016367708658986e-01
7.428833933606086015e-01
6.731588892475280916e-01
6.302198301034358519e-01
8.229470913030083601e-01
7.529925525332207270e-01
5.734839662019149964e-01
7.175540599364541583e-01
5.521252403051988278e-01
5.410804789814777083e-01
7.207401959286683368e-01
7.794686821258622889e-01
6.746815314902888661e-01
6.744010466676987336e-01
7.966728820493240715e-01
6.589833795562610730e-01
6.693248405344284224e-01
7.453607921552224402e-01
7.478271667082578844e-01
8.117367880892008003e-01
9.993761696818465046e-01
8.340048309311405283e-01
7.533201137946941017e-01
6.829565186834536394e-01
6.959411402960252735e-01
7.699039218766091652e-01
9.353749304887312155e-01
8.152932816788414083e-01
7.015774503578471322e-01
7.559058428329281654e-01
6.729224204766426354e-01
8.293934326384080347e-01
7.686845731930550540e-01
8.280150729972819423e-01
7.368180013861368449e-01
6.202854024249371268e-01
7.948631464563437055e-01
5.583176469686642607e-01
7.520494454303752185e-01
7.770605968991699530e-01
6.867531868700693654e-01
7.607136918680420523e-01
6.896380189409957451e-01
7.534378202074741848e-01
7.896953385188159036e-01
7.620768725005447886e-01
7.721263880773907573e-01
7.175056137278571500e-01
7.761373437058748381e-01
5.605604143749961521e-01
6.908208478600259550e-01
6.905620207283493794e-01
7.869987789777502796e-01
6.966913723886399845e-01
7.493767608653122414e-01
6.058330565371797816e-01
6.682080194441203380e-01
8.411761270529588552e-01
5.722593398954932686e-01
7.130416296269237453e-01
8.406794404800782550e-01
8.239101293258945802e-01
8.059187554185009983e-01
6.983441623187128799e-01
7.297722796271046697e-01
6.064220947039716814e-01
6.217423277846169105e-01
7.422829404222994754e-01
7.325225341394852041e-01
6.605054138989685519e-01
6.535806653484591555e-01
4.934461749346910620e-01
6.400614879344576069e-01
6.355494259526003331e-01
6.639074885713835972e-01
7.563257658134074912e-01
4.815301413575639455e-01
5.347227043968140192e-01
7.399338326048457981e-01
6.696310604598992855e-01
8.115901753455025958e-01
8.527660022435862297e-01
6.761134402717423608e-01
7.584097444381445730e-01
7.322794094027134104e-01
6.217372128849736335e-01
7.442924701059386861e-01
7.350916342955251537e-01
7.793400248953745724e-01
5.629943523984962672e-01
7.555147637022332496e-01
8.178523523697048825e-01
7.798448792609246061e-01
7.233535546290427165e-01
7.711879349699768404e-01
8.432840120781278648e-01
6.954632277355974335e-01
6.124660898628613293e-01
6.726859708909311841e-01
7.013401683298413625e-01
7.647320468633816981e-01
8.336255744286403813e-01
7.245664155901899717e-01
5.568219487916176158e-01
8.598479780842059883e-01
7.262587507691061761e-01
7.817734997796171870e-01
7.174077376990239951e-01
6.755461439546122104e-01
7.855640943336409387e-01
8.064287393111563285e-01
