6.794682542264082192e-01
8.407294321020691852e-01
7.988155927943246803e-01
8.266301603461708725e-01
7.416618205341897196e-01
7.854278514146758594e-01
8.141966645193707830e-01
6.942289337714822040e-01
7.917674785353754352e-01
7.799353353003979361e-01
6.258903701508496953e-01
6.803677156629508449e-01
7.605096538129115791e-01
7.486430219362253391e-01
6.632625418847837295e-01
7.145865184152696559e-01
7.723500589504879166e-01
6.642579347090766806e-01
7.733431694649719468e-01
5.960591857100990820e-01
7.103535341823263849e-01
7.311773157249465971e-01
8.165600876798490004e-01
8.547572373397468448e-01
6.818771788305246773e-01
7.447173250857718196e-01
7.641247371673179911e-01
6.380826649115964866e-01
7.274493405278738001e-01
7.443918375045092128e-01
7.035620855442198396e-01
8.792639151491445926e-01
8.063608605555170339e-01
7.479847379196591373e-01
7.904232630090614053e-01
7.916633815048851330e-01
8.050483313444664057e-01
7.953923475798545528e-01
8.058030456124052332e-01
5.670728483325652158e-01
8.665303096288451412e-01
7.523516682047519666e-01
7.615027250955553884e-01
5.576222783489708235e-01
7.394150586900501976e-01
6.480089594405538111e-01
7.013723920272300072e-01
6.529094276832145827e-01
9.407273812103013055e-01
6.223825983050352839e-01
8.721260516512214789e-01
8.327456728278282982e-01
9.962570180910792494e-01
9.975046787273861293e-01
9.981285090455396247e-01
9.981437014951369813e-01
9.993761696818465046e-01
9.968808484092326339e-01
9.975046787273861293e-01
9.936053345125642755e-01
9.336831113592755083e-01
7.976767899821260999e-01
8.761425767075601279e-01
3.583236516540148631e-01
4.193224775953574013e-01
7.863520110783794870e-01
5.332635525083248007e-01
4.685902190841569892e-01
7.505155572822820309e-01
8.352133463402698910e-01
7.044370585069172908e-01
6.968684372628289880e-01
8.229858785670129961e-01
6.957709412522556924e-01
5.734979422594905785e-01
5.289401575465806360e-01
5.212530530415140362e-01
8.099634719325974341e-01
8.062227317298854556e-01
7.468932967750065988e-01
6.952297454374293251e-01
5.707352926865024711e-01
7.118468905703311256e-01
4.829860369038559420e-01
6.925782460429320553e-01
6.479492815557433838e-01
7.729428063197317789e-01
6.853796132725950008e-01
8.912948034352347060e-01
6.772324372441367313e-01
6.264963245761713262e-01
6.811816112084508879e-01
7.473779964575612000e-01
6.736872502106179272e-01
8.279256453683575545e-01
5.170847831195911626e-01
7.016163145877545304e-01
7.194437766345063157e-01
7.596270909870064258e-01
5.984032423360053921e-01
7.838596867027379789e-01
6.479845872873338797e-01
6.975242030241080027e-01
6.744828973741867628e-01
6.414876216913626417e-01
7.545419681232645726e-01
7.943786742179348437e-01
7.100642632980262992e-01
7.490626871629471051e-01
5.758362192508482691e-01
5.739873229139582644e-01
5.879714294657623075e-01
6.615777117693908416e-01
6.709682843237321226e-01
6.781788598840392535e-01
6.265132213567060626e-01
7.071700674881901127e-01
4.687480144736834164e-01
6.980495736840073295e-01
7.075973333015730393e-01
7.247820413488208491e-01
6.868720346588361725e-01
7.459440524270007922e-01
7.186596633898186814e-01
6.677263646198293712e-01
6.210549775602776101e-01
7.648565734469845445e-01
7.785662415003519188e-01
7.205469321618036549e-01
6.949345498925044717e-01
5.744283935102738603e-01
7.893068292278163645e-01
7.484642104225665005e-01
7.847476216520469228e-01
7.763289951715069970e-01
7.785461604682580861e-01
8.739428243041683642e-01
7.190867130646799721e-01
7.741636140529358778e-01
7.570063508291799970e-01
7.851275737431726576e-01
9.042406749699786195e-01
8.297090112282445862e-01
7.188749752738894383e-01
8.267465842367591744e-01
6.975080663731531017e-01
5.968214729212186764e-01
6.444968395897551217e-01
5.560414810844791500e-01
7.294339789363118998e-01
8.257103684599153004e-01
8.051393628569348815e-01
7.815990016647907934e-01
6.483092351813145582e-01
5.163122568316935723e-01
7.661479090709297779e-01
7.567092931376027121e-01
5.386637114031567197e-01
7.561395071834348114e-01
7.616607292133094065e-01
8.000345674990707590e-01
7.461335800800364959e-01
6.595628191188533940e-01
6.664492088727810293e-01
6.093800453700281006e-01
7.166371913298758001e-01
5.927605053128248702e-01
6.256459357798276333e-01
8.490906278782462957e-01
6.590726092355503329e-01
5.863026658819046055e-01
6.944101468443645286e-01
6.475905140693556383e-01
7.084142823006700507e-01
7.020818469308516274e-01
6.163920955851740491e-01
6.904687438154430978e-01
7.342842769840908224e-01
7.685959303655828245e-01
6.638673675924746664e-01
6.517270118567336512e-01
4.923304726681782539e-01
6.947845148142893779e-01
7.694974163434274983e-01
5.863957299492442710e-01
6.466525979268872293e-01
3.831967694234550970e-01
5.820181221065567900e-01
6.161484714977144561e-01
6.876257092675279736e-01
6.814382336658842965e-01
6.612973771929182565e-01
6.259268895219436413e-01
7.100178756897692622e-01
6.608102728425878647e-01
5.570006201097036369e-01
7.752338934688602912e-01
7.755515864210662524e-01
7.392233845300827388e-01
7.291329020317312004e-01
5.011780012742969026e-01
7.371802397873488122e-01
6.200353056711732647e-01
7.577414179211623413e-01
7.061190420498825171e-01
6.463861329719545745e-01
7.330383872194659034e-01
8.322375764805132192e-01
8.294174515614626264e-01
6.906639255296105340e-01
6.613302273584843460e-01
7.027757529389498936e-01
6.980810045051057955e-01
6.788076319256266533e-01
6.336124963714773184e-01
6.611906807137686304e-01
7.564198982106448144e-01
7.797714592189085581e-01
6.441277460044659842e-01
7.169971121424810745e-01
7.062392869109589411e-01
7.256375628282202284e-01
8.126097843995457870e-01
7.460429222472961808e-01
7.269298560387514874e-01
5.595064971398431286e-01
6.348981788849620278e-01
6.553334590062462883e-01
7.285426805557906338e-01
6.140686047779913004e-01
5.822799403218016367e-01
5.598897286870151424e-01
6.269509189544155703e-01
6.501213267170562471e-01
6.543498123999070826e-01
5.605383545512446775e-01
7.618553011228222926e-01
8.759140821428995638e-01
8.370008257314344169e-01
8.126365401132591426e-01
8.857438695541953733e-01
9.779939424034223006e-01
9.110436805410045968e-01
6.661695741340714072e-01
7.616997346164128269e-01
6.526220325586461479e-01
5.520968114829097884e-01
5.849061783587353736e-01
2.522509720337146599e-01
4.194722668425918122e-01
5.104669327634488996e-01
4.686819766259244235e-01
4.838061622626914637e-01
7.277537339487911705e-01
9.717670512201609379e-01
9.466070253334549767e-01
9.585540111027995858e-01
8.062303975988436289e-01
9.590930034855562614e-01
8.459424426929365026e-01
8.985112371841937895e-01
9.454596408281816800e-01
9.639939172369104137e-01
9.088231161086861576e-01
5.761552870339985422e-01
4.637703735702792818e-01
5.788791098013575942e-01
6.014433657050407556e-01
6.418665523233567649e-01
6.332383304039819194e-01
7.399807633380408589e-01
5.115661204819853536e-01
6.754008615318018993e-01
5.881656205608716270e-01
5.728439820058146559e-01
6.529359474115986606e-01
7.913120482562797653e-01
7.209009711048103286e-01
6.576700640015804566e-01
6.375907907134924502e-01
5.961568723688802640e-01
4.775468929896382608e-01
7.491317965419751479e-01
8.016761889619810066e-01
7.976991942374891398e-01
8.871062767307672514e-01
8.624226724928537591e-01
6.968483887886002259e-01
6.089498338997204607e-01
5.054641790740509455e-01
5.085047043730250849e-01
5.477558583238246737e-01
7.526643406520868718e-01
7.400443307187080100e-01
7.603047316000399736e-01
6.907279812719030465e-01
8.464993089501894330e-01
8.384793396856692338e-01
7.201895023295830089e-01
7.094009096491405986e-01
6.848801488588895925e-01
6.093822390177935366e-01
