6.835128138718636892e-01
6.402199068695543227e-01
7.857813807222165936e-01
7.659293302419231120e-01
7.613264707976490353e-01
8.579040257656675994e-01
9.440469732549516824e-01
6.466004985282115536e-01
7.839567181998607914e-01
7.303380982434908297e-01
8.120224959694918310e-01
8.092408217488505917e-01
7.887640790620529252e-01
8.179593370676569997e-01
7.319896955933987703e-01
8.707404173781360113e-01
7.134801951428235700e-01
5.992007372731197323e-01
8.569990660640907087e-01
7.732593562873213422e-01
8.288259849911250310e-01
7.347111276229719712e-01
6.176722193207609957e-01
8.908091111737818091e-01
9.279855543567668841e-01
7.930905895780984149e-01
6.904007767637043713e-01
7.434200125735604958e-01
7.455186852124623398e-01
8.587852268150327761e-01
7.153578054857373525e-01
8.752587495594935652e-01
6.629234333930951184e-01
7.234829310556084581e-01
8.283281413854977071e-01
7.533311524468133680e-01
6.316996249772502958e-01
5.474028808870666785e-01
7.629209509714036663e-01
7.461339074974573382e-01
6.557188867514359698e-01
6.886347691614130850e-01
7.782304710688014993e-01
7.515682012463860140e-01
8.888732020862835093e-01
7.833144996829701778e-01
7.897455119509640964e-01
6.296552510303727868e-01
6.217517594225613342e-01
4.867596107739646794e-01
6.928357175223117670e-01
6.742765132779413584e-01
7.658122799113756818e-01
7.382136277951615311e-01
7.388778670737760068e-01
7.053146700750877462e-01
5.825465040751036661e-01
7.029397974658300186e-01
8.094054186777721593e-01
6.555317435610772403e-01
8.035319443624261426e-01
6.789532483105968907e-01
7.884677207888839412e-01
4.629080031436023090e-01
5.959649586492814510e-01
8.472608709522205794e-01
7.113386530306283762e-01
7.951490924294655205e-01
6.884770070394995445e-01
4.700098141714523781e-01
6.079613312579514872e-01
6.179026736725184987e-01
6.792882915462589155e-01
7.861425720975645515e-01
8.462562895624087256e-01
8.272492601906364929e-01
7.485050524776284409e-01
7.268586981231631716e-01
6.226024944806566319e-01
7.945754567647017597e-01
6.862511438240782580e-01
6.301722501057643866e-01
7.925111439053733609e-01
6.723252570917765958e-01
7.008898850706880568e-01
6.186690595546837645e-01
6.298955521751179454e-01
5.985957396705393618e-01
5.797636362492590845e-01
6.304135855390672338e-01
7.712559865381323210e-01
7.174876288533015289e-01
7.196626410859165990e-01
6.481087608613061990e-01
7.869350576361479055e-01
6.646903820453623490e-01
6.363181156292349039e-01
6.262561903733216973e-01
9.918902058640050035e-01
7.372478506612222260e-01
5.505963920724182836e-01
7.173735775141901749e-01
6.927990388539622124e-01
7.002662974967243104e-01
7.484667950822583293e-01
6.526177614567968410e-01
8.088084233518240129e-01
7.482349205787571789e-01
6.880424376004224962e-01
8.585681078105245057e-01
7.964521249074276721e-01
8.409194753759711149e-01
7.797239357295171480e-01
7.554304219678183996e-01
6.020358608559545077e-01
7.824666705491575280e-01
7.558986695452661886e-01
7.077900038132245442e-01
6.611251761728642595e-01
7.763828236252692250e-01
5.891110749982335637e-01
7.632553932143102404e-01
7.552527258391751319e-01
7.320807604024487381e-01
5.475485141826379465e-01
5.474266332393468160e-01
6.129319353881669263e-01
6.594408367242313718e-01
5.916866339546321685e-01
8.041349003089675040e-01
7.290230123620655700e-01
5.605584020495355535e-01
7.162579407915258267e-01
6.580118164874770859e-01
7.656642184248415584e-01
6.825631335660858889e-01
6.984947108187546938e-01
4.669057936870170678e-01
6.263588338500476471e-01
7.228526888762324409e-01
7.729059675949834229e-01
7.739207164813245443e-01
5.120580892066683987e-01
8.210479698695738460e-01
7.634733414357667280e-01
7.189922612302749316e-01
5.460300403053894858e-01
6.347999897684791781e-01
5.971166484218337622e-01
7.571901425524611984e-01
7.419120331691664294e-01
7.001077884303789078e-01
6.540030771620791716e-01
5.545303455995360675e-01
5.891440558438107988e-01
5.741615496330415569e-01
5.844176506677311034e-01
5.086598003180167193e-01
6.556828159653382837e-01
7.661696609952389769e-01
6.569190494731098617e-01
6.894889467169385000e-01
6.023041509871850385e-01
6.326479555904768182e-01
7.665834212988502649e-01
6.762146489032321295e-01
7.165533918089630472e-01
8.070576628349652726e-01
7.488644905184587142e-01
7.678485064308554486e-01
7.503479660579748245e-01
4.094328642061723644e-01
5.952369863541684403e-01
6.118150295006250516e-01
5.832233018666576063e-01
6.956072405014794846e-01
5.375989308556053947e-01
7.687968257971092845e-01
6.743645844565393510e-01
5.927478144482203337e-01
6.240727685690642401e-01
6.235793196740493372e-01
6.426499224402874022e-01
5.446568160163101080e-01
6.535424289955144017e-01
5.269550490280010546e-01
6.677260402829859887e-01
5.913472795709739938e-01
7.297272725652672598e-01
7.427287949642003007e-01
7.795727296356064207e-01
6.041228768588918774e-01
8.245724574954992336e-01
5.443649094695002244e-01
6.151979724393760174e-01
6.484305265421770326e-01
8.163205928041100679e-01
6.614854125619394898e-01
7.469270719047033102e-01
7.121110812966144898e-01
7.842998673440121360e-01
6.998162332986181955e-01
5.647594151136950957e-01
6.524178217461440443e-01
7.877182958053428052e-01
7.618227013266878345e-01
8.063544353583196322e-01
7.282977222026251196e-01
7.128855301511792808e-01
8.158667834602041369e-01
7.854367784710374334e-01
4.457560369955867463e-01
6.008254436085771477e-01
6.456507059758563871e-01
6.666500712748439916e-01
5.287310508988671831e-01
8.029749823621558091e-01
6.298021097989463524e-01
7.388709801304977898e-01
7.815350193758373587e-01
6.843564231777340412e-01
7.538714506172544683e-01
7.505648201369752304e-01
7.326511300446406638e-01
8.113847814198781316e-01
8.123302410867411227e-01
7.234729939464142889e-01
9.130813953402152627e-01
6.453437351915112252e-01
6.973517333739716051e-01
7.643023065249480164e-01
6.985473070783339011e-01
7.313342487148566384e-01
6.822076396812830623e-01
6.780971272622811075e-01
6.390702444786804381e-01
5.620572380608708229e-01
7.174860208088540414e-01
6.339500912297862945e-01
7.830510138495595518e-01
8.163643470387055290e-01
7.786944489523044410e-01
7.591328641481844830e-01
7.984479425041404177e-01
7.457205264757110763e-01
6.757675070331303768e-01
7.124189422952105222e-01
6.249488748482785461e-01
7.720285292660735710e-01
8.028595181664057723e-01
7.321653253259373662e-01
7.311792429312797825e-01
9.341001684707357366e-01
7.882052142587888666e-01
7.461277016208568424e-01
5.608778552815918417e-01
7.452979782378627016e-01
6.212803577659257170e-01
7.594850026833452894e-01
6.869596242974645994e-01
7.625548611668603316e-01
7.560123544971928400e-01
6.279148743775214703e-01
6.889978484728851438e-01
8.038742508280360966e-01
5.816871112112833586e-01
6.965725831510575228e-01
4.795088859656738700e-01
7.932934676222724857e-01
6.652335509348388243e-01
7.788157255123990819e-01
7.498329735256187289e-01
5.388338220508428478e-01
6.845111418161817785e-01
7.346783724768994883e-01
5.553031981757824420e-01
4.897593120072549766e-01
6.248684816408736076e-01
7.476707309468189067e-01
7.369584533934567805e-01
6.333849262947512937e-01
7.417686968134536984e-01
6.483941412454449216e-01
6.906970917094785722e-01
6.366215874935735597e-01
8.665254194128785281e-01
6.274960417772964538e-01
6.204016339504643263e-01
5.563163472723410274e-01
7.446051175797855359e-01
6.146998136690690062e-01
7.311166361921527246e-01
6.431741290440912140e-01
8.182065268499191246e-01
7.592751256124028458e-01
6.164638607151188276e-01
7.502926223660467686e-01
5.852113222746487819e-01
6.715279898523146551e-01
7.053739197164100583e-01
7.639271339257670546e-01
7.621980102301963989e-01
