5.576768933156368568e-01
5.549232437485736025e-01
6.615393305409853486e-01
7.418504791928575148e-01
7.066921332885753859e-01
6.539190570574799910e-01
6.151304136234092557e-01
6.644989477823605162e-01
6.958412772058168994e-01
5.289701442137513254e-01
5.733545659228146407e-01
4.770654467813048027e-01
4.957890843518679147e-01
9.505579770072339896e-01
9.483255392797338423e-01
9.104600224889679572e-01
8.881372206296562766e-01
8.810031194223656437e-01
5.369520085495942396e-01
9.191660602916934542e-01
8.282166765066887315e-01
5.766758899624322421e-01
4.927561879901158903e-01
5.144741626452454808e-01
9.301283911621973655e-01
3.914986468034585831e-01
5.956626931241777445e-01
4.856218136379040207e-01
9.550842170929507713e-01
5.585230983238437252e-01
7.111436278091604057e-01
9.024298745023255908e-01
3.648262957134917328e-01
7.106382076727313368e-01
7.361872788089718345e-01
6.726572484835710020e-01
9.144811125149268083e-01
8.866953948969585886e-01
5.105223966124298185e-01
4.551730980617411104e-01
6.267095779534315181e-01
5.363014387885692846e-01
5.878530680089384397e-01
6.372829422491167461e-01
6.620620158759065177e-01
6.481715911554769560e-01
5.548007181053364878e-01
7.450148867544267306e-01
7.313612733965267898e-01
7.034832264856859529e-01
6.476215528238145058e-01
6.958934377961009110e-01
6.126391348103423784e-01
5.124803689662066342e-01
4.593250244883533839e-01
5.011548938731994474e-01
4.171886377545193647e-01
5.383641655217766830e-01
6.688525361675371483e-01
5.177101448687780882e-01
6.968764255220655235e-01
5.563256506264381285e-01
6.872211901061715533e-01
6.884305800906840300e-01
5.627884095385556895e-01
6.142779989159915521e-01
5.610107177268038869e-01
5.419364373626412990e-01
8.151901369802649899e-01
7.631404339913463453e-01
5.779051938490501472e-01
7.487765598650163446e-01
6.930656519780001856e-01
7.014589351258339045e-01
6.709280805709647577e-01
8.920159269789008638e-01
7.359773710250483436e-01
8.295094003280762962e-01
8.561080341375312264e-01
7.564478237347338485e-01
5.415877068649324055e-01
8.183174186097261771e-01
7.291883908386994628e-01
7.676307119901368825e-01
7.466672915056041804e-01
5.600954787969372184e-01
5.921693844242621463e-01
5.861740429496216098e-01
6.414466014636943658e-01
6.412961472367544324e-01
7.925190271458796287e-01
7.556929045591728178e-01
6.782076373466101593e-01
8.393317146095038428e-01
7.935499073033743800e-01
7.251627569979717247e-01
5.527072890179489661e-01
8.139339193913617265e-01
8.020639567717100515e-01
6.795763878944811598e-01
8.697673727108942154e-01
8.035037210627870019e-01
7.224650723645327233e-01
8.575065273273041466e-01
7.473318966096188509e-01
5.679146009847800824e-01
5.942791226441297425e-01
5.029545638611179204e-01
5.166641627268990788e-01
5.706625454480472870e-01
4.967270994222606206e-01
5.830891098483729218e-01
7.432445166774345191e-01
7.793773283599548796e-01
7.702696186737594264e-01
7.627283459226276152e-01
7.699018258020788874e-01
7.745991491962311848e-01
7.068283811882585255e-01
7.821214998008311214e-01
8.088203297307092754e-01
7.520531722657964879e-01
7.635265117886564923e-01
7.217591788627889526e-01
6.843265789814062527e-01
6.794388686885851625e-01
7.185575836972559749e-01
7.547396608017868935e-01
7.740109074832434155e-01
6.083583156684231330e-01
5.340721593359920583e-01
7.193447949665803254e-01
6.809196263190820941e-01
7.166529030058639282e-01
7.488972147167535232e-01
7.137306705338926083e-01
8.368938256209292881e-01
8.101666584118665249e-01
7.573875538134635654e-01
8.375953486371304768e-01
7.616703346390326645e-01
8.210467790708176894e-01
7.726865182402913312e-01
6.990362444568035682e-01
6.647514546794425216e-01
7.344941043307605666e-01
7.721212160702951577e-01
7.916667920204309983e-01
8.275588058392959745e-01
7.495781718466040244e-01
7.202058126035368879e-01
6.859356121300363984e-01
5.790186119025777511e-01
8.026301720347842616e-01
7.509667511391684425e-01
6.853132970883477615e-01
7.999632391210207416e-01
7.866529276805358517e-01
7.764210098096068213e-01
6.264148234538325921e-01
7.833270285549074341e-01
5.727686152313733459e-01
6.947371877568163656e-01
6.150241090278596445e-01
7.317405853934816351e-01
7.511387856076019442e-01
7.968932229960699054e-01
8.113274488801129891e-01
7.422285469058078622e-01
6.828563112333579932e-01
6.408640887828320754e-01
7.894861197196167968e-01
6.693906733621453053e-01
7.059783577388049070e-01
8.057127704546661606e-01
7.984857168392596183e-01
3.683826864396749223e-01
3.715586296036222369e-01
5.667529810224561926e-01
4.531431076953258419e-01
5.017240233277574513e-01
5.480740337645561011e-01
5.892032689373463139e-01
6.870328238351192107e-01
7.641565917916222084e-01
7.355326076670865021e-01
6.705335661791247404e-01
7.086677042557708583e-01
7.402606687753144898e-01
7.483957727963339579e-01
5.496188669897559276e-01
6.164324845141903042e-01
7.691188895979150786e-01
6.926923268061315753e-01
7.883007113965314616e-01
7.416504019544127857e-01
6.792356895867910360e-01
5.989272849830034051e-01
6.177768525476987627e-01
6.256853567448327214e-01
6.261040158521360421e-01
6.827163653189672887e-01
6.608906913529584148e-01
5.410089534769102482e-01
7.982445137864190299e-01
7.110258236493723905e-01
8.230164633837642185e-01
7.091060061704562711e-01
5.145577344766689709e-01
8.129313232534923772e-01
7.812392067904491144e-01
5.660728703091791880e-01
7.660981495199408187e-01
6.114311946252366514e-01
6.325231393451975492e-01
6.276107211001021868e-01
6.753920186614694732e-01
7.456268392111530252e-01
4.290273620165069857e-01
7.720902593175009709e-01
6.763668139936225288e-01
5.941177376118416120e-01
6.731490454184534400e-01
8.135117439372728798e-01
7.159893366842688955e-01
7.874682184309041988e-01
7.296739198759627509e-01
6.232340905729841785e-01
5.905560405911730593e-01
7.724517322584336654e-01
5.711098969787025137e-01
7.003449975451918608e-01
5.162081868807009144e-01
7.567385151945467126e-01
6.857889454134178386e-01
7.958908314092683067e-01
6.889556207508066299e-01
6.183635773065142560e-01
7.294771984356918093e-01
6.326141763115025185e-01
8.040477322943813121e-01
7.065776742411037370e-01
6.577998315463436940e-01
7.205950722506800910e-01
7.028083892418895973e-01
5.686099384074222440e-01
5.898778293856090649e-01
6.717023802479058503e-01
5.092089624215586641e-01
7.941257539285971889e-01
6.129243102353744144e-01
6.835054511332131488e-01
7.708749429121124486e-01
8.680068340061490861e-01
6.223702174990273228e-01
7.838130888623368042e-01
7.912046941314636594e-01
8.755705980470456229e-01
7.856511673170268883e-01
7.644615667201608566e-01
7.418680379641198197e-01
7.241360278804628292e-01
6.596267641908540869e-01
8.128477472028891038e-01
7.254284248445643790e-01
7.393568823738029261e-01
7.295772651682980170e-01
9.700561447286337735e-01
7.966730966637535216e-01
7.829785921243629376e-01
6.684152388273063572e-01
7.774799677382315810e-01
6.743709354483028440e-01
7.198459388395119785e-01
6.675058481694685630e-01
5.028775070192539332e-01
7.458691811370135039e-01
6.451149574373353790e-01
6.309212108157986609e-01
5.935714580313906641e-01
7.484394544646020275e-01
6.596147167893451346e-01
5.785379317521860409e-01
7.471390203548956555e-01
6.629425063972554932e-01
7.314893603803065414e-01
7.123982093181348008e-01
5.262563530929259548e-01
6.169541174295691821e-01
6.806076584157380038e-01
7.075488993934677673e-01
6.471732365329904146e-01
6.823993487384200085e-01
6.898146639346318665e-01
6.191078939168108697e-01
6.657489037043736735e-01
6.616424868590808916e-01
6.987599262645424192e-01
7.863589752776205533e-01
6.276775056003315312e-01
7.693012418573164091e-01
5.855194348909500413e-01
