7.430849215775398031e-01
7.713443702481581621e-01
8.152025329397403208e-01
8.072398224650186860e-01
6.650133841917210686e-01
7.862432072699526708e-01
7.164058052150470424e-01
7.569581657216163384e-01
7.428084821402657356e-01
8.202334208529230564e-01
4.875979711907034164e-01
6.243496673074420134e-01
6.614948889881059335e-01
8.188655294817218655e-01
5.921587810232534776e-01
7.405261721194579261e-01
7.573177425734682888e-01
8.457708616295140924e-01
8.307220292399242201e-01
7.485256821665933202e-01
7.594168545711478258e-01
5.828906439829070196e-01
7.252389105424452698e-01
8.322491965213909548e-01
8.068037300199369932e-01
8.048782389513935431e-01
8.321868099762853577e-01
6.082459399040767156e-01
8.272433759802840791e-01
6.085944982264224201e-01
6.104714144274780985e-01
7.120645211366636307e-01
7.230483432244763087e-01
6.676274745002320765e-01
6.471357658784598899e-01
5.405034366890869579e-01
5.535031253298223763e-01
7.636202804854735904e-01
7.755775876894644982e-01
7.578229434452059543e-01
7.527735614659589736e-01
5.701045709446590504e-01
6.562946092119592567e-01
7.154199635052729267e-01
7.765803161149837930e-01
8.041739104196555799e-01
7.020528501300310475e-01
6.655847098031222320e-01
5.796953567928292417e-01
6.269032487930580322e-01
6.609746910173481815e-01
6.371353020638494957e-01
7.253732672598274256e-01
6.905685234858105481e-01
8.579898724198435911e-01
7.471586876920196518e-01
7.208950143086471085e-01
7.777932031083673037e-01
7.076213225509103699e-01
6.831049902342855029e-01
5.997326215748269851e-01
7.248384800527941652e-01
7.998039616145299346e-01
7.666597244349961926e-01
5.342924848770748136e-01
4.399930720168552245e-01
5.681241836286458069e-01
7.678980244293210911e-01
8.125227620129708006e-01
7.916062075182265234e-01
6.406738169627776980e-01
8.059798174230152767e-01
7.503684621105367603e-01
8.124671974409478636e-01
7.603591915369097842e-01
8.435787160873573498e-01
8.559018362511994216e-01
7.256467818141280057e-01
8.968863336207966164e-01
7.321910952251906579e-01
7.251600976252996489e-01
7.563342963990538070e-01
7.184980076859909248e-01
7.832444094599101403e-01
7.967526725059709269e-01
8.586101076218076722e-01
4.739491321387888090e-01
6.180948568549330391e-01
7.400472889143476785e-01
7.476084970472712810e-01
7.168509136896599188e-01
7.796478807206910222e-01
7.162705911012585691e-01
7.333302163960103703e-01
6.722835991972748726e-01
7.942645284288948337e-01
7.460990004961166600e-01
7.352996297513019197e-01
7.290705902994565335e-01
6.459603780211220503e-01
7.572134585162000331e-01
5.426899349165154041e-01
6.479852596015054367e-01
7.356442274439787266e-01
7.472305939195929003e-01
8.218884707515317078e-01
7.267388132404688506e-01
7.623623353478673481e-01
5.867359428993617065e-01
3.720134995961619229e-01
8.392595842469406930e-01
7.291744474124107755e-01
7.622397419907016580e-01
8.312252430407555126e-01
8.349001006758881571e-01
7.782822492697447636e-01
8.380076857816346481e-01
7.611202364406218779e-01
7.422835604965355438e-01
7.659499616031351099e-01
7.588443981503041336e-01
7.411093357894423805e-01
7.967186702774107232e-01
7.243220241378960367e-01
8.548772950229172052e-01
7.819891760877051290e-01
7.845006158917450234e-01
7.994617008593933871e-01
7.855638994165820010e-01
6.910231916070814773e-01
8.009828202735436165e-01
7.736328882163721055e-01
5.920450234878433804e-01
7.911663019276662379e-01
7.043699928060157545e-01
7.710235644754465101e-01
6.607195661069065196e-01
7.967640238093651739e-01
7.853321818114037400e-01
8.845218875885242360e-01
6.718714631785362990e-01
7.480759697171520672e-01
7.242793350408840425e-01
8.300087948302420360e-01
7.692602093365862315e-01
6.327603691601878522e-01
4.705914436946726509e-01
7.761417053575285774e-01
6.886691587364707212e-01
7.003592187696942029e-01
6.522219017312085310e-01
5.236127030770106883e-01
6.458417351951585283e-01
6.873506244861997683e-01
7.893357908698355185e-01
8.883107882749931017e-01
7.147548612256854339e-01
7.702465101867750352e-01
7.381873918320414063e-01
9.372885234058435655e-01
8.876034236821174206e-01
9.180294521657573759e-01
9.694323144104803891e-01
7.517191926622647236e-01
8.516379120723062135e-01
9.587449477552568711e-01
8.381473387724538426e-01
9.387254587700143427e-01
5.615731706111261046e-01
9.237486603243530991e-01
7.687502622030020216e-01
7.805473094205116480e-01
7.617001173888717780e-01
8.128190693338411821e-01
7.025572971526565791e-01
8.297947812497425968e-01
9.301141918184470114e-01
9.188414253329746373e-01
8.116005112416865286e-01
7.960389974091014453e-01
7.477328979195221326e-01
7.112581544268135048e-01
7.690223111583003313e-01
8.122244259299540303e-01
9.239772164461033110e-01
7.589736126038115760e-01
7.384072187731758330e-01
9.558353222119162496e-01
9.261976426308663468e-01
9.828516040212069704e-01
9.325127303228313291e-01
8.923011568194633147e-01
7.425868829408546201e-01
6.764622340179594628e-01
6.935550650018608154e-01
7.182640403793710826e-01
7.434305375007619343e-01
7.553201063645184066e-01
8.502270492703362104e-01
5.382397582523217316e-01
8.888121716382878512e-01
7.683317385438074298e-01
9.187598615651547673e-01
8.596254185201714915e-01
8.686248152731608219e-01
8.466739500726953027e-01
8.302680414473816439e-01
7.800601642571597383e-01
6.466019388032890891e-01
7.997640498842282231e-01
7.110432230687596666e-01
5.488454761513447133e-01
6.439318044659185780e-01
7.354825231807039509e-01
8.009544008789081238e-01
8.057513999404480876e-01
7.590964058503159029e-01
7.162415389461311843e-01
5.477133182988496163e-01
8.023611574875454400e-01
7.517616842353275208e-01
5.781412615171520608e-01
6.503299300331223387e-01
7.640081749217053630e-01
7.631111979970485182e-01
7.349540751059124855e-01
5.327505862507803114e-01
6.423836793983134230e-01
6.965714505948131796e-01
6.291270924580443236e-01
5.496840870166018744e-01
6.728750027295150593e-01
6.413919272219947842e-01
7.419364651308553160e-01
7.185905814541866388e-01
6.608431613320392417e-01
7.134388077035608289e-01
6.788275463928739040e-01
8.120307440067985327e-01
8.118551820201536096e-01
6.910426513735941079e-01
6.724798303032479829e-01
8.434402299047731866e-01
6.605977291316538214e-01
7.572578355546817352e-01
6.235370100996667775e-01
4.673282975954921592e-01
6.651070158281777722e-01
7.041381330034532926e-01
8.392859440651739833e-01
8.763822592518459853e-01
9.053601358605838367e-01
8.677305236493828566e-01
7.785115340312744880e-01
7.838896987454586629e-01
8.042759658764302433e-01
6.582654321428076383e-01
6.340908209263829143e-01
6.809313207720182337e-01
7.117525541466352967e-01
6.230439858772340855e-01
6.774516857867627362e-01
6.239359226366193445e-01
6.821303957223849856e-01
7.884340502773876658e-01
8.826439259858658293e-01
5.283536460220450426e-01
7.990316001041394278e-01
6.905536975453527848e-01
6.289551451567670926e-01
7.485992133060341835e-01
9.892953915819436839e-01
7.640902852535673695e-01
6.859665979023101823e-01
7.468048494926686764e-01
6.533785387210633289e-01
5.393923103591455881e-01
6.733572859550426282e-01
6.529648075874255886e-01
6.897209478224543000e-01
7.918044410515613363e-01
6.795550302348892791e-01
6.843782007331523642e-01
7.128520581732982198e-01
6.722979125035393189e-01
7.582922058920938957e-01
6.635453232999807271e-01
8.252357281423108315e-01
7.640651346671691879e-01
7.619752462219560041e-01
6.507304206796628021e-01
8.719695157167335342e-01
7.600508188950925170e-01
7.538790028229483964e-01
7.956195901931816250e-01
8.136942203745025637e-01
8.144573932652250381e-01
8.086230746176162887e-01
8.395625448885023490e-01
8.705980612911045080e-01
7.472010247374374359e-01
6.859665645747344831e-01
5.839223142991861737e-01
