6.346185971845860196e-01
7.919191623767636301e-01
7.847479170010157601e-01
6.580749088902178023e-01
6.530887920357302256e-01
6.044746390713315876e-01
7.075476885045748343e-01
5.640599885593957641e-01
7.998236003240553060e-01
7.502112835780848643e-01
7.330995764855819941e-01
6.417992507270801061e-01
7.342203397987711044e-01
7.585813481508020262e-01
6.106667551904103597e-01
7.621012579790418240e-01
8.235326634948354485e-01
7.198980640794337971e-01
7.342600365280690378e-01
7.806102045110816512e-01
9.650655021834061431e-01
7.063178901738096371e-01
8.104749648841668153e-01
7.435454180829114135e-01
8.710725004816795014e-01
7.032849097210004397e-01
6.966451141029468275e-01
5.347575913428048722e-01
5.867021138702090965e-01
6.848274989052599571e-01
4.998572713046596228e-01
6.976720423720428332e-01
6.946100626283214785e-01
6.761110537903165518e-01
5.799753934572261516e-01
5.769826654907107555e-01
5.207579343417443329e-01
6.277169921079394088e-01
6.205293151706702259e-01
7.225676970781160779e-01
5.786709353763289654e-01
7.120402645319334756e-01
5.504097822108117155e-01
5.798472501162803550e-01
7.671983467575602678e-01
8.201381160905838463e-01
7.868015003237764926e-01
7.368187250196652771e-01
5.347822564999501482e-01
6.082962848861955818e-01
6.843202564747590255e-01
6.207520253894811546e-01
7.192601151111056579e-01
7.542459000370285160e-01
7.495422488945977513e-01
7.451886309557713695e-01
8.007926654289065915e-01
7.159530137544110051e-01
7.169438544607100727e-01
5.068047832503604910e-01
7.028673385761589065e-01
6.559851061433179531e-01
6.222087283022594839e-01
6.608804422850053095e-01
6.236305896809973826e-01
6.088917879896350582e-01
6.592516147725416831e-01
7.125368587684127730e-01
8.032792572261073794e-01
7.360777760899592792e-01
6.229739654910831925e-01
7.280051280044876894e-01
7.297024955084975284e-01
6.312554315656292436e-01
7.738083402338878924e-01
6.545648819135241325e-01
7.479717470178189886e-01
7.558067794557082886e-01
5.619322993904015684e-01
7.788539267130570876e-01
8.233199366375028028e-01
7.786100842668730593e-01
6.572359808175706197e-01
7.233687884926557343e-01
6.055025901258602739e-01
7.788356362706017055e-01
7.303702392247819475e-01
5.059109504077796693e-01
6.596444325695033362e-01
4.745908389086636592e-01
5.290067098401471934e-01
7.885461213208886377e-01
7.370303784700897864e-01
6.054883046317945938e-01
5.284900539583602397e-01
8.816051250495762215e-01
7.284786517005670259e-01
5.365293496075109747e-01
6.009387028272811238e-01
7.140497809415481401e-01
7.638061879614278515e-01
6.664998656170989522e-01
7.358109076199639276e-01
6.930248614887734027e-01
8.296891932287068228e-01
6.336721036802392959e-01
6.500427101857827461e-01
7.600717544637355383e-01
7.723140765299677524e-01
8.041627617970267261e-01
7.227515867558539364e-01
7.142772454042448649e-01
7.041479568555956137e-01
6.005117413407830007e-01
5.050274678880031232e-01
5.301417315084133719e-01
7.239030581511108897e-01
7.702051789745663068e-01
7.628594963220066694e-01
6.797692897929304978e-01
5.795327590831508280e-01
7.925725446354001669e-01
7.724462292807089403e-01
7.111495928752918916e-01
9.396997825229010948e-01
6.273728065694734735e-01
6.735014311135816278e-01
4.455752404257453114e-01
6.071307715870098987e-01
7.452981937526637068e-01
7.126383137604459517e-01
7.127298888261091037e-01
6.441303458182136010e-01
6.273641731964627599e-01
4.474758363121580373e-01
7.981296924274254856e-01
7.641070897210587853e-01
7.428179843536059090e-01
6.175540561119151617e-01
8.484455054970929666e-01
7.590655922802946876e-01
6.534547344261758539e-01
6.842260973563943915e-01
5.934181827609749105e-01
5.376257776034140123e-01
4.788219133399834737e-01
6.587289232332613764e-01
7.562268464809320800e-01
7.547035659813444708e-01
6.550964150615130599e-01
7.355175690914144138e-01
7.483519649466967572e-01
5.697365390082839154e-01
6.349817466314371384e-01
5.376768139504187749e-01
8.107176167863557881e-01
5.488652921727894540e-01
8.031501493874790842e-01
5.606268907148089786e-01
6.859882930227773068e-01
6.151553947423339386e-01
5.372149636496614811e-01
7.737169271762185385e-01
6.931755623061062188e-01
7.577890772670085040e-01
7.765034011059634977e-01
5.998728785204427982e-01
7.097359498576439885e-01
7.804563391908155845e-01
6.440822310625444747e-01
5.655954139131249558e-01
6.204750511144438985e-01
7.122665148294050619e-01
6.114595564995185528e-01
6.236564298100810699e-01
4.901339355898194916e-01
4.928499991916430178e-01
6.095059157655504656e-01
7.861001886358580659e-01
7.556237187479321049e-01
7.352795749153251403e-01
7.574873543616995608e-01
7.405578872096519882e-01
8.717763650801996222e-01
7.721968177984116499e-01
6.974738974807481728e-01
6.375137220649766956e-01
7.411573062495240283e-01
6.874990951766141167e-01
8.041608747502364540e-01
5.734224099817132325e-01
5.173149796698203184e-01
7.606920132653229860e-01
5.185011840270415950e-01
5.623501283152584351e-01
6.302139382058072892e-01
8.220104798351468567e-01
8.394087376468576389e-01
7.815507784859525575e-01
7.244355638023960431e-01
6.986636417432269264e-01
7.155418540570349650e-01
7.042150389531296462e-01
7.351072714787921791e-01
8.135730717040886573e-01
7.257295156414661497e-01
6.754930992134648982e-01
8.006954589030803593e-01
7.885472783425268029e-01
8.112884868881270473e-01
7.523349912497575565e-01
7.726340097183722611e-01
7.175366023459907039e-01
7.731108256211318697e-01
6.749234060141744429e-01
7.375120027053116978e-01
7.276522816452513087e-01
6.522917508304602041e-01
8.229733687491771477e-01
8.582376354543802544e-01
8.436669805804343225e-01
8.117748335524685999e-01
9.981285090455396247e-01
7.002827682911748619e-01
6.811382342814579216e-01
8.365652544502680810e-01
7.616867800761839558e-01
6.723842587791124537e-01
7.659846226829760685e-01
7.669527916549079283e-01
7.180033388826327911e-01
7.807753897510731900e-01
8.071919469234026812e-01
8.141029767535552519e-01
6.633589497491753084e-01
8.197999677656353512e-01
5.982831392209965182e-01
7.246448815860461190e-01
6.567742275040644451e-01
5.793928453834292780e-01
7.045533674179491612e-01
4.889834425521963901e-01
7.380196013870642391e-01
6.989602545221400565e-01
8.364719465321368563e-01
5.662448774879395019e-01
5.889513153810762569e-01
7.956386085836478772e-01
7.005468751763012092e-01
7.102168031055252628e-01
5.742373073963374930e-01
5.483182987348506066e-01
6.384148845875164957e-01
6.939588156185436674e-01
7.279403879611261452e-01
7.780987471376110687e-01
6.324243679085593817e-01
5.938762671734858500e-01
4.709959631472228625e-01
8.385625550253579252e-01
5.475159932210831304e-01
7.056910834443471670e-01
7.809056476534690372e-01
6.580507389649853378e-01
8.962226473643613023e-01
8.442218015889842997e-01
8.345883148351822545e-01
7.764355001840268500e-01
6.846071884309439248e-01
8.219565316418344647e-01
7.118470469880684437e-01
6.452725561738006377e-01
6.016089369342886295e-01
7.480991911309099462e-01
5.674817565881057346e-01
8.145240906043321738e-01
7.205498399425477318e-01
6.786448996730897187e-01
5.599352030503021993e-01
5.508564537116534821e-01
6.734164598110324862e-01
7.174128589682510215e-01
8.520038007345352993e-01
9.083634073367662376e-01
7.643593103807865274e-01
5.748734500709985484e-01
7.483589787354221201e-01
6.011481714706095048e-01
6.932163303524812026e-01
8.034175415857257585e-01
8.283017502314483638e-01
6.144132389736508548e-01
7.458788940499586628e-01
8.678047645755835315e-01
8.219849532450841378e-01
6.858051027165513736e-01
8.208883690410733180e-01
7.611602925517351181e-01
8.745292024836681666e-01
7.956254360739437592e-01
7.360318806862017338e-01
8.554222631314827296e-01
