9.213024708993546863e-01
7.712556859522801123e-01
1.028693355651922658e+00
8.184526484969164573e-01
4.455231210264190556e-01
8.226427115258945211e-01
9.069911666788109672e-01
9.394993564804020592e-01
8.363036533094463376e-01
8.324004323761234891e-01
9.951369931394332680e-01
1.048283543305758903e+00
8.749233047330002844e-01
7.981395312164414335e-01
1.129718824770372887e+00
1.017516352094032683e+00
6.167028288211114928e-01
8.926381512789183237e-01
8.594536739992176821e-01
1.088643760010359562e+00
1.181449149601307980e+00
8.928688516806257969e-01
8.398544750843879303e-01
1.214955055977451792e+00
7.163306762265687633e-01
1.021088405583169045e+00
8.172760248005854766e-01
1.114219867254210072e+00
1.014023198499763190e+00
2.945642116214871598e-01
7.526736555198887402e-01
8.246294920820994578e-01
1.308621410334508850e+00
6.551927060609400444e-01
9.767223744036869215e-01
7.011518033968726638e-01
1.472085323209729735e+00
4.541200207038679770e-01
1.116713371543421651e+00
7.552443698664396132e-01
7.129376206729801657e-01
9.098876756971651103e-01
1.063583171402128880e+00
1.075909825153914312e+00
9.603839756069970646e-01
8.045149732713767765e-01
9.932460329393864029e-01
9.694872804423840806e-01
9.472991601278254459e-01
8.533129955832313707e-01
6.838223659345061822e-01
1.056771028745762120e+00
7.889520768351699909e-01
5.136704433724652574e-01
1.128614170329739874e+00
1.178401314496834162e+00
6.394884750786485883e-01
8.571220938467084549e-01
8.943071850387220856e-01
9.412109300840391102e-01
7.200415850834195330e-01
7.413162421100755184e-01
1.245915922360623762e+00
1.188436235968640453e+00
1.188670247464582275e+00
1.034179901624890263e+00
7.923659927234976141e-01
9.184558883207993851e-01
7.366101551218827703e-01
6.032882316695657998e-01
8.485717136450845466e-01
9.181066193561824296e-01
1.016814643331382051e+00
8.928771884241889500e-01
9.732139958377337141e-01
8.718169687716065264e-01
5.193167431991260186e-01
7.445248249662271833e-01
8.222533139321227535e-01
1.282999693268931818e+00
7.046333854616843029e-01
1.482229362202335698e+00
7.824907391698984194e-01
7.694230582257793882e-01
6.869217083778408339e-01
9.167704759054960961e-01
6.167682749576223200e-01
5.561374213625229768e-01
9.649216690187913947e-01
1.314885197202639189e+00
8.988708519297802235e-01
6.054515505605873038e-01
1.074126016211144785e+00
9.163432406496646587e-01
1.212913983947847996e+00
1.338375853762332701e+00
1.172200696510213636e+00
7.946763344525091810e-01
7.615328269028326380e-01
8.320543812243808013e-01
1.229054012869891910e+00
1.068661348272698985e+00
7.961738113820187035e-01
9.774580611414688258e-01
3.949379114432788884e-01
8.446390925356809243e-01
9.532556481403794413e-01
1.317642643867409813e+00
8.335937990570640999e-01
8.986509202360686288e-01
1.021611524116512237e+00
6.676726343774020966e-01
1.336123347334546851e+00
6.742617798354010317e-01
7.463373571234018788e-01
8.700377037877028430e-01
9.855301805381007085e-01
1.349088865153383221e+00
1.216477581068271085e+00
3.946655392306652188e-01
7.845956518820639269e-01
1.540702126678309192e+00
8.354251959373799608e-01
1.184161727917350415e+00
6.269011931710355423e-01
1.129001841897888214e+00
6.463358894182221759e-01
8.568935312108133528e-01
4.509413694791049587e-01
6.545224746827341678e-01
9.189134753490010299e-01
1.188090730259414585e+00
1.210283241938753918e+00
1.212608804951684327e+00
5.503462202015944049e-01
9.752757805061882390e-01
7.924833463729814564e-01
1.174159350171194882e+00
8.066447232167760495e-01
4.140615881109708796e-01
5.534545961300916250e-01
8.737628720232932800e-01
8.146814735237917215e-01
1.236995133941632519e+00
7.578383606039088560e-01
1.063126517178447861e+00
7.390509537038408849e-01
7.800820906686034562e-01
6.206374745399340087e-01
9.597240951660160890e-01
9.924913231736285368e-01
1.044765016992252216e+00
5.635837336927831398e-01
1.191500154736685024e+00
8.720761836168714476e-01
9.661913432121111978e-01
9.618114265545588681e-01
5.987124388960690657e-01
7.445248249662271833e-01
9.965213183361593119e-01
9.173960539190769703e-01
9.191307491833092813e-01
8.767053145810655979e-01
8.933209452417021357e-01
6.770804922769665390e-01
6.467064744153935285e-01
1.291419780126069394e+00
1.139145952166683129e+00
9.141299490207278611e-01
1.263750082946265341e+00
1.321184563431274883e+00
9.531403484899949596e-01
9.281769928836131056e-01
1.439875033774059565e+00
1.344030875363800615e+00
1.345936742524394436e+00
6.775525546040175318e-01
9.680029934871530184e-01
6.755230225196457994e-01
1.085323874450920378e+00
1.065787134142570203e+00
1.078588978201424631e+00
1.270027947603592056e+00
8.181572572570731117e-01
6.159283556301711204e-01
6.017683256493110422e-01
4.358662394655722916e-01
4.638996858254652023e-01
1.035370772849548926e+00
6.531003253536363795e-01
1.207591811105818147e+00
1.129090189549426970e+00
7.411757806774845747e-01
1.050261178937670570e+00
8.400263163055801119e-01
9.052880164227212756e-01
1.063967313127642367e+00
1.223672002574336837e+00
9.727752302960488429e-01
9.303384238922900451e-01
9.799122776397459766e-01
1.018413822389636847e+00
1.280111759844234642e+00
7.333004532513054397e-01
9.110670078010574269e-01
9.502481149792397774e-01
1.125380426615630203e+00
7.582000578439215266e-01
9.123082718967674420e-01
4.164228986675430622e-01
4.718653588782708574e-01
7.918980512194415677e-01
6.512541088877716877e-01
4.691583516621605221e-01
9.429347040796619561e-01
1.164909887273048783e+00
1.094947517596386533e+00
1.100587977815391305e+00
1.034716150980115046e+00
8.088287163136130831e-01
1.051868480176709975e+00
9.596922253750658216e-01
1.093168537479349833e+00
8.903666221060504427e-01
1.170170466008248145e+00
7.727253609850205374e-01
3.946893781350025998e-01
9.348455441012728517e-01
1.034871274703085930e+00
8.214992885598220163e-01
9.778182774157970769e-01
5.823497933944010718e-01
1.303813297159916562e+00
1.126370606398509056e+00
4.164228986675430622e-01
8.479820812113949557e-01
8.655360565674263817e-01
8.260249491012615630e-01
8.186209295848985157e-01
1.036724635008704487e+00
1.044418962199759493e+00
1.137990971617657943e+00
1.148885027511672874e+00
8.571889298496193632e-01
1.003925238918675911e+00
1.257137877842138263e+00
1.014339639474495236e+00
1.218231502501433638e+00
1.067166649543197510e+00
1.184122986419622103e+00
4.439767753512894322e-01
7.020513136497179563e-01
1.354712743900012617e+00
7.283667712694571472e-01
8.829032194094943442e-01
1.252066116844709143e+00
8.795359011010517314e-01
8.978175707602006339e-01
7.576328022547580421e-01
8.296384669102563336e-01
7.382277338265955668e-01
4.324153422879817299e-01
1.049572877608230481e+00
9.798185459068501357e-01
8.666158025889564298e-01
1.097556722237592375e+00
6.438854055921829911e-01
1.162845584091820372e+00
6.755230225196457994e-01
5.940157377621174684e-01
9.638372119079061662e-01
8.504174664767358838e-01
1.081061831052116728e+00
1.208487431407233137e+00
1.333116901518401454e+00
1.001677919664367034e+00
9.203228169146021598e-01
1.044225069108229542e+00
5.175255025498587402e-01
8.103513890053742896e-01
1.180971628291267228e+00
9.165444125299997413e-01
1.089654251062471602e+00
1.105469925288113497e+00
9.736963795034649927e-01
8.447710239359806916e-01
1.025084116261044676e+00
9.661566722557048958e-01
1.336446801923047989e+00
1.244834667450050780e+00
7.630692685801584441e-01
1.188897089592561906e+00
7.896362591365827521e-01
5.296433861683368383e-01
9.598550476830021161e-01
9.952263268173344724e-01
1.213594407336386904e+00
7.836220673659782809e-01
1.064117534653909569e+00
1.287058352220749713e+00
9.039486598227409742e-01
1.229058328958616331e+00
1.214803777526149986e+00
1.306357274392788925e+00
3.834287258951449284e-01
6.116760552995245126e-01
4.939532405762903644e-01
7.012388412277901217e-01
9.833186542021037368e-01
7.567274412033175857e-01
1.061293380230756922e+00
1.110034111378920052e+00
7.713923263755381177e-01
8.456133500305809125e-01
1.013055546927607464e+00
1.087679425474727291e+00
9.357096655047972833e-01
1.032339542776448127e+00
9.932637834121285092e-01
6.131636871239535269e-01
7.032718433013329662e-01
8.955984792020961205e-01
7.486759107467642060e-01
6.248017605552345088e-01
8.890071969982272782e-01
9.216699692564652713e-01
3.531483142144793974e-01
8.400207502143967053e-01
6.318603562865753309e-01
6.508477687611744500e-01
1.299087743630658709e+00
8.292094995279992720e-01
1.282769099377847777e+00
1.390825421511618254e+00
9.953292606459276382e-01
8.656298003473643643e-01
9.435066670308793757e-01
5.847406950115571211e-01
8.318528237681485082e-01
7.929167810902748581e-01
9.439654311975036460e-01
7.537255908736851806e-01
1.106857765390983461e+00
1.106625564246345172e+00
3.525766431446827887e-01
9.633396550931210278e-01
6.903625795109133989e-01
7.906505026733785524e-01
8.878349913713613484e-01
7.902636425013360721e-01
7.551198281291238157e-01
4.159842580666556211e-01
6.531532095642518243e-01
8.905291062641350619e-01
6.312081478729658635e-01
1.191804384040104914e+00
3.803063463741164774e-01
1.098686673370423250e+00
5.843094907914870850e-01
9.635317110288554865e-01
1.133008546075408907e+00
1.182093455123482739e+00
1.258009009917161025e+00
8.645489813977332849e-01
1.074092452867111414e+00
9.016894287945982356e-01
7.397494895387510816e-01
1.172805629040327702e+00
7.125476256852744106e-01
9.612350670701172994e-01
9.280352132402115428e-01
7.413332892193064128e-01
1.214285915409890393e+00
5.411933504433709130e-01
5.091474959924168209e-01
8.682100189556952730e-01
8.201474701366809894e-01
8.218768368964560755e-01
5.390703021702556441e-01
6.422910955669469679e-01
6.977706338532088104e-01
9.176470788899792064e-01
7.317765933866358097e-01
1.380405992114025038e+00
1.294167807359007050e+00
1.212284948199087387e+00
7.460372349149977378e-01
1.041757450209892077e+00
7.751872427737860338e-01
7.402434341600003798e-01
8.849097071288618555e-01
8.857548453731488580e-01
4.931623888810438006e-01
1.009712437202330060e+00
6.298353920302001141e-01
8.188009272822568407e-01
9.979614181783998950e-01
1.215361181844938132e+00
9.414671288240848979e-01
1.074384086207384126e+00
1.242038747539943477e+00
1.026611553221993489e+00
9.917906009713705062e-01
7.175894494590155936e-01
6.478085608157948538e-01
8.926381512789183237e-01
1.105499278632527727e+00
1.041399707804301356e+00
5.458915143624150090e-01
7.607069866408360248e-01
7.502977937783962270e-01
7.406200499902176881e-01
1.077366782501756548e+00
1.037724537376610190e+00
1.029199529218674192e+00
1.034933903938046740e+00
1.013409276737402553e+00
7.717688642926047171e-01
3.872539704147192063e-01
1.394613910430407167e+00
4.739070106802986126e-01
7.918899506594276883e-01
1.163478580415904240e+00
1.068681901651471922e+00
1.266696336664465905e+00
1.036430330170027503e+00
7.663597324264574961e-01
1.122469562389049491e+00
8.856736337599320219e-01
8.620773054935946256e-01
1.181133671905302940e+00
9.358542924386464845e-01
7.648477921913758859e-01
8.013570368506846009e-01
8.308702090732456025e-01
5.731463924231462448e-01
1.014284523421437267e+00
9.975339438255841351e-01
1.014429400550153515e+00
1.005370071076507443e+00
3.630748148873401693e-01
1.144772278935145327e+00
8.262712854074857338e-01
8.125260564678793429e-01
9.487994392528975585e-01
1.253154727497332255e+00
1.277529312331534994e+00
9.978546487778446883e-01
8.999946215394453164e-01
8.199588330058824592e-01
1.053893487189476064e+00
5.314675794006394893e-01
8.929291138090522661e-01
1.040146344204075479e+00
7.891288873595456721e-01
6.785108355296849414e-01
4.577887799882771613e-01
1.096011495110016387e+00
7.691499592908536131e-01
9.846155566147487548e-01
8.500506451618820014e-01
9.655339274607633859e-01
1.097519792088724078e+00
9.728205116157355725e-01
1.132847852036237057e+00
1.247812254890868555e+00
1.132542284588937465e+00
9.536197587291728173e-01
1.535504535864620879e+00
1.022701263477994615e+00
1.155668056009004241e+00
8.622314762609400995e-01
1.187335586472227256e+00
9.544966246260647713e-01
1.026778812958086817e+00
9.783612485450700058e-01
6.841966140578632505e-01
1.022880363839020257e+00
4.319071876870361204e-01
8.269207723291689405e-01
1.028335589233234426e+00
8.864521204415948263e-01
7.287808828878538092e-01
7.647218791495860035e-01
1.027357622067672560e+00
9.221845797155375779e-01
7.128126581656099026e-01
7.916469043537113226e-01
1.438137203049842716e+00
1.323608008068822839e+00
6.734113668463247437e-01
1.023457243838865161e+00
1.105161857381241175e+00
1.117502177296608723e+00
9.971967231441883905e-01
5.855077950248680496e-01
7.156328662060462698e-01
9.834835573314779644e-01
8.247942602406754808e-01
1.256670184584013583e+00
5.144943236605049597e-01
8.908047501498987941e-01
8.102911891344727335e-01
5.215921901533534522e-01
7.093312752577561886e-01
1.001928750797698831e+00
5.807624962057983398e-01
1.313342609832333974e+00
6.859622952431342346e-01
1.031309423367367639e+00
9.643655122216506781e-01
1.086362126406502648e+00
9.954393243877468489e-01
1.247529538384865244e+00
7.112242886517398111e-01
5.776271627967762834e-01
9.161826601373370682e-01
8.575638204297381106e-01
7.905022514868135231e-01
8.051532539069067296e-01
1.080754451277790684e+00
8.197427094210267828e-01
9.279024452843978032e-01
8.066703837407971367e-01
7.262906514478610909e-01
9.629385845217804940e-01
9.588170250839290754e-01
1.287401803462569605e+00
1.018413822389636847e+00
5.691766390512580376e-01
1.095489466813297952e+00
7.012227869639651168e-01
8.160892619702154738e-01
1.336883210789377108e+00
1.007193857343813281e+00
9.784165716180220906e-01
5.314806514794071512e-01
1.100726839246445099e+00
1.376492684532337085e+00
1.300611915581150191e+00
8.596515797382213719e-01
9.415771589658993301e-01
9.338724318002915581e-01
1.022571587690261685e+00
9.400515970371003949e-01
1.423720418501270624e+00
8.334076585997580722e-01
6.114910898069834122e-01
9.725923443633391896e-01
7.787669008465933906e-01
8.073433645199405984e-01
9.096351635627688559e-01
1.205665227860524435e+00
5.532949831134376106e-01
1.068791071453140118e+00
1.095106200049623224e+00
1.103257556114985771e+00
6.150318337936951929e-01
9.436084654663298155e-01
4.719395039318317053e-01
1.170792948836684166e+00
6.760281111369189633e-01
6.070557584931366435e-01
8.551515505297366815e-01
8.164239904025566430e-01
1.146172617745717437e+00
9.320496282834438428e-01
1.347339491298090053e+00
6.727348705652805849e-01
1.010771134977261676e+00
1.056205053311540798e+00
8.217762616061423664e-01
7.742619195151563272e-01
1.111861486284504652e+00
6.284505447762450681e-01
9.451256664360839777e-01
1.062026729706697870e+00
6.570214075528896247e-01
1.124035678753707357e+00
8.643939799476517694e-01
8.573577150886827480e-01
8.008460699742635525e-01
1.021428456702518250e+00
9.868660605473683622e-01
1.016160853360695837e+00
1.154676401632704685e+00
8.218939286660569277e-01
5.088620969512726022e-01
6.896708587658547662e-01
7.657756121072986089e-01
9.846570807016540305e-01
9.714054120421391492e-01
8.602965280383251256e-01
1.246350794329883493e+00
7.086952782247423199e-01
8.036134086949588973e-01
9.687242547674473903e-01
6.141678978067248718e-01
7.870817805757358565e-01
4.249297883674879039e-01
1.116534736768800773e+00
8.607980371049377410e-01
5.136704433724652574e-01
8.221923833154689554e-01
6.416007264065556326e-01
7.977030073273757571e-01
9.723688962365020227e-01
7.766779279751762077e-01
8.642191712101319201e-01
1.005735619818705739e+00
7.841318503751382174e-01
1.019181480223572800e+00
9.427487158292653380e-01
8.446390925356809243e-01
6.364019911776035432e-01
8.063251888489332275e-01
4.818328530927104003e-01
8.630471836696064214e-01
9.759317132662528316e-01
6.808171373490514711e-01
9.355202269278684035e-01
9.784620098839066360e-01
1.825364362453327116e+00
7.523855950621469724e-01
6.426827317517058713e-01
1.101430305327701031e+00
7.525853027612200430e-01
1.133869935181071043e+00
7.083263565698859621e-01
7.780725302232068818e-01
1.023364234531019656e+00
4.892772401117759795e-01
7.077109487640207419e-01
1.340421661646404861e+00
1.141065028671003123e+00
7.886315881778572789e-01
8.715029441529584808e-01
9.231365879316636436e-01
1.004976121046734505e+00
7.610251390664293236e-01
9.134855121346567852e-01
8.917296535829823956e-01
5.709407753595315826e-01
1.085168454717150288e+00
3.559912417852621469e-01
9.774580611414688258e-01
9.751649301042296658e-01
1.294439526488180725e+00
9.972702842570733139e-01
3.541754003121544980e-01
9.113969769876810734e-01
7.839236818058610279e-01
5.364671451969553750e-01
1.218392169302864980e+00
4.875023288508465447e-01
4.342639598691303005e-01
6.497857484830771302e-01
1.124625245234078585e+00
6.257233283514195277e-01
2.896972191238827432e-01
6.100548279214134118e-01
7.296288633259448986e-01
1.085168454717150288e+00
1.205298984552884090e+00
8.207162019142156817e-01
1.024121705831528395e+00
1.005520321957616758e+00
1.113460524080467140e+00
6.009911270090591007e-01
4.465847012926200121e-01
9.355842154015333589e-01
1.047379028095834164e+00
7.698181209712486872e-01
1.106150680767184813e+00
1.270710932895838363e+00
1.103448453439105581e+00
8.252459659881137277e-01
8.607980371049377410e-01
3.869901270627874590e-01
7.418270730614722197e-01
8.350079066588846910e-01
7.981032659067195389e-01
8.213882734119991591e-01
8.635654121966480634e-01
7.002838536309138329e-01
9.716126426477701417e-01
9.258323655489861803e-01
1.060871251372741186e+00
1.020615477649329028e+00
6.265178245907627730e-01
1.123588007565830438e+00
9.561321860380960214e-01
8.379941720699666252e-01
1.283823112128729127e+00
1.166995796460699175e+00
7.968042739496535853e-01
1.322007265290210842e+00
6.859802418318802220e-01
9.961801059554681315e-01
7.367349404842941096e-01
9.386828304510996812e-01
9.804918890773176576e-01
9.551475373157185533e-01
4.633604859356105221e-01
1.065872103698739748e+00
9.912843170140577254e-01
8.770654591267713629e-01
5.709407753595315826e-01
1.257302212418688780e+00
6.824871732872775931e-01
6.462248613007025577e-01
9.157109995730603469e-01
1.062026729706697870e+00
5.415644497531839630e-01
1.043560818868799478e+00
1.025296253418382264e+00
8.730938616807351060e-01
8.057611438750349464e-01
1.069330253163226718e+00
6.792527308112514817e-01
1.124473472755788128e+00
8.335313422400540961e-01
9.033194909960454710e-01
1.314181324363772774e+00
6.615358339203777360e-01
1.204037761265712492e+00
7.844083185685022386e-01
1.148773346780641802e+00
7.969077944755350584e-01
7.234374542303816380e-01
1.044268706698810112e+00
9.360809845565061238e-01
1.374067543488139087e+00
7.607294345415089865e-01
1.079871228007141193e+00
7.630692685801584441e-01
8.938190363313696096e-01
8.636773693188685153e-01
6.511764006244152858e-01
1.001331737353408746e+00
8.473872283098874414e-01
9.598081553497014307e-01
7.746344835002599849e-01
1.479162483521752502e+00
6.395647166124722727e-01
1.088928326873103813e+00
1.020130256452120410e+00
3.912459139969549082e-01
2.792489412850163166e-01
7.797790884367413744e-01
9.774800962753781297e-01
1.246437562875471139e+00
9.055215790797189745e-01
8.340020707335805694e-01
7.999251579696990966e-01
7.506888033833288842e-01
7.906538458598584285e-01
1.114409111050658430e+00
7.905413900147164608e-01
5.740094329793253847e-01
7.609851357647906545e-01
1.447200695220666189e+00
1.112910441871465261e+00
1.200695122417798855e+00
8.522778602626807087e-01
8.650582712593999357e-01
7.717688642926047171e-01
1.054355527632721001e+00
7.845762594129357392e-01
3.910929720903739137e-01
1.033540102856418175e+00
1.046600545834273088e+00
9.026785158046635171e-01
9.351825038308135829e-01
1.006490836406280787e+00
8.832403823092642714e-01
8.884584301976189424e-01
1.292974408966289568e+00
9.046879765849473731e-01
7.189391861419422991e-01
1.065585851598389144e+00
7.955988048862410178e-01
7.290984198327488119e-01
9.448576355388149661e-01
1.030321667498962812e+00
8.400995444861147909e-01
1.112653808014539170e+00
7.318072973189908570e-01
1.027379937272496990e+00
9.339282861700658467e-01
8.579434675174615332e-01
6.872123194284712744e-01
1.340240585997654943e+00
6.709795147457745523e-01
1.322007265290210842e+00
1.206356768782596456e+00
1.234217713548122486e+00
8.910882671322446491e-01
8.228052636096518935e-01
9.667220852985766166e-01
1.240330543502444982e+00
1.004242957264122049e+00
1.166709476718360561e+00
1.008485763756167719e+00
1.125113152907209813e+00
8.625251169829918352e-01
8.280287375674001416e-01
9.221531217066041286e-01
8.788807772406985741e-01
9.165604985757190848e-01
7.849774930092001668e-01
5.816119762624576417e-01
9.969144705384896943e-01
4.372214336138977031e-01
1.326694399315290651e+00
8.196097569098758084e-01
9.334523725044887588e-01
1.334743690406443806e+00
5.425845963556378271e-01
9.730529211961110869e-01
1.192611266684562299e+00
7.523623431641346393e-01
7.693802224722964267e-01
9.309957870639190558e-01
1.008112732919451471e+00
1.126855980706931382e+00
8.479332850024364765e-01
1.112653808014539170e+00
1.504115098010973650e+00
9.110927381668442182e-01
5.777273832994228586e-01
1.115892700105383328e+00
7.459592871300200212e-01
9.040134508598215435e-01
5.676537102776246790e-01
1.067772713994920242e+00
1.206942065815453935e+00
1.090519242235968189e+00
1.191040190685005218e+00
9.580261597322862199e-01
1.061798001281182735e+00
6.116822724490584839e-01
7.475207945539874554e-01
6.294650453259197365e-01
1.223672002574336837e+00
1.092700468939612257e+00
8.464829230040934460e-01
9.294043776880253072e-01
9.332066596900002731e-01
1.070718438394106853e+00
1.028198180893863833e+00
9.551597957538533468e-01
6.618643397443161325e-01
8.486210212218744386e-01
1.152384050559349671e+00
7.663591152090043490e-01
1.193723873167801486e+00
1.178106466767614213e+00
3.541622024018996617e-01
6.205239052742074213e-01
1.209523010065239657e+00
1.221330405932212537e+00
4.327322050878319448e-01
7.308155147640026383e-01
5.352184147914048618e-01
1.134091692634907833e+00
7.237453307395281810e-01
9.067221328084575926e-01
7.112297118265163975e-01
7.420498575939571406e-01
1.038817838751862954e+00
8.993796411015243519e-01
9.712528275846252779e-01
9.835393434475312446e-01
8.998898941440741650e-01
1.000644451614709718e+00
1.420186089718079581e+00
8.502878809052226705e-01
6.504490363713943957e-01
1.140300272711894713e+00
1.298661492095068315e+00
1.089275903516356170e+00
5.667008355239837591e-01
1.271849710328250449e+00
8.410054469463780213e-01
1.072907740710248969e+00
6.454530491626794264e-01
5.376645440594296499e-01
4.606152147656862872e-01
9.218106913917378797e-01
7.889188454028698283e-01
6.821461700603825840e-01
1.186851734473826303e+00
7.621706838846010745e-01
6.508477687611744500e-01
5.127076143126023666e-01
7.935889878021891164e-01
1.262861164856586393e+00
5.786341280235339779e-01
9.010827593388679446e-01
1.292592495350731507e+00
6.556495007528045926e-01
6.268230818315833064e-01
8.405540644016280538e-01
1.062708992676050235e+00
3.604365551506970577e-01
8.275469819986942532e-01
1.029242718399616896e+00
9.113599033906585323e-01
9.065531256234899971e-01
6.508477687611744500e-01
7.622084814638144801e-01
6.677796494055368015e-01
6.600952233681629533e-01
1.209857841635570530e+00
9.471181515610754831e-01
1.073280698983391845e+00
8.231657706037881495e-01
9.754316009081314132e-01
9.337217569670688277e-01
5.515632924640478940e-01
1.712827394557453253e+00
8.973144650735102035e-01
9.029974593066445454e-01
7.803605959835119288e-01
7.262906514478610909e-01
1.120699143026307798e+00
1.420756563243928738e+00
1.368072321908273103e+00
7.622084814638144801e-01
9.016893636290884695e-01
9.400844199230107279e-01
6.330186921237144215e-01
1.286896264305725790e+00
5.988174108785866423e-01
1.231290124176772416e+00
9.006975347031561663e-01
9.290997996710769202e-01
9.896514770046813680e-01
7.259104278397620069e-01
5.267153764613407008e-01
9.352484792198703101e-01
4.830403039816666411e-01
8.498624442696555148e-01
8.804588453140532733e-01
9.910178348863103448e-01
6.559178989472662646e-01
9.314852915176107251e-01
8.702623233003943248e-01
7.874629794204967004e-01
1.001527660501961403e+00
1.124534206625402044e+00
1.416553627966316231e+00
8.622149479564703567e-01
9.433133062140528491e-01
6.650446920422371511e-01
6.269652004930268419e-01
1.015549181607996010e+00
9.313585027878269473e-01
1.139145952166683129e+00
6.772843889690997043e-01
1.349671627902475191e+00
1.367848206494495678e+00
1.068661348272698985e+00
9.134337435873147726e-01
9.815508793486950045e-01
8.910882671322446491e-01
9.288038218417629110e-01
1.010256249590330890e+00
5.906951992977613752e-01
1.112910441871465261e+00
1.013910753791034569e+00
6.979071016311275688e-01
6.752185610412572148e-01
1.312360325232441616e+00
7.064248427909647354e-01
3.998771454588069263e-01
4.170118712997935573e-01
9.608350001974910182e-01
1.559809226235559620e+00
8.611934162385359581e-01
8.108569200548135791e-01
4.991056444825700544e-01
8.354163567401480250e-01
7.738679410511611900e-01
1.169821669652989726e+00
9.528643756007595389e-01
7.021177490153570622e-01
7.169342856277017839e-01
8.063251888489332275e-01
9.726531189303486702e-01
1.206726121946686048e+00
1.184037874767225551e+00
9.714400879239127873e-01
9.246645729397986457e-01
9.866113874867132871e-01
3.721707638171641852e-01
7.356670693054335741e-01
9.173100499927880902e-01
9.325855420653239580e-01
9.398903623173621158e-01
1.004349323681731798e+00
5.360027368022974859e-01
7.780265751538403274e-01
5.795246467992981598e-01
2.976127147822247854e-01
5.486385213404039174e-01
1.151186739655138069e+00
9.954393243877468489e-01
1.207392660517063954e+00
9.519910057615785792e-01
7.518359948006272386e-01
7.134933837958676861e-01
5.701707673764179196e-01
9.834273809297539026e-01
1.225552269742723910e+00
1.098340951766767937e+00
8.126804786756465226e-01
7.783842194151203708e-01
6.724987309242447253e-01
8.306389854482751911e-01
7.028966298540031410e-01
1.321732422812529562e+00
1.178847892686638144e+00
9.386705816269587110e-01
1.369451808902005796e+00
9.454165703283561317e-01
8.117562506391762245e-01
9.657381405936021901e-01
6.248017605552345088e-01
5.788344214649805419e-01
8.514476895469489381e-01
6.761523415076255983e-01
1.176185528690596671e+00
9.148037817692237228e-01
1.122367749793758529e+00
1.098500596052559564e+00
8.616424266975636348e-01
9.833396126015999661e-01
5.872619579169761073e-01
6.416033916993080233e-01
1.117502177296608723e+00
5.877967162347126351e-01
8.536386742443912157e-01
8.932247146486343992e-01
1.028738195271211131e+00
9.846736624683487538e-01
7.883865288886355849e-01
3.624085050876361125e-01
8.883670233877022371e-01
7.436719312525266190e-01
1.067297607003170778e+00
1.196366071231537376e+00
5.962751643192009121e-01
1.009325720359624423e+00
7.638854064230358176e-01
8.375681730259236790e-01
1.024189862741722079e+00
8.522226803200191325e-01
8.481331022044906742e-01
1.019462267779187581e+00
1.121304966158503280e+00
7.767277695798123771e-01
9.028153839615051801e-01
8.095891625898175015e-01
9.759317132662528316e-01
9.159098162768131157e-01
1.129660270995191285e+00
7.495337144690574771e-01
9.272909625444204496e-01
8.619176545262167144e-01
7.625941903897565100e-01
4.830403039816666411e-01
6.641034780273348259e-01
8.258918490837566795e-01
9.746402283175029657e-01
1.175848426322096740e+00
1.680376410203642923e+00
9.407440103559526756e-01
1.076074620256304071e+00
9.567884633557086627e-01
4.638996858254652023e-01
6.593407807359401573e-01
6.073725264565495996e-01
1.149326034562534904e+00
9.971775176623823844e-01
1.460746975881549448e+00
1.010089582792447649e+00
6.245708594687363613e-01
1.215555267713740450e+00
9.422066276844649479e-01
7.931175537582429991e-01
7.123793927116240932e-01
1.136463614128507826e+00
9.077865091024551747e-01
7.316371308564365572e-01
1.201409301196058710e+00
1.184037874767225551e+00
1.128987669129525528e+00
1.097649473988106861e+00
8.811856287631991691e-01
6.429065842922259133e-01
6.678171620772963557e-01
1.321250111812479311e+00
3.398068193797097458e-01
1.177798365239493661e+00
8.368261410237752829e-01
6.622488937402126741e-01
8.770070873516013776e-01
1.041901467851331420e+00
9.057424861190574994e-01
8.221364603291905215e-01
9.388669673755557499e-01
1.044981037027342019e+00
5.363252371093233384e-01
1.123500377046278809e+00
1.336398781870586916e+00
1.088384083209461561e+00
1.288095193420032869e+00
9.690733770828483529e-01
1.205244164552382813e+00
1.064684110833033159e+00
1.127116411328743961e+00
4.490104573796140364e-01
5.702261318865112782e-01
7.876790935900174206e-01
8.836284703793925166e-01
1.097601514324190841e+00
8.663844724816516241e-01
9.055215790797189745e-01
6.359987811676237612e-01
1.259371954700134077e+00
1.213548989978903148e+00
1.237260341080979487e+00
8.160103818711207380e-01
6.539829329178824535e-01
7.721791203746647403e-01
8.841193431270898406e-01
1.023043826413638113e+00
1.432273797750672983e+00
4.984444911030382896e-01
8.274531000782746615e-01
5.944932194812664328e-01
1.155659581729680641e+00
9.199844208344469809e-01
1.001339688347453905e+00
6.344607482464748038e-01
9.174915953123790047e-01
5.838551021905896699e-01
1.226462685432666566e+00
5.527860457136262173e-01
8.100213949483812126e-01
7.783842194151203708e-01
9.901435126446940238e-01
1.224064736792616515e+00
7.578984648508400035e-01
6.808918246290783793e-01
8.417351224505980056e-01
1.042870496926094459e+00
9.622705436861527240e-01
4.662788602416043648e-01
9.194677664291990293e-01
1.192883195682528985e+00
9.022066946956459610e-01
7.522050037470983108e-01
7.215668984584893142e-01
6.775938544659572127e-01
5.384319138096738122e-01
1.080505776890385405e+00
8.962927819808120811e-01
4.372214336138977031e-01
8.293473151049662873e-01
6.362524606723369835e-01
7.713044844850777126e-01
1.030992430873715060e+00
9.688680408392902343e-01
9.214642930019998346e-01
4.286407617710446538e-01
6.718562166604262753e-01
1.140591458922481261e+00
1.012408885548355508e+00
8.225073471057163799e-01
6.807141449130070798e-01
1.110446583922452657e+00
7.479088000732758701e-01
7.288113950757221238e-01
1.079089900684125247e+00
8.939321783723894743e-01
9.364426083832161352e-01
9.648394221848438645e-01
6.482043386300250232e-01
5.835768435319235170e-01
8.332003992982738305e-01
4.807943872657723938e-01
6.582156329244456261e-01
8.796200874665184299e-01
1.133869935181071043e+00
8.423299240201668203e-01
1.018809334972232250e+00
7.477489246904990283e-01
9.679324307315866349e-01
6.522718596147877301e-01
5.382936895087454543e-01
5.104397168831471543e-01
9.483136859328359369e-01
4.348402234681378320e-01
7.399785749505628507e-01
4.536932159284137178e-01
8.643939799476517694e-01
8.849584957292697673e-01
7.942187909528494183e-01
7.130292188925073660e-01
6.505941320037966769e-01
6.470125189600162141e-01
1.194576220342223882e+00
5.878080356093552394e-01
1.017761105127208410e+00
8.026591171683252757e-01
1.008734496540259151e+00
7.189391861419422991e-01
8.709439450941994787e-01
7.529743409123490494e-01
9.978546487778446883e-01
1.106150680767184813e+00
9.840493184984819841e-01
8.865072025613850437e-01
8.716144695054385272e-01
1.062338425227165928e+00
7.008446677182679219e-01
6.930869794296612429e-01
1.079559018946413040e+00
4.964742151266683945e-01
6.783170028868934498e-01
7.378852095101412489e-01
7.771805100263661226e-01
9.369193738757441992e-01
7.995352502162816899e-01
7.703222047739358702e-01
6.365992181246306059e-01
1.206184763047321251e+00
7.818975485597310371e-01
1.051123244355403719e+00
1.387466303301032600e+00
7.836202922147403882e-01
1.097404742745936579e+00
7.129081600811426611e-01
1.256079950777018617e+00
7.354950993904735279e-01
8.762397420347496357e-01
6.850642936028501495e-01
4.294237680969836823e-01
9.530460014528600032e-01
7.893936213168178950e-01
4.202977981556621501e-01
8.260356732618286957e-01
8.587878098232153423e-01
9.039415527812936224e-01
8.178325267405620602e-01
7.870706816113743898e-01
8.077445517169310474e-01
8.613789163445791930e-01
1.055987729742541514e+00
8.560332866438151722e-01
1.003770262083691245e+00
8.514476895469489381e-01
8.340431572914164260e-01
1.013847011291369338e+00
1.025957332011113277e+00
8.801305264589268651e-01
1.007581400430837881e+00
1.296673428453666066e+00
5.406854453144404049e-01
9.119816271854784828e-01
1.201947522210024433e+00
1.158862514171735691e+00
9.461757207086114452e-01
1.192673264504156672e+00
1.108087251797705397e+00
9.468948793973184230e-01
6.666943991269400627e-01
7.325168005130586746e-01
6.690247428475307734e-01
7.273941338633761466e-01
8.905609495690427480e-01
1.310138006658436272e+00
8.132017450648240109e-01
8.475006853589212019e-01
1.078075290712666501e+00
1.323608008068822839e+00
9.648157487944426514e-01
6.523811158568436630e-01
1.098778631453240395e+00
4.573587452576575729e-01
5.890785436012098142e-01
1.362352472371945789e+00
1.282187050438104103e+00
7.374987618201624962e-01
1.014249318802624922e+00
8.680987993539673875e-01
1.017537697026975829e+00
1.184828835595447938e+00
1.169737864836743135e+00
6.750097290974357289e-01
9.343432696186361186e-01
1.172230816189707259e+00
6.384459058136395804e-01
1.222552531880573001e+00
1.388533350145822576e+00
1.178475989117818701e+00
9.403739994172729544e-01
8.363934114847381140e-01
6.987844925275696895e-01
7.925902559666052616e-01
4.497645864955900907e-01
1.141886331260362208e+00
6.245348592209580829e-01
1.368120548010294035e+00
5.263392205528576451e-01
9.644574458328345479e-01
1.101468937210861254e+00
1.015558288645298957e+00
6.332212638971320695e-01
8.101319278450564987e-01
4.442127601847197793e-01
8.447910568340608606e-01
8.178240805547967174e-01
1.082097160990035833e+00
9.403579302027154085e-01
1.127666857230773090e+00
1.049400138846015684e+00
3.979697028277405235e-01
1.334071058854152669e+00
1.198690264474921552e+00
8.514476895469489381e-01
4.944377373360361871e-01
1.488239054473334377e+00
1.287046448909069163e+00
8.704539362697111260e-01
8.306835907348306680e-01
1.246192802474743733e+00
1.122127376079456784e+00
1.006124798683246224e+00
8.013570368506846009e-01
9.832344686483733831e-01
4.397080499361202266e-01
8.445715374607803971e-01
1.105855273111781445e+00
7.223029386870267743e-01
1.133428768824063404e+00
9.653021464735989099e-01
3.992751772573316371e-01
8.372965070845118651e-01
8.856071813899268896e-01
1.005735619818705739e+00
1.180142333299501356e+00
8.935835234112531333e-01
1.106234161768310464e+00
1.042495467440523127e+00
1.114015813896731544e+00
8.443344651253810174e-01
8.300936883120668686e-01
9.681809005647215027e-01
1.071199994028886104e+00
8.050584033960751507e-01
5.189789913570657109e-01
1.237999469933669827e+00
9.485219171370942171e-01
9.834273809297539026e-01
8.997744143040978804e-01
9.205333637462361773e-01
1.170864058037812239e+00
6.662033653998811200e-01
7.478241508709111418e-01
1.298298461661612446e+00
1.139591711149595454e+00
1.061077539456560359e+00
8.208794275584857525e-01
8.372234299835920046e-01
3.819193950865965026e-01
1.352056915452784391e+00
6.042361827489612924e-01
1.106765762705188560e+00
1.223860401305239431e+00
6.097779646232228679e-01
7.285327632273285170e-01
8.747786741172804970e-01
1.041757450209892077e+00
6.363023472938643676e-01
1.020848650716749573e+00
7.587653982260672558e-01
1.088423815086120738e+00
9.642575957386497754e-01
1.142067953272946301e+00
5.802264529606824262e-01
8.034462397808639356e-01
5.347551995378421186e-01
9.406229936684851189e-01
7.121945107599880753e-01
9.397320299412330602e-01
1.530540856324361876e+00
1.172550584167931786e+00
8.997662923299167836e-01
1.085671522033147873e+00
9.857678812246125633e-01
7.056878266636729125e-01
1.046697899811104060e+00
7.622253575204294140e-01
1.058466392511805187e+00
6.327230875961346035e-01
1.193842608007956718e+00
8.060523738632335844e-01
1.173092352535949345e+00
5.913436303957200213e-01
1.536776708579367101e+00
1.094356518470536610e+00
9.211419600495145410e-01
1.005050434795305092e+00
1.201286526362028928e+00
1.007216805333452037e+00
1.028256714710724662e+00
8.522654672732183911e-01
1.380405992114025038e+00
6.149009776005819328e-01
9.880741876529973711e-01
7.686758353069013117e-01
6.489314608908368642e-01
9.253628493705163827e-01
6.032882316695657998e-01
9.598550476830021161e-01
1.188643562386704877e+00
1.040288587813727128e+00
7.458462083479784344e-01
9.707627013885895551e-01
4.583312646309856131e-01
1.118581667079563413e+00
7.231213011147356040e-01
8.128194931676069324e-01
7.207811227977622970e-01
9.248060519970590088e-01
1.205551755041123441e+00
3.042230398315062256e-01
5.560784695413514278e-01
9.904874138312549370e-01
5.877596325771541341e-01
8.488453810318699055e-01
7.795877325755844467e-01
8.163784057215446310e-01
7.076695688222847114e-01
3.021620173800050879e-01
6.505941320037966769e-01
1.003683615600444945e+00
1.209857841635570530e+00
1.027224239133452732e+00
7.315243722338936605e-01
5.523034663985649795e-01
5.976440955351329798e-01
6.991067095294289935e-01
1.012256602602707334e+00
5.700838383270273590e-01
1.111833110117207424e+00
4.073739051536655609e-01
1.097631944026582484e+00
8.994540855619151953e-01
5.586986595733816063e-01
9.439123010778431855e-01
7.697366924327408988e-01
7.650122721779866186e-01
8.979034440791042737e-01
9.692637214755974728e-01
1.091619842503978255e+00
7.132749885876817908e-01
7.534555446310634563e-01
1.107817165258652814e+00
7.638854064230358176e-01
6.610605705799451615e-01
1.181133671905302940e+00
9.727752302960488429e-01
8.366977283442000868e-01
9.877558171055162983e-01
1.234197988373630483e+00
1.157951094342556830e+00
1.194194567554258013e+00
1.368160381299546868e+00
1.015000295851113510e+00
3.747906703106276827e-01
1.142851811382094684e+00
5.718274689402356170e-01
5.237078738672029665e-01
9.635684754508834216e-01
9.491440200953805695e-01
1.080428256309240442e+00
1.201135222066680663e+00
1.066633126258097031e+00
7.034984508048245377e-01
8.825227976137692831e-01
1.094212667137488992e+00
7.066939094830280155e-01
1.032084819156134925e+00
9.677150916506060963e-01
8.161920732926815081e-01
1.067943090431871189e+00
1.014177671281483617e+00
9.348685597509900358e-01
7.757213206531936578e-01
1.056724181674723484e+00
5.252879740525581154e-01
9.755140171567260321e-01
1.111861486284504652e+00
9.692989717561131258e-01
9.457338224978419916e-01
9.695170649366834370e-01
8.523366512946405349e-01
9.311155967751251206e-01
6.337239792602190613e-01
6.500567546205249236e-01
1.245897873969783465e+00
9.391072435488317938e-01
1.273719269280286781e+00
6.083602542318961026e-01
1.223860401305239431e+00
1.071671539904497150e+00
1.201140929837355875e+00
1.080534024369415924e+00
9.286856231778590764e-01
9.304217696669221382e-01
1.277065361262539556e+00
9.584479637767334692e-01
8.855255031005428989e-01
1.059294063618446913e+00
1.119887734523982381e+00
3.742266629245929455e-01
7.502977937783962270e-01
8.700825241900244089e-01
1.058842465601446126e+00
1.301788888727622329e+00
8.258242804075875965e-01
1.188090730259414585e+00
8.929677718233265393e-01
1.022481132829248240e+00
9.863891924340972839e-01
1.169333562298231044e+00
1.030975649977444064e+00
1.195625516126382681e+00
8.924062615176986402e-01
6.690319809646730898e-01
1.085932629588194809e+00
8.561850303220164271e-01
5.069542381526080943e-01
8.515614968461083789e-01
6.308300579905116168e-01
8.032678706419456027e-01
9.646456610478080229e-01
1.033743278769867491e+00
9.442908851098431589e-01
1.080926270745060425e+00
8.994453971489179134e-01
8.028350020907855100e-01
8.388709786792583056e-01
6.739355850691677308e-01
5.189789913570657109e-01
8.133425320552430948e-01
9.980821549915309676e-01
1.287921273535809874e+00
1.152126864085738944e+00
1.017586235398016958e+00
4.647358697315887577e-01
1.101562357796903369e+00
9.922494218780540942e-01
1.274090031956034652e+00
9.800509212268808668e-01
6.171972344389445864e-01
1.109283191506654331e+00
1.087064258458647181e+00
9.513470410701757585e-01
4.606461896440139925e-01
8.125145071896689997e-01
7.406200499902176881e-01
1.143226359558471961e+00
6.526497172916293499e-01
8.848700820292580982e-01
5.783027188787220885e-01
9.769565512093090209e-01
8.632045770354470626e-01
8.116490413739065879e-01
7.278703585011678800e-01
8.907203957866507427e-01
1.117143842140242205e+00
1.113765049593402390e+00
8.901949579583877670e-01
8.189821253625876318e-01
9.787545981550904717e-01
7.891288873595456721e-01
8.449876389370749585e-01
9.822124681812505198e-01
1.201505929238452897e+00
6.246469336173378073e-01
1.315995062778657854e+00
8.713748046832004990e-01
8.090731597528990626e-01
9.992996324873951730e-01
1.027357622067672560e+00
4.936580191821270391e-01
1.000818751060172485e+00
1.174206742383564706e+00
8.365039218320535763e-01
7.169624948968461586e-01
4.688731961024087957e-01
8.757151790848609618e-01
1.129420233297251386e+00
9.865096957942611766e-01
7.592646778169052091e-01
1.117806102754234976e+00
8.630151817213084220e-01
1.026101498219744501e+00
9.593052962247925475e-01
8.538327057189762925e-01
1.139878814546277930e+00
8.645491305541229687e-01
8.992667489630176147e-01
8.966499431449287405e-01
1.022198391814477469e+00
1.003456996340804430e+00
9.386107772568383911e-01
9.008299129933110549e-01
1.140705082395992775e+00
9.112221956074910700e-01
1.026101498219744501e+00
9.661566722557048958e-01
7.661916086110379664e-01
1.645304862776422850e+00
1.124035678753707357e+00
1.116465724672767612e+00
8.438233169097629771e-01
6.913715861685546527e-01
1.057328789011396486e+00
1.023074720315107156e+00
1.371192579272199508e+00
9.197642123712765905e-01
9.109477481518224451e-01
1.321669265243909486e+00
1.051085620694077294e+00
1.030427149104501616e+00
9.164481868124265684e-01
8.975085219555671845e-01
9.572054245722189103e-01
9.039899989663722213e-01
8.693272590906735431e-01
9.694536148233523498e-01
1.309256322824040808e+00
1.043042733583976700e+00
1.248360718049713380e+00
8.735218430561966230e-01
9.221531217066041286e-01
8.730691212718045824e-01
6.847384245862573326e-01
1.016973711582998208e+00
5.395357895527695957e-01
1.015893756621104371e+00
8.417142321647557157e-01
1.164521171687019407e+00
1.014549793285340007e+00
1.097029545047235821e+00
1.125262757397437197e+00
1.320201687247172462e+00
1.152723700301125698e+00
8.716144695054385272e-01
6.520784064987251716e-01
1.358953466018193224e+00
8.225813718986066947e-01
5.795246467992981598e-01
7.293796477674148182e-01
9.597605385306789971e-01
7.547396555870041768e-01
8.356333272252350897e-01
9.724856168174703663e-01
7.891525482013294068e-01
1.244011534565143018e+00
1.123491023679743961e+00
8.107397665310882573e-01
6.126245450759068012e-01
1.209729522305854177e+00
5.363222748986120614e-01
1.390609272273215957e+00
9.690876488974503600e-01
1.064724023648461415e+00
1.193968131453980730e+00
1.003887796109303787e+00
1.184905158797704638e+00
7.215711670304885139e-01
6.780508544137218152e-01
6.133279830375223396e-01
1.150496643035787914e+00
6.339134720525360089e-01
8.723656657869364173e-01
7.064028598343726761e-01
1.023261025343845887e+00
9.839648508836175145e-01
1.061399287740745434e+00
1.118146084181963706e+00
6.617236177573775358e-01
1.223145555475519730e+00
5.682472475384694466e-01
7.277058344519999888e-01
1.084236876582451492e+00
9.096760097627241137e-01
8.470402827915493038e-01
1.059550999041159347e+00
9.873441068783916919e-01
1.232696858700657483e+00
1.197201731629003341e+00
1.165690335315089587e+00
7.390509537038408849e-01
6.409842371631885305e-01
1.164014724449715210e+00
1.026129788090103245e+00
1.009959773139772254e+00
8.059415995687920775e-01
7.366723038747067243e-01
9.974359237608516615e-01
5.357762036717386156e-01
6.373577269576196080e-01
7.136266192500926309e-01
1.044686933405009510e+00
6.231445897554048763e-01
9.650351576916803564e-01
1.623930052724929185e+00
9.884220701180654878e-01
7.483463233841070039e-01
9.019125454262864050e-01
1.137079300487162437e+00
8.239446544584891896e-01
7.663990434887839598e-01
1.206548181149368126e+00
8.602965280383251256e-01
1.003405253289014754e+00
4.123068186414150516e-01
7.839859504417173719e-01
1.009325720359624423e+00
1.097519792088724078e+00
1.075186651092361778e+00
6.917032004176631999e-01
1.064560139090193980e+00
7.511254397091030599e-01
9.543061594239875545e-01
1.018234382949093630e+00
8.140895104708183450e-01
9.038041517702518624e-01
9.313272498558928802e-01
8.132017450648240109e-01
9.886288086786394480e-01
8.286847203525076200e-01
