5.479407265858591281e-01
9.992895583926081349e-01
1.351135664679509629e+00
7.397494895387510816e-01
1.205936157754515348e+00
7.938198214120851803e-01
1.205898710352560688e+00
1.135668677511078251e+00
5.923186275703193893e-01
1.015066516582784573e+00
8.813422874831053910e-01
1.199771436279465364e+00
6.581762768439447520e-01
1.045691796096301474e+00
7.455950597069447294e-01
1.064678948988491136e+00
8.009616165127727561e-01
1.026721637753302385e+00
1.076606170825493036e+00
1.259497581620002249e+00
8.582920313980173521e-01
7.767277695798123771e-01
1.017017703395951322e+00
7.988676450412147689e-01
8.063251888489332275e-01
7.269630139899383447e-01
9.697702187725671941e-01
8.172161539967823796e-01
9.011228966471410695e-01
6.395647166124722727e-01
1.391382435444634691e+00
1.099943122689293951e+00
1.404389210355305950e+00
6.619410427411941411e-01
1.202862454869797482e+00
6.789783883304599810e-01
7.421214200411981876e-01
1.042077958296952378e+00
9.979979190082046703e-01
1.022488020237890538e+00
8.335672045721445045e-01
8.199588330058824592e-01
7.475723584329508897e-01
7.226156366380375173e-01
1.042888071609679335e+00
1.257600467997375127e+00
5.964158362318160433e-01
7.578701865988843878e-01
1.163448521578859696e+00
8.006309185992043220e-01
1.009598172392202065e+00
1.068907101305261342e+00
1.160109494111760675e+00
9.312205964078434928e-01
1.068681901651471922e+00
7.714182061323145989e-01
5.944209669197172419e-01
8.469739091719292734e-01
1.262879109129799504e+00
9.828204710892681772e-01
8.509077222042880084e-01
5.910578020397695420e-01
7.085100020681964761e-01
9.348918834659809551e-01
1.236086383661672228e+00
6.979021769582074430e-01
8.141123607097797699e-01
9.834157412100238416e-01
7.492360337693589889e-01
1.229098866535921264e+00
1.041943379712543472e+00
8.862074457948214690e-01
9.736963795034649927e-01
9.242791937490588694e-01
9.163595526567633875e-01
6.254565203948139196e-01
7.823181911587354653e-01
7.791167333170629927e-01
9.714387104691641905e-01
1.034179901624890263e+00
1.080525382790284095e+00
1.085141801064125833e+00
1.755670390746632448e+00
8.666372590470310389e-01
9.952306416867794381e-01
7.963444027645272261e-01
6.344947963355983545e-01
1.244448276286780120e+00
1.164858063651210029e+00
1.051686514551483320e+00
8.512252058045632896e-01
7.967409399220197752e-01
1.120376316169403585e+00
7.263163131159260377e-01
9.736063022176906223e-01
9.157668929838125305e-01
1.053144979304549311e+00
1.041616128145782083e+00
1.171469669671643787e+00
1.206356768782596456e+00
1.058141361571246719e+00
9.283899928278259717e-01
1.289135189061434428e+00
7.110205880079502050e-01
9.907433407398552605e-01
1.119333494196044887e+00
9.783612485450700058e-01
6.508477687611744500e-01
1.282031514105773207e+00
8.575638204297381106e-01
7.403161382039088467e-01
8.343549659945185271e-01
1.055370203220755254e+00
9.954735696780274701e-01
8.792525549015711706e-01
7.114350808159783934e-01
8.577109288583315561e-01
1.222073774034682314e+00
1.061316249862445327e+00
8.246115158610406448e-01
9.832159939718224662e-01
6.657253994105800654e-01
3.176184494150892657e-01
5.242546528386446969e-01
9.817695873210203761e-01
8.365881205800154152e-01
8.861922568410500745e-01
8.596515797382213719e-01
9.056163196576575425e-01
1.336164814940638657e+00
6.667779343039490492e-01
8.285365952171296344e-01
1.281174362257960109e+00
8.111069176677311310e-01
7.344068297729176020e-01
6.536263325289904946e-01
1.120298195114641793e+00
8.162626719518594198e-01
1.004786947209297621e+00
9.362542253893437749e-01
1.336164814940638657e+00
1.015621154497036605e+00
6.835906110425041815e-01
1.011316375636982956e+00
1.098303163440202734e+00
9.311155967751251206e-01
3.655494670169709970e-01
7.390509537038408849e-01
1.131694076318086273e+00
3.938885322448696380e-01
6.704061684236971574e-01
1.119379362818423651e+00
9.871249094535616830e-01
9.102480189426888080e-01
1.062464169983736939e+00
6.046164814527884568e-01
6.232044808510373013e-01
7.979323999898471076e-01
1.134060252650386236e+00
1.091442860648869750e+00
1.029799088164584209e+00
7.200105897293296309e-01
1.074663772972504150e+00
1.293964544118117121e+00
9.840591872710451327e-01
6.959370850791273266e-01
9.491440200953805695e-01
7.913295715646334605e-01
1.100030431933989528e+00
1.134544398764118833e+00
8.598865645117289569e-01
1.306265947705238517e+00
5.471007630171040859e-01
8.684931808036728818e-01
8.763616995524754483e-01
9.104742134778887053e-01
7.763077118195917947e-01
7.752096672611082928e-01
4.756737818754901981e-01
9.243508465030588761e-01
8.454293484590703622e-01
5.448006950513788471e-01
9.216744528788356483e-01
1.014249318802624922e+00
9.698339427193951590e-01
1.176408202072318332e+00
1.202249544806661685e+00
9.347965483885036786e-01
9.840591872710451327e-01
9.593052962247925475e-01
6.692424096643441178e-01
1.169686604300661070e+00
9.800299020176623799e-01
9.580325181571731630e-01
1.034071271137314563e+00
7.196000313285608740e-01
9.840591872710451327e-01
9.915899530001689444e-01
7.071778274937556841e-01
9.221845797155375779e-01
9.407204049650920163e-01
1.045780628779252375e+00
1.059077307315678507e+00
1.051662645797563522e+00
1.060610829402535815e+00
9.120650786042228120e-01
6.330778796495590832e-01
9.126047990892711681e-01
5.944209669197172419e-01
7.464017487615954849e-01
4.902773627015146185e-01
9.566389669256695205e-01
5.936136204628174040e-01
4.057229716813702813e-01
8.672420298156959806e-01
1.315436314634819581e+00
7.988896524712396641e-01
7.409881726420585180e-01
1.259596530307750095e+00
9.163181541624774162e-01
8.126524900121594452e-01
8.713748046832004990e-01
8.052932257740532673e-01
1.124112848885304938e+00
5.858911549140879416e-01
1.018342391306997552e+00
9.049022434506388546e-01
6.497075948896475772e-01
1.140182676659079020e+00
1.028496276300064460e+00
7.728330772182024910e-01
7.451466021307364684e-01
7.654886312801693071e-01
1.343656424895220081e+00
1.019709593453307583e+00
7.744296696326486984e-01
1.081330223598262252e+00
9.978157542132943814e-01
4.416195063212509653e-01
7.441659150399393408e-01
1.037649030431931463e+00
8.359899316930720081e-01
9.496907425181680962e-01
1.265478593692687337e+00
9.435396817776812162e-01
1.041773448373578548e+00
9.365125655653466774e-01
4.412462299047850145e-01
8.242813776993319630e-01
1.317642643867409813e+00
8.304080506508459969e-01
5.897564685608374102e-01
1.001679415435983822e+00
9.137890918852925592e-01
8.201003070446595267e-01
1.095421456968410201e+00
1.018543287565615518e+00
5.636154357717915175e-01
1.160451247545541520e+00
7.486759107467642060e-01
1.314255373989806186e+00
8.665975946901440796e-01
8.959212520043829953e-01
8.190421357840779182e-01
8.341190085362041318e-01
1.004191980518769567e+00
8.296179383308661670e-01
6.472104348349917435e-01
6.245708594687363613e-01
1.013409276737402553e+00
7.290977102450558744e-01
1.192748845589558293e+00
9.035476417575603048e-01
8.221220535976342392e-01
8.032678706419456027e-01
8.144969579887604283e-01
1.245070164304660887e+00
1.157939832159232019e+00
1.211046619863118901e+00
1.013055546927607464e+00
7.028966298540031410e-01
8.398654022791020024e-01
9.653682973824827540e-01
9.119844850302057937e-01
5.540672335661744885e-01
6.734308707638364533e-01
8.935001760188042708e-01
4.799734001357072177e-01
9.206059440438276731e-01
1.212636644956958998e+00
7.043515953382324390e-01
8.967849360518064250e-01
1.076969894908162306e+00
9.840191145320931199e-01
9.013759711223580107e-01
9.387009321336501344e-01
8.406036374717843485e-01
7.174845703355672288e-01
8.032886102779680515e-01
6.969862076092618874e-01
9.956672616169268686e-01
1.000527489361469735e+00
1.334743690406443806e+00
1.175992178975408198e+00
1.106625564246345172e+00
6.347077725383984959e-01
8.074512953444303864e-01
9.159083098820212099e-01
8.545698243143172723e-01
1.311113191890332708e+00
7.159995433698492784e-01
6.821461700603825840e-01
9.074035052112450206e-01
5.929394731773772742e-01
8.523557524467945123e-01
7.010752202650553100e-01
1.030934994740886346e+00
1.071710428876530008e+00
7.663990434887839598e-01
7.641819660769857414e-01
1.010920107539648782e+00
9.780626184156047120e-01
9.403579302027154085e-01
7.133612672752499551e-01
7.892427915860130705e-01
1.122799549157470489e+00
6.237315644188806685e-01
9.985890456731219000e-01
1.188913948258255804e+00
1.199135015918213476e+00
1.814567178015910498e+00
1.100030431933989528e+00
6.196400510038960752e-01
8.464229414453304789e-01
6.978757252092574470e-01
1.120582324530907670e+00
8.853251019902369512e-01
1.184413803142977173e+00
7.072363216627620686e-01
1.049882907136454158e+00
6.516456861454062999e-01
9.165875500479314653e-01
1.031319163034430719e+00
1.012129384952100253e+00
1.003211801376226564e+00
7.405024165286410165e-01
8.027338956051753849e-01
1.062464169983736939e+00
6.897073771448566371e-01
9.543848527468765663e-01
1.032042236268962299e+00
1.082812540313946359e+00
1.122875760665000611e+00
9.859050151285906338e-01
9.045674135691539330e-01
1.095870035816500998e+00
9.449352573607626704e-01
1.315436314634819581e+00
1.074092452867111414e+00
1.039015350995955655e+00
8.719566764326456276e-01
9.653378753930786926e-01
9.905128829118413636e-01
8.592310566948696549e-01
1.011545876885224571e+00
7.962690121114803787e-01
1.101279207871949106e+00
7.911678574261399310e-01
8.127884767035452596e-01
7.790694841772578538e-01
1.000426938263896615e+00
1.164452559492598294e+00
9.138364520328047247e-01
6.264975958872380790e-01
8.441785447275980125e-01
1.494293038229461690e+00
1.207907540725376094e+00
6.841043975100008501e-01
8.810179432549563039e-01
1.017450049974014448e+00
1.319041301423093726e+00
1.181150127817747197e+00
1.139145952166683129e+00
1.178401314496834162e+00
9.361186028294898875e-01
9.660608483102562927e-01
1.035646070909332250e+00
8.182962546679694027e-01
8.556223602023170782e-01
8.603389130359795356e-01
1.091637321522149762e+00
1.028535980906650549e+00
9.471064983975722162e-01
9.036169199893422377e-01
1.478753088378538694e+00
7.556332893765316250e-01
5.597499000052160723e-01
8.895065509704307427e-01
8.481667901549858612e-01
1.138743834114051001e+00
7.302783904427275763e-01
1.140060736959382037e+00
9.997824058005642112e-01
9.453474007928278633e-01
6.333774175093078718e-01
1.109283191506654331e+00
1.282571455963007478e+00
1.016814643331382051e+00
1.389860641582698619e+00
7.101226580608790417e-01
8.781230222580950207e-01
1.277688953015056805e+00
1.229136814704281377e+00
8.533129955832313707e-01
9.453767750317230156e-01
8.182962546679694027e-01
3.252629176816652645e-01
1.541941042356435254e+00
8.056482332721210948e-01
1.150157050784977208e+00
9.765722231156279687e-01
1.080949599066187483e+00
9.174273552807913346e-01
1.037232716042203684e+00
8.056482332721210948e-01
8.168705884513185467e-01
4.823361323787740962e-01
1.052014098879594961e+00
1.253560320433591002e+00
1.048391705097847071e+00
6.727365522952504229e-01
8.251797332537468277e-01
1.326485077497333354e+00
7.468406017235728056e-01
1.017630246961080065e+00
1.271117729540102825e+00
6.321144673460483698e-01
7.939583388126684182e-01
7.146860803273469287e-01
9.599670457983991989e-01
9.520884214980422922e-01
7.248335408219752640e-01
3.431034994789142201e-01
1.086741086389247712e+00
8.877381392624599243e-01
6.259440237601137103e-01
1.281286067961033392e+00
7.325168005130586746e-01
3.096512979948746191e-01
1.063800789113294343e+00
7.866477221866292613e-01
6.105153133964362766e-01
1.190303959629642971e+00
1.392095169623239759e+00
1.107072486481577522e+00
8.808458661771321196e-01
1.018543287565615518e+00
8.101794443983431071e-01
9.360994348773022944e-01
8.842657428245164208e-01
1.124844701148218329e+00
6.802764275964724439e-01
1.183316288011070361e+00
9.457627873897115345e-01
3.254803745312527252e-01
6.643072414016666372e-01
1.026591547343502997e+00
9.882866713532492131e-01
1.024151864752028906e+00
6.305015207727907578e-01
1.086596525436948069e+00
7.586929556744431702e-01
1.015257722623992942e+00
1.363713772924780132e+00
1.057328789011396486e+00
8.851107815625545161e-01
1.211287863391227182e+00
1.103933680524119776e+00
8.008460699742635525e-01
9.026541507538781151e-01
8.217451340503835189e-01
9.896043287824527468e-01
5.146228605009915968e-01
9.084387782748317708e-01
1.201283115195237228e+00
1.047642334488701588e+00
9.679324307315866349e-01
8.687883670047389373e-01
9.467369530727585136e-01
1.165714778694708409e+00
1.054373453887082146e+00
1.124847868846125865e+00
1.267716003794191026e+00
1.608477321938741156e+00
1.156905579739020862e+00
1.160095982121791325e+00
1.045466141752384726e+00
7.770827048739156195e-01
1.042250116608931965e+00
8.178240805547967174e-01
8.327785449278687357e-01
9.824163639235283796e-01
7.613272467929969034e-01
1.149855222145516276e+00
9.135888674939619536e-01
6.218299997898226739e-01
7.053091429503168808e-01
7.433445117963638493e-01
1.114451847680281160e+00
1.080847640214789518e+00
6.536263325289904946e-01
1.091074173758885157e+00
9.794636042352199423e-01
1.242265839391955451e+00
3.580074239661352742e-01
8.218509572975638555e-01
7.753238009487134486e-01
3.532476415519271162e-01
8.185085317329796606e-01
1.046829423884016785e+00
4.641421448456772292e-01
9.529225647389345522e-01
1.657662673642203099e+00
7.423033248698572839e-01
1.011484051839700138e+00
1.086798239150746026e+00
1.217984859408330678e+00
9.568817229166645122e-01
6.313066828051187018e-01
1.075969309886881664e+00
8.591474031746484386e-01
5.244535733771495956e-01
7.649700079553927168e-01
5.927886218529683227e-01
7.647218791495860035e-01
9.203262514235203140e-01
7.206685909533825374e-01
7.230600762163501560e-01
6.159301291464587269e-01
1.201222005649999813e+00
8.613960659546321397e-01
1.146402735792299676e+00
6.575018921315670672e-01
9.399194903393488509e-01
8.647689768364487106e-01
6.037572731129998704e-01
6.100877450724562223e-01
8.331758272113116703e-01
1.195130260535615108e+00
9.484492930032670799e-01
7.304302088871644782e-01
6.959370850791273266e-01
9.823904270036777353e-01
1.372713593502236096e+00
8.753663839405777525e-01
8.081894394726875097e-01
9.765722231156279687e-01
1.024310174110275362e+00
1.023652897267764761e+00
7.132934852147245763e-01
1.340464533049860352e+00
1.098026258998306304e+00
6.472104348349917435e-01
1.003665420847655643e+00
1.314503838842749461e+00
9.389671410254148975e-01
1.260529862677671531e+00
8.117966470255560951e-01
7.594279250654910607e-01
1.259497581620002249e+00
7.407272276385329368e-01
9.891621353431829800e-01
9.245383651392850011e-01
1.138593692966760162e+00
1.334566580670881963e+00
9.286856231778590764e-01
7.183134667906792004e-01
8.218095787178631983e-01
1.106917553087754191e+00
8.773533252277248007e-01
1.185987333415351008e+00
1.104930760238918008e+00
7.298145683188731470e-01
1.007446117314618528e+00
1.170324896949197724e+00
9.173196908034899621e-01
1.152297372057337732e+00
4.890351210894763878e-01
1.153296193632658451e+00
1.100689657900227436e+00
7.961700690806291503e-01
9.661566722557048958e-01
7.084537273919760958e-01
9.044833419127533691e-01
6.067736365732173676e-01
7.965510446836717717e-01
1.165452503705950882e+00
8.159380816586396801e-01
1.159762921725718154e+00
5.876044140159377704e-01
1.106521417015690734e+00
8.836207158334139500e-01
9.963668576142232780e-01
7.850552965708862407e-01
6.316137053457263617e-01
1.097443888424695979e+00
7.577238520612511463e-01
6.234187019580131883e-01
1.046333511847716835e+00
7.829895727285146600e-01
1.209543550835195935e+00
8.986509202360686288e-01
9.810508997727844793e-01
7.191220383443415187e-01
9.315580333057820184e-01
5.922954185912240321e-01
9.696192067948833371e-01
8.660864371420715635e-01
8.627754605754320849e-01
1.082097160990035833e+00
1.007426705437993730e+00
1.381392839646040649e+00
1.013587901985838924e+00
7.156328662060462698e-01
1.154206811252451503e+00
9.846205773202690859e-01
5.988132451168848291e-01
1.411667662267350742e+00
9.319539242897928455e-01
7.731891385372842151e-01
1.509590949202158416e+00
8.967683746562015168e-01
8.031668628599211157e-01
9.339772380418983611e-01
8.599389750012732536e-01
1.037035789972486910e+00
8.682474257592809330e-01
9.106347903706270008e-01
1.230871608679745544e+00
1.322452028657783440e+00
8.522226803200191325e-01
1.262516705339893575e+00
9.220780159912604912e-01
3.484295616429737286e-01
8.266446116894829999e-01
1.215548721395841580e+00
9.518629442691602938e-01
1.020573966502444030e+00
8.163784057215446310e-01
8.303091499194903413e-01
1.075056217003975911e+00
6.323487209534267572e-01
8.152976013940583799e-01
1.080844146722281796e+00
1.243714163584664911e+00
1.074858860742111899e+00
1.063077288294021372e+00
1.244765175585099470e+00
1.270087916534726302e+00
1.008566121666373272e+00
7.254748841407131499e-01
8.071800210183410762e-01
1.054117471442822529e+00
6.959399556528622632e-01
1.112617283425533232e+00
1.380539061647015675e+00
8.096899771614671781e-01
1.253584585630833415e+00
9.988507846009702096e-01
6.345873207789378689e-01
1.033019179325202375e+00
9.071453698182290193e-01
7.931403722734445827e-01
8.567422903077032137e-01
9.133950946427382700e-01
9.026529031525631908e-01
8.132125366240041675e-01
1.293622842110695892e+00
1.533840360187035845e+00
9.648157487944426514e-01
1.363713772924780132e+00
1.465351523096569464e+00
1.122156752479605224e+00
1.183763126733790916e+00
1.259387562372100922e+00
9.477081402941371913e-01
8.677709543284735094e-01
7.596421184791034564e-01
8.932301581014731040e-01
9.807090982914223876e-01
7.587886109568799942e-01
4.419136683382646758e-01
8.678423258975879184e-01
8.121626236690225875e-01
8.578008755268932140e-01
8.671809435977446689e-01
5.332447517523988267e-01
1.454210379651461382e+00
1.347339491298090053e+00
1.023074720315107156e+00
6.022574868809933424e-01
9.255963885103513089e-01
1.015814653087094843e+00
7.222161685264605335e-01
1.212551704322940793e+00
7.762215569049363273e-01
9.941827659313678955e-01
1.013369606931191935e+00
8.571889298496193632e-01
6.255779428379053542e-01
9.315097405033182509e-01
5.136704433724652574e-01
1.102105685558251835e+00
8.729764166939785186e-01
7.394519384310530574e-01
1.175612005597389098e+00
1.158631557245417998e+00
8.277615580075119439e-01
4.257600121174888730e-01
9.730162465084827295e-01
8.524609260763227336e-01
6.348178965736367418e-01
8.000703036763067155e-01
6.999884484498957171e-01
7.639494917814777519e-01
1.033890561681124698e+00
7.148601878106373153e-01
1.155669117518989264e+00
1.401323917804351726e+00
7.211371915623017159e-01
1.110155994463996265e+00
1.006586062995708408e+00
8.968552816686675699e-01
1.035251969450697418e+00
4.478405968957028804e-01
1.263645814768978193e+00
1.180075920021599334e+00
9.023923062372636306e-01
1.379583621150269668e+00
7.225261990911301391e-01
6.178050084215985782e-01
8.678024732600467805e-01
9.159694272384729663e-01
1.117542940255199735e+00
1.150920102393263811e+00
6.998495191232386725e-01
9.504145723824261038e-01
8.431430590321183915e-01
1.188562642153935256e+00
1.043149452966727564e+00
3.998935947963553339e-01
7.963444027645272261e-01
1.213963953237652937e+00
9.024480227229387808e-01
1.300788376008574554e+00
1.171838168890719123e+00
1.409297418403009150e+00
9.956672616169268686e-01
1.291370479792466330e+00
1.026721637753302385e+00
1.198834158262813032e+00
1.458070566772774690e+00
1.169047199800570702e+00
7.353430551885262734e-01
6.156246138490842901e-01
3.570522415106865410e-01
1.045491291867772343e+00
6.102176041565680054e-01
5.180197659828186252e-01
4.688731961024087957e-01
1.256740203576763193e+00
8.610353838657955894e-01
7.958995829554332824e-01
9.996706282335655613e-01
5.382110845461246518e-01
1.132114296079869575e+00
7.679974286476689560e-01
6.208323393580047478e-01
4.913641144771161429e-01
7.927617345784238045e-01
1.333568170601408420e+00
8.196684854902367423e-01
1.033889016232699909e+00
8.762397420347496357e-01
1.078411861091302937e+00
6.648666422382640828e-01
4.746005506402627416e-01
5.221386214253819213e-01
6.694564029557691365e-01
1.329955707592409109e+00
1.008482903951900544e+00
6.408151574948639517e-01
9.489760293896324361e-01
1.392023198786703775e+00
7.289428153811758904e-01
1.197638656906109045e+00
8.899517589761268832e-01
6.266947078580529240e-01
8.997298621253414508e-01
1.031059442252799885e+00
6.346340327127352188e-01
4.746005506402627416e-01
1.136215641154765033e+00
1.257600467997375127e+00
9.829387438610985850e-01
8.819359413143155191e-01
6.821461700603825840e-01
7.909934483577100162e-01
8.685455378874877841e-01
2.750520853682745237e-01
8.741655114918556180e-01
9.617090952407455484e-01
7.145274656281965786e-01
1.028054912228756779e+00
1.209644560992780393e+00
1.051344402988445337e+00
1.172228828593459893e+00
6.951803824773791218e-01
7.059636655028317387e-01
1.199135015918213476e+00
9.935307562448174590e-01
8.844213027625363877e-01
1.195622639691770850e+00
1.152712655038863776e+00
8.727574067258789814e-01
7.811918629509204681e-01
1.155271938210358673e+00
1.273018357350881091e+00
6.885259900947775513e-01
8.146814735237917215e-01
1.116998206880005950e+00
1.105428056776436296e+00
5.460061673694874829e-01
7.665328128408858133e-01
1.161137827024938396e+00
6.034681648158604084e-01
4.238158951107467987e-01
7.136680335366388794e-01
3.420037758628152180e-01
7.296250375527493226e-01
6.698746964602945164e-01
5.960478481988451538e-01
8.048984337700245684e-01
1.256615719673092491e+00
6.587297288420482788e-01
1.020017453713953248e+00
6.409842371631885305e-01
1.249214967830938328e+00
1.188844029993239459e+00
1.321856587838566410e+00
8.358507598942966910e-01
8.654488075131729907e-01
1.108126877409023825e+00
9.587141694512523182e-01
1.003768401572382007e+00
1.087731482252205728e+00
9.362539234073354866e-01
9.336931798157087625e-01
7.112286653900494748e-01
8.645487861095184634e-01
7.081657853425995519e-01
9.678237037368156992e-01
1.078223568101133845e+00
1.448550869810591335e+00
8.036211437502285282e-01
1.032861597600800874e+00
1.037145598304047844e+00
1.153624995428042865e+00
6.402907307006806548e-01
1.008234404484698699e+00
1.174466387451828409e+00
4.419136683382646758e-01
9.436590059903845473e-01
8.769333454226764246e-01
1.391695980010793310e+00
6.298762001407413047e-01
1.386468170381481180e+00
6.490375661303843247e-01
6.029168691956326986e-01
7.104588005499923309e-01
5.359938454678023767e-01
7.128126581656099026e-01
1.150674770299116467e+00
6.067736365732173676e-01
1.034295611018758887e+00
9.221845797155375779e-01
7.587604894015719248e-01
8.575698272584771908e-01
1.176020293998215394e+00
8.063324426898957897e-01
8.506329571544726242e-01
1.041134633227366768e+00
8.978664535258842339e-01
5.674441185196318349e-01
6.683956268856109384e-01
8.917296535829823956e-01
6.404782581933983199e-01
1.061379136284004376e+00
8.417221691215639456e-01
1.088915325564736580e+00
1.099431107685115538e+00
1.102078755717518677e+00
1.162071291575118570e+00
7.211371915623017159e-01
1.020950017178041680e+00
6.251877306060911188e-01
9.524549049499784203e-01
1.193930385306332331e+00
1.310161691976785114e+00
9.552453208266324935e-01
4.733762158695178357e-01
1.133278983039760712e+00
8.213125267448512234e-01
7.713044844850777126e-01
9.624036466201633111e-01
6.259440237601137103e-01
1.089553035957697258e+00
1.125212350867062616e+00
7.897397801000892725e-01
1.052120080320344320e+00
6.707042482343834600e-01
5.546221057505408281e-01
8.286847203525076200e-01
8.297619059997608515e-01
1.380518600284005082e+00
1.122756054930956093e+00
7.934882689037349168e-01
1.092960203033171096e+00
9.018970257666936163e-01
7.961235083528086509e-01
7.967409399220197752e-01
9.157109995730603469e-01
8.879679480736700770e-01
8.489927188650292500e-01
7.529196624146927697e-01
1.124099733651978683e+00
1.194109934181667887e+00
1.242743297968448735e+00
1.174849394815532078e+00
9.104354483615982874e-01
8.686756558020189978e-01
8.298402594248419639e-01
6.990755077214232394e-01
1.254002368836945047e+00
5.100716865451777604e-01
1.106788221005984729e+00
1.108888174252542491e+00
1.166709476718360561e+00
6.095404571126713522e-01
1.074126016211144785e+00
9.735709582468696777e-01
1.334981731219858858e+00
1.061798001281182735e+00
8.295487380561405999e-01
8.401735828629156577e-01
4.984444911030382896e-01
7.493079606792606429e-01
7.584712585637392035e-01
1.182450457232597563e+00
8.101485996889618013e-01
1.150896871492053330e+00
6.240166166273829473e-01
5.012004256191685547e-01
1.351135664679509629e+00
8.962927819808120811e-01
6.352864580247818971e-01
7.690079646085031806e-01
1.165139071087510025e+00
1.254859175795416837e+00
5.193809123029392572e-01
1.108951875126244824e+00
8.535038932643950194e-01
8.326366798906301714e-01
1.096820722077555210e+00
8.784229211592068376e-01
7.663687809016114239e-01
1.253219443981370418e+00
8.451041854072240955e-01
6.365415294523446565e-01
1.407907498695493143e+00
8.428171997991706910e-01
1.224494782007301774e+00
9.780397017510645830e-01
1.013327175578959238e+00
5.618815790351164852e-01
9.398305376048687876e-01
7.938198214120851803e-01
3.599418867343339157e-01
1.503024687895920142e+00
1.053556251773449359e+00
1.108812698616857606e+00
1.442283570144665239e+00
8.063324426898957897e-01
1.009756772334795993e+00
1.171859441358856779e+00
1.136134469332167773e+00
8.049963962375232818e-01
1.059142382489436596e+00
1.398731715086627414e+00
7.925902559666052616e-01
1.329728989507014347e+00
1.203274653403284544e+00
5.111548121147662105e-01
8.522226803200191325e-01
1.126180590125331227e+00
8.298336363966241080e-01
9.454636262575756289e-01
1.212693557367885200e+00
5.772986092928411583e-01
6.957284897577526994e-01
9.134087703676483372e-01
5.165321208658998353e-01
1.009668960127366066e+00
1.075017038233849309e+00
6.662530354272513389e-01
3.451532457542847987e-01
8.852619594738939668e-01
9.194308357211071758e-01
8.181737441487242357e-01
1.023607117391954091e+00
1.007897030784401737e+00
8.675290152888537332e-01
8.903850366078516210e-01
1.138670805925000140e+00
9.155292294843794254e-01
9.465266280592080639e-01
9.047675521037228386e-01
9.339282861700658467e-01
7.806730296716902773e-01
1.347339491298090053e+00
5.336484009465864986e-01
6.744158502798170973e-01
1.250025018569340896e+00
1.007856231766568689e+00
1.015245417027277774e+00
9.026739184482368561e-01
1.205071369717060747e+00
1.304734192093232048e+00
1.013942790240076608e+00
7.946590541044771250e-01
6.881455848842318312e-01
7.397178400805962672e-01
9.231556773458535758e-01
7.432242741681657217e-01
9.552988196197417237e-01
1.160095982121791325e+00
6.991500733749582697e-01
7.126740333049038645e-01
1.019580827788898469e+00
1.103257556114985771e+00
5.460061673694874829e-01
1.019580827788898469e+00
1.122977573976039478e+00
8.826295651186345514e-01
6.140126213155032708e-01
1.337526198668009814e+00
6.911134288402970283e-01
8.152259136577095777e-01
1.069914726216561363e+00
1.488239054473334377e+00
7.025495546778092182e-01
1.154889768117840276e+00
1.108487214930932163e+00
7.402434341600003798e-01
7.847871589934308778e-01
1.321669265243909486e+00
8.905791588470700626e-01
8.844213027625363877e-01
8.047742192853468701e-01
6.015639140916045902e-01
3.055314483240110235e-01
1.006940220934149588e+00
9.179117897963969819e-01
8.168705884513185467e-01
1.243733278607843440e+00
2.849407518666031702e-01
9.347258360430322766e-01
6.587190542885204003e-01
1.196637117352779889e+00
1.279945904337143059e+00
8.469518710216263901e-01
1.251734993515825067e+00
1.239521797920047463e+00
9.045465943023701660e-01
8.432632459312506823e-01
1.064648498585667014e+00
1.149444083459453481e+00
6.225781060117776544e-01
8.390126227197064468e-01
8.520657517430811900e-01
1.005654731312381589e+00
6.742092154271400739e-01
1.020217986748369388e+00
8.776101475432671606e-01
7.606274668412612572e-01
7.209169836493312111e-01
8.300453262352379680e-01
8.237404768109494180e-01
1.162709676064396680e+00
4.473817414540402493e-01
6.872123194284712744e-01
9.135888674939619536e-01
4.670581708464919823e-01
1.002257968851901770e+00
7.617218969872807666e-01
1.078193170443772386e+00
1.159155200919899986e+00
5.357762036717386156e-01
9.143823671233243244e-01
1.453078216528384203e+00
1.235690256893018368e+00
8.341190085362041318e-01
7.648897734013878624e-01
1.039726825745879601e+00
1.011121990664634485e+00
6.985139595350434716e-01
9.925101057806919869e-01
6.753017487399252117e-01
8.936791411328239843e-01
7.896764859432348072e-01
1.395895423050589113e+00
6.601500233956070218e-01
1.282715253124519394e+00
1.068997489898035669e+00
1.329536500139887112e+00
5.173371994145163910e-01
7.586387157405870552e-01
4.261421077428024784e-01
7.951408229189288468e-01
5.320925015159621019e-01
1.012301459976420626e+00
1.147482482596522191e+00
7.210471400835277711e-01
8.034984235559315957e-01
7.132999628606028208e-01
1.061379136284004376e+00
1.075165724459033578e+00
9.800509212268808668e-01
1.047236034852150777e+00
5.528503467602660093e-01
7.770776909400088917e-01
1.057337831746604007e+00
1.300166803511044300e+00
1.007951870442375553e+00
1.306265947705238517e+00
7.624662167570585014e-01
4.960140347689195872e-01
9.966419134990491813e-01
1.330504381464516994e+00
9.068715209985498404e-01
6.698746964602945164e-01
1.289480941235803479e+00
9.621449859958552953e-01
1.286721787056550381e+00
1.037335587285659999e+00
8.366302113960050191e-01
8.872305921028587061e-01
1.196143518652533100e+00
1.317591591180297783e+00
7.318158547826586480e-01
6.948845402776443470e-01
1.108084060247155556e+00
1.188436235968640453e+00
1.121625570717802223e+00
9.394122500369556095e-01
7.629610255374711381e-01
1.067641729247253535e+00
1.018342391306997552e+00
9.911401579572340914e-01
1.221493888497628966e+00
1.122746523437878396e+00
5.733174290934585082e-01
1.026591547343502997e+00
9.973475159001963242e-01
7.999042494112545976e-01
7.116336925427515503e-01
9.593052962247925475e-01
1.233852178314100545e+00
1.025978255182785848e+00
8.165187398675409769e-01
1.026928589629691357e+00
8.559254078481837169e-01
6.590896960891932110e-01
1.503024687895920142e+00
4.052366902754050981e-01
7.883584892052973858e-01
6.287494196295003723e-01
8.039131594259865121e-01
6.526497172916293499e-01
1.136456037929267193e+00
7.544093629804673462e-01
1.028697903753709397e+00
6.863334754993674069e-01
6.060117508121215524e-01
1.161731004253882427e+00
1.074802526748761533e+00
9.400870031126113968e-01
9.160934649829370890e-01
1.154471582837087729e+00
9.841720568183555118e-01
1.199776082405530797e+00
1.026249921446621416e+00
1.007006237866897580e+00
8.489927188650292500e-01
1.099511461987957794e+00
1.174951761637608838e+00
7.331660783423209482e-01
6.351289357115763590e-01
7.809099847324920685e-01
7.713943730573710189e-01
9.358039492959453476e-01
9.961092340539139389e-01
1.428868290481285053e+00
1.084887083447998224e+00
1.137923854231919885e+00
8.137673053935515766e-01
1.083364382223025002e+00
8.978251216958862413e-01
5.930474611036345989e-01
1.201646260756142670e+00
5.938101964216855322e-01
9.246954278893074752e-01
6.099235367335433811e-01
8.752018026448259436e-01
8.576061277592853527e-01
6.587190542885204003e-01
7.014850765325264526e-01
9.998193769698546784e-01
8.039506025390414923e-01
4.186699526143430328e-01
1.026749022615511597e+00
7.017236643958346676e-01
5.147777628537407724e-01
1.105374870971750356e+00
1.056552253406624953e+00
1.251085346355402361e+00
1.160278830837825570e+00
1.237707931317340915e+00
6.416007264065556326e-01
4.455231210264190556e-01
6.089354798431042548e-01
9.077865091024551747e-01
1.231631959514609465e+00
1.009911942253971739e+00
9.321898888415456330e-01
1.131694076318086273e+00
1.235486387023218668e+00
1.025842086595765590e+00
8.642577131978056437e-01
1.370466640848548190e+00
1.213735715528597270e+00
8.710732190152236099e-01
1.177085391050312291e+00
8.524474937450963186e-01
9.653076065433704445e-01
1.083959165142233338e+00
1.139178605825778456e+00
8.126212105703236599e-01
7.983354154335693398e-01
8.242712611931986011e-01
1.326198402396940423e+00
8.134788858787117549e-01
9.304891532994514769e-01
1.009712437202330060e+00
1.014279748890976940e+00
1.128074293601284195e+00
3.060499121009370715e-01
8.324004323761234891e-01
1.017516352094032683e+00
8.708103348649356423e-01
8.135714200601742441e-01
1.161118819983582462e+00
8.447449166011448130e-01
1.099334403234733637e+00
1.072762031256492943e+00
1.102098013349352090e+00
7.090478881089943286e-01
1.038935591364204214e+00
9.393851966486223004e-01
9.707464584717696576e-01
4.919452461462971993e-01
1.054691907164248210e+00
6.626272643539156126e-01
8.978251216958862413e-01
6.134713261559064934e-01
1.006159685745004140e+00
1.174858999634676548e+00
1.020049114733028617e+00
1.297642875696803033e+00
6.500465358547058425e-01
6.331779656944603873e-01
7.246556298260887763e-01
5.116450124223188567e-01
6.593903321696356068e-01
7.643816699786752933e-01
8.467799110761257131e-01
1.148367564683880016e+00
6.103644493278024274e-01
1.115741296275492900e+00
7.567669507790210082e-01
1.006815855885186961e+00
7.877074911946143621e-01
1.206378167014579672e+00
6.268230818315833064e-01
1.155271938210358673e+00
9.212558656457948691e-01
9.973585231117937377e-01
9.313585027878269473e-01
9.122033894629061335e-01
8.106138987363326054e-01
6.352864580247818971e-01
1.330536291661589043e+00
9.288431428087365882e-01
1.465351523096569464e+00
9.500678187904593175e-01
1.045756241016776444e+00
6.192248202143395552e-01
1.009412815831333798e+00
5.606550632078390883e-01
6.070736781955899941e-01
8.476581759852589437e-01
8.133682733639597817e-01
1.056321041573811348e+00
1.266863377862561535e+00
8.507509020713789338e-01
6.716455308156350501e-01
8.526804107285816947e-01
9.044833419127533691e-01
1.168795424081933598e+00
9.956672616169268686e-01
8.512601991124841838e-01
4.691583516621605221e-01
1.079089900684125247e+00
5.283441131144877012e-01
7.890015592228601937e-01
6.650446920422371511e-01
6.457489811402253865e-01
1.007624077310702804e+00
1.153790272848026932e+00
8.625691002012235709e-01
9.198829701549926519e-01
7.779004316902974336e-01
7.482756285694506238e-01
8.454880281459584701e-01
8.936683209862453792e-01
7.806730296716902773e-01
6.933950121787336718e-01
1.069152811807066117e+00
9.863977377987939166e-01
1.195822128616986779e+00
5.198901115290512909e-01
1.085223219638487224e+00
9.262143693366743369e-01
8.377479966596710348e-01
6.314889124978066981e-01
1.022492896652839933e+00
1.062276885086295808e+00
9.918883532250435398e-01
5.568938667953720056e-01
1.159130461785369270e+00
6.915458343208896741e-01
9.762876969315331666e-01
8.578028699761283127e-01
6.758949489255787757e-01
6.713059928185554082e-01
7.389978139863951911e-01
1.163566562811315874e+00
3.362999378475699519e-01
6.678951621088171642e-01
6.623268067076238941e-01
1.298624610559466097e+00
6.834677242458765400e-01
9.186504728976395695e-01
3.058205199448884581e-01
8.492821395855322253e-01
9.390271880209003497e-01
5.320925015159621019e-01
8.532773571961914660e-01
1.008777794553254337e+00
7.898471741874566465e-01
7.663518975176132342e-01
1.263884769980387013e+00
9.791743987062389021e-01
8.449167773389496539e-01
8.884584301976189424e-01
1.000035999305421974e+00
1.006436312965568236e+00
5.546221057505408281e-01
1.106499368217643609e+00
8.514617385442874165e-01
1.142919544602026827e+00
6.942132952021471404e-01
7.544758387495018592e-01
1.334567375590785199e+00
8.394840903345135441e-01
8.728485362933581237e-01
6.818349121285856018e-01
1.090338310401992583e+00
1.421968815600474612e+00
1.198096999905027049e+00
4.858602137865800086e-01
8.812186570393926166e-01
9.076697140988710943e-01
1.033509714452632622e+00
9.045197966220117625e-01
9.004473117082669731e-01
8.679179855641616648e-01
1.149820854939649806e+00
4.481466140116249219e-01
1.098874676255765070e+00
1.129621755228028990e+00
8.598880279475594746e-01
8.525453873528785476e-01
1.108697061588333366e+00
1.313836574275288216e+00
9.281703787058097621e-01
1.132962174125049959e+00
7.296288633259448986e-01
1.059142382489436596e+00
4.981594961712241809e-01
1.153296193632658451e+00
7.248335408219752640e-01
8.224725078382311150e-01
4.575531369094547052e-01
1.037558798632656210e+00
1.000546208467354647e+00
8.381876842355744373e-01
9.177469110271355701e-01
7.797790884367413744e-01
1.005370071076507443e+00
6.507332860333134850e-01
6.304515013966811576e-01
1.078419781670755473e+00
9.100164526570149182e-01
8.892794827070196195e-01
2.061187166038890517e+00
6.572118959369048774e-01
8.914942494707295273e-01
8.867457641002239876e-01
6.079032129105798044e-01
6.507746646922174527e-01
1.001447406466017487e+00
7.640627477882885321e-01
8.709439450941994787e-01
8.703401840279082480e-01
1.177599417838593787e+00
9.254926056787042832e-01
8.384686222425141722e-01
1.045673332152085022e+00
1.216380809966330689e+00
1.111861486284504652e+00
7.459469612816350681e-01
6.222837568521539797e-01
1.277022680610974792e+00
6.975350450298321014e-01
9.336553309562224401e-01
4.214534559822831206e-01
6.368859908212896048e-01
9.339207093354623401e-01
1.273855010315365854e+00
8.066772606518922695e-01
4.888469828463855027e-01
1.431493315197617022e+00
1.143072845255212577e+00
9.358302323679759116e-01
7.066939094830280155e-01
8.852124686614213367e-01
9.297825802454732225e-01
1.114875223191720499e+00
6.538565936717137816e-01
1.193441223424837272e+00
1.088490042801136370e+00
1.085729623619698714e+00
8.158552359653550301e-01
6.001646014375537908e-01
8.844394659204271036e-01
9.397301515552688445e-01
1.453099152188616072e+00
4.335588635299745253e-01
5.906682991727081333e-01
1.044869084711943952e+00
9.768507839169398022e-01
1.172944834400019731e+00
8.969538349385406395e-01
1.117367407779529476e+00
6.443681210459401010e-01
6.438854055921829911e-01
3.463411286842152381e-01
7.601354989244436533e-01
8.767053145810655979e-01
6.936429634753643603e-01
1.130756387743434122e+00
9.779147792170524989e-01
8.778229932300232186e-01
1.334214005923126223e+00
8.039131594259865121e-01
9.123159203356779878e-01
9.217583913009973484e-01
6.905608440777120105e-01
7.803065245687839102e-01
8.228786251152266917e-01
8.747955855152638183e-01
7.125476256852744106e-01
8.000710977392339052e-01
9.622705436861527240e-01
4.332487354131210888e-01
9.679824673984235295e-01
9.463051695292472587e-01
1.519492580167328244e+00
1.028600744812668610e+00
1.190645579930030173e+00
9.198606797503829924e-01
9.342774003368403690e-01
1.183383174361458234e+00
9.979614181783998950e-01
6.444813332174911258e-01
1.047670690119984815e+00
8.152849956878333026e-01
9.312295162604466991e-01
9.394489980951808983e-01
4.881959528277874383e-01
1.006747417858903981e+00
9.381390772229468711e-01
6.078514975530333597e-01
4.902165691343418064e-01
8.294885895255991182e-01
7.871135068452067562e-01
8.449334435111282016e-01
8.027959460780643708e-01
7.420560777826145094e-01
7.975257436915409448e-01
1.146832904146568799e+00
1.065568603127756919e+00
8.199128083257150035e-01
9.048220955000910726e-01
6.125794312320180790e-01
6.447451539830134637e-01
1.032861597600800874e+00
9.626313187144606154e-01
6.112098224996871387e-01
8.675889017396605229e-01
8.748783057769262683e-01
8.515614968461083789e-01
9.780626184156047120e-01
1.023144241448139535e+00
1.006500928308900367e+00
8.631033847992092278e-01
1.445469222446039703e+00
5.943880348059998875e-01
9.179178869727858681e-01
7.333004532513054397e-01
6.523500920081315435e-01
7.987767285722595645e-01
7.836574965089059264e-01
6.343308052549806453e-01
9.552093429478843989e-01
9.375559482640350994e-01
1.009189118877705793e+00
5.354208497222584517e-01
8.850267399719062844e-01
4.990811698341949820e-01
1.103167904767074381e+00
1.088724899201280572e+00
1.010025858929803455e+00
8.039506025390414923e-01
8.164367531680430945e-01
8.710731089011470862e-01
6.085739364015262387e-01
4.076509948832963137e-01
8.761410058462325567e-01
1.034741616107461626e+00
9.953342895799697221e-01
7.175354970167822088e-01
1.165452503705950882e+00
1.125469245036888388e+00
1.023012943337665792e+00
6.676289859879883659e-01
1.240944656298450299e+00
6.113863918850386270e-01
4.656135717873434166e-01
8.218193288315488454e-01
1.202565789601505397e+00
6.545293071491740111e-01
1.215507011616131505e+00
1.110034111378920052e+00
8.174292745262989879e-01
8.755603312457815868e-01
1.832359774440239786e+00
8.116176886522739053e-01
9.462441475686267367e-01
8.250851387733754150e-01
1.073255754637386650e+00
8.651695963360866992e-01
8.939754310556858874e-01
5.080479013315682968e-01
7.756507702736439303e-01
1.176557241430047807e+00
9.716130234105069263e-01
7.663644141488812345e-01
1.265235572989042545e+00
1.039180976933244072e+00
1.036547948291363541e+00
1.194107945707881147e+00
9.816727488246874689e-01
6.900811315253926326e-01
8.647689768364487106e-01
1.168126218859045773e+00
8.306835907348306680e-01
5.016985172682865146e-01
7.531329799472169517e-01
8.786016279283780372e-01
6.883921833417028235e-01
1.592681022570945348e+00
8.390565361282947832e-01
8.344317884649842254e-01
7.949051109445752772e-01
1.280566970432133855e+00
7.584170237388822011e-01
9.665723349102608442e-01
6.458128165247365438e-01
3.675100414758382117e-01
8.708194965844080482e-01
9.757158632899071149e-01
1.109667154454048177e+00
1.215507011616131505e+00
9.053662184082522657e-01
8.222663611896321445e-01
7.380104046526595463e-01
7.553726616023462848e-01
4.226904740171159025e-01
7.692972236528048402e-01
4.842515126215999888e-01
9.390271880209003497e-01
7.769273523732689313e-01
1.443460183509703842e+00
7.043407515560083931e-01
1.041570365004861110e+00
8.451457785432127112e-01
9.414510175311466833e-01
6.849258959875428321e-01
9.486058161843508030e-01
7.112103345346947325e-01
9.263546681912980807e-01
1.205650564987247098e+00
6.647877911305835053e-01
1.192476100674791484e+00
8.729210825244511085e-01
1.137426326139032273e+00
1.057732758586230615e+00
7.189561694730679520e-01
6.504490363713943957e-01
1.061294996193818507e+00
7.440090886710860607e-01
9.181341647686400709e-01
1.142544710181396805e+00
8.506178573784151098e-01
6.024784129846147973e-01
1.022403209775546218e+00
8.906071926024086149e-01
5.285839098655026325e-01
8.966364578071163161e-01
9.010196023749230676e-01
1.106019959760130789e+00
6.875476234656558994e-01
9.700424534527923859e-01
1.478883941677222147e+00
8.690393962848531606e-01
7.393599010937685900e-01
9.036169199893422377e-01
7.397225683616830416e-01
1.044046167073274356e+00
8.735218430561966230e-01
9.654567751965009714e-01
6.237315644188806685e-01
1.035057184859857538e+00
1.346520291307386819e+00
5.678024044602441034e-01
9.979614181783998950e-01
9.798227649304971365e-01
1.248834617335098818e+00
8.939570371835292573e-01
1.022969203153293982e+00
1.067756557578666499e+00
8.028350020907855100e-01
5.683470870979419054e-01
1.058441190774205065e+00
9.558660766879849557e-01
8.649485835493935237e-01
8.594406647478156636e-01
7.624662167570585014e-01
7.209623595514743633e-01
8.368689110686803323e-01
6.436193518800570335e-01
1.026501531332994155e+00
1.171953347853490257e+00
1.261188450302160424e+00
5.189789913570657109e-01
7.958995829554332824e-01
1.036944646513319190e+00
7.293796477674148182e-01
7.941408336979771665e-01
1.537017327008323830e+00
1.292624343208815363e+00
7.683857701898663128e-01
1.045466141752384726e+00
4.645179774814707785e-01
5.622392312137518555e-01
7.747288482183306568e-01
9.717949161490834209e-01
1.118086618064046744e+00
4.717060721186805416e-01
1.018702846140201457e+00
6.400938736857884059e-01
3.448017105030771190e-01
1.264468665408110981e+00
7.278614079656238189e-01
1.062990410470293190e+00
1.070874476660510277e+00
1.052196020697533596e+00
1.001204118645092844e+00
7.618227412051222780e-01
9.221531217066041286e-01
7.688542271185927479e-01
1.149149667926596230e+00
1.163154744849334010e+00
7.545995102585608683e-01
1.205882922552781178e+00
9.755470314809340238e-01
9.043710935696062103e-01
1.637929964079742229e+00
9.055729252549284958e-01
8.924884721542044597e-01
1.096583506515023343e+00
8.075866809276333047e-01
7.861702075136086654e-01
7.710934471877751717e-01
8.971928872960682755e-01
5.413846899264597168e-01
4.957520910951334070e-01
7.082008898202982738e-01
8.087658046588686034e-01
1.459152948019037499e+00
6.906877438745183673e-01
8.497147851562510956e-01
1.030289129024160921e+00
6.877740738371731499e-01
7.105375701539112798e-01
1.280566970432133855e+00
7.244510470432975469e-01
9.531403484899949596e-01
5.654387049297546763e-01
