9.865096957942611766e-01
7.214124295588343339e-01
5.693606299294596829e-01
1.429640544235792454e+00
1.275982002456989228e+00
9.726122122366992473e-01
1.165929435370047784e+00
1.048312388276411378e+00
9.141509630794292240e-01
9.640851561134289316e-01
8.971697075957605350e-01
1.052719067492757121e+00
9.880720144963645035e-01
8.613862587603579035e-01
9.501213715758585199e-01
6.912142209057486886e-01
9.192456589447335347e-01
1.139015661621985753e+00
7.899677392276180932e-01
6.897151917228470097e-01
9.217488224584312606e-01
9.855301805381007085e-01
9.939983111921517622e-01
9.107403494267252153e-01
7.679555178917996106e-01
8.364077560392756405e-01
1.180685846164435837e+00
1.346259987704399474e+00
6.822615252097666838e-01
9.936192292012057115e-01
9.304891532994514769e-01
1.289604112384405754e+00
7.572202866966053492e-01
6.233920207329994856e-01
7.590073042375496959e-01
1.258059850477517783e+00
1.662689273696436043e+00
7.457934377851982433e-01
1.334856924686976587e+00
7.967409399220197752e-01
1.125113152907209813e+00
2.061187166038890517e+00
1.049302292249723934e+00
1.020286228338652901e+00
1.028693355651922658e+00
6.895966244551720026e-01
1.284228792758351556e+00
5.185966991095946055e-01
7.178026734024687272e-01
8.981815673943303047e-01
1.363713772924780132e+00
8.181613660337765381e-01
7.800187772801947528e-01
1.051016639133510289e+00
2.342771882024986319e+00
6.779521519893744186e-01
6.454288290107905723e-01
9.883197083869383892e-01
1.125663400597134656e+00
9.351674104705768320e-01
9.892370575140805311e-01
5.775683958013733132e-01
1.024562777818116999e+00
7.552443698664396132e-01
1.143399735790095129e+00
1.108084060247155556e+00
1.005209750734214369e+00
6.812829618040251445e-01
9.652662307335587721e-01
5.187356466932090404e-01
1.012842019602573584e+00
4.913641144771161429e-01
8.392795051002843731e-01
1.089001156693178540e+00
5.867829407463779345e-01
9.064320399798910799e-01
6.416192427787271724e-01
9.805640617105241263e-01
1.007889346525172813e+00
1.111661900823365912e+00
6.039209437357646593e-01
1.056793816775856154e+00
5.585420693024426564e-01
1.279537369080951503e+00
1.210091188579439647e+00
1.244765175585099470e+00
9.500633909930642496e-01
5.430643156983900877e-01
9.990561924485312773e-01
9.619052242313897993e-01
9.068448864328855219e-01
7.608347981184706565e-01
6.821211836390181915e-01
8.627953666213060702e-01
5.385977801381696128e-01
7.973279265780527370e-01
9.496681803744014827e-01
6.161430076480395313e-01
4.250730042350600035e-01
7.943869622071021430e-01
4.914649140018050311e-01
5.820508678663032232e-01
6.757356218889088995e-01
8.551463103987554382e-01
6.995392798607908968e-01
5.853919070980286854e-01
8.176645636368169434e-01
7.764837567377181893e-01
8.861826306510671714e-01
9.952263268173344724e-01
5.259980394568172235e-01
6.094265444266152576e-01
6.852628596439345188e-01
7.367305590128567783e-01
5.982850869592872822e-01
7.628880066124138493e-01
2.342771882024986319e+00
6.031652141776667753e-01
7.695823018495385748e-01
6.156760728650846337e-01
1.176585241658148817e+00
1.028860243115950590e+00
8.619980389218312444e-01
3.474729244187165222e-01
7.181217527694193636e-01
9.390495567083970707e-01
3.391888160780764938e-01
7.008473994300025156e-01
8.145715976478047349e-01
9.870648218067625823e-01
8.481908689204838980e-01
1.061085071203840435e+00
9.212364465811642145e-01
7.632503684760967300e-01
4.725340854688894199e-01
9.629776016891828938e-01
7.059636655028317387e-01
5.546088692858345270e-01
6.896708587658547662e-01
6.363294783190146520e-01
1.079821343438999603e+00
9.350277624579923508e-01
1.015247507864055265e+00
9.951587040903553394e-01
6.703141316834696495e-01
7.909911273131352560e-01
6.544899404747441807e-01
6.115868862832483099e-01
9.668717739613860163e-01
1.179912764478143750e+00
5.543742051729242393e-01
8.479304044608717561e-01
8.461867809674695762e-01
3.076784044709403587e-01
7.349503326648503254e-01
6.246887317924658678e-01
3.440339660859128568e-01
1.204018441754757696e+00
9.511524026336041215e-01
1.014418057620879887e+00
8.168428001113375858e-01
1.259270972953078660e+00
1.155659581729680641e+00
1.024220051583405233e+00
1.035568363858057728e+00
9.116892856921897659e-01
1.007599111699208461e+00
9.953342895799697221e-01
1.123588007565830438e+00
9.690589280855571586e-01
1.256740203576763193e+00
4.901982199217577163e-01
6.732251715910959611e-01
1.229290883225214959e+00
9.973641212644049903e-01
8.605335956517426999e-01
6.204293073389299806e-01
1.014429400550153515e+00
9.287920589648100966e-01
8.102911891344727335e-01
7.069931332383823097e-01
1.489791615751437703e+00
1.304242134223349225e+00
6.028647659907347967e-01
1.172550584167931786e+00
6.112286320355083680e-01
9.564587613167133684e-01
5.130254729468948227e-01
1.224494782007301774e+00
1.389365379384806642e+00
6.646863774843982942e-01
8.648413612336364187e-01
8.807115169138648447e-01
7.949824843252539797e-01
7.795621087641216862e-01
6.157339669038510710e-01
1.367833804344458448e+00
9.477081402941371913e-01
9.561321860380960214e-01
1.071806174690154156e+00
1.063033606569201872e+00
7.762215569049363273e-01
1.272397062985214156e+00
1.108476956224933918e+00
9.612118022460283129e-01
9.111050030382630283e-01
8.928688516806257969e-01
6.613621842106170989e-01
7.228673853022775653e-01
8.265650408913232106e-01
1.015269996919523354e+00
1.337626130983179173e+00
1.106625564246345172e+00
6.373577269576196080e-01
1.056364561505728439e+00
7.326936949190641091e-01
1.066874444997392590e+00
6.117648524525516329e-01
1.164899208779067274e+00
7.849568222176701582e-01
8.757570861004055907e-01
9.469618712672943639e-01
1.017163917257127403e+00
5.827636794948978238e-01
1.078217957487933365e+00
8.712542044713414979e-01
1.023150373801306134e+00
9.973641212644049903e-01
1.021698435391752424e+00
8.766904522436747005e-01
1.460746975881549448e+00
9.111731121589405902e-01
1.110446583922452657e+00
1.242799873764851348e+00
5.634316645146696390e-01
5.830409015383399840e-01
9.435066670308793757e-01
1.180975879992627320e+00
7.070477170596679573e-01
8.665221337572716065e-01
7.453103819683866149e-01
1.229136306264388301e+00
5.479704224951417180e-01
1.002947879939838138e+00
6.145684458120864724e-01
9.219192564435633175e-01
4.439767753512894322e-01
5.288580826723566775e-01
5.512409242555564859e-01
8.572945676087361244e-01
6.589080861262766042e-01
1.173857321205565185e+00
1.268008221429040017e+00
9.698339427193951590e-01
7.776529446847216809e-01
9.012112878394618054e-01
6.915458343208896741e-01
6.759262252611892841e-01
5.305770210836022738e-01
8.134091186283813890e-01
1.039003588687811064e+00
8.509070022485721863e-01
1.081667510696662227e+00
6.496345127602098923e-01
6.352588003983624665e-01
8.927242142969332717e-01
7.638310846287428291e-01
6.885055305513377855e-01
5.193167431991260186e-01
9.160934649829370890e-01
7.641584300376340622e-01
9.320783820835744082e-01
1.183707138726916908e+00
1.132542284588937465e+00
1.058842465601446126e+00
1.014747916048319487e+00
6.458128165247365438e-01
8.409242557783427330e-01
9.318895076177625691e-01
1.047010547338477648e+00
7.556222916106363208e-01
1.004300801110739272e+00
7.365922477991443396e-01
7.587926453584435960e-01
1.141592155877342751e+00
9.189576997397699287e-01
1.261541284622774262e+00
8.204283646446337563e-01
5.103746366211165952e-01
5.736499322382030419e-01
9.250625721686811520e-01
1.030820350032892962e+00
9.433133062140528491e-01
1.569979169910246997e+00
1.057704333785277173e+00
1.068512498541434041e+00
5.599415269088108271e-01
9.446168636760753357e-01
1.157535000752919263e+00
9.466603989673986197e-01
1.172805629040327702e+00
1.052242127272405181e+00
1.322646379855825893e+00
8.614516459073610077e-01
8.810774778189787160e-01
9.380694534872782153e-01
1.114407235598588120e+00
1.111831999270172622e+00
1.035834332379649725e+00
7.664273438418173212e-01
7.429888878586434764e-01
1.247812254890868555e+00
1.340245127419233517e+00
9.852750139252676176e-01
1.033019179325202375e+00
7.976629637338862322e-01
8.829032194094943442e-01
1.082548252256536614e+00
6.967152932063687132e-01
5.371648389690746317e-01
8.769135330588007093e-01
5.515503054406404315e-01
1.014798348657387717e+00
5.359938454678023767e-01
7.648382818803250993e-01
6.393324198077121601e-01
1.077907891078666802e+00
1.283906945871337912e+00
1.160253583345776773e+00
9.673335413016206363e-01
7.719092965020583064e-01
1.147409607114590058e+00
1.073877410452540815e+00
8.946285136849568831e-01
5.012226846262928248e-01
1.111159835374727400e+00
1.120290973339434171e+00
9.168191216957946033e-01
1.265426006579596363e+00
8.666900096853135116e-01
4.170118712997935573e-01
5.908914329910637253e-01
6.401452974900642134e-01
1.003019220757539909e+00
1.048312388276411378e+00
6.941331089216268291e-01
1.053893487189476064e+00
1.169078945511354384e+00
8.765484299551251635e-01
1.009454470228516199e+00
7.731687133783418098e-01
1.039939128265744861e+00
8.218030621628917842e-01
1.156865033656758524e+00
7.688940165346213051e-01
8.792525549015711706e-01
7.542382881813567419e-01
6.672261440612727856e-01
6.294118894127396224e-01
1.290320274993898009e+00
9.711261738896572737e-01
7.670573696062604752e-01
8.018849476944714949e-01
7.196000313285608740e-01
4.677115291245179662e-01
1.216156150318408846e+00
5.948676936502379498e-01
1.143708354953153261e+00
7.698667635806031306e-01
9.173627393001044794e-01
1.345844018682581522e+00
1.179181501333399495e+00
1.109411284837384049e+00
4.882049558414746637e-01
1.015574739463448894e+00
7.054722980167643653e-01
7.165994198907194024e-01
7.931175537582429991e-01
1.211198936966884299e+00
9.618939163557400640e-01
1.178401314496834162e+00
1.149149667926596230e+00
8.277053323655997330e-01
8.455962336994014006e-01
1.157722677508966846e+00
1.169737864836743135e+00
9.784767152074953511e-01
8.958789106432157867e-01
6.163205486587247650e-01
1.229275745777802742e+00
7.877074911946143621e-01
8.004614839107188073e-01
1.145709618412924291e+00
9.366804863229970524e-01
1.322757209328692785e+00
4.713313074785244750e-01
1.310689459314615224e+00
9.879498419105339213e-01
7.960995682259351947e-01
7.448972122010952823e-01
9.558263592928288865e-01
1.070833973149536655e+00
1.231772531946644378e+00
1.327901634415625587e+00
3.859261665448654455e-01
8.656684068066698989e-01
1.184904845167874088e+00
6.041520701300555629e-01
8.245693463858713157e-01
1.254567699765514854e+00
9.638372119079061662e-01
8.421795528478112081e-01
9.794179201308474969e-01
1.006903168931612580e+00
9.455737976611574558e-01
6.398894106208153909e-01
5.417799807953858071e-01
4.023741199618626752e-01
1.031296742733614824e+00
8.085927858026975557e-01
8.392996115911304233e-01
1.354554214409690704e+00
8.469719455130683139e-01
1.319041301423093726e+00
9.328464875939964651e-01
1.076470127496583329e+00
8.219366729764839841e-01
8.695853954840201405e-01
1.443983468121987634e+00
1.038365168631120605e+00
1.226919593467076908e+00
8.780543292676967759e-01
7.611033246651699447e-01
1.216380809966330689e+00
1.092270248976662694e+00
8.251712829215117617e-01
1.017802499096781554e+00
8.932247146486343992e-01
9.671641886988745496e-01
1.110741117452735960e+00
1.274643746129337840e+00
9.322658942839547880e-01
8.117220702039427138e-01
4.638056416023396133e-01
7.289548039233687549e-01
8.540040927246494995e-01
3.580074239661352742e-01
8.505440390697234232e-01
1.358568557629630691e+00
6.378510830790912189e-01
9.779005779313587610e-01
1.045466141752384726e+00
7.772315773717963783e-01
8.483119417066002921e-01
8.736102174199084081e-01
6.315008102726457073e-01
7.987261707938263511e-01
8.133265118724418707e-01
8.851107815625545161e-01
8.638941454442335965e-01
8.831637463139528910e-01
1.189966380830754344e+00
1.018543287565615518e+00
2.981707337962499760e-01
1.238207898608904678e+00
1.103556251016415635e+00
1.132737160939603083e+00
8.826250316391047734e-01
8.169676016007760833e-01
1.118762060486149457e+00
6.443681210459401010e-01
1.008663170765323525e+00
1.531977577035814608e+00
9.677172443779795685e-01
1.493236880419625434e+00
1.152712655038863776e+00
7.420498575939571406e-01
1.132987833263086941e+00
7.373831207668894994e-01
1.104642313017947242e+00
8.570413023122520624e-01
8.154843764506832793e-01
1.055443976395336048e+00
9.792013734099315192e-01
9.165142144116840139e-01
1.198411823098510354e+00
5.946402121147698061e-01
7.722824593270867233e-01
6.973982326976577717e-01
9.315551972912263778e-01
9.751588875338729201e-01
6.652781691882417858e-01
1.287402822327021967e+00
6.853907761168789303e-01
1.328617914955994017e+00
7.051163279217869118e-01
1.032087697206301113e+00
6.690101830041205178e-01
6.218788552750655896e-01
9.274590617777002111e-01
7.281039152402907222e-01
8.737316242341208739e-01
1.436528980282137491e+00
7.856623070597983371e-01
9.919956351386367555e-01
7.007403923393962231e-01
1.014603870992235368e+00
1.019338107881431865e+00
1.185051023198728792e+00
1.285166202297502336e+00
1.092414176321206298e+00
9.348712268394823166e-01
1.154206811252451503e+00
7.247236038315836293e-01
3.909647991197348627e-01
7.397178400805962672e-01
9.039486598227409742e-01
9.910619759225011149e-01
7.882885289288097397e-01
6.500567546205249236e-01
1.148331518540623097e+00
1.352651452907810858e+00
8.590711544094764562e-01
1.116344749019231308e+00
8.219366729764839841e-01
8.550226445764212979e-01
5.250551990812878378e-01
7.462556463226371894e-01
1.009688353822613571e+00
3.787199594639362732e-01
1.297091138885452466e+00
8.326301134136663284e-01
7.184289062513939950e-01
1.420186089718079581e+00
1.084513076576370860e+00
8.552255393477614653e-01
1.226819059768429199e+00
1.001041646364826843e+00
1.146172617745717437e+00
8.465392245267036042e-01
5.244013016655626469e-01
1.038803587327096212e+00
8.011836237958432916e-01
3.867123222824098705e-01
8.437073692041497930e-01
7.641148789396645657e-01
9.056048455959189170e-01
8.401735828629156577e-01
5.436853036089073221e-01
4.763048719363836558e-01
1.359519314608943041e+00
7.958891249629314046e-01
8.047591061654831845e-01
1.091074173758885157e+00
9.768641396660497911e-01
6.329308159896511743e-01
8.238904735636337628e-01
6.648966980874152499e-01
9.086917000058308824e-01
8.324004323761234891e-01
7.632503684760967300e-01
5.704110013327882145e-01
9.362695690333825427e-01
5.720945913069488409e-01
1.170396354367438052e+00
1.273975878945447615e+00
9.625951336117112289e-01
9.612350670701172994e-01
1.197900377914465242e+00
4.682464309712824346e-01
1.540702126678309192e+00
9.772968817700654620e-01
1.111971116122062453e+00
9.654397207713741880e-01
9.948978685907485797e-01
1.358259045216138272e+00
7.493079606792606429e-01
7.087154549382448376e-01
7.693080997233716634e-01
7.072551622961499307e-01
7.567680748017073800e-01
8.990943499288804874e-01
1.090083552598150929e+00
6.333774175093078718e-01
5.845299827178070950e-01
9.000087965797418654e-01
1.222907590491586038e+00
1.024308017964084216e+00
7.283667712694571472e-01
8.459975647384894160e-01
1.128119402148521244e+00
9.027080380743296439e-01
6.729253636724312759e-01
6.057776246173230961e-01
8.423012127820793671e-01
1.001870573471148829e+00
8.728419063680326051e-01
1.178401314496834162e+00
1.316044951417116415e+00
7.526925716598418248e-01
1.479162483521752502e+00
7.516990920286972244e-01
8.735956209294130081e-01
5.959999692003166150e-01
6.240166166273829473e-01
7.570231974335648317e-01
8.715715193218286361e-01
1.180176243141189296e+00
8.406036374717843485e-01
1.040288587813727128e+00
1.227765799775056843e+00
1.027959412272881456e+00
7.103417237700221376e-01
1.182093455123482739e+00
8.341259500333003674e-01
7.176223847554826785e-01
4.109947733296323569e-01
1.208674575971626197e+00
1.024317286506039038e+00
9.156258807440313952e-01
7.525090720990597060e-01
1.164990667255769496e+00
9.501647896149920669e-01
1.169047199800570702e+00
1.053913435713208946e+00
9.378397614310289843e-01
7.602031970418001716e-01
9.915899530001689444e-01
9.435016141421107561e-01
8.666900096853135116e-01
7.492515541380081467e-01
8.244394534094009463e-01
1.097420210687297004e+00
1.066659014334327527e+00
9.008527505174195316e-01
1.025296253418382264e+00
1.325468129812571227e+00
1.257529179405926234e+00
9.190123069305140557e-01
1.092103301100264767e+00
6.470456796271986111e-01
6.412752366485640065e-01
9.730283361888666382e-01
1.159525312751267911e+00
8.884497068736475489e-01
1.003853899591378385e+00
1.272397062985214156e+00
7.270032828406531866e-01
1.205518515822890047e+00
1.104195518583285018e+00
1.118876481130455236e+00
7.691499592908536131e-01
5.516175819400697122e-01
1.252773122274566608e+00
7.803065245687839102e-01
9.318895076177625691e-01
1.008569873393204475e+00
8.424445843011735269e-01
6.161979742987162556e-01
1.105264697003472740e+00
6.067806083930725736e-01
8.401735828629156577e-01
5.560784695413514278e-01
7.184289062513939950e-01
8.786693758294910062e-01
9.561321860380960214e-01
1.350533375273948122e+00
9.422833598172285496e-01
1.165139071087510025e+00
9.381390772229468711e-01
1.252799478155699031e+00
9.771405534084066646e-01
1.070833973149536655e+00
8.655350927033182984e-01
4.257600121174888730e-01
3.581444347983713805e-01
9.787364273719191265e-01
9.085289941211724951e-01
7.958891249629314046e-01
4.599343790573280355e-01
1.078326866179248888e+00
1.327690291511783860e+00
6.026107114595384839e-01
5.838925897559446021e-01
8.347071261456809887e-01
8.881099367779885512e-01
1.122025671333206631e+00
6.503832292978376506e-01
5.936050789670137551e-01
9.016562333009623398e-01
8.001979177411675526e-01
7.112242886517398111e-01
1.402072696579828692e+00
8.151647805970679839e-01
7.968509449502764186e-01
1.110318991620294460e+00
1.047221240855470192e+00
7.065067776594792237e-01
1.110379171690788258e+00
1.014429400550153515e+00
9.734547814431937507e-01
7.903738999366259899e-01
9.864190247203022954e-01
9.884148887025232533e-01
1.235389336717476860e+00
7.150152955704022206e-01
5.788344214649805419e-01
1.204947561674749590e+00
8.041546314999505896e-01
9.061216222403496445e-01
4.420288646903884899e-01
6.759670687733314587e-01
8.339326667131100601e-01
5.332447517523988267e-01
5.172676685557209275e-01
1.125058353169433367e+00
9.963668576142232780e-01
8.758357630630061452e-01
1.021598702960652583e+00
7.284007254258773045e-01
3.356130262011361998e-01
8.650582712593999357e-01
9.873740946585831679e-01
1.279131757084556620e+00
1.247948279548269923e+00
8.977204099732096765e-01
8.167011780374914265e-01
5.906682991727081333e-01
1.169026139819326682e+00
6.457734353445215847e-01
8.520060173728783992e-01
1.285411387965196051e+00
1.428868290481285053e+00
1.250720865692632078e+00
8.051026731857887642e-01
1.267441719355335117e+00
1.089553036937554342e+00
1.169962130389093025e+00
8.204283646446337563e-01
1.019995463754219678e+00
1.064881753855742241e+00
1.307865266189600417e+00
6.348668288926957448e-01
1.084549458157672674e+00
1.124597396862309306e+00
1.041134633227366768e+00
9.857647764902239818e-01
8.904330251815131270e-01
8.834309895222092202e-01
9.501964771904566343e-01
8.246148127104476755e-01
2.750520853682745237e-01
8.385639422719751712e-01
9.744420305386924941e-01
1.042988347185736853e+00
5.705535793136761180e-01
1.186711690737603409e+00
8.185381206505577545e-01
6.026287834780839070e-01
9.657474289936796019e-01
1.108538621859369133e+00
1.008112732919451471e+00
1.253077134214212629e+00
5.278712141783786782e-01
3.170213419077607120e-01
8.183097742414312536e-01
7.044614547816515637e-01
8.752018026448259436e-01
7.291944484364685231e-01
9.910863238601368419e-01
7.034984508048245377e-01
5.849402593353568713e-01
9.922090003218776433e-01
6.676046553193847322e-01
1.071002687853055857e+00
7.473710910292451493e-01
9.213398127475220800e-01
4.206789047843168539e-01
9.804918890773176576e-01
1.074663772972504150e+00
1.331971787613922098e+00
1.143006177251134847e+00
8.738921660761996835e-01
1.044072225419043765e+00
7.162658664257907093e-01
9.961092340539139389e-01
1.103776883117859375e+00
4.479191884092368348e-01
8.827800075157157256e-01
1.135852717952175794e+00
1.080239920988281366e+00
3.628926993081043051e-01
1.169471540454702252e+00
8.942352668943406302e-01
9.015804507179676630e-01
9.870346074819368321e-01
1.112545574367360235e+00
1.059353461256627993e+00
1.210900629274241247e+00
9.804383174075833596e-01
1.020059613446462787e+00
8.271241618788075511e-01
9.642901124955806091e-01
7.281039152402907222e-01
1.284596859342298947e+00
6.336657864274857221e-01
5.008062664707400025e-01
6.952453186757717729e-01
7.901328650655879970e-01
8.754418141725706093e-01
1.202862060108031095e+00
8.962665568788225068e-01
8.209534288401141300e-01
1.043012201898644964e+00
9.798185459068501357e-01
1.077764281666844681e+00
7.670429307167273558e-01
1.098767149250737818e+00
9.158985601413305311e-01
1.180410799687852119e+00
6.112286320355083680e-01
1.221745406120940070e+00
8.282101036022412321e-01
7.024232238918802773e-01
1.212720948478021699e+00
6.769515488529339597e-01
1.019841012277216352e+00
7.020655436800787852e-01
5.172676685557209275e-01
7.579665428161828089e-01
1.124534206625402044e+00
8.753916785796551636e-01
6.918997193499365483e-01
1.266696336664465905e+00
8.439809929284657342e-01
7.681158687233241578e-01
1.271818074490359995e+00
6.968607036007230526e-01
5.144943236605049597e-01
6.648966980874152499e-01
1.353628958873676069e+00
9.424976898105286161e-01
1.328864559219008479e+00
9.923189646204310099e-01
1.178888766681110756e+00
7.586184008615862728e-01
7.693164369581524387e-01
9.039177085780472076e-01
1.030011744080142622e+00
7.769273523732689313e-01
8.113490810875645387e-01
9.257348615461430397e-01
1.007413920336313495e+00
9.552361726883881188e-01
6.139235451526015019e-01
7.725195273909937210e-01
1.190310039593839742e+00
1.187028714450731437e+00
7.375897301934989381e-01
1.103487253524835898e+00
1.179491511093321288e+00
9.142480532539588589e-01
6.678171620772963557e-01
7.605512272613208502e-01
1.088178659610430365e+00
1.013587901985838924e+00
3.942760568865426030e-01
8.984219044379946340e-01
8.283631983734491833e-01
1.190843732127828236e+00
1.202218080722553095e+00
8.225073471057163799e-01
9.440921552400647343e-01
8.054204213921283273e-01
1.151468681071808442e+00
1.264369087573868455e+00
7.487027347575500036e-01
1.272070967491336635e+00
7.934882689037349168e-01
7.383383444058839729e-01
5.535664058343975347e-01
9.891191276282768063e-01
9.892860878417764070e-01
9.210746880087973265e-01
9.203262514235203140e-01
8.579510699270797014e-01
1.335583077302913146e+00
1.227102101278673363e+00
7.988624775999715322e-01
1.382567315249546569e+00
1.117584345744963903e+00
9.994094745276290714e-01
1.173902263115317313e+00
1.240967852557648854e+00
1.324214920564846132e+00
1.166994968240304020e+00
6.199131724101928365e-01
9.608736704619937896e-01
8.385755158049413849e-01
1.129660270995191285e+00
9.389872171800630607e-01
1.058074336855127306e+00
7.246556298260887763e-01
1.264939310390390093e+00
1.192611266684562299e+00
6.427412409346151545e-01
4.578033099737870981e-01
6.342153189303640914e-01
5.697937407417938971e-01
7.298110627753419122e-01
6.672556913361110675e-01
1.241829783774690776e+00
8.895265213235390434e-01
7.480243861376184578e-01
8.965311724317202025e-01
8.942491621553655401e-01
1.073058815356217721e+00
1.044034879624404333e+00
1.012920015685377484e+00
1.074092452867111414e+00
1.148367564683880016e+00
1.156768981333666790e+00
7.824922107582796826e-01
6.247456520989405071e-01
9.075667788516947887e-01
1.144130186901214596e+00
8.950031512763620967e-01
7.786053349609096674e-01
8.301628272481526016e-01
1.074001970459356858e+00
9.507259868825660432e-01
8.346290268218876651e-01
4.943890529963200775e-01
1.088643760010359562e+00
8.563110628137928781e-01
1.047100278776593285e+00
6.284436785276648063e-01
9.243659190308136653e-01
9.394530473025969330e-01
1.209713929964523649e+00
8.682143671824255060e-01
8.673247531770994501e-01
8.688291047455165561e-01
1.253584585630833415e+00
1.041100672661644744e+00
1.282663555705158664e+00
1.152126864085738944e+00
8.479260904780590025e-01
8.673247531770994501e-01
5.478622722095850550e-01
1.156905579739020862e+00
8.250940418620201777e-01
9.698607520901844081e-01
7.186031879283755197e-01
6.027586641087335773e-01
9.643364524433748475e-01
9.267819127511472965e-01
1.033279993944450137e+00
8.884992761591524735e-01
8.878451135966854979e-01
1.081168984639025776e+00
1.328617914955994017e+00
1.129309555964876699e+00
6.111854466402251163e-01
1.843867573063437959e+00
8.230132185892675700e-01
1.077468005233169990e+00
1.163047501820863916e+00
8.218095787178631983e-01
4.371820090882264642e-01
1.354028970644285179e+00
7.989730043074413368e-01
6.351289357115763590e-01
8.387490581566108272e-01
7.143668110288367012e-01
6.952459535687379732e-01
1.709442464717781718e+00
1.031318333537001974e+00
6.856908235069180124e-01
9.053394524320680370e-01
9.813768743305631981e-01
8.417221691215639456e-01
8.586226995858369238e-01
9.212933554060348529e-01
5.653211918520890666e-01
1.140214106089422863e+00
8.642496470575571355e-01
1.165139071087510025e+00
8.840811417298231056e-01
1.226744986380546631e+00
1.147493135770302208e+00
8.743362300716183144e-01
7.663993291037235478e-01
8.070441041301813501e-01
8.402855706996196217e-01
1.106413061280551835e+00
1.189185706272550380e+00
1.086729113595118923e+00
7.931424573733182326e-01
6.650118651283852822e-01
9.178290815659357893e-01
6.459462452617364958e-01
9.882364435843383754e-01
6.952150133026103740e-01
1.192299782071985836e+00
1.195452828137505197e+00
1.008181295062950511e+00
1.277022680610974792e+00
1.323608008068822839e+00
1.113140927507804578e+00
6.588841734955060980e-01
6.866376004020467994e-01
8.564761010340535829e-01
9.698339427193951590e-01
7.800457093649437734e-01
9.723688962365020227e-01
5.672284917998269282e-01
5.237078738672029665e-01
1.032853702785883510e+00
6.587297288420482788e-01
9.749390004696929513e-01
9.886538944216889391e-01
1.193278697547605294e+00
7.672988510173351928e-01
9.194080218708611252e-01
1.086592872506372265e+00
1.163534056352267587e+00
1.187696166607110859e+00
9.730162465084827295e-01
1.102589028508899061e+00
1.131387508409280818e+00
8.420875089493711219e-01
1.112653808014539170e+00
1.302944520360175495e+00
1.043443026672040697e+00
1.063967313127642367e+00
6.112098224996871387e-01
8.778789622800161618e-01
1.084557286407630050e+00
7.243956643090323499e-01
9.158003743535103602e-01
5.914786998722202371e-01
5.718101415040167668e-01
1.073273055391555708e+00
4.712386872885676037e-01
8.726925027716283534e-01
1.010256249590330890e+00
1.030488584023453003e+00
5.936050789670137551e-01
8.314042097836600309e-01
1.154940063971870767e+00
7.543693353342481034e-01
9.302723346513367408e-01
9.407204049650920163e-01
9.673150371860848029e-01
5.677905438063777233e-01
7.129081600811426611e-01
9.623746394385690461e-01
8.545272633157260378e-01
9.118764036275189833e-01
1.010554584140082257e+00
1.205013695716776745e+00
6.100497057191394124e-01
1.135884881457014828e+00
9.545356350239386778e-01
9.130516378062757399e-01
8.265650408913232106e-01
1.078819918991028803e+00
7.567203818627752376e-01
7.163644679899182632e-01
7.209623595514743633e-01
5.437215957730295868e-01
8.987306969798090073e-01
8.977005687887812391e-01
6.267964066884056384e-01
1.058466392511805187e+00
6.616658916056165074e-01
1.106671039183204197e+00
7.406664915684055828e-01
1.000790754086345435e+00
1.025373294416289216e+00
1.007075189149087002e+00
9.012112878394618054e-01
8.181272658168009526e-01
7.600981228277438051e-01
1.179181501333399495e+00
8.228954759678386299e-01
4.181061219034664100e-01
8.383846615661348922e-01
1.218012646953475775e+00
9.353813938880086720e-01
1.105746365521760533e+00
6.099217995954909766e-01
7.704203045846905740e-01
1.218633989383310023e+00
1.275512762720621529e+00
1.141043777323413444e+00
8.237643750328275116e-01
1.164464840104877608e+00
9.141348494769979682e-01
7.986694945079962915e-01
8.069707716854328527e-01
1.009400954034109343e+00
9.152638233850144411e-01
9.268943585751465708e-01
9.173627393001044794e-01
6.278344609674547661e-01
1.225304856758380190e+00
8.409749908466641610e-01
6.111854466402251163e-01
6.236105928591609837e-01
8.509070022485721863e-01
6.698746964602945164e-01
7.954887641305256052e-01
8.623869904708183487e-01
9.900188691101510230e-01
1.123622922772175237e+00
7.034934612867185244e-01
1.077173203000957091e+00
7.836574965089059264e-01
7.999082813889505372e-01
9.598550476830021161e-01
1.056710942765195949e+00
8.778229932300232186e-01
8.454293484590703622e-01
8.048687676150779735e-01
7.660748140618555135e-01
7.143485533344194893e-01
8.571889298496193632e-01
9.915228220149698846e-01
8.474704078190156142e-01
7.184289062513939950e-01
6.155690278801987381e-01
9.192456589447335347e-01
8.951465866724567233e-01
7.897199290793840420e-01
6.672876783118862898e-01
6.863785945055860260e-01
9.189996942978673200e-01
1.118535145641633699e+00
6.402295079296056457e-01
1.103846383424974764e+00
4.574535235464869398e-01
6.930869794296612429e-01
6.539891036083762543e-01
1.002918562598987151e+00
8.857548453731488580e-01
7.699542825735794516e-01
1.078808250694475390e+00
1.372771056015638536e+00
1.223505873157223478e+00
1.140628186290237656e+00
1.103727228732898524e+00
6.508173280111037018e-01
1.202538086142718843e+00
8.857840749526465496e-01
6.882915565483265219e-01
3.974162751315347131e-01
9.730651184398223519e-01
1.102734917218770372e+00
4.865116447456511728e-01
8.217447126904734445e-01
7.355434393428507134e-01
6.179343061007663840e-01
9.316241083548836288e-01
1.185396385084074966e+00
7.811735008483452480e-01
8.102911891344727335e-01
1.003536928231691050e+00
8.705253248747459871e-01
7.234306455149385195e-01
8.325646644995779999e-01
8.358375006443526933e-01
1.120789409414572280e+00
6.688196127944967539e-01
1.131771005186276158e+00
9.450792185771225151e-01
1.166495301688432740e+00
9.941201387854310401e-01
7.617633160536675385e-01
1.096020975086034355e+00
7.043086898037579369e-01
9.960666554153123631e-01
8.604419139145521589e-01
7.357804949643593773e-01
6.935311634529567337e-01
8.848287679903420466e-01
6.977231727418627960e-01
1.096011495110016387e+00
3.774467812134623124e-01
9.374492509900291815e-01
1.166270442343541491e+00
9.036169199893422377e-01
1.261736635618323721e+00
9.959344016488776985e-01
7.791728922262944890e-01
3.528411552655827954e-01
6.767257052622775992e-01
1.080844146722281796e+00
8.596515797382213719e-01
1.082097160990035833e+00
5.946918619825563024e-01
4.573587452576575729e-01
8.635785124930157597e-01
1.592636115639392003e+00
5.975467155410588704e-01
1.244529135865569902e+00
1.050892021877932514e+00
7.427031434399927745e-01
9.950186926577549995e-01
1.052011267841792330e+00
7.849890835516848409e-01
1.045621757090857695e+00
7.149797538930768859e-01
1.274822709648766317e+00
1.115405392177224231e+00
9.657381405936021901e-01
9.750427514543820173e-01
1.301788888727622329e+00
1.079058501862022901e+00
1.099374894389538060e+00
1.094661664001137957e+00
8.989489908196739432e-01
7.712224332238529767e-01
8.510278335547438733e-01
7.064028598343726761e-01
1.099293474822958361e+00
8.613789163445791930e-01
1.017554987666747346e+00
8.134787710025611629e-01
1.010142002741561518e+00
6.977231727418627960e-01
7.924833463729814564e-01
8.648883352628098375e-01
5.070575087072374254e-01
9.876937288826439509e-01
1.349451308165031005e+00
9.948718547461945505e-01
1.390825421511618254e+00
1.196641177530716194e+00
8.134788858787117549e-01
9.262723569887335584e-01
1.065637369963048364e+00
9.846736624683487538e-01
7.839271279203728904e-01
8.686472592474575594e-01
7.331144072152172564e-01
8.594177155717370731e-01
1.389090836182537592e+00
1.032853702785883510e+00
8.981026594843095623e-01
1.365927327213070086e+00
7.823582787150911155e-01
8.686736970389250523e-01
1.081055465644166880e+00
1.014355504706618394e+00
7.149797538930768859e-01
7.725195273909937210e-01
9.050740114588827767e-01
9.012365201013523563e-01
6.808210448039954121e-01
9.208584143752174267e-01
1.108084060247155556e+00
9.389872171800630607e-01
1.028365067168965030e+00
7.230554833738552789e-01
1.132237936226242914e+00
9.269672469182926866e-01
8.768718826391910248e-01
8.716263233569601088e-01
1.262788538302423325e+00
9.344269406144313228e-01
1.032087697206301113e+00
8.155029499893416967e-01
4.372214336138977031e-01
1.149786468022443886e+00
7.742919707953406228e-01
6.977842554697399891e-01
9.692989717561131258e-01
6.676726343774020966e-01
1.127979145631093472e+00
6.257652905970313428e-01
7.532796537830588335e-01
5.361405315685155992e-01
1.575767413280049656e+00
7.312199405261612384e-01
1.063583171402128880e+00
4.778437589710116118e-01
9.055371943421143266e-01
6.407579753924003141e-01
9.598550476830021161e-01
3.390072587373668678e-01
1.003770262083691245e+00
9.208584143752174267e-01
8.764555743443815938e-01
8.461785548294045167e-01
1.071938319924788496e+00
1.180410799687852119e+00
8.245444053735617729e-01
7.890637957725843421e-01
8.155941519565188536e-01
9.583179701921656912e-01
1.298224160007976469e+00
1.159901452545283096e+00
1.147394721335233569e+00
6.082157589067315184e-01
9.698339427193951590e-01
1.032084819156134925e+00
1.013659244594804942e+00
6.052546425766720528e-01
1.339038697829904256e+00
1.126632373621412997e+00
1.287008368653417945e+00
5.879577804598241642e-01
1.082050800926032563e+00
8.131260205243057149e-01
5.215921901533534522e-01
1.003351370313976698e+00
1.239527015216165040e+00
8.504312235112219120e-01
8.747955855152638183e-01
4.462501819951080195e-01
9.167266287880750930e-01
8.906071926024086149e-01
9.147701175504362459e-01
9.994093045349161653e-01
6.308631794922548996e-01
1.017173037438952266e+00
8.202297904070575685e-01
8.712104001485085902e-01
8.976558268930239226e-01
6.615358339203777360e-01
9.624655270538869933e-01
1.672840695711566239e+00
1.007885030550011107e+00
8.969604444998581227e-01
1.119310966038748356e+00
7.452117686515544737e-01
9.240803754873897491e-01
6.550688512405227204e-01
1.066096250973477710e+00
7.142646280346222065e-01
1.098686673370423250e+00
1.462632330068938336e+00
8.202745684983252517e-01
9.081196025083676515e-01
6.942416566705492675e-01
6.083926995839351592e-01
1.177179115710665913e+00
7.986664642200059783e-01
1.463885598129551546e+00
7.452175587993634664e-01
1.004353939320959288e+00
9.937018299374746899e-01
8.853358504246304772e-01
1.157137119547949400e+00
5.900086609280629224e-01
9.676156492669683029e-01
9.737724356323211872e-01
6.113490745879939237e-01
3.628445330301052763e-01
1.185396385084074966e+00
1.003816746190142384e+00
1.256740203576763193e+00
1.103816042587809854e+00
8.303746215353214888e-01
8.119369281489777768e-01
1.051085620694077294e+00
7.024299140852220402e-01
8.795945096097569360e-01
7.809496801686600653e-01
1.077907891078666802e+00
1.062637357352234968e+00
9.187397459614776718e-01
1.055721115838522239e+00
1.119785297695655268e+00
1.471390664413865679e+00
4.206789047843168539e-01
7.447620501088918488e-01
7.079988126250641445e-01
1.091594583391425344e+00
9.088173779630878135e-01
5.494421448387163398e-01
9.506186602037945965e-01
1.181150127817747197e+00
5.710340228582316824e-01
7.004444085915302320e-01
8.074726781047956159e-01
7.482652493677687255e-01
1.304085147271422107e+00
1.030934994740886346e+00
7.973987188509582547e-01
9.084147588126428863e-01
9.658215520343398364e-01
7.634280534008439645e-01
6.037039932446798263e-01
7.918240301736337861e-01
1.198690264474921552e+00
7.025495546778092182e-01
1.147893216712369435e+00
1.143461872130138612e+00
1.074663772972504150e+00
1.112142168954632249e+00
8.193613059352437000e-01
6.898025695200218355e-01
7.387930675394404068e-01
9.219192564435633175e-01
1.155449538551557742e+00
9.726775588516676230e-01
6.993360407976700888e-01
1.574015471649399478e+00
1.385742977259798225e+00
1.214285915409890393e+00
1.308329305347555316e+00
1.460206291118546496e+00
9.611836260109483110e-01
9.467984049442624839e-01
3.251305555657825752e-01
1.097556722237592375e+00
3.484295616429737286e-01
6.995320123088690778e-01
7.668426167821630335e-01
9.625109606800137385e-01
6.565561241379233026e-01
1.080269475179384875e+00
9.618479356417308779e-01
6.880311736636026687e-01
8.234446333748284275e-01
9.514475809694604713e-01
7.791547410595440759e-01
9.670154143836042770e-01
1.098778631453240395e+00
8.661923748247211119e-01
1.235364064756268476e+00
1.164657644327574237e+00
9.319145101316359536e-01
1.377900182542644680e+00
1.268537034638877126e+00
6.670049564864105607e-01
8.386720464994937840e-01
9.106347903706270008e-01
1.249587402844611894e+00
9.419985324196145093e-01
7.960995682259351947e-01
1.176617659452742659e+00
9.860468156626026603e-01
6.606443641788453114e-01
1.079339347586143916e+00
1.185595909763730749e+00
8.300453262352379680e-01
8.034846753961457644e-01
9.902448160283601197e-01
4.125153278183337213e-01
7.733071864534912798e-01
1.031079681027554873e+00
8.221273168946652277e-01
6.785827509006977509e-01
1.106312582360314378e+00
1.102027844502961873e+00
8.248320761705857374e-01
7.613783419757267357e-01
1.349982120589866996e+00
1.117355366851738863e+00
8.934695786154325248e-01
8.309428187034715307e-01
1.174891396564683443e+00
1.252057916580200603e+00
7.362501670441371493e-01
9.862414377821451250e-01
1.082945882113519165e+00
9.539179915735654935e-01
9.556860875323620608e-01
5.512409242555564859e-01
7.829252984777188562e-01
9.256568788964733008e-01
1.191000704874963123e+00
8.799133545577422222e-01
1.066276021145509567e+00
6.861853652915791413e-01
9.208637684505325272e-01
7.564289920624205354e-01
4.363227560705936758e-01
6.884242263309653387e-01
9.536197587291728173e-01
1.121273309820596253e+00
8.474323285632571201e-01
9.131923321056297782e-01
9.264844253380597472e-01
9.246923850360762032e-01
1.028568173312645939e+00
1.257616839445912849e+00
3.669412489855723436e-01
1.147409607114590058e+00
7.641819660769857414e-01
1.467565424133736363e+00
9.957691054130601849e-01
5.469543495918059994e-01
1.348914229541966492e+00
1.223315294530399555e+00
5.146228605009915968e-01
3.443026389212490712e-01
1.091926711362011471e+00
5.443124827049093950e-01
1.205610993712103340e+00
9.380263308366729724e-01
8.905609495690427480e-01
1.097489148600856446e+00
8.265605633061346991e-01
9.975201080983503443e-01
9.978546522306411815e-01
7.475691330103828580e-01
1.307835218394088006e+00
1.125885062465422859e+00
8.516093696161952664e-01
5.654387049297546763e-01
9.093702363307897274e-01
9.911401579572340914e-01
1.156758934065479139e+00
1.401555782253586235e+00
4.891324322656889767e-01
9.375042088841422094e-01
1.099431107685115538e+00
7.948764912612495959e-01
8.117716208959522284e-01
9.630941921375804071e-01
3.969597825568546567e-01
1.169063561409217078e+00
1.455441268030079671e+00
1.237571392111210145e+00
4.823404143031532199e-01
5.622392312137518555e-01
9.099333540974421375e-01
1.105907128201554457e+00
5.314675794006394893e-01
1.346338361314154852e+00
1.038204575888493908e+00
6.690101830041205178e-01
9.963668576142232780e-01
8.969538349385406395e-01
8.690878851756609347e-01
8.884739301844772896e-01
1.100156908711981130e+00
7.344146899733144940e-01
3.042230398315062256e-01
7.007478063378905775e-01
8.447910568340608606e-01
7.520319601226510553e-01
3.014687286801259747e-01
9.170908406109749000e-01
8.327981134091543280e-01
1.508222162897265628e+00
8.759543511509551017e-01
6.676726343774020966e-01
9.460304011041218430e-01
8.221923833154689554e-01
7.501080908478161557e-01
6.065907372055293623e-01
9.573712546323348560e-01
1.175277737727307370e+00
5.560784695413514278e-01
7.290652674137860778e-01
7.477489246904990283e-01
1.154562572841909995e+00
8.191204285784604577e-01
1.220624368638440149e+00
4.090954820810762671e-01
7.163306762265687633e-01
1.543339675051372373e+00
6.662530354272513389e-01
1.092140702360068438e+00
7.323167355315441940e-01
7.553905069824361496e-01
1.137363203025260727e+00
7.484187683439562644e-01
7.533894465012941355e-01
1.130012440360345538e+00
1.008583699921849819e+00
1.053063093981233322e+00
1.125607489565424224e+00
9.859192925177769906e-01
1.089308024504047845e+00
1.500792507401499609e+00
6.977387137252015759e-01
7.236124315052210321e-01
8.024109303765900592e-01
1.300262583303158248e+00
1.595071694926169625e+00
1.165365156399954083e+00
1.046866465680162506e+00
9.924802168013424630e-01
1.211175670969879103e+00
9.238543167997945726e-01
1.123391230176445932e+00
9.631342892867371663e-01
7.432454730136252019e-01
6.647105194716949050e-01
1.262243776100559156e+00
1.489276521132769426e+00
7.642701142326846497e-01
1.082484262390929430e+00
1.025098454966212325e+00
7.719221263331408345e-01
5.317484934272055375e-01
7.889545635832944104e-01
9.134207073042602820e-01
4.340323547000769500e-01
6.132075129811974668e-01
1.196438186450247798e+00
1.003925238918675911e+00
1.226155917534125450e+00
1.077251502754713597e+00
7.302783904427275763e-01
5.296433861683368383e-01
6.378410986290580231e-01
7.614067430261063363e-01
9.328073372909023719e-01
9.301450715392786117e-01
9.762498835549736631e-01
7.352136846082462096e-01
7.578827949834803235e-01
7.713917209771111727e-01
1.132328842999403617e+00
9.748758963700570046e-01
9.024379792845368398e-01
5.918126836509433053e-01
6.905608440777120105e-01
5.383419427491752396e-01
8.418645895815562996e-01
1.132248783121217794e+00
1.033035205914111909e+00
1.105614329568985088e+00
7.675515229381563165e-01
9.318895076177625691e-01
7.104286391265108858e-01
9.704211010281355021e-01
1.116998206880005950e+00
5.457187372979325213e-01
9.711261738896572737e-01
1.533850601848169015e+00
1.052329476474815451e+00
1.064388773394218335e+00
6.561919088604678540e-01
1.023255296825882787e+00
7.298067337694088552e-01
1.008865952103860542e+00
1.008112732919451471e+00
6.526806138847998096e-01
7.565008524554255320e-01
8.005271314503453750e-01
9.892799398747440520e-01
1.571290758577670310e+00
8.024109303765900592e-01
5.995172568138752434e-01
9.382106846292557201e-01
9.973240109441572354e-01
7.150152955704022206e-01
9.871249094535616830e-01
5.586822522216691178e-01
1.057052950631163002e+00
7.191735444184459425e-01
1.092397801985742323e+00
7.302783904427275763e-01
1.212636644956958998e+00
1.054131343041276203e+00
7.320429488474210489e-01
8.601853854755253659e-01
1.270437290160431942e+00
9.608736704619937896e-01
3.671834238041983278e-01
1.222945218829625702e+00
1.016741863684042846e+00
4.397080499361202266e-01
5.523034663985649795e-01
3.038371406708186839e-01
8.523688252424186373e-01
1.142730297057207078e+00
5.931528186408046022e-01
6.335013074027868729e-01
1.057732758586230615e+00
1.497601989289905733e+00
6.716591128624399554e-01
9.888877972374702230e-01
1.003697556437840532e+00
6.926021879763472056e-01
8.984219044379946340e-01
8.948515095496655247e-01
1.229290883225214959e+00
1.024279389508236271e+00
1.000785748683290954e+00
1.108029324246216030e+00
1.130756387743434122e+00
6.528195991169549739e-01
1.066407577572687337e+00
7.516751329498992940e-01
1.301788888727622329e+00
8.703480211016583201e-01
1.012562679925651743e+00
1.039015350995955655e+00
8.294564353686704195e-01
8.187813907647457645e-01
8.615249035375831532e-01
7.453535966842576022e-01
1.368878965791004543e+00
1.097029545047235821e+00
7.508355479298036705e-01
5.814711478662247801e-01
9.607820930816205474e-01
9.703825999575153016e-01
8.425477205308614659e-01
9.237789704157923776e-01
9.688680408392902343e-01
1.133383734727891889e+00
1.164423740509673788e+00
6.973982326976577717e-01
8.214768409175553510e-01
7.890974866481260674e-01
1.162584793126427929e+00
6.299130935511570994e-01
8.109636368569659304e-01
4.847250502026726471e-01
9.813774191720138207e-01
9.982308119866089013e-01
8.365645099808384222e-01
1.067297607003170778e+00
9.518499978580589049e-01
8.421756949828266281e-01
7.887101107825786883e-01
1.314741746006241385e+00
5.874808470829950835e-01
7.269630139899383447e-01
7.700416450485035869e-01
1.005169328737911760e+00
9.831148391543316212e-01
9.961720193637613185e-01
9.019660857897606743e-01
6.957894937061588347e-01
9.161078149630283995e-01
9.898129286812500371e-01
8.777377784057146526e-01
7.925170346516108300e-01
1.002835860247466515e+00
8.445844387828242983e-01
1.064422807460449150e+00
7.538282090156828152e-01
1.039020698512310714e+00
8.877092079177485440e-01
5.586822522216691178e-01
7.986577413341739984e-01
8.456004705515292041e-01
1.038365168631120605e+00
6.236496254263221850e-01
