9.295264950698611806e-01
5.682472475384694466e-01
1.061299454908186890e+00
1.048466770741125709e+00
1.454015050486936911e+00
1.352651452907810858e+00
1.025098454966212325e+00
1.108084060247155556e+00
1.004893062987336272e+00
1.389090836182537592e+00
1.144270229202799083e+00
8.912091963773945968e-01
8.804515575925269122e-01
6.749858065789565709e-01
7.096188463033379357e-01
1.098768749328903782e+00
8.528266667778191534e-01
1.211641315679144126e+00
7.734196424069450515e-01
1.013418808607580157e+00
9.630139475393676429e-01
9.407342342202575924e-01
9.230143639583682225e-01
1.041901467851331420e+00
1.170265901595422431e+00
6.948343200203566106e-01
1.108951875126244824e+00
9.931236916609961218e-01
1.007552469686507468e+00
9.948978685907485797e-01
9.904467605190105939e-01
9.370230850975712622e-01
1.124099733651978683e+00
1.344256391209630364e+00
8.567115045480194757e-01
6.067736365732173676e-01
1.041709123622933442e+00
1.274422022661935383e+00
1.085276070138546656e+00
8.431318147352400150e-01
1.043255296196134108e+00
1.032087697206301113e+00
1.103736626136411214e+00
6.828018612577609892e-01
9.315106142829556735e-01
8.248320761705857374e-01
8.898373292054899686e-01
1.147642702923391989e+00
1.252773122274566608e+00
9.522783999498884988e-01
4.685565523764663176e-01
3.273702877443536163e-01
1.230869801630058991e+00
7.142095466635338674e-01
8.839106878134270762e-01
1.074124314268702252e+00
7.440296248792824807e-01
1.403751949849262104e+00
5.872228915915744807e-01
1.094093997929938222e+00
6.115659731122318199e-01
7.823151932066452208e-01
8.397716930767857857e-01
9.987346121696301093e-01
4.909135744829085657e-01
7.527549984981874998e-01
7.734697599708884042e-01
1.821124683003777722e+00
8.326366798906301714e-01
1.192751530299524632e+00
1.041029650707263832e+00
5.671099547953067921e-01
8.357686425629069493e-01
8.951465866724567233e-01
7.538282090156828152e-01
7.457934377851982433e-01
9.302707272042791686e-01
8.271200231685773563e-01
7.537255908736851806e-01
8.903403890204324433e-01
7.927805957676141713e-01
1.196995384114863725e+00
4.903414796042415702e-01
8.379448345004737453e-01
1.130912100120504471e+00
1.061237475140115460e+00
7.373831207668894994e-01
7.688743272957189179e-01
8.707130632207168430e-01
8.289927044566727243e-01
1.307914243999042547e+00
9.520535332635118309e-01
3.683268670678475631e-01
9.700197492492587115e-01
9.056048455959189170e-01
9.360817834524455261e-01
1.058128166768964595e+00
8.778789622800161618e-01
7.241152764975722356e-01
1.139591711149595454e+00
9.039397417149470648e-01
1.300262583303158248e+00
8.587358972114838007e-01
6.928410062003066416e-01
1.345888052374880184e+00
6.885055305513377855e-01
1.314138424052459841e+00
9.000434427745050980e-01
1.391661804336723707e+00
8.817768929518281507e-01
6.478085608157948538e-01
6.952458895886231005e-01
6.431144395079128051e-01
8.266446116894829999e-01
4.577887799882771613e-01
6.516876208014626970e-01
1.056771028745762120e+00
1.336250324655359867e+00
8.893903910431992799e-01
9.404393398223468425e-01
7.927617345784238045e-01
9.504145723824261038e-01
6.055068806026830952e-01
9.546656244639528666e-01
9.842340812484178247e-01
7.719221263331408345e-01
8.459031517286074164e-01
8.285365952171296344e-01
1.059517831426848966e+00
1.461639046806721964e+00
8.006733586257357427e-01
7.079988126250641445e-01
9.881391992272494651e-01
6.706678833468540102e-01
6.897151917228470097e-01
7.600588296297643431e-01
1.319041301423093726e+00
9.135888674939619536e-01
4.799734001357072177e-01
1.059291074705735136e+00
1.013093186211711183e+00
1.351860103469604724e+00
7.962125638551111884e-01
9.793680639471703531e-01
8.666338281740952887e-01
7.964858981586064868e-01
4.599517130929907105e-01
9.005739629507444333e-01
6.882448832804606287e-01
8.186209295848985157e-01
1.031464548929624803e+00
6.293791520668073902e-01
1.154889768117840276e+00
7.867616312153214997e-01
8.752678021066577774e-01
8.133926551634231839e-01
4.101192476100934958e-01
7.615284629524633475e-01
5.849402593353568713e-01
1.135217704864339483e+00
1.133923252275048643e+00
1.229493199690593785e+00
9.061903026978993525e-01
7.880420941665450263e-01
8.127094766427358508e-01
7.960845640275411306e-01
8.581340552592258142e-01
3.981280931313130322e-01
1.149529927188970735e+00
7.411584168818721174e-01
6.485316843210509052e-01
7.861702075136086654e-01
9.742016138326151653e-01
9.613422634975311576e-01
8.946718401406605903e-01
6.523500920081315435e-01
8.229671210439600815e-01
8.838224481865255555e-01
5.589859975437494466e-01
1.345191429605582023e+00
7.734697599708884042e-01
9.065531256234899971e-01
8.869433691369789097e-01
8.115400258738516559e-01
7.770827048739156195e-01
1.159259865756992580e+00
1.294792279509365374e+00
7.593655073403116074e-01
7.591997056856829573e-01
6.172355704596788062e-01
6.303398192113403020e-01
9.419243855731403992e-01
8.228954759678386299e-01
1.034459532925446679e+00
1.041329115439928676e+00
1.030571785433878951e+00
7.542701776513303091e-01
9.584235150230767664e-01
7.108030097739952424e-01
3.404660131254849120e-01
5.667008355239837591e-01
1.018342391306997552e+00
1.413995299812646156e+00
9.419243855731403992e-01
8.127092568402692896e-01
6.696748943687981237e-01
1.017031023045307458e+00
6.106237862255200488e-01
8.286358353602760740e-01
8.566947452859962064e-01
9.009689970603073084e-01
8.158488788141458059e-01
1.104200300528386691e+00
1.007075189149087002e+00
9.555186719149652008e-01
6.535722778794958998e-01
9.990316363612299355e-01
8.394009619395661481e-01
7.922654559777722039e-01
8.625894382807219873e-01
4.685565523764663176e-01
9.646456610478080229e-01
1.237571392111210145e+00
1.241771322202507744e+00
7.457934377851982433e-01
7.138198521705498845e-01
8.904910923430418013e-01
1.015092748065592687e+00
1.213486304309122188e+00
1.247812254890868555e+00
1.171237913623526916e+00
7.905413900147164608e-01
1.039994140463088801e+00
1.184923976357876274e+00
1.085223219638487224e+00
1.113904855131807148e+00
1.101577237092669748e+00
1.282215002936009096e+00
8.514476895469489381e-01
6.178945311191177403e-01
1.394254894492399810e+00
4.020147873113810721e-01
6.885259900947775513e-01
8.431707495919171791e-01
1.109084766214019080e+00
1.151750316301012322e+00
1.483240129538328622e+00
7.783842194151203708e-01
1.118297020646424889e+00
7.799655576035290361e-01
8.979588093370528545e-01
9.498147712518952845e-01
3.876804716127129069e-01
8.424185705047222417e-01
8.582560619595002160e-01
7.897397801000892725e-01
7.312334831865168194e-01
5.162559546729981186e-01
1.037488536036643705e+00
5.839558659796296736e-01
1.012259443048138197e+00
8.461315593544826985e-01
1.268184265241143027e+00
7.876790935900174206e-01
8.572637335890496146e-01
6.704061684236971574e-01
1.052560333122530833e+00
9.144661543364411838e-01
1.039895259538107242e+00
1.221740936085325080e+00
9.785830115778684224e-01
1.196416506794771628e+00
1.091856214656723001e+00
7.290977102450558744e-01
9.088551830718190061e-01
1.184728901580591964e+00
7.397178400805962672e-01
3.931076903876362660e-01
1.086001005997260238e+00
7.461713584951386036e-01
1.199003968849596591e+00
9.065898364354025851e-01
9.143823671233243244e-01
1.289435267115084160e+00
4.549508857788255312e-01
4.154306257991238205e-01
1.183118240502327945e+00
1.051085620694077294e+00
9.393665999214798612e-01
1.083151453177553458e+00
1.015656829201834643e+00
1.026087014843494627e+00
9.612350670701172994e-01
1.101957631403738258e+00
9.415157397199489520e-01
1.208414296838400848e+00
7.335643125658414254e-01
9.773634602444079000e-01
8.479260904780590025e-01
1.307914243999042547e+00
9.369193738757441992e-01
1.395895423050589113e+00
1.034716150980115046e+00
5.413846899264597168e-01
3.314498968789824640e-01
6.713059928185554082e-01
1.035398099421337648e+00
1.002388074008348395e+00
6.662530354272513389e-01
9.364426083832161352e-01
1.149444083459453481e+00
8.686941033382834521e-01
6.979071016311275688e-01
1.397191889140661170e+00
7.215711670304885139e-01
6.566118698824914279e-01
1.028496276300064460e+00
1.004603012084082758e+00
6.095404571126713522e-01
9.477909179864586475e-01
1.471711005946974682e+00
9.358039492959453476e-01
1.115147583075690285e+00
8.518677132774585825e-01
6.560155318497343790e-01
1.182286423112011375e+00
1.003211801376226564e+00
9.896285533770105003e-01
1.091127603568773807e+00
9.894385120594398897e-01
1.169419689135909879e+00
1.049520124730558113e+00
1.139178605825778456e+00
9.037578404037547308e-01
8.689138303900436622e-01
4.404977499247906270e-01
9.544966246260647713e-01
9.335747166424022137e-01
8.935001760188042708e-01
8.455896134472912218e-01
5.623049786383942372e-01
7.988896524712396641e-01
7.888597356270695693e-01
4.247580164452801066e-01
1.014581642337582634e+00
1.155189539884723171e+00
4.860673332590572659e-01
1.459346427419428549e+00
9.723472916905308017e-01
1.107959525245912014e+00
8.717241845430743208e-01
9.150239483585503875e-01
9.163299403801206111e-01
8.394453881933632289e-01
8.171019718298109247e-01
7.896764859432348072e-01
1.165291479725086399e+00
1.210013602384282239e+00
3.154663013740940380e-01
8.839517008376931440e-01
1.349671627902475191e+00
1.045789819709285640e+00
9.043852792414597275e-01
8.677709543284735094e-01
1.127415790775792015e+00
9.544723823213235869e-01
9.198328304328171612e-01
5.787753158725552627e-01
9.881440092121215324e-01
1.125607489565424224e+00
9.077865091024551747e-01
7.949533981734012711e-01
6.613885253790622309e-01
1.537472418835880594e+00
8.877289550047490208e-01
1.197715307196988377e+00
7.947385530564313738e-01
6.882915565483265219e-01
6.304515013966811576e-01
9.619603108617594822e-01
1.362245763047433389e+00
9.940935937481495399e-01
4.952391834951613836e-01
7.959523468245706113e-01
6.612047659466073757e-01
6.946452201448926056e-01
9.615928702882419188e-01
1.165312321430593379e+00
1.120699143026307798e+00
1.346925825980536118e+00
9.389872171800630607e-01
7.501549259843064421e-01
2.968407743171195268e-01
1.028281392398035843e+00
7.482652493677687255e-01
7.752384069946437473e-01
9.975339438255841351e-01
8.602274274716453784e-01
1.215548721395841580e+00
6.178050084215985782e-01
1.053602991471100481e+00
9.826171424554457356e-01
9.039899989663722213e-01
9.146585473824532242e-01
9.338671478321666219e-01
1.297375839644637541e+00
8.849320867800013479e-01
1.111831999270172622e+00
7.112179737020498660e-01
1.278528659017661884e+00
8.812186570393926166e-01
9.006879253683609532e-01
1.003272984530144685e+00
9.031005836022181210e-01
1.193274996331205040e+00
5.512955224315851943e-01
1.448146528054202076e+00
9.486422455738680037e-01
1.388655872047515727e+00
8.049973932446663483e-01
8.373745846188703768e-01
3.334842027184500290e-01
7.230441133081201288e-01
7.957394175972773986e-01
3.901018041040026918e-01
4.947452914102098975e-01
1.049250237993416102e+00
9.824607261726000518e-01
1.044686933405009510e+00
6.949122571544695814e-01
8.795926182820335004e-01
1.032496113396647930e+00
3.266467425439388839e-01
1.319240175150689920e+00
1.289655363907482144e+00
9.421608790626493368e-01
4.924103735076855726e-01
8.956080732429843039e-01
7.929167810902748581e-01
1.230720198669008170e+00
1.182093455123482739e+00
1.025859256874666059e+00
8.955980274966554022e-01
9.540327876984048272e-01
9.853732108136179502e-01
8.919397332351118868e-01
7.385875973530939831e-01
7.803605959835119288e-01
5.771826829381788704e-01
1.042156631512120013e+00
8.898373292054899686e-01
4.123068186414150516e-01
1.194109934181667887e+00
1.256075946503567797e+00
1.042344342429588178e+00
1.253219443981370418e+00
9.257515469525701146e-01
9.368113671377608087e-01
1.021700569697015393e+00
8.809001561402260982e-01
5.844699961977277702e-01
8.212320729752174975e-01
7.211346913815555038e-01
9.388285009230774580e-01
8.722823679401802144e-01
1.174206742383564706e+00
1.215593127336284995e+00
1.012509129844728850e+00
7.571831604229116719e-01
7.004596150378126218e-01
7.956739970351740521e-01
6.321144673460483698e-01
1.017073067578641243e+00
1.308574197201169298e+00
7.988624775999715322e-01
1.466067867686403625e+00
7.472761365772487840e-01
9.929126502669369803e-01
9.592820294830735062e-01
9.067221328084575926e-01
7.364588009627112131e-01
8.400995444861147909e-01
9.542002384167661555e-01
1.365927327213070086e+00
1.024922960691749152e+00
9.996960208847927021e-01
7.029619526011596786e-01
8.444053589143749594e-01
6.059187257410991734e-01
1.196995384114863725e+00
6.438854055921829911e-01
1.112454244976246676e+00
8.650753804527103741e-01
1.064175819844399129e+00
7.164071882213268738e-01
4.282737851097005444e-01
1.237742640993138910e+00
8.111069176677311310e-01
1.095112735893921441e+00
8.511180955057243702e-01
1.189465779274254897e+00
7.057773677203948992e-01
9.862608641203056692e-01
8.297619059997608515e-01
3.005819018428412814e-01
8.510278335547438733e-01
6.780508544137218152e-01
5.603459501543747168e-01
6.522718596147877301e-01
6.694564029557691365e-01
9.530661070706620830e-01
1.164847956885282754e+00
6.024784129846147973e-01
8.287675626091300929e-01
4.474051787002715219e-01
4.397413813951769890e-01
1.097756688560526994e+00
5.569792529354599120e-01
1.041134633227366768e+00
1.087278412116506887e+00
9.558766485520492351e-01
6.942186805552041928e-01
7.346908616961531635e-01
8.874951349099792219e-01
1.361552622260709500e+00
1.337526198668009814e+00
7.351118197548714983e-01
8.403917316332558674e-01
1.203732110908102948e+00
9.558935682247744481e-01
5.812348118273585884e-01
8.987433752246479779e-01
9.621609766873963077e-01
9.290140761876956033e-01
8.246937126881359603e-01
1.149326034562534904e+00
1.171421283762290599e+00
8.379886695544056519e-01
7.605706882176792583e-01
7.057773677203948992e-01
9.475110323021752601e-01
1.244765175585099470e+00
9.212364465811642145e-01
5.658404032022747998e-01
7.633851710448427141e-01
1.162867580392747069e+00
6.727365522952504229e-01
9.721270097555853029e-01
8.283767185183263937e-01
1.268024321047148240e+00
6.150061506680529755e-01
3.032993857384814751e-01
7.008947646518275398e-01
9.504145723824261038e-01
1.007856231766568689e+00
7.923836008579656642e-01
1.020152388922004771e+00
1.024259234152044895e+00
6.198913569538478940e-01
1.393633023406961824e+00
9.706573803773788089e-01
9.146585473824532242e-01
8.378855123040359620e-01
7.047075237010673732e-01
7.756507702736439303e-01
1.317100727424636908e+00
6.711703967101685375e-01
8.320008481095801933e-01
1.389429295650637330e+00
5.917818437714916779e-01
1.345718877057147544e+00
1.088924297698172117e+00
1.026101498219744501e+00
1.178566580293062049e+00
9.274877186273106089e-01
8.132017450648240109e-01
9.702035771448357382e-01
8.503926948141630193e-01
1.038217429642934064e+00
6.924804591909748952e-01
7.091148196419974070e-01
7.347203874235158638e-01
9.524549049499784203e-01
1.154471582837087729e+00
8.959212520043829953e-01
5.352184147914048618e-01
7.914991826895970695e-01
9.432475375608138091e-01
9.795467571656260031e-01
7.408526449701109406e-01
1.050993574857900903e+00
1.024818816016821454e+00
9.890110720647887765e-01
8.086744962053353802e-01
6.739224759539964582e-01
9.805301640685450959e-01
8.740303351901105300e-01
1.139591711149595454e+00
7.464017487615954849e-01
1.092690915588395928e+00
5.405685758227689597e-01
8.897567138202097103e-01
8.127884767035452596e-01
9.572963452099880755e-01
9.773330962965272040e-01
1.001602708636775141e+00
1.118297020646424889e+00
1.091637321522149762e+00
1.370781194014460080e+00
1.045466141752384726e+00
6.173458198111718698e-01
8.757570861004055907e-01
1.138667307832744502e+00
1.186637640376580816e+00
7.635153916985688571e-01
1.480972974071797177e+00
1.297655872762785823e+00
7.312908224362764109e-01
9.001271953383839231e-01
8.853774679184246432e-01
7.946628561448599859e-01
1.622048298960669044e+00
6.267964066884056384e-01
9.795554013893802425e-01
7.904326636856058297e-01
1.073557579024095432e+00
8.337905453395209054e-01
1.450744706428223285e+00
1.788189091324781321e+00
1.031218399019441456e+00
6.919414206345879670e-01
9.113556443682589991e-01
9.290442153637148426e-01
8.693463989982028739e-01
7.014234415050727423e-01
1.361552622260709500e+00
5.907681805967618383e-01
9.978546522306411815e-01
6.073725264565495996e-01
7.872550128672179959e-01
9.856849926113102622e-01
1.435305520867617091e+00
8.913120866307212564e-01
5.772436856395462002e-01
1.208011235281410523e+00
9.142317115826923413e-01
8.365645099808384222e-01
1.401555782253586235e+00
8.530346137224255054e-01
4.910591836914008357e-01
1.171838168890719123e+00
1.117072261932717359e+00
9.368113671377608087e-01
9.019148612122822595e-01
1.350828528719402177e+00
8.950556187829091792e-01
1.075942518353250943e+00
1.095368786867417787e+00
1.269946960683365766e+00
1.212720948478021699e+00
8.609801349620834765e-01
1.479162483521752502e+00
1.015625442742153384e+00
1.208788219149486975e+00
6.089396603724637203e-01
8.981026594843095623e-01
6.730147631497109817e-01
9.673150371860848029e-01
7.355129760919248971e-01
1.109084766214019080e+00
9.015967529840841488e-01
9.607118084557921822e-01
7.960569625375514269e-01
9.417182951991762696e-01
9.545356350239386778e-01
9.892104907115779611e-01
1.508945000043115048e+00
8.692191938919363592e-01
7.498136998637094930e-01
8.598998218549769312e-01
9.891395736092513102e-01
9.068182367449483250e-01
1.078832218802127985e+00
1.320372815204237549e+00
6.078514975530333597e-01
1.062466103783804794e+00
5.057717671278565419e-01
1.281444838916798057e+00
6.330034088177669549e-01
8.928750475062364744e-01
9.011875104104888345e-01
8.240615564981496055e-01
9.403579302027154085e-01
7.261536134866273251e-01
1.024024953520340731e+00
7.640217158581943391e-01
1.116369729409193656e+00
8.656354863603469285e-01
1.319240175150689920e+00
6.100497057191394124e-01
1.195824325859490722e+00
8.956798987628694642e-01
6.098475082045532458e-01
8.436784968328882028e-01
7.801121302426523574e-01
6.185924702408251985e-01
8.713551908200666274e-01
7.112103345346947325e-01
1.585149113637942309e+00
7.194687510731444524e-01
6.385089614527956758e-01
3.251305555657825752e-01
6.486918411667231821e-01
1.103816042587809854e+00
6.524153689609760720e-01
6.104849616465448658e-01
7.479592692392946773e-01
8.555735310596865872e-01
7.581132635218197358e-01
7.581132635218197358e-01
6.363023472938643676e-01
9.813376196351105696e-01
1.040518759040362839e+00
6.752924127099997342e-01
1.080844146722281796e+00
5.977220120452414465e-01
8.208794275584857525e-01
8.594857520766131520e-01
9.956294414645341373e-01
6.306793234085262823e-01
8.613789163445791930e-01
8.577575759793046872e-01
9.456663444840078814e-01
8.265650408913232106e-01
6.023650850424897563e-01
8.082707733242062709e-01
6.885055305513377855e-01
8.925333516600860717e-01
1.099431107685115538e+00
6.522718596147877301e-01
6.905608440777120105e-01
1.339751678662608025e+00
6.650063469427927032e-01
5.314984343531846678e-01
8.680640460138075998e-01
1.043925562238239291e+00
9.175640499302994968e-01
1.288939147621324555e+00
1.005654731312381589e+00
6.197796573939884368e-01
1.174849394815532078e+00
1.518271690559225728e+00
9.976768941484392972e-01
1.061294996193818507e+00
8.228954759678386299e-01
1.177538631270591551e+00
6.841966140578632505e-01
1.004700781234233231e+00
7.802053390381785691e-01
9.243690407269384846e-01
6.991500733749582697e-01
1.003019220757539909e+00
8.550870187089619767e-01
1.624349329424741972e+00
5.501647315489561763e-01
4.358662394655722916e-01
1.345718877057147544e+00
5.809323037424888314e-01
5.871682817135002175e-01
7.386625376839126567e-01
7.651966433662207301e-01
6.105680284278712788e-01
9.510925239833624145e-01
7.177416048623319611e-01
6.305015207727907578e-01
9.347258360430322766e-01
6.894647613196080993e-01
6.539891036083762543e-01
1.245301859556542379e+00
8.615249035375831532e-01
9.910178348863103448e-01
1.068294247010509901e+00
9.110055491392975435e-01
5.415644497531839630e-01
7.752584996625914160e-01
1.265341041182188153e+00
7.051557036329171302e-01
7.191735444184459425e-01
1.156411028531600493e+00
9.180298016888082113e-01
6.551060216718326279e-01
5.775683958013733132e-01
7.526736555198887402e-01
9.286856231778590764e-01
1.146475241705669168e+00
8.553850475261719488e-01
3.065426057997384102e-01
3.233197390990461551e-01
1.165664839223980342e+00
8.500506451618820014e-01
7.887101107825786883e-01
8.716060459263549332e-01
8.140497515525391137e-01
5.782941201662380459e-01
9.225963659348633827e-01
1.292748435581852817e+00
8.433665829437190231e-01
7.357681677578505886e-01
1.114015813896731544e+00
4.809837426292616347e-01
6.987856909977453457e-01
6.589526546238502203e-01
1.023074720315107156e+00
8.276727587449349555e-01
9.145277802520898058e-01
1.083634910592608636e+00
8.064546801522775032e-01
5.936050789670137551e-01
8.571220938467084549e-01
4.546695054124211266e-01
1.163879122403328026e+00
1.140563687869037723e+00
8.452992738354360158e-01
1.182961566653448759e+00
9.260506216719368577e-01
1.025373294416289216e+00
7.099330954395796089e-01
1.146192932834890099e+00
1.052181837261957131e+00
9.300800553585317765e-01
7.317063494261326628e-01
1.184122986419622103e+00
9.795554013893802425e-01
1.205244164552382813e+00
2.932102944022768054e-01
1.434235049530372619e+00
6.523053464238804944e-01
7.895312894720769581e-01
6.218299997898226739e-01
9.719366579384408622e-01
5.413741721899075765e-01
3.730875766521385417e-01
6.503832292978376506e-01
1.064422807460449150e+00
1.162071291575118570e+00
8.881207419249481649e-01
9.408237125817527913e-01
1.295125118963804667e+00
1.036599022827010552e+00
1.022880363839020257e+00
3.655494670169709970e-01
1.166420600352091608e+00
1.218857986084198153e+00
8.708595830035837926e-01
1.176645811586279899e+00
7.215900239895152168e-01
4.457426534909454396e-01
1.141289613224584665e+00
5.707625482824096874e-01
5.217798198625254180e-01
6.903231683309192235e-01
9.321090325420725575e-01
9.484987891760027212e-01
1.147409607114590058e+00
8.771244645549086671e-01
5.360027368022974859e-01
9.781234119589135023e-01
8.296909216814599697e-01
9.853000168557055627e-01
7.391543839106012870e-01
1.001201362162810415e+00
1.013587901985838924e+00
6.684006744528749877e-01
1.000970947311087933e+00
1.047786463097728271e+00
9.249142925704743057e-01
1.104569082738529051e+00
8.870309641647623478e-01
8.652106510720876109e-01
1.207849784961060768e+00
6.672917164402070167e-01
6.894647613196080993e-01
1.317416413780697182e+00
1.073255754637386650e+00
8.346021710674186300e-01
6.835515534927845138e-01
1.080596157989691886e+00
8.409178191901752752e-01
7.427031434399927745e-01
1.014339639474495236e+00
7.904009087358608854e-01
7.437100038026039917e-01
9.248060519970590088e-01
7.540025283989290061e-01
1.286846762698634627e+00
1.410822655936526893e+00
6.790890831148266304e-01
9.762876969315331666e-01
1.233565479547373611e+00
8.921370658447983493e-01
4.594803760521537495e-01
1.061336106590297534e+00
1.014821338539828588e+00
1.210283241938753918e+00
9.329230125983196675e-01
6.060106449420201713e-01
7.654886312801693071e-01
9.008827204755535112e-01
1.126032349464682891e+00
6.323487209534267572e-01
3.669412489855723436e-01
1.035716266388514439e+00
4.250730042350600035e-01
8.942352668943406302e-01
9.637125574561252739e-01
8.776387164231116422e-01
5.867550202863268671e-01
1.188436235968640453e+00
1.155449538551557742e+00
1.087595052647257532e+00
1.382443016878101005e+00
8.157485668939055135e-01
6.907444581772017589e-01
1.194576220342223882e+00
5.733803063559282931e-01
1.127327239910896228e+00
7.804200455514641588e-01
6.527505494257709318e-01
5.988174108785866423e-01
7.142095466635338674e-01
7.713668747785912272e-01
8.286502217978380935e-01
9.069702663515318841e-01
1.088643760010359562e+00
8.157485668939055135e-01
9.008075141703257849e-01
1.093073024206673516e+00
1.030656887553557333e+00
1.298624610559466097e+00
1.265329442898881718e+00
7.090113799212038881e-01
4.363227560705936758e-01
9.673234556064083112e-01
1.002574710302660099e+00
1.112443965028280024e+00
9.113556443682589991e-01
1.170014863363360247e+00
1.126272141880908739e+00
9.085825321056876236e-01
1.111623175606638814e+00
6.068728060313844930e-01
6.503832292978376506e-01
3.657735252935887527e-01
8.340431572914164260e-01
8.847329056733596042e-01
9.407420194211827402e-01
5.942715944760337266e-01
6.841966140578632505e-01
4.725340854688894199e-01
6.042361827489612924e-01
8.863477004376264512e-01
6.422009293778699890e-01
1.358562214705201221e+00
9.414065184966722288e-01
7.640963562510033613e-01
8.060387025344203371e-01
1.327348234603128452e+00
1.006819734665098220e+00
9.936192292012057115e-01
6.272393860343377092e-01
9.417658750366784126e-01
5.951429167591804070e-01
1.085112408854563615e+00
1.078411861091302937e+00
8.585514518564796305e-01
9.450792185771225151e-01
9.495454261385044559e-01
8.661531503569316337e-01
5.545157151325863509e-01
1.205936157754515348e+00
6.423912523296505528e-01
8.944505741214494599e-01
4.959270596249595875e-01
8.377826977962631316e-01
1.069626293956237095e+00
1.419409245825108190e+00
9.019125454262864050e-01
8.328499810284549776e-01
1.282566314528256646e+00
7.507605708855327187e-01
6.589967226706470171e-01
5.768966938795624388e-01
9.777228818234154906e-01
1.103487253524835898e+00
8.532042912068577012e-01
1.001598600485168467e+00
1.221961073697843458e+00
1.037168330908402991e+00
9.872872619965612495e-01
1.297934212360574380e+00
8.776101475432671606e-01
7.315077269427741058e-01
9.495120593419196231e-01
6.080714205998362099e-01
9.372740262824246216e-01
9.422272318098967592e-01
1.079339347586143916e+00
4.940812966691454089e-01
9.036857826225157542e-01
9.798185459068501357e-01
6.588841734955060980e-01
1.133224270261884881e+00
9.238543167997945726e-01
1.087180266768212888e+00
8.432233685860944794e-01
9.020702886599666348e-01
6.574385711276597988e-01
6.051613553356267605e-01
1.018514492018271156e+00
9.292080208871718039e-01
1.014400620428712818e+00
1.104474126470360140e+00
8.152259136577095777e-01
8.579434675174615332e-01
9.779147792170524989e-01
9.985816192953163029e-01
1.116941604226482587e+00
3.981280931313130322e-01
5.215536708977788205e-01
4.140615881109708796e-01
9.647856573134652169e-01
7.109014874211478929e-01
9.470423666486050829e-01
7.064248427909647354e-01
1.366352878386133174e+00
6.095404571126713522e-01
1.013942790240076608e+00
9.164431485139536981e-01
8.945616825923251580e-01
4.981594961712241809e-01
6.404827666979534539e-01
9.647951565714928401e-01
9.923442928460391999e-01
8.277857823635722534e-01
8.644441835918482697e-01
9.477909179864586475e-01
1.218573953739682914e+00
1.157653347586432124e+00
6.593903321696356068e-01
1.348416975771488557e+00
7.196304156953881037e-01
1.073161528855208546e+00
7.302228034151836411e-01
1.109697875806662459e+00
7.436740516063581330e-01
7.699793420005287548e-01
1.348416975771488557e+00
1.035998415472728418e+00
1.135223760606636656e+00
7.946671154528857084e-01
1.075940923402783689e+00
8.959075868433378220e-01
9.459259790230891696e-01
1.558464541245689894e+00
9.810766136421846806e-01
6.332212638971320695e-01
8.205558744996415133e-01
6.021241429731635231e-01
3.266467425439388839e-01
9.859192925177769906e-01
8.035328684757877538e-01
6.719783110737393983e-01
1.274885471388683911e+00
5.707983510488572332e-01
1.055370203220755254e+00
9.110670078010574269e-01
8.435552685436286113e-01
7.729521881324379340e-01
1.155129755217938925e+00
1.348416975771488557e+00
6.811931692021109264e-01
9.437544818173674299e-01
5.225539705846243832e-01
1.013910753791034569e+00
6.365415294523446565e-01
7.149797538930768859e-01
7.797901045278533561e-01
1.307971876859406857e+00
1.067756557578666499e+00
3.937425418948471423e-01
8.082118856402006335e-01
7.186031879283755197e-01
9.730958639823026335e-01
5.121662504121868853e-01
9.426668804928292067e-01
8.826449835754602846e-01
7.533269246531831831e-01
8.501695318418147629e-01
7.305256273342185525e-01
6.247914878523181947e-01
1.205898710352560688e+00
1.110580117359166952e+00
9.404393398223468425e-01
6.247688267095150572e-01
1.190906419555565865e+00
8.638929046434133951e-01
6.013708769410220922e-01
7.495742062776802328e-01
1.080119832744241171e+00
1.091926711362011471e+00
6.544790020657942353e-01
9.970322845549322022e-01
6.483826783931355697e-01
6.565561241379233026e-01
1.367355929969994444e+00
7.747638141370301046e-01
1.336164814940638657e+00
9.615693794776380976e-01
8.825323776563951395e-01
1.301357370410654024e+00
9.961792460212329781e-01
9.201559514256063554e-01
1.042598330660843065e+00
6.289745544310776371e-01
9.891630716256991640e-01
1.213670565898470111e+00
7.464633338077706348e-01
8.350753414921704421e-01
8.740893901574592340e-01
7.265973092151049029e-01
1.099071785544110114e+00
8.753663839405777525e-01
8.748078330831811078e-01
1.203368369210990663e+00
9.485453472872479308e-01
1.024024953520340731e+00
1.181449149601307980e+00
9.852593515107987976e-01
8.990288186980192053e-01
7.688988181994711457e-01
1.183876034326612370e+00
1.241771322202507744e+00
1.028365067168965030e+00
7.399317635962292528e-01
1.151972815794058747e+00
1.046194450823675570e+00
7.567735806987911928e-01
9.325658816673458862e-01
1.058703919204067700e+00
6.355721959733974247e-01
9.130516378062757399e-01
9.456431501755544478e-01
9.988507846009702096e-01
1.109459191608408890e+00
8.273596886548012508e-01
1.117806102754234976e+00
1.206726121946686048e+00
7.530289350403112092e-01
1.235822132378368243e+00
9.966538578684231986e-01
1.082663948249801278e+00
5.455072008603287781e-01
1.100734199979219508e+00
1.013386882494304420e+00
3.442213235804670313e-01
5.296433861683368383e-01
1.077412330666971174e+00
8.266200391895247579e-01
1.070678031547201758e+00
1.213423733870646393e+00
8.534181724604043007e-01
8.008245899786625710e-01
1.240663892053597284e+00
7.939931694510041771e-01
5.682358116350811894e-01
1.184124960542612959e+00
1.174094220701390689e+00
6.981309058733006223e-01
5.338849299495813661e-01
4.964742151266683945e-01
7.755633496837129881e-01
6.205239052742074213e-01
8.641812847161902678e-01
6.274958514105568597e-01
8.950577568756619140e-01
7.526361630262770053e-01
7.663687809016114239e-01
6.709795147457745523e-01
9.394489980951808983e-01
3.857046841355409317e-01
4.599517130929907105e-01
1.115556063025623601e+00
1.304734192093232048e+00
6.021527547683497295e-01
1.011566876141906102e+00
8.840662908055894054e-01
9.111142770314215600e-01
7.064028598343726761e-01
1.003220154118680929e+00
7.804459846536571099e-01
7.223391223084983936e-01
2.988568846340382557e-01
6.255842741762546177e-01
7.087899915878985713e-01
6.973267478778902850e-01
6.941331089216268291e-01
8.763616995524754483e-01
1.091127603568773807e+00
1.123975898012045338e+00
1.019908028691910662e+00
1.277065361262539556e+00
1.132847852036237057e+00
9.572500014172676819e-01
9.206991738601124631e-01
9.468523805943425131e-01
8.660864371420715635e-01
1.367848206494495678e+00
1.106150680767184813e+00
1.111764181540169538e+00
1.158255222531292317e+00
7.241152764975722356e-01
3.790737495719854744e-01
6.247914878523181947e-01
1.252924390754507344e+00
9.175079890684206818e-01
1.119715612474528443e+00
6.237315644188806685e-01
9.562051973258395288e-01
8.925209624358858562e-01
1.126180590125331227e+00
1.362398533617414698e+00
9.289468925519521747e-01
5.057895913398727794e-01
8.778238186731699422e-01
8.310485453063507499e-01
7.799655576035290361e-01
1.023218485647898746e+00
8.109113460241467175e-01
8.483119417066002921e-01
8.413360266812621724e-01
1.034716150980115046e+00
7.495091260443159653e-01
9.073113488320316833e-01
9.790240834007764015e-01
1.240663892053597284e+00
5.895126795749788817e-01
1.174296555885808058e+00
7.997108738610866352e-01
9.896508381210172844e-01
9.762076609084607837e-01
1.132259640525523636e+00
9.688980502435267095e-01
1.106456853119702544e+00
5.384485118093979006e-01
6.252994214242508786e-01
1.014620057858343083e+00
4.991056444825700544e-01
1.156139181525839277e+00
1.058466392511805187e+00
9.201241218127056420e-01
5.866463877190065679e-01
7.719221263331408345e-01
1.403313982037928120e+00
1.068301011971148684e+00
1.010554584140082257e+00
9.436590059903845473e-01
1.117178142104914729e+00
5.538542869964424575e-01
7.193812116024106418e-01
1.008298816285607247e+00
3.726334484941448144e-01
1.031627244013711309e+00
8.544325252060441800e-01
9.654567751965009714e-01
9.857705708489957752e-01
1.123391230176445932e+00
8.050277628118356343e-01
1.044633469383617674e+00
1.348416975771488557e+00
9.622004545281275245e-01
8.851107815625545161e-01
7.366723038747067243e-01
4.902165691343418064e-01
1.149820854939649806e+00
7.675072631331922857e-01
6.739224759539964582e-01
1.050393888204150583e+00
1.062464169983736939e+00
1.032455571886599754e+00
1.129321816673171330e+00
1.194264175141930284e+00
1.413995299812646156e+00
6.920214836543477910e-01
5.273619171545944617e-01
6.223573823096459900e-01
4.546695054124211266e-01
9.069911666788109672e-01
8.524474937450963186e-01
9.112221956074910700e-01
1.059550999041159347e+00
5.398366053662585484e-01
1.024042662654869540e+00
9.469024239428952550e-01
7.230554833738552789e-01
1.420186089718079581e+00
9.313131795797859880e-01
9.467984049442624839e-01
9.706448398866101002e-01
1.326694399315290651e+00
6.478240992621894234e-01
9.552073298879676377e-01
1.342238841662620974e+00
6.739528718824555620e-01
1.217840185177241574e+00
6.518692518895069510e-01
7.781342391616040688e-01
9.263546681912980807e-01
8.229671210439600815e-01
1.221469612627537282e+00
1.103797924755334670e+00
1.096355564153911999e+00
3.858211484246108491e-01
3.894212295190215278e-01
1.053530301079819820e+00
7.969950414654840554e-01
1.011941030391101393e+00
1.069722438108268614e+00
4.647358697315887577e-01
1.718221473892059592e+00
9.007086098241571248e-01
7.264946343746810919e-01
7.316978477795478275e-01
8.036191325368261529e-01
7.630692685801584441e-01
1.163847320924700224e+00
1.440424269303466787e+00
1.179991867179733589e+00
1.103846383424974764e+00
7.883858672638840437e-01
7.448394275900572792e-01
6.358235311646509569e-01
1.000222181500451057e+00
9.076697140988710943e-01
1.246626595921881631e+00
9.360817834524455261e-01
1.075507254348648578e+00
7.526925716598418248e-01
1.179854956150119483e+00
5.694287070014373286e-01
6.332396005610324563e-01
8.162221268900712312e-01
9.154389090578051169e-01
7.638854064230358176e-01
1.013942790240076608e+00
6.289502463765758167e-01
7.999082813889505372e-01
7.928357495535079957e-01
8.884888145772138479e-01
1.106891371996710172e+00
7.896764859432348072e-01
9.298350472975287495e-01
8.432296949069828518e-01
1.220653841836416786e+00
8.803550251281143657e-01
9.572963452099880755e-01
1.189402682838584191e+00
1.025533046761213374e+00
9.996378394139423529e-01
8.096664243506187519e-01
1.158255222531292317e+00
9.214898922143003324e-01
9.564227665621302110e-01
1.132248783121217794e+00
1.549144211684058359e+00
9.572500014172676819e-01
1.299833688751872662e+00
6.975222089308794615e-01
7.538372196530253033e-01
5.962184303245553485e-01
9.440921552400647343e-01
8.218105799421222546e-01
6.210737726764281597e-01
9.714573463006603848e-01
1.083140914267971988e+00
8.153320234073412331e-01
8.550627021773424818e-01
1.299583809270954626e+00
1.020656845274961144e+00
9.030819497048236943e-01
8.983037375756767196e-01
8.714251915572139850e-01
7.239179335585912423e-01
7.537255908736851806e-01
6.959399556528622632e-01
9.714573463006603848e-01
1.042559372794249262e+00
7.849774930092001668e-01
8.877381392624599243e-01
3.119174345276066740e-01
7.198485809037576955e-01
8.551515505297366815e-01
9.276928403448002625e-01
9.544664456643191519e-01
8.527769850587754163e-01
8.730691212718045824e-01
8.826882421993202943e-01
1.223470107556652975e+00
1.389219882956942653e+00
6.362524606723369835e-01
7.748922363461527851e-01
8.162626719518594198e-01
1.223860401305239431e+00
1.235389336717476860e+00
1.002947879939838138e+00
6.961734166653607003e-01
1.086543463129716391e+00
8.586969629872128751e-01
5.508040735956248879e-01
9.235321026905741748e-01
7.993328759104069148e-01
9.625951336117112289e-01
1.050155960658861520e+00
7.287883544309087247e-01
1.327772053912937844e+00
6.507808120646658701e-01
1.235717991218107770e+00
9.142876441062328663e-01
8.293390168248023775e-01
9.420983685595512025e-01
1.192611266684562299e+00
6.503832292978376506e-01
1.190587503045771545e+00
1.279158126447336841e+00
6.047861787756348972e-01
1.035701257769941153e+00
8.972535669420237392e-01
7.873751302678325681e-01
1.087259264249702317e+00
6.131881045303841926e-01
8.257404680678385178e-01
1.420762487186048029e+00
7.587787111582054989e-01
7.414729920316068812e-01
7.733413981858369146e-01
1.077920968277562119e+00
1.246790506133681697e+00
8.957703383500149608e-01
7.912748231809728638e-01
6.936137287442734056e-01
1.010061604753845543e+00
1.177213585513838368e+00
1.298527060724532056e+00
7.930437184023946262e-01
6.116760552995245126e-01
5.566427101949363854e-01
8.479802288521264275e-01
1.028496276300064460e+00
1.148299351499378673e+00
6.779977502997640570e-01
1.076898234203903071e+00
9.746786470074160214e-01
1.098926904947203687e+00
8.417142321647557157e-01
5.769703094064025928e-01
9.892531833311148937e-01
6.282460764886600435e-01
6.211478078470960007e-01
6.304828343729500517e-01
1.150920102393263811e+00
1.095069149114324958e+00
7.878155419661789782e-01
8.217386386482993244e-01
1.154722063638639273e+00
7.695240214264025269e-01
1.281960713317894962e+00
6.537984961255586258e-01
8.953200654601546349e-01
1.280111000173898672e+00
9.520815268615082649e-01
7.539734897417066373e-01
9.142317115826923413e-01
1.217788850526499544e+00
9.813768743305631981e-01
8.861908762991841382e-01
1.048888085174888518e+00
6.120576847372898310e-01
7.673083315518609560e-01
8.906328149267574990e-01
1.302520137347033202e+00
1.057101536725752133e+00
9.483667781178590772e-01
9.529751321957994348e-01
9.541308535725435691e-01
9.886288086786394480e-01
9.218561037516890266e-01
7.385463329491570583e-01
1.054756352728620117e+00
1.255086569106392158e+00
7.977466974038512904e-01
6.907140711348691564e-01
9.840191145320931199e-01
7.487065090610058871e-01
7.293092243835213040e-01
5.667008355239837591e-01
4.914612366545582645e-01
9.580718669903389717e-01
1.269813851999024523e+00
8.085329398979297366e-01
1.120039935660086972e+00
8.804044111693601904e-01
7.267192508304989307e-01
1.322007265290210842e+00
1.112516752284975263e+00
7.956537133450704014e-01
6.512541088877716877e-01
8.880791038872387633e-01
1.257081951984574397e+00
8.159231930013955969e-01
1.048287856488629100e+00
5.910728428811903301e-01
6.427604305245129268e-01
7.481650280249165785e-01
8.694295921878174571e-01
9.907433407398552605e-01
8.710732190152236099e-01
1.044765016992252216e+00
6.709500068248865912e-01
8.413482093787120197e-01
1.016436472449578465e+00
3.535531991107411232e-01
1.165275201638417801e+00
1.052880490187041218e+00
1.380159569751638671e+00
1.025172733800782110e+00
9.449352573607626704e-01
6.933950121787336718e-01
1.009400954034109343e+00
8.268545081732089352e-01
7.479249425434524312e-01
4.841432472094601147e-01
1.076818403880806629e+00
1.119453382806777197e+00
9.552361726883881188e-01
1.337018066054136423e+00
8.365854196184379088e-01
8.330852806203511429e-01
6.792184053339150873e-01
1.092103301100264767e+00
1.009668960127366066e+00
8.185125531688619560e-01
5.718274689402356170e-01
1.129090189549426970e+00
1.164990667255769496e+00
6.706678833468540102e-01
1.042925203310665960e+00
7.017236643958346676e-01
1.212919252965119377e+00
7.808165989735512680e-01
9.967587354724566362e-01
1.255523497677646372e+00
1.060499390027180855e+00
1.055969442528655877e+00
9.730299476287198601e-01
5.866019044253897308e-01
1.038704949494466678e+00
1.319801403961018860e+00
1.107634295060172969e+00
6.544772795106249541e-01
5.966251498714487678e-01
9.804383174075833596e-01
1.281149108816675986e+00
1.050279501033408502e+00
1.047432634365317528e+00
5.643154408356090279e-01
1.061940535865523172e+00
8.625574999432337187e-01
1.390609272273215957e+00
6.828018612577609892e-01
1.146265703015889592e+00
9.392581144279614769e-01
1.013555170955197759e+00
8.623869904708183487e-01
9.255956651235550670e-01
1.302015536640565907e+00
9.868660605473683622e-01
1.220741959472581906e+00
7.287808828878538092e-01
9.774372015543709713e-01
9.118948247953766462e-01
7.186693598154250129e-01
1.184816411136889291e+00
1.345305919297587804e+00
9.830508519946746793e-01
7.625941903897565100e-01
1.024151864752028906e+00
9.765722231156279687e-01
4.909135744829085657e-01
9.880337252199231646e-01
8.406036374717843485e-01
9.778866501576206627e-01
6.866791185091424277e-01
6.525440332289467182e-01
6.903231683309192235e-01
8.258918490837566795e-01
1.112846390384078177e+00
9.383163605477912173e-01
1.217351961917171321e+00
7.298110627753419122e-01
6.915458343208896741e-01
8.386720464994937840e-01
8.779639440675716111e-01
9.286856231778590764e-01
7.806730296716902773e-01
7.660748140618555135e-01
8.046991384696795535e-01
6.730147631497109817e-01
8.929628199039888470e-01
1.234994888614922015e+00
5.688300838388030689e-01
9.036857826225157542e-01
7.462540680597843368e-01
8.196633771518374578e-01
8.082707733242062709e-01
7.458462083479784344e-01
9.697702187725671941e-01
8.964336240958856727e-01
1.352958047667617514e+00
8.458008867307461598e-01
3.604365551506970577e-01
9.814001274965923338e-01
6.291329933874960645e-01
7.714182061323145989e-01
9.164431485139536981e-01
1.008885050712629239e+00
6.353576957246122037e-01
7.737074859268835425e-01
6.934945634539609882e-01
9.204935597024874738e-01
8.513571892409842468e-01
8.368765187695804686e-01
9.531205057769659428e-01
1.235554655581170502e+00
6.416007264065556326e-01
8.221364603291905215e-01
9.798723502141769570e-01
1.311396622860819594e+00
4.457143678117171381e-01
1.224557801152148295e+00
9.894500462397515239e-01
1.123494742331405671e+00
1.063185094621162063e+00
8.081894394726875097e-01
1.171041482152798352e+00
9.212933554060348529e-01
9.152282742328304854e-01
6.065141353802238067e-01
1.312422117635543062e+00
9.502481149792397774e-01
8.542323292282388847e-01
1.199917751995404513e+00
6.104583294208049127e-01
8.998154020420772170e-01
1.129660270995191285e+00
9.717949161490834209e-01
1.160451247545541520e+00
1.060027963479686086e+00
6.478178270502902292e-01
9.878318695553451878e-01
8.777721866781879045e-01
1.064540834956923643e+00
9.788795417522312414e-01
8.140497515525391137e-01
1.294887795229086258e+00
1.204673579213560330e+00
9.981788477104488466e-01
7.695245851630844180e-01
1.137990158789577988e+00
6.769515488529339597e-01
9.197635387470031176e-01
1.119931231163201701e+00
9.897190835689068100e-01
6.104306475332141879e-01
9.666322464408086956e-01
1.246098426113729563e+00
8.640646222074142013e-01
8.579362218433959075e-01
1.002996879762025229e+00
9.576693034926088144e-01
1.281174362257960109e+00
1.085519043150319884e+00
1.204037761265712492e+00
7.468296855786651367e-01
1.265478593692687337e+00
1.106234161768310464e+00
7.538372196530253033e-01
8.290574300482600467e-01
6.823182110451285753e-01
1.416286244088830193e+00
6.672876783118862898e-01
6.310421118880570335e-01
9.978180136349926732e-01
8.859463399192505362e-01
5.819127937248156357e-01
9.310409805554283880e-01
1.448550869810591335e+00
6.037039932446798263e-01
9.789574732913963739e-01
8.382907696934241981e-01
9.015138101070786503e-01
1.012054286664236580e+00
4.894913637847699839e-01
9.189996942978673200e-01
1.075175930038385408e+00
1.020182957079824648e+00
1.119592042133267906e+00
1.370164539543653026e+00
9.968086253145055364e-01
1.135346171403565307e+00
1.160200630385086695e+00
7.424285210110472821e-01
7.584170237388822011e-01
1.261930914485619892e+00
8.127884767035452596e-01
1.186639774083998011e+00
5.926931553139749287e-01
4.719045260129109409e-01
1.125057816144150236e+00
9.696764389522997130e-01
1.170232661088668857e+00
8.932301581014731040e-01
6.771595452529671766e-01
9.798838837187419104e-01
1.007721233398213734e+00
8.666137771791969646e-01
9.971156782256667128e-01
7.482204239029022208e-01
9.250625721686811520e-01
4.095943296324173200e-01
4.713313074785244750e-01
1.124099733651978683e+00
3.974162751315347131e-01
1.099132436228673848e+00
6.890553064922313453e-01
1.368515756762626934e+00
8.479802288521264275e-01
7.069931332383823097e-01
8.180608861832301404e-01
7.283961336814368526e-01
1.257523803378558069e+00
6.511764006244152858e-01
1.117085030439561866e+00
4.558008081233141939e-01
