8.121772398433091400e-01
7.242427248945605411e-01
8.321273237174361403e-01
8.786365127249113893e-01
7.389071530464369486e-01
7.510319005484933363e-01
6.709404137790412337e-01
7.005091756971073558e-01
7.260451829388682166e-01
7.910052806959175786e-01
8.180285920449912318e-01
7.647693571471351204e-01
8.401091415884240909e-01
7.361110006392428406e-01
8.036029031529994260e-01
7.884558552290122924e-01
7.467546961674274009e-01
8.563594219769541382e-01
6.881239740087592427e-01
6.916807678127185888e-01
7.238684931899084241e-01
7.156037021395699194e-01
7.132809464243446973e-01
7.005932737237067220e-01
7.821599599430397731e-01
8.824236077721060445e-01
8.753413123367930204e-01
8.778198872333932146e-01
8.222484694195708599e-01
8.768525622518442697e-01
7.373040855478448785e-01
7.407338761749154843e-01
7.004126562611239226e-01
7.157864022027703443e-01
6.947170292965328953e-01
7.394324388568465078e-01
6.754301793318486791e-01
7.414625204772253841e-01
7.519159846497129873e-01
6.810761484306983027e-01
7.156021652042994230e-01
7.295070497489970496e-01
7.147483933839231529e-01
7.022876420997621327e-01
6.873384342741786224e-01
7.911820045606107188e-01
7.713968614782272804e-01
8.261918020444718458e-01
7.550944492562183807e-01
8.444193808032282034e-01
7.662399088554943116e-01
8.185490140949585047e-01
7.044003609873373817e-01
7.521142292737421631e-01
7.696866418078154304e-01
8.196666619435105661e-01
8.613191613156611082e-01
8.125956375709180168e-01
8.471149919750381452e-01
9.275301547912258027e-01
7.446703444255903248e-01
7.741945146308131243e-01
8.133134330607075801e-01
7.227950203151833897e-01
8.238429036444357978e-01
7.741464332076031241e-01
7.587684525147410097e-01
7.075053560206013836e-01
7.697639001753715515e-01
7.465893450974797618e-01
7.086587390716755364e-01
7.240888955643500768e-01
8.334662999142742335e-01
8.220724564481731722e-01
7.744333280093068650e-01
7.319548169982026398e-01
7.886184692950198860e-01
8.851080541598664864e-01
7.450674759340735198e-01
7.965799739735509588e-01
7.401995191792578588e-01
7.418979074356115699e-01
7.053657951960470296e-01
8.118071147693297629e-01
7.218120464142315784e-01
6.765705941456038319e-01
7.135262377087028263e-01
6.848196254769219893e-01
8.113219348720718260e-01
7.646552578116646570e-01
7.313652644995777274e-01
7.937028794656424413e-01
7.294972414388939397e-01
7.529488444935721336e-01
7.113976590066594108e-01
8.695868239680339951e-01
8.279350719008846671e-01
8.187451253146549313e-01
7.971656283451852287e-01
7.437520708435936267e-01
7.137040197743663716e-01
7.075589386189109486e-01
6.872333192413293546e-01
8.339234612793428036e-01
7.387193674337028115e-01
7.275596715110846935e-01
7.321419583200954317e-01
7.389589682058289588e-01
7.881481601273478965e-01
7.363270312972486353e-01
8.739671166240533529e-01
7.613001707431047427e-01
7.961568606217197530e-01
8.289653891846671119e-01
8.503164941483125627e-01
7.185171520081224950e-01
7.976161557350573972e-01
7.651784361971261106e-01
8.002994135928860331e-01
7.166720132311148461e-01
8.016084336204249983e-01
7.102286610528464328e-01
7.075692597806917394e-01
8.143814975210242890e-01
7.613046584097972191e-01
7.350668960262811691e-01
7.040973552271336811e-01
7.581635972437973381e-01
6.838025660315112386e-01
7.107444189979762461e-01
7.275077284200331951e-01
8.073736992483393493e-01
6.897722590900170481e-01
7.879354033333813012e-01
8.219433117549340695e-01
6.951503450057983091e-01
8.273853832300667177e-01
8.310923287652115521e-01
7.350130021399019498e-01
7.073384814994870817e-01
7.409035766346548924e-01
7.489617179858558682e-01
8.156283920550509992e-01
7.409559520397713817e-01
7.230603162318535171e-01
8.317063805640343421e-01
7.696781200749954754e-01
7.206652645963722570e-01
6.363426761847359447e-01
7.698888292912168252e-01
6.548889727920710335e-01
6.995944772916063981e-01
7.414274713831502384e-01
7.150673935747947629e-01
7.358405128407878859e-01
7.472678005061061945e-01
7.230077071485840889e-01
7.894742504299619990e-01
7.497866727872304349e-01
7.525233985178740870e-01
7.189689966534928978e-01
7.353656017928908994e-01
7.743976528814179305e-01
7.506564872987426806e-01
8.015355208891956629e-01
7.591346333442521299e-01
7.575042124029087720e-01
7.440632047822782758e-01
8.136174285452778543e-01
7.600686778656371434e-01
7.549655530443180051e-01
8.332379943062080407e-01
7.592286244948788232e-01
7.014867321039462977e-01
7.215706911549705227e-01
7.095814830066506929e-01
6.934128363821046026e-01
7.257007360066206614e-01
7.402339970721273366e-01
7.058533291780205721e-01
7.958470357972968756e-01
6.981503587487551954e-01
7.511727548806081955e-01
7.469376765040794952e-01
7.490595572520751810e-01
7.086521395269027579e-01
7.994656331441120090e-01
7.164519851183965837e-01
7.056370966293021851e-01
7.520074322640796227e-01
7.268329020511306027e-01
7.415861723229523195e-01
7.379330657331577559e-01
8.227594599829087807e-01
6.954715178361300376e-01
7.432362780474173203e-01
7.219564863123774101e-01
7.511960515303501840e-01
7.912443023228816763e-01
7.180328683343430995e-01
7.261650915036490517e-01
8.041141209962562320e-01
7.138957240466592413e-01
7.462941571545514963e-01
7.594246048841095664e-01
7.172535450015820047e-01
7.876861217203353638e-01
8.422894511470310208e-01
7.704737421130820607e-01
6.861350847990179691e-01
7.701519624310371182e-01
7.641636564326845793e-01
7.283805018748396032e-01
8.279971259040250775e-01
8.041988736172285268e-01
7.432303262553839884e-01
7.628363350961934186e-01
7.165750786084899016e-01
8.306649274896523716e-01
8.149642105458222430e-01
8.037845243263210815e-01
8.102945636590607181e-01
7.265232849934164516e-01
7.378940212024581724e-01
7.813309006776250065e-01
7.479202827858646430e-01
7.277707364236851717e-01
8.859689438853562971e-01
7.670939260341254062e-01
8.571792788122150064e-01
7.850526839931225576e-01
7.661583433310538149e-01
8.146123545808555688e-01
7.644912478553137491e-01
7.149931033445130479e-01
8.818022979322674981e-01
8.325318594970602115e-01
7.487657463157531001e-01
7.105550806661988794e-01
7.254796839454933366e-01
7.911954832985370611e-01
7.441164167612269731e-01
8.214179545559817663e-01
7.953216346674096826e-01
7.406555694648699895e-01
8.051929269987974092e-01
7.336467525220752295e-01
7.142055725093576779e-01
7.066068589006715417e-01
7.427223470309022302e-01
6.920777296367015552e-01
8.398194424490722509e-01
8.529179610095398711e-01
7.263523449597369952e-01
7.864968709607097486e-01
6.919931384029970323e-01
7.786752893526234232e-01
7.193656728169932624e-01
7.885371146311720425e-01
6.827417738469572228e-01
7.037218736059168700e-01
8.123990158019033236e-01
7.556259913273497553e-01
7.642704941797623386e-01
7.476660969572984650e-01
8.036761296039781621e-01
7.085172842385858427e-01
8.079984975843339523e-01
8.551815297008488193e-01
7.190156577451265463e-01
7.310644818560333436e-01
6.862650493236805982e-01
7.395523094670597430e-01
6.959927131739249706e-01
7.378344582336313628e-01
7.248878207996231060e-01
8.215830287190810655e-01
7.991813379781054216e-01
6.956671276088534084e-01
7.081568679827591195e-01
7.387616564864258883e-01
7.381217717605520479e-01
6.919354768548918733e-01
7.153482715503820533e-01
7.939506675204712760e-01
9.292431862733137038e-01
8.647016653413964749e-01
6.830095139499741119e-01
6.927158879549233372e-01
7.275417090627722683e-01
7.384497866103271191e-01
7.335567866470704690e-01
7.073439749658049225e-01
7.569954522563659971e-01
7.305149422966401573e-01
7.279654435621299990e-01
8.221772940131865104e-01
7.354399530969782939e-01
7.533840578113787378e-01
7.493743118101956480e-01
8.439159477306467094e-01
8.115206356957709311e-01
