7.729622631540241651e-01
7.750408718396089025e-01
7.343011281621921738e-01
7.752027806887438199e-01
9.743656749791047567e-01
7.099646711487965778e-01
7.288574645499822369e-01
7.122306947019237944e-01
8.062286535504490370e-01
7.961798581304405653e-01
7.383396757378350994e-01
8.599073968994439543e-01
8.203741746139441293e-01
7.719615501963559279e-01
7.523778583440601242e-01
7.111534226942051173e-01
7.385488672723800052e-01
7.775546176266295850e-01
7.021010970465982881e-01
7.178525657003290705e-01
7.783292258098349903e-01
7.228175202354336637e-01
6.913473772161466968e-01
8.009451938677905058e-01
7.549027999072848161e-01
6.975829240183093471e-01
7.063908636682312281e-01
7.093586190254037582e-01
7.370371545455659534e-01
7.561464281087131312e-01
7.710806531631576588e-01
7.261502361784490933e-01
7.878370223704733721e-01
6.682172007432662930e-01
9.088424451540986215e-01
9.081001574450974223e-01
7.250484321307846258e-01
9.088694009683281338e-01
8.141918214867417403e-01
7.242007708305624458e-01
7.063995298722804961e-01
6.638076191543260673e-01
7.263192207802267042e-01
7.426164296285323596e-01
6.869463899248143823e-01
7.203064371749589023e-01
7.426306846670106543e-01
7.253898884938230207e-01
7.705046671449036211e-01
7.218153899434709420e-01
8.777201830793557313e-01
7.103340263821463774e-01
7.259033270052999143e-01
7.451111986048524205e-01
7.658467009839868833e-01
7.984050188882801935e-01
7.242518531899468925e-01
7.594615278164792427e-01
7.183726402622387930e-01
7.773897001327452205e-01
7.010363472876064428e-01
7.703664197110866585e-01
6.884129074478250176e-01
8.051424875618672372e-01
7.488945232698442922e-01
7.171000922260035715e-01
8.528968824769237456e-01
7.749396631869961416e-01
7.941832653479686810e-01
7.924864566267846300e-01
9.857497384767484050e-01
1.000000000000000000e+00
7.918292787229148644e-01
7.299074435379635517e-01
6.957546008920045821e-01
7.294162539426312097e-01
7.723115447988299076e-01
8.492121743788016985e-01
7.775063967354914896e-01
8.146427191337146656e-01
7.691394283824076750e-01
7.193322625134068726e-01
7.074242836665397549e-01
7.790606905742112342e-01
7.514388701129312009e-01
6.330557360778494846e-01
7.319792641594844440e-01
7.655297624824231040e-01
6.869770139337998405e-01
7.019185284876534592e-01
8.393427960886756800e-01
7.361130073942688812e-01
7.229081093241854772e-01
7.308171711556227246e-01
6.739520643754848273e-01
7.301651510006035295e-01
7.214788630393292879e-01
7.988514122949536000e-01
7.817378722003113234e-01
8.251001975582012982e-01
7.858711150680850466e-01
7.598106327469407173e-01
7.891934139649260382e-01
8.006339686836866365e-01
8.489017305008784708e-01
7.239241176938959743e-01
7.291004681681754196e-01
7.189912237390480021e-01
7.304936502840462254e-01
7.154685379553286095e-01
7.334043614378057407e-01
7.243348203913136940e-01
8.004253354561939870e-01
8.203161606053487320e-01
7.181812495819352993e-01
7.118575232873293190e-01
8.038802321842024590e-01
7.472658709654597109e-01
8.003755882621673701e-01
8.116398016870077781e-01
8.487157984754377660e-01
7.046834043070888676e-01
7.470347027333681389e-01
7.169589873645623168e-01
7.605612865637821907e-01
7.117860174104044813e-01
7.181773522095004081e-01
7.183776133444782497e-01
7.233026620651216154e-01
7.409631651600416813e-01
7.276316294188547307e-01
6.855620413182976769e-01
7.091916596439243881e-01
7.242910844113050750e-01
7.305274623602845407e-01
6.864358602521281050e-01
7.801928442405147157e-01
7.410651100954058768e-01
7.154450946239502285e-01
8.244962202014398667e-01
7.489907316700282758e-01
7.838644820658393630e-01
7.980952944159573903e-01
7.702689301421044021e-01
7.043826628115376076e-01
6.979812854698128621e-01
8.075979242826553106e-01
8.452591357691292551e-01
7.680257178891126690e-01
7.191154008486930760e-01
7.301090820503649548e-01
7.176559537598865557e-01
7.189155506978816002e-01
7.415120245845530089e-01
7.057940489292144903e-01
6.905083582166072764e-01
7.094809358430896884e-01
7.274066897539108734e-01
7.725896678468505696e-01
7.988209619026411801e-01
8.257936086200706738e-01
7.771166036624784779e-01
7.905698244907405359e-01
7.156665577467512529e-01
7.999076778021453338e-01
8.407347805219854697e-01
8.091121258850185738e-01
8.075399077160798633e-01
7.165866397911829777e-01
8.538290745151790873e-01
8.287138231947099865e-01
7.588030392648520417e-01
7.538468545096347340e-01
7.591208044751034389e-01
7.726906969036941852e-01
8.059153829159407811e-01
7.683736763579598339e-01
7.841061100062115541e-01
7.966637639042762897e-01
8.430002172223928225e-01
8.226300950439415782e-01
8.116861516286728584e-01
8.760493087023648595e-01
8.411300257058509366e-01
8.326444619307251660e-01
9.170396883526289455e-01
8.708781438650236018e-01
7.930541175998503389e-01
7.307905699093920626e-01
7.972702559830739943e-01
7.062013078130441324e-01
7.170628446743172457e-01
8.092440564628065047e-01
7.067924187232507149e-01
7.300852757719933361e-01
7.921354164073601822e-01
7.290809680382885904e-01
6.712573566550011916e-01
7.058506176258636522e-01
6.769773546920760943e-01
7.661090878333272070e-01
7.739442660524541440e-01
8.010907327015543977e-01
8.406354044272775772e-01
7.941955621549536826e-01
8.016879557227738484e-01
7.084657117198385201e-01
7.411850924394418616e-01
7.130523049815035153e-01
7.849606822397979800e-01
7.474232941554505016e-01
8.059562415527260493e-01
8.543992755917327875e-01
7.895540791350411647e-01
8.315559870994833069e-01
8.590043911788670661e-01
7.812405863292469776e-01
7.838065167159127267e-01
7.582667386829448075e-01
7.375597353281716506e-01
7.564149432514295501e-01
7.274654281578254444e-01
7.683265583108457308e-01
7.637330796080872286e-01
7.862695922263206461e-01
8.183927469942298139e-01
7.315165285440079490e-01
7.565082151335956739e-01
8.160191432091928876e-01
7.899309316403734238e-01
7.720784715440253132e-01
7.654123593877595333e-01
8.166159464064488560e-01
7.463567290129450305e-01
8.234256931871160035e-01
7.755764226156324215e-01
8.151254987771733296e-01
8.126377211503056364e-01
8.180067405898209243e-01
7.785641201353274976e-01
7.983590002852847256e-01
7.811238420015585993e-01
7.738099445574280200e-01
8.017893536776344865e-01
8.204032914202052940e-01
7.342544267155689530e-01
7.624335052735078389e-01
7.687394834626676277e-01
7.393765787012226420e-01
7.066733944962090286e-01
7.624387139667726521e-01
7.237149409500154285e-01
7.760921370876256997e-01
7.484094133060532616e-01
7.655163117702318276e-01
7.943332978180527304e-01
7.264512236691496039e-01
7.704498646572058851e-01
7.674642188619774652e-01
7.724489261073489432e-01
9.617440270221370158e-01
7.432421909668462945e-01
7.563301597636963303e-01
7.899085530075734551e-01
7.781836455806450115e-01
7.599759244660753144e-01
7.772893166928591668e-01
7.571137302515292822e-01
7.989820141449830437e-01
8.832953162115404488e-01
7.039059711440630585e-01
7.366924257065218251e-01
7.311720798773225782e-01
7.931866121198503095e-01
7.826938731196494414e-01
7.889303024541735043e-01
7.570562929261824836e-01
7.628445412816515780e-01
7.700888478852421226e-01
8.138467880821063094e-01
7.659983687962020893e-01
7.823264850357921629e-01
7.472685244380270486e-01
7.514459376889369713e-01
7.812115853555271494e-01
7.875866917027464220e-01
7.638173657939910655e-01
7.377040748020201599e-01
7.650831824332913200e-01
7.421338684543049569e-01
7.606444967073803243e-01
7.470481760803816540e-01
7.909618105898059692e-01
7.757499875257301003e-01
7.405105561537225212e-01
7.787249222266393600e-01
7.512252923448060615e-01
7.788148018411289453e-01
7.989278483705974931e-01
7.786091905474733510e-01
7.757720269309184014e-01
8.327824120479500047e-01
