7.469483132926314495e-01
8.162342303606276994e-01
7.702961045097292958e-01
7.426968663202081489e-01
7.699491052008761161e-01
8.120193461103903942e-01
6.929510547410420163e-01
8.667287423672560553e-01
8.269767908391301159e-01
7.710507003456302799e-01
7.886414801081833570e-01
7.247135786575351624e-01
9.211329495182837279e-01
7.454123975033015714e-01
9.345872166817209559e-01
8.939850999436942391e-01
9.112712647015356326e-01
8.738313406568348762e-01
7.259581838342535898e-01
7.602549783591622257e-01
6.981680527319376051e-01
7.547390498633291811e-01
7.229802710200707860e-01
7.092693053901210076e-01
7.215672443799381330e-01
7.364085471766258495e-01
7.594676192947107385e-01
7.397457918065176719e-01
7.435207882965872983e-01
7.176599751584671338e-01
7.232859037241828881e-01
7.212685956722340030e-01
7.823532985185435162e-01
6.833467754904491986e-01
6.967050536202217259e-01
7.442375007456168978e-01
7.057019747290188549e-01
7.175360691879435482e-01
7.543030076965271391e-01
7.311944539622349248e-01
7.300552272508019636e-01
7.655494788268806250e-01
7.903768915106119675e-01
7.879564855577063653e-01
7.585053560649567261e-01
8.803613214118974906e-01
7.599662832614310082e-01
8.314579591406470183e-01
7.231936323179243287e-01
7.144752363096995573e-01
8.118155496992872644e-01
7.086208442764322379e-01
7.597840649356852882e-01
8.279583646958096343e-01
7.993254447774814642e-01
8.424224013698257130e-01
7.405476084064666065e-01
7.296502601997196802e-01
7.978768749902297452e-01
7.973943615987301170e-01
7.807879545357337969e-01
7.449583444322723791e-01
7.883547520080375071e-01
7.189853997413304665e-01
7.985458512824133992e-01
6.730395665993174070e-01
7.434211601939679781e-01
7.511500414043690288e-01
7.087644924389218115e-01
7.557620173407643138e-01
7.919594338825978186e-01
7.314228555808740539e-01
7.877262583866658785e-01
7.608873008233932866e-01
7.153932422860325158e-01
7.064397129131047004e-01
8.114641432933874521e-01
6.900440958831198790e-01
7.470796420374455904e-01
7.796014408003916207e-01
7.533852925717464677e-01
7.709849611726732332e-01
7.275220054338360498e-01
7.822870681968714379e-01
7.361496257697207612e-01
7.480757537206406127e-01
6.542235028433440736e-01
7.275722382665018584e-01
7.815413097369847684e-01
7.299790865123219064e-01
6.923779329238543001e-01
7.135473117044821567e-01
6.940286181296679846e-01
6.863530439465551636e-01
7.222530551204188187e-01
7.930194163182398004e-01
7.009584053945001614e-01
8.018488331471682606e-01
7.303640184370596700e-01
7.099234260804636598e-01
7.224372388190504202e-01
7.093010074203509596e-01
6.986647162199913774e-01
6.987652141892366497e-01
6.972465305102728550e-01
6.648971429919441345e-01
7.218980475943217456e-01
7.945045411750736308e-01
6.609004511392211345e-01
7.708609785054523211e-01
6.905306542819077409e-01
7.130903909398795815e-01
8.904219950742203737e-01
7.062439528509594222e-01
7.389806083195629149e-01
7.126524384337282747e-01
8.096080732902198873e-01
8.191582982476843799e-01
7.379660950621372839e-01
8.202604607568593220e-01
7.522248502436824635e-01
7.951409957105148862e-01
7.346457786006049817e-01
7.801310381216235434e-01
7.617469763247776138e-01
8.071811399638495477e-01
7.916155956524829618e-01
8.483548348087032176e-01
7.605532642367320850e-01
8.705218511886698707e-01
7.525367232514426075e-01
7.142312880602634806e-01
6.989961551270595930e-01
7.298944698436041767e-01
7.276261717480677627e-01
7.655534537180289645e-01
7.111811109210710580e-01
6.748059064471118029e-01
8.478130540925653547e-01
7.888135249113227276e-01
7.867025979262803892e-01
7.234723494052699433e-01
7.956538345680643776e-01
7.111471030766131074e-01
7.754717091905998227e-01
7.510293916493337996e-01
6.994890076068440710e-01
7.096824822990827064e-01
8.076411948239330396e-01
8.076711265655349692e-01
8.531818400787301027e-01
8.230958192453610156e-01
8.052788831590919072e-01
7.519737363710428113e-01
8.342010228149637774e-01
7.589098632152463386e-01
6.780941383100829167e-01
7.950904082437785236e-01
7.882579092164565537e-01
7.059634512698502729e-01
8.291632593573518006e-01
6.870409867612911059e-01
7.548056376050376048e-01
6.964935927821487294e-01
7.228608624056257481e-01
7.997803114050938689e-01
7.739880408372886711e-01
8.452358988074317736e-01
7.509299585676333377e-01
7.089074751779210759e-01
7.388924369482323673e-01
7.663353957595608890e-01
7.607548300038826650e-01
7.262722915494447262e-01
7.450758036321524225e-01
7.992084369433227753e-01
7.377623516914401103e-01
7.309148783031436114e-01
7.511479829002821740e-01
7.473263791639949138e-01
7.093623017566769162e-01
7.674928500457900427e-01
7.579553443200428564e-01
7.704757199982205096e-01
7.154085166151517017e-01
7.596554501741856757e-01
7.032265373307317047e-01
7.751536544089611125e-01
7.031230876788502338e-01
7.456128853295965753e-01
8.165280468722360130e-01
8.205591146243743639e-01
7.228856836826155208e-01
7.316236890310956476e-01
7.183920353823542992e-01
7.468660458609607256e-01
7.030671624088439264e-01
7.176720274950910694e-01
7.706564422831745365e-01
7.312118457584937392e-01
7.742133213670706615e-01
8.246579938227365236e-01
7.754277478172931781e-01
7.507439874796338897e-01
7.393839088332436749e-01
7.411200920710449003e-01
7.381901172439711001e-01
7.609705903220314038e-01
7.209427119161584407e-01
7.140693502287127625e-01
7.231968901754551871e-01
6.925544171328383847e-01
9.369005550946114536e-01
7.294078702280829551e-01
7.633076704060605122e-01
6.928821594685278251e-01
7.326402910730013263e-01
7.958194877002343626e-01
7.671989433123183044e-01
7.903812182643086270e-01
8.151749084169972459e-01
7.091657503216690639e-01
7.642803641340657483e-01
7.662698199887633121e-01
7.630769749012423775e-01
7.827295158806040209e-01
7.229849971854336310e-01
6.910475477395502386e-01
8.727476395714095503e-01
7.713746438803072980e-01
7.048036719512412729e-01
7.475365230899182478e-01
6.943738044384140107e-01
8.736779738156147390e-01
7.883103605861984109e-01
8.002600622595078539e-01
7.532289406007991461e-01
7.973826543078429419e-01
7.323204768051940761e-01
8.094300843754578256e-01
7.555090711679648408e-01
6.798060120552293917e-01
9.262414465366169969e-01
8.809622669015197971e-01
9.217906414655538949e-01
8.195834549671641156e-01
8.710089775031740755e-01
8.149024374514453051e-01
8.011020905445245255e-01
7.855265845216282683e-01
7.604199582875018626e-01
7.478232013523292698e-01
6.630877942041709661e-01
7.214128384471905076e-01
7.908266219667291486e-01
7.751031429188385280e-01
8.028190428892924002e-01
7.890058321591566504e-01
8.153585318724323461e-01
7.473636575307380792e-01
7.926534011251987755e-01
7.798959824544758890e-01
7.324448919755143228e-01
7.359031934879569636e-01
7.302597268836991118e-01
7.271992577019853465e-01
7.812402090115553310e-01
8.181329759801978518e-01
7.913761690730646281e-01
7.334978798797073818e-01
8.988574045166085602e-01
7.693299114844575071e-01
8.045764471126157780e-01
8.386749755198295020e-01
7.654068845666803789e-01
8.062446461069291415e-01
7.767676201780114864e-01
7.968409822346482763e-01
7.906191793619633534e-01
8.145152889823876752e-01
7.617399860367634057e-01
7.732594052343406688e-01
7.848637526662586295e-01
7.837616001055289772e-01
7.859859813375020821e-01
8.157741915433189828e-01
8.113297607723101157e-01
8.216217516001799170e-01
7.835246121432060118e-01
8.275031092572816549e-01
8.013593722570527822e-01
7.995884423116820239e-01
9.279502016379970186e-01
7.658756166694244971e-01
7.993096860620010347e-01
8.062381533836463499e-01
7.935831362412457679e-01
7.924234055052569170e-01
8.179597193248747677e-01
7.722095445018087867e-01
7.278396185190284529e-01
7.689271637706739382e-01
7.699969210718190515e-01
