8.450631617085870850e-01
8.006328301161401706e-01
8.020883197573701606e-01
7.881536180279619108e-01
7.728597845029742119e-01
7.199734827777978241e-01
7.536865111033939080e-01
7.329479927867961209e-01
7.654626522253387133e-01
8.286412238428226829e-01
7.837312800982302319e-01
7.782807665669099206e-01
7.827225898345655519e-01
6.863702254014875104e-01
7.468882191020311812e-01
7.332278150356922319e-01
7.342518589903660464e-01
7.394817889248288534e-01
8.346219399937671035e-01
7.337387887106683326e-01
7.865326301200081804e-01
7.794811548789579714e-01
8.409884605272018865e-01
8.267949466809634274e-01
7.599346977834997574e-01
8.547192790404227747e-01
7.716932846316746364e-01
7.228639588404587313e-01
7.333922745009991973e-01
7.920306673733558123e-01
7.230715396120632743e-01
8.277010904683067549e-01
8.276662847566051973e-01
7.837390269536951282e-01
7.044185350407587975e-01
7.899345024013418870e-01
8.002956742329723205e-01
7.209456780513469054e-01
7.811230214306934538e-01
7.492915465546400311e-01
7.354702310592147185e-01
7.676399534810535163e-01
7.776060635693221590e-01
7.795512061211041788e-01
6.952327256076998863e-01
7.221563804754914662e-01
7.977014037523481038e-01
8.451784001178721528e-01
8.186695914744278602e-01
6.986969377285822125e-01
7.148943530753226749e-01
8.371297471950057689e-01
8.256954538939097477e-01
7.104742385505274926e-01
8.138893061713148303e-01
7.668192208758272121e-01
6.981551596343310573e-01
7.147638772686263353e-01
8.460659171026185810e-01
7.504972513014886992e-01
7.219981666074548610e-01
7.786421396933188577e-01
6.997460887983294464e-01
7.597930356548935338e-01
7.877204050591422035e-01
7.366473417600083451e-01
7.275847413287243048e-01
7.281878901161008555e-01
7.163482381889539896e-01
8.067576329440800942e-01
7.590437207041045298e-01
7.744390067036860392e-01
7.370847421296492508e-01
7.770834887769115795e-01
7.785294376799096749e-01
7.317206707738310723e-01
7.142655777636846004e-01
7.349635563213809952e-01
7.900429833710967964e-01
6.986854635372122813e-01
6.766293933373128677e-01
7.058690125020482542e-01
7.588884633231699484e-01
7.957092657659021739e-01
7.691915112908295216e-01
7.732129285045399314e-01
7.478569521329229142e-01
7.193315372288157095e-01
8.116073721825766141e-01
8.204091356786044065e-01
7.643352574394359777e-01
8.153501557673606959e-01
7.687909494305152913e-01
8.050757812677551417e-01
7.415506661254567256e-01
9.484430047448755285e-01
7.030694643298273094e-01
7.917364605586513226e-01
7.497963720360648621e-01
7.519899531853123653e-01
7.611132107622297083e-01
7.883301257863160050e-01
7.324636127657978557e-01
8.485619740659932075e-01
8.461886789872687942e-01
8.527065408791772994e-01
8.652244719395948414e-01
7.368386267473769902e-01
7.882049440759376635e-01
8.009219666015576777e-01
9.951748462983495136e-01
8.752089057096426039e-01
7.460206673274304423e-01
7.528505763103797710e-01
7.571972234176926886e-01
8.769791012320204970e-01
7.633536943206565839e-01
7.563592377623855612e-01
7.147761930861934454e-01
7.854234093484462331e-01
7.132043573296590333e-01
7.762058829178215547e-01
8.247204580962356202e-01
6.965093147271516072e-01
7.358928973939500295e-01
7.487129989025753662e-01
7.561009482208009835e-01
7.694021899391478847e-01
7.520759771158304074e-01
7.558643146160841653e-01
8.107545098997466226e-01
6.956507450965724315e-01
8.239391437795874351e-01
8.118884780816860713e-01
8.997593225310454024e-01
8.506461613629040519e-01
7.707725003838323818e-01
8.162835479301966402e-01
8.509920686313366955e-01
7.877668762460022789e-01
8.825057557236792860e-01
7.838421456336304161e-01
7.910710031661301045e-01
8.367872501701469901e-01
7.969435748922929497e-01
7.971266915500403449e-01
7.241614460685470434e-01
7.927929318436928163e-01
7.359670540335975231e-01
7.447015629620090671e-01
7.385633824219109966e-01
7.628943770689647907e-01
7.824671892342751622e-01
8.719589898857394994e-01
8.052497623554421002e-01
8.200053853439025486e-01
8.947809229434301459e-01
8.548992428446604563e-01
7.709764555956676313e-01
6.997197221343159912e-01
7.043159809294695650e-01
8.476364976962694753e-01
8.542216609378470160e-01
7.564690623185773566e-01
7.542134092313436122e-01
7.495797042177678726e-01
7.167565726698518214e-01
7.746276075627898106e-01
7.995549790752202179e-01
8.475106161231996671e-01
8.058914539069605976e-01
7.704933069795304457e-01
7.536741148722466699e-01
7.566894490351442348e-01
7.826394622672147028e-01
7.440127793335170603e-01
7.452347933192685625e-01
7.592819726200895625e-01
8.045113325057648979e-01
7.683136154252752092e-01
7.787255860887644099e-01
7.605691033717770777e-01
7.352589233650602685e-01
6.927224201984052421e-01
6.821915111857530523e-01
7.056537778003991734e-01
7.296552724037889126e-01
7.158786747754943836e-01
7.610614101045751756e-01
7.813228468818932404e-01
7.763413179748773763e-01
7.723852442492876724e-01
8.319779459134201138e-01
8.337910067396911984e-01
7.801475072919363818e-01
8.152205680686868128e-01
7.745353099816774112e-01
7.840647914575487043e-01
7.663380839950945100e-01
8.020319060053781035e-01
7.932096305972701211e-01
7.789085907728546809e-01
7.394661406586344743e-01
8.479978959881955269e-01
7.450214888053592333e-01
7.164642976161907928e-01
8.093941938666989744e-01
7.713025616412522156e-01
8.574892142078932578e-01
7.750859112863744960e-01
8.283121522753016386e-01
7.375469122046820480e-01
7.978775290544063425e-01
7.202175020484097301e-01
9.992175852289005844e-01
8.570400729057203737e-01
8.131698729748304544e-01
7.400763579884662713e-01
9.139338438485449245e-01
7.555439688337614035e-01
7.162974509537559653e-01
7.299380288818095863e-01
6.645691797880222129e-01
9.160731419393982611e-01
7.110469569387102284e-01
7.429860672263907118e-01
7.093818392326213251e-01
7.944609317890293232e-01
6.640770277046345038e-01
7.594992488303674572e-01
7.247319678467860626e-01
7.442283823422944922e-01
7.208274705878510158e-01
7.210191884514605132e-01
6.925998794820871218e-01
7.450690930263821343e-01
6.960403186188206526e-01
7.564403426305800204e-01
7.471045595917114035e-01
7.722844079063378997e-01
7.462707071937719761e-01
7.816663376335721836e-01
7.105008030801395202e-01
7.385432239806410948e-01
7.086957445318385895e-01
8.792748780678150133e-01
8.231569740686615066e-01
7.383965646994179455e-01
6.208078136608653486e-01
7.355800557831022601e-01
8.591853179028697829e-01
7.324400409918274679e-01
7.419552689652579858e-01
7.211984077366850876e-01
7.827081147340879674e-01
7.528582098308207460e-01
7.740411514465669329e-01
7.364907166787172388e-01
7.459706242727004444e-01
8.450785050798159670e-01
7.008617302119298786e-01
8.429790615860961456e-01
8.572529515374370801e-01
7.394663888416105335e-01
8.446803884834839238e-01
7.007628966663527192e-01
6.959777285919727108e-01
7.277748285356363533e-01
7.899309786442977321e-01
7.643512770317356653e-01
6.927665205979245400e-01
7.094292812701024076e-01
7.259672668503936999e-01
7.472345214169933136e-01
7.205435606168415497e-01
7.326655731489607470e-01
7.882656066417936813e-01
8.070641618758521707e-01
7.970523107436677801e-01
7.148050349321370955e-01
7.321954794674089273e-01
7.261040559558272767e-01
7.245231901081505832e-01
7.348445742547139448e-01
7.327040037755404578e-01
8.438331333520882049e-01
7.386984405736445325e-01
7.312106071258848150e-01
7.238875846314777318e-01
7.827623638325342803e-01
7.042471181403965330e-01
7.591964577276910653e-01
7.522590006162833687e-01
7.948989387304917775e-01
7.542711599069976680e-01
6.751055081186928541e-01
6.762252021908963240e-01
7.622557733777046707e-01
7.224724348826063736e-01
7.687826820319059173e-01
7.131415960885439942e-01
7.309544786235934177e-01
