8.069788908130949290e-01
7.878525031810253987e-01
7.886201254783480330e-01
8.246677757452337554e-01
7.962523314467675473e-01
8.681005451121872607e-01
9.060254374108862585e-01
6.749686241617279814e-01
7.754709757341261556e-01
7.961380627255210118e-01
7.746653920866064524e-01
7.492844093315754739e-01
7.711298034074236529e-01
7.817277520298643312e-01
8.287913460797805554e-01
8.208053535017311164e-01
8.004520018819014648e-01
7.757067310540988192e-01
8.246256361593916617e-01
7.760599641852438113e-01
7.802207837779393529e-01
7.864910156878442971e-01
7.239461350365898884e-01
8.294504665144971645e-01
9.090995235029332155e-01
7.652155624828588243e-01
7.148176793655441896e-01
7.055135970535475476e-01
7.471554542322100811e-01
8.285094521413698399e-01
8.316710347552279670e-01
8.613716001771096753e-01
7.156428467378221914e-01
7.459133336392330671e-01
7.884427872465296083e-01
8.098853049316451225e-01
7.371651289954316288e-01
7.293352328752144009e-01
7.822501477416015092e-01
8.331088103750325935e-01
8.110584957156022901e-01
7.116639859483320230e-01
7.787426353406808888e-01
7.747352078444325052e-01
8.177290861813263367e-01
7.623603476104270360e-01
8.022574692491747372e-01
8.146243723082748911e-01
7.816006518011308080e-01
7.426323855526101303e-01
7.020865132063058844e-01
7.038908349342062332e-01
8.128635522062450658e-01
8.630452431270321245e-01
8.101468161045473071e-01
7.076265428726796758e-01
7.533084375073119121e-01
7.365018936531502192e-01
8.124623737011560376e-01
7.382029149682828306e-01
7.865539294061687503e-01
7.148833198282494861e-01
7.285935553484975680e-01
7.544443137334437832e-01
7.543576030050653802e-01
8.032994948891321041e-01
7.796642871641019656e-01
7.230471009221455247e-01
7.720611335736883296e-01
7.382702801689156047e-01
7.328384027798179323e-01
6.900836035958805015e-01
7.604370458831405388e-01
7.698691891230386997e-01
8.322420617019349320e-01
8.342265830692886519e-01
7.417208698149809765e-01
7.131027620020518043e-01
7.461942414094917542e-01
8.096117119130072926e-01
7.519067426378051033e-01
7.227605819167075563e-01
7.998219611582133570e-01
8.047486153875458292e-01
7.494585963700814979e-01
7.575455603716172437e-01
7.703068264855458258e-01
7.282501296090573284e-01
7.240279672317261328e-01
7.469072422823596069e-01
7.514246671420766743e-01
7.738743894422449587e-01
7.824251770855362720e-01
7.159126646927842508e-01
7.634492747699649362e-01
7.094403277545915376e-01
7.094958547825032102e-01
7.233210440818608200e-01
9.749825701644297959e-01
7.391721909399403545e-01
7.490494482183500669e-01
7.507447216216140973e-01
7.494830227503710418e-01
7.364768589993253567e-01
7.422174540624477679e-01
7.168390922952733169e-01
7.906320028896928198e-01
7.512621629146086777e-01
6.998869795179502029e-01
8.612285037072144878e-01
7.448870274137417979e-01
8.061860100251563299e-01
7.914266835406753575e-01
7.278699758537784392e-01
6.608494430099081107e-01
7.716871618828013979e-01
8.096879589168314295e-01
7.295005558352122277e-01
7.813394059353215848e-01
7.628718113241339527e-01
7.586256121748307102e-01
8.208379102738777577e-01
8.163012417800299403e-01
7.601337184453292872e-01
6.958624598947728002e-01
7.036888811726025317e-01
7.452230528572213464e-01
6.994166157500090186e-01
7.096497122568924398e-01
8.179946247355368572e-01
7.469292014537268765e-01
7.584245210169904272e-01
7.196863127599388843e-01
7.253552104559352065e-01
7.552661362932485689e-01
7.249723361995160653e-01
7.176635058620225438e-01
7.172669919502945302e-01
6.760005322877598033e-01
7.558514573903190037e-01
7.702269834464378073e-01
7.423709354645491310e-01
6.910567824497779732e-01
7.592132751914154598e-01
8.021132525716578865e-01
7.522520064866549117e-01
6.722093760873691926e-01
6.760875313317191715e-01
7.181368830311525286e-01
7.224280655422234965e-01
7.359331169438440012e-01
7.459363859507456285e-01
7.308634526566977208e-01
7.010855314801949234e-01
7.078907991990155413e-01
7.150923464559154619e-01
7.280135468694056700e-01
7.126287569288058954e-01
7.267266924130205696e-01
7.463348240025731162e-01
7.240015320353395678e-01
7.453981902507860191e-01
7.167114785371919705e-01
7.255684032111214821e-01
7.423607113968465621e-01
6.858539469657528587e-01
7.148385261872662877e-01
8.030011019698390928e-01
7.417824470365980138e-01
7.808375324757715896e-01
7.358853136778843451e-01
6.372642246720570114e-01
6.989747863035334907e-01
6.987053140237647897e-01
7.010415742651016080e-01
7.208249249328798625e-01
6.794239936163505300e-01
7.964527244555752450e-01
7.185377639914926062e-01
7.479807610216474556e-01
7.070338974359198225e-01
7.075045331059819365e-01
7.583208260165548165e-01
6.968485546548598419e-01
7.469308207278649858e-01
6.969753082803747946e-01
6.942522297610322912e-01
7.050259496760423739e-01
7.178637667003724410e-01
7.520438707254779587e-01
7.839525393658298702e-01
6.852435127467688680e-01
7.871118789231568158e-01
7.238092569076297611e-01
7.047602621041868520e-01
7.494039205693567851e-01
7.955063228130710984e-01
7.372219774217745325e-01
7.903342373420806366e-01
7.386252815725745657e-01
6.981146736771298711e-01
7.383315999827468890e-01
7.011324610236675525e-01
6.945649323815734633e-01
7.979144774333876144e-01
7.877293415860220360e-01
7.699608946747762417e-01
7.846086080605525481e-01
7.802458908407813309e-01
7.772948800691221738e-01
8.164115878445084018e-01
6.956516015440904477e-01
7.195824931984101669e-01
7.141210592465347951e-01
7.047984508736844234e-01
7.003992558028007132e-01
7.772767249662473343e-01
6.917077557894650841e-01
7.533471081768884359e-01
7.469513125383135943e-01
7.620729713294569496e-01
7.378740903667226902e-01
7.479785612698419683e-01
7.194765041467793276e-01
7.734777390558456034e-01
7.775796955874432204e-01
7.066808519943253986e-01
8.755436523967683460e-01
7.244602861733764332e-01
7.453100534742458372e-01
7.137590495403283164e-01
8.203850039719360332e-01
7.060268624360309664e-01
6.957222345286235843e-01
7.147073178932098481e-01
6.829535119236109786e-01
8.059525623344908629e-01
6.864617839322257886e-01
6.807461011331412681e-01
7.133136833632154339e-01
7.598876243631345062e-01
7.623061359039906559e-01
7.006869629467294969e-01
7.645297871176253146e-01
6.981214494120335790e-01
7.940935747228612396e-01
7.500623151504337560e-01
7.031195421977376458e-01
8.472788106043447343e-01
7.457822785385733733e-01
7.187895805777760883e-01
7.234146101124097061e-01
9.127524228269500162e-01
7.458108622004511190e-01
7.178298514299847888e-01
7.289423268244535903e-01
7.120984233704209521e-01
7.372421516362782645e-01
7.586465695264226206e-01
6.840037121555168076e-01
8.231641915076570726e-01
7.262988451936130962e-01
7.035430129958387679e-01
7.059552873619575619e-01
8.149017539185254844e-01
7.002277204632906260e-01
7.052762480653633759e-01
7.142662097078765759e-01
7.475100475589581128e-01
6.926113219910832175e-01
7.193798850500124908e-01
8.244263473467778880e-01
7.445976548781890747e-01
8.256109603945231967e-01
7.709282273607304115e-01
6.999515038783056253e-01
7.653817065990905499e-01
7.088025371307375977e-01
7.577186750831532702e-01
7.152769760149556566e-01
7.229458852427224080e-01
7.045971716962663445e-01
7.064150170929395234e-01
6.958975649828338383e-01
7.081985958471375131e-01
8.549290297914643455e-01
7.053508740562600687e-01
7.032554565384788736e-01
7.284307936797147498e-01
7.200249628259790535e-01
6.966291779803027717e-01
7.283031062403445555e-01
8.013347496821762173e-01
8.032885336032755674e-01
7.551403456122702806e-01
6.921685517930536991e-01
7.751727544473718812e-01
7.856710875472089350e-01
8.128220952814115829e-01
8.319283607551147819e-01
7.172100797475875478e-01
7.226226239624348180e-01
