7.506412400907412907e-01
7.211528408668297363e-01
7.507279180190734591e-01
7.046581861972927019e-01
7.183488826397930183e-01
7.868731258193418787e-01
7.911818030272883551e-01
8.080379981961802738e-01
8.136312387743042107e-01
7.439280588141351513e-01
7.774032908238496242e-01
7.467268909766552332e-01
7.334155632941711245e-01
9.518207855502315295e-01
9.503766224171036336e-01
9.287134895893123243e-01
9.059677215826219543e-01
8.980351691000982850e-01
7.198734660001139263e-01
9.173045642273145450e-01
8.836213706099548260e-01
7.012130592566991893e-01
7.093325230765025191e-01
7.361487156270247745e-01
9.401529730822146824e-01
7.054797204988403347e-01
7.768143759603906018e-01
7.497761096848409856e-01
9.590935360899691675e-01
7.438581060813924672e-01
8.129702329821866247e-01
9.222929778666731915e-01
6.961064492059184650e-01
7.918423832424280606e-01
7.713304202924862185e-01
8.097476217876281579e-01
9.364167154423976847e-01
9.017706823963256291e-01
7.579398171219375868e-01
7.408938319690477892e-01
7.908755463323626778e-01
7.289726971619862050e-01
7.678478078030109844e-01
7.985399063810730835e-01
7.705772886957245049e-01
8.028721474015484416e-01
6.840545716945263255e-01
7.347667790844049085e-01
8.233020688034553558e-01
8.281287120875896468e-01
8.114473014696742537e-01
8.101627797958592669e-01
8.030710650039712961e-01
7.228298828202456283e-01
7.280165547638459689e-01
7.476402359106922857e-01
7.159834891898263498e-01
7.587161680550605913e-01
8.080725947292251021e-01
7.476507443833190214e-01
7.560594734336973932e-01
7.451185309323358208e-01
8.100472683259809514e-01
7.943990467828171420e-01
7.503292413148066053e-01
7.881978952348953626e-01
7.647484044135728354e-01
7.619371203480032051e-01
7.780957892224008576e-01
8.238623793361846692e-01
7.722638436866462452e-01
8.118265489102082233e-01
8.113570985452210893e-01
7.045142381534025278e-01
6.958369207168652038e-01
8.877401491417219459e-01
8.331180911882030138e-01
8.292672555841773541e-01
8.341272219924950049e-01
7.168840552553695789e-01
7.707256960427207870e-01
8.165763767436796661e-01
8.024301981233182834e-01
7.529297530080550915e-01
7.782224681506545449e-01
7.470941901781112948e-01
7.703386886718320836e-01
7.460267547279406664e-01
7.154781411648731826e-01
7.336165995914384341e-01
7.645346427061080474e-01
7.322584585687252900e-01
7.553077815084033864e-01
8.255360284346963118e-01
7.475665344058223249e-01
7.095237088385810686e-01
7.623665274076762977e-01
8.257485225880412116e-01
8.090189816788695421e-01
7.026080667543971314e-01
8.375875225899792609e-01
7.081150921597241243e-01
8.595411988553400828e-01
8.685872926443742870e-01
7.276923418880971717e-01
7.435906060632752057e-01
7.382793635920462672e-01
7.254430742159488910e-01
7.250703376936177280e-01
6.912238947186544191e-01
6.779334183927933077e-01
7.378023023427008331e-01
7.702757227256707973e-01
6.931208878621790692e-01
7.324185450877472858e-01
7.360236364744774384e-01
7.148021892535265653e-01
7.384353603834726831e-01
7.052530860858746697e-01
7.272498753491334345e-01
7.593928129907014934e-01
7.018360584989332684e-01
7.432249237042597434e-01
7.365307828996743300e-01
7.675144659924630908e-01
7.236092258628818996e-01
7.797161758889447070e-01
7.055166548632112455e-01
7.553066066286763247e-01
7.103066627458053395e-01
7.323644484227243012e-01
7.238466521702149326e-01
7.020942791977631270e-01
7.091491890857049007e-01
7.476991090308047205e-01
7.539321550796235227e-01
8.330761188071954537e-01
7.385187110557240864e-01
7.463823382776244575e-01
8.482842022949903527e-01
7.190900427319618649e-01
8.635269545378249090e-01
7.822639759913544433e-01
7.390115616047068237e-01
6.990539478063005907e-01
6.948185220735559886e-01
7.102274448027775522e-01
7.909374216961245763e-01
7.958952793807319015e-01
7.890457120730015594e-01
6.981106240741892233e-01
7.274390042324838657e-01
7.257410782366444657e-01
8.606260433300734203e-01
7.434062521591455752e-01
6.643193471402178973e-01
7.012874149081078645e-01
7.594636274954166266e-01
6.913944911204779054e-01
7.082642559793052017e-01
7.697609195812994409e-01
7.494871240686329372e-01
7.217213219903423349e-01
7.260481330389007004e-01
7.173807476376860004e-01
7.115712734239380000e-01
7.105258912510648006e-01
7.730573993047004100e-01
7.914597895310659936e-01
7.129848685121200624e-01
7.282910553258676867e-01
7.511514275442947586e-01
6.994420010332527138e-01
7.055399165791196303e-01
7.654578700667213909e-01
8.591855205350731328e-01
6.158655734823169636e-01
6.038040627731664500e-01
6.684813536040670190e-01
6.136122240136919759e-01
6.184367531309534760e-01
6.603671722299329083e-01
7.070161874499881760e-01
7.515998356043286366e-01
7.379153911278610867e-01
7.649919089977962328e-01
7.746670116239027237e-01
7.204104922911479525e-01
7.258837373698124873e-01
7.505258815807754891e-01
7.364041336644423508e-01
7.200352450052619480e-01
7.344262937920297274e-01
6.930960360250691954e-01
7.408830800508119374e-01
7.243877288646147772e-01
8.170979875808884740e-01
8.016229872695236347e-01
7.653375156413422253e-01
6.991282514195229503e-01
7.415130767760396147e-01
7.477559274485056084e-01
8.431172731799290165e-01
7.943382753290283427e-01
7.978047192995787462e-01
7.230596864170192317e-01
8.154436922080485761e-01
7.125154980791754689e-01
6.992200385466457169e-01
7.591019411669909234e-01
7.550859451812304002e-01
7.717540569420507923e-01
8.169857691817163925e-01
6.996706341415448449e-01
7.406400490006698201e-01
6.934602387580175442e-01
7.073030663468882207e-01
7.476903696293792922e-01
6.284912401362544587e-01
7.655509533770695763e-01
7.237368005131485926e-01
6.715070235094717788e-01
7.624583626947220028e-01
7.251148004309887485e-01
7.913378907720621802e-01
7.940241786626874854e-01
7.374278907541240713e-01
7.011860113494196023e-01
7.537073048278415399e-01
7.198703831739857728e-01
8.003746667829928496e-01
7.069634280815592087e-01
7.178523002309787904e-01
7.236525202408747859e-01
7.278118903087520408e-01
7.083769920799399822e-01
7.424053957061135245e-01
6.875959387966619207e-01
7.931450961682404710e-01
7.210715689291650188e-01
7.339027386715070156e-01
7.102838559571104105e-01
7.289213944069077300e-01
7.175245767303483069e-01
6.979402003970375246e-01
8.400995948070505426e-01
6.671497446930618747e-01
8.583376416868078174e-01
7.187265131628798320e-01
7.832086437763573494e-01
6.771077215312368835e-01
7.283823019925571574e-01
7.454103702733997361e-01
8.519302334392513387e-01
8.347018069218570258e-01
7.545001881659683107e-01
8.381588971457122339e-01
8.369496342467779293e-01
8.082390996195563115e-01
7.630801920255005921e-01
7.124833719874610338e-01
7.100161288145911964e-01
6.834434502755317720e-01
7.404295397491841291e-01
7.543579245120889398e-01
6.921919542511205670e-01
7.307705311461495379e-01
9.612278664384695803e-01
7.519844731422448136e-01
7.962696240087145938e-01
7.567970959270856612e-01
7.218952996727857618e-01
7.210771825422414016e-01
7.660918383989280267e-01
7.371811193828768927e-01
6.179325147922993811e-01
7.411819940914019522e-01
7.803271887959930542e-01
7.129297160914781495e-01
7.171646435754973625e-01
7.569585866520407436e-01
7.070228682514004825e-01
6.936615929185329099e-01
8.137181334545067202e-01
7.682989762106898768e-01
7.586342229895660649e-01
7.032578392671723355e-01
6.838642798938193712e-01
7.212721603055249897e-01
7.312551119966266278e-01
7.447090750975254858e-01
7.181185442966898647e-01
7.889778672325611364e-01
8.334725650459774426e-01
7.190342696847148440e-01
7.135060476864995005e-01
7.555985603010419993e-01
8.138303998229117209e-01
7.240142719677695737e-01
7.390270407530379337e-01
8.338796150098722881e-01
7.104811535996603533e-01
