7.773665317989791879e-01
7.628412566648734572e-01
7.466114034442692393e-01
8.158348916143109975e-01
7.324399865906487950e-01
7.818202733640785551e-01
7.400667746633208255e-01
7.259018093581293130e-01
8.211065197530997839e-01
7.699822254132524524e-01
6.990573964922170980e-01
7.201779077338761326e-01
7.028275102520548101e-01
7.826860932355670375e-01
6.908463336073665806e-01
7.289597748359207818e-01
7.596415852395655977e-01
7.980701128431588742e-01
8.139900877984848071e-01
7.619112998427978178e-01
7.402406733405324513e-01
7.256502104857445179e-01
7.462857246776549713e-01
7.733617365510565556e-01
7.264624664605089377e-01
7.686996234197632782e-01
7.952956818839573838e-01
7.422537092876463349e-01
8.135089060594363763e-01
7.281971893524922246e-01
7.264124246284117126e-01
7.955402652864680402e-01
7.472661084895575456e-01
7.446675366991328815e-01
7.486717350225209344e-01
6.923946097114370701e-01
7.239384941979486454e-01
7.317598419965412049e-01
8.298575772071185019e-01
7.453490035862159191e-01
7.873420730086043706e-01
7.138380430037886137e-01
7.522873217836749671e-01
7.740049629475379556e-01
7.793372519972545653e-01
7.605612433924994198e-01
7.553676365611842192e-01
7.165121554395341708e-01
7.608864626980021972e-01
7.667434211160013557e-01
7.853496905080379342e-01
7.635144305102011808e-01
8.015594155474610183e-01
7.820323276677390023e-01
8.288813616171679666e-01
8.455110881517600152e-01
8.195430110649960520e-01
8.507615100072855041e-01
7.664585316084843170e-01
7.861819682132695775e-01
7.687417186762126597e-01
7.643339462364612258e-01
7.475528161081983480e-01
8.054099074234922773e-01
7.614395840738921173e-01
7.187736966292613827e-01
7.757712294000157494e-01
7.536750708699980761e-01
8.169062903803250286e-01
8.095996949934188835e-01
7.244817710669262389e-01
7.997490352552751869e-01
8.004577079304887599e-01
8.548768172120939646e-01
8.175292198005447153e-01
8.428739076263777052e-01
8.224944718068157856e-01
7.191307553177660461e-01
8.908443157425827152e-01
6.874187691438958803e-01
7.358751082923625786e-01
7.711494042282117656e-01
7.946423359074317183e-01
7.165224048780346466e-01
7.604620823648819972e-01
8.503270227402274228e-01
6.959186749921104642e-01
7.007927467219794426e-01
8.023796615536972210e-01
7.917656979487055491e-01
7.926616977113906115e-01
7.855353493232832829e-01
7.660963972173980840e-01
7.555820186106949610e-01
7.445387255448608910e-01
7.599989150473616117e-01
7.795224481928360039e-01
7.875738314807863016e-01
7.192545587127925355e-01
7.907118989982541146e-01
7.630642500683869622e-01
7.671077481781026774e-01
7.872350940663083163e-01
7.556772702543853582e-01
7.650374772562109627e-01
8.745693881108791423e-01
7.834415692115908048e-01
8.252451577189303666e-01
7.449260662695419422e-01
7.376425659252795475e-01
8.138704910552686522e-01
7.772544205401995532e-01
8.263124902299302521e-01
8.379363169137147294e-01
8.051493858504632506e-01
7.808388860588086899e-01
7.562333388265085610e-01
7.663278664750935443e-01
7.478058727107231851e-01
7.442783151193338442e-01
8.043383651003969126e-01
7.609279151129146879e-01
8.130918377897303762e-01
7.421995493553948942e-01
8.296636232966873026e-01
6.989182143766987654e-01
7.078712608331577671e-01
7.858188262765628540e-01
7.440180425448381651e-01
6.826318091040752822e-01
7.889308713757555713e-01
7.286528998298954507e-01
6.818037223986549433e-01
7.448500515509619557e-01
7.117575057085264723e-01
7.543578920244869979e-01
7.012909254773797008e-01
7.118143933414841085e-01
7.351973675104381822e-01
8.947880460409317616e-01
7.208329086227086568e-01
7.776746934011624646e-01
7.259002233904456869e-01
8.142117017612516827e-01
7.393314026497984637e-01
7.237514279091114000e-01
7.422817008408247874e-01
7.724697575053626197e-01
8.007421114734283307e-01
7.794722710242626418e-01
7.676001223119300887e-01
7.509742705445887623e-01
7.306598497467876596e-01
6.978315341683976047e-01
7.860273435037381518e-01
8.865929184967793475e-01
7.218655629767908311e-01
7.670243164741623598e-01
8.112700691294802979e-01
9.253592879761967094e-01
8.619549196578667472e-01
9.075999211098355612e-01
9.634488834919432421e-01
8.448342327484571479e-01
8.150238642862392968e-01
9.196125544931407214e-01
7.394410009208330914e-01
9.068067465043422315e-01
7.247496931422003907e-01
8.881131395075543278e-01
7.647719284215793722e-01
8.146094289849602488e-01
7.415757398448524773e-01
7.805121388424476336e-01
7.784590573060828911e-01
8.378100200581558576e-01
8.887211213881289762e-01
8.869917607885575705e-01
7.696239146270742459e-01
7.766422569461195469e-01
6.817038604681482372e-01
8.520627376709790646e-01
8.322064115413476681e-01
7.366142291178582324e-01
8.814494095768385939e-01
7.690820561388620469e-01
7.514922194000812627e-01
9.126798826749130678e-01
9.096361847134328826e-01
9.469819123186670184e-01
9.111617013332319326e-01
8.902357823662179204e-01
7.742723669593025715e-01
7.702355583702934494e-01
7.960722046532658913e-01
8.407092443195495202e-01
7.550921678683679694e-01
7.705534369539726036e-01
7.971229401663968428e-01
7.224559547194160380e-01
8.587212269114367080e-01
6.632007517795946994e-01
8.645827049255268015e-01
7.519306967095489291e-01
8.749149212740873205e-01
8.180245244563730811e-01
7.889677368397709500e-01
7.711715667160756738e-01
7.594340632142619896e-01
7.339021640774097133e-01
7.294511419672148334e-01
7.318185059605147869e-01
7.156063488978777754e-01
7.982662832147536802e-01
8.314563469792469741e-01
8.115244631847911005e-01
7.348141543862189984e-01
7.119110825770298412e-01
7.625107531897039603e-01
8.108129486992257107e-01
7.359681795093721002e-01
7.360189104590136866e-01
7.094451974403365169e-01
7.599906557223975456e-01
7.817008142572791085e-01
7.916479536772037529e-01
7.808511773407875722e-01
7.124781444100765082e-01
8.271552677525463304e-01
6.821934260388204940e-01
6.733792380538174971e-01
7.074591882571403811e-01
7.170730844290569284e-01
7.821444965697404994e-01
7.450628545295062688e-01
7.055872486177608982e-01
7.293375454429485982e-01
7.466130906366180708e-01
7.748095901684194375e-01
8.008181251109841581e-01
7.993808952639378518e-01
7.209943287651396915e-01
8.801901178806482706e-01
7.891274328653458126e-01
7.911549662256179838e-01
7.555268989421568548e-01
7.237047508046647870e-01
7.622486906539733820e-01
7.390929272964406049e-01
8.036650644908530650e-01
8.477687245122342841e-01
8.672886350337215555e-01
8.289992845636213747e-01
7.268602582029053405e-01
7.519954621432889397e-01
7.976215608124879175e-01
7.814762060664858234e-01
7.105928315040942467e-01
7.704132894429970291e-01
7.552380896925402487e-01
7.531008875338324193e-01
6.940172941715035959e-01
7.610348820476783294e-01
7.433539223023067910e-01
7.599828373453634267e-01
8.464356852922257923e-01
7.282222142824213984e-01
7.780660723301986437e-01
7.324846513453413532e-01
7.239325771588345226e-01
8.048293214572747045e-01
9.630727944272486907e-01
8.120031044730200431e-01
7.403637924045735064e-01
8.044750795606167015e-01
7.257538474779988702e-01
8.038788606301529027e-01
7.947428628499529912e-01
7.605560004141366237e-01
7.283422957471671344e-01
8.239144949529095818e-01
7.748824443794984917e-01
7.366167443191170561e-01
7.505779549675517526e-01
7.144233257451085839e-01
7.841817218761965025e-01
6.984675222344797207e-01
8.505500031568880015e-01
7.343068254853875043e-01
7.227059793216986661e-01
7.552256997297398522e-01
8.842079442344541462e-01
7.558589579595362817e-01
7.349867665069891309e-01
7.264422764699506319e-01
7.704260933116894305e-01
7.359165186241307666e-01
7.736336250138462489e-01
8.665803121495936345e-01
8.659481922048580804e-01
7.016364610496977905e-01
7.781466824936984494e-01
7.719893227232282884e-01
