7.705735169158128839e-01
7.295069038326509325e-01
7.803507602720429759e-01
7.641993426072857254e-01
7.291768626266418307e-01
7.438248397045839067e-01
7.268436166824842060e-01
8.018108100607441724e-01
7.601037430582577858e-01
7.253846598820966607e-01
7.443049181722565244e-01
7.650355081701699644e-01
7.545102862067555316e-01
7.739355146947720643e-01
7.476727906088944664e-01
6.962225237677189815e-01
7.515448838646067165e-01
7.539405285050667649e-01
8.287711755477421560e-01
8.812887887656459807e-01
8.987330539543036956e-01
7.579658560193617278e-01
9.091544277231918825e-01
8.132897722111648298e-01
7.050459137260234321e-01
7.277775772265776544e-01
7.536650421100534736e-01
7.985511241928466841e-01
7.245741402136527398e-01
7.308442387175756449e-01
7.689478922295168717e-01
7.704292646616601736e-01
7.361054186281643652e-01
7.339700703894036504e-01
7.444134446671716310e-01
7.391967723597444584e-01
7.654259278156417823e-01
7.074968958981615597e-01
7.244735114661323694e-01
6.741420977689739358e-01
7.721080981640812135e-01
7.656190062926382378e-01
7.966555772662952117e-01
7.688407084124392332e-01
7.369552076209681113e-01
7.656092022455370794e-01
8.256700756324706347e-01
8.721931279874652887e-01
7.517031755835819062e-01
8.868277721152609816e-01
8.365508198968631959e-01
9.283654713211415554e-01
7.811156345144921742e-01
7.417930001319995581e-01
7.875910925537830121e-01
7.485682278911910403e-01
7.656478855121741089e-01
7.537179642446391048e-01
7.310853201098294063e-01
7.793186612965659066e-01
8.314205471908747702e-01
7.793984235865955013e-01
7.437931935677254414e-01
8.628000128402004698e-01
7.729739277763041372e-01
7.345819528405842513e-01
7.888298598443628240e-01
6.897045114827935475e-01
8.022905221046573443e-01
7.351554293299953358e-01
7.857546628319268534e-01
7.322258600725722877e-01
7.094084402673733747e-01
6.501635938796505032e-01
7.427008731952123854e-01
6.341537385880521294e-01
8.378951330907015160e-01
7.182340583957351754e-01
7.399373592239044672e-01
7.206844353145327453e-01
7.912674631575120632e-01
7.712635385105767183e-01
8.800748556622952634e-01
8.647424024979569745e-01
8.519890393390614491e-01
7.266207084537026351e-01
7.366682229387988556e-01
7.998454017163569851e-01
7.371911378937984205e-01
7.076006808977370888e-01
8.132611744147293376e-01
8.167149948289821326e-01
6.786643324040094738e-01
8.281270005016108104e-01
7.155349579187806341e-01
7.353156196833250391e-01
7.048876575223026464e-01
7.784107029373312781e-01
8.555575793847752797e-01
8.172471136256024282e-01
8.058556394841281945e-01
7.782142122241195725e-01
7.332488725445205358e-01
7.591786868724003101e-01
8.656339888187257747e-01
8.831275436502455944e-01
7.403881242446620492e-01
7.402751449209462598e-01
7.126453642230415886e-01
7.759411829049721598e-01
7.480978510935396564e-01
8.282526249509825078e-01
7.709148521692491540e-01
8.314757454297017070e-01
7.819394199832642167e-01
8.133800704576231722e-01
7.384523860542314688e-01
8.014159730078200816e-01
7.796212643355954208e-01
7.864474342545983987e-01
8.940281301550871973e-01
7.426669423171745610e-01
6.661445600874881245e-01
7.106439910091704171e-01
7.514320049754866782e-01
8.830871584840044308e-01
7.478380058471614245e-01
7.972415179934008167e-01
8.079069017288024179e-01
7.212709035706080796e-01
7.009959993011258828e-01
7.109033971562529475e-01
8.490386901749646942e-01
7.363632066739276283e-01
8.049319240588236335e-01
7.333695337859760244e-01
8.563729547037529644e-01
8.081085345570536704e-01
7.936881652927969544e-01
7.697437199532480845e-01
7.623343506125213054e-01
7.699958678430851577e-01
8.344137384654075618e-01
7.968873904372003603e-01
8.331270072219213452e-01
7.666744725587255616e-01
7.066298740028487124e-01
8.218624638013185546e-01
8.171222830858063668e-01
7.278421297736177298e-01
8.547547984812531308e-01
6.634641773362639494e-01
7.629243301356408713e-01
6.804489720157630428e-01
7.372390790474920852e-01
8.111252444400760542e-01
7.802632823066507628e-01
7.750744590234560638e-01
7.134123189713834634e-01
7.048569839039160456e-01
7.577141342417469394e-01
6.650784410911823041e-01
6.592638264121440939e-01
7.515010824829660985e-01
7.462147751746109892e-01
7.452139123359603490e-01
7.733610004554433148e-01
8.325774966006496136e-01
7.110250814804105479e-01
7.049226495723178720e-01
7.019481672576328712e-01
7.361842465743464459e-01
8.275938580121973143e-01
7.328366655294981102e-01
7.084575440740034091e-01
7.277455894282514048e-01
6.946481267804950344e-01
7.825992073035834551e-01
7.379628364318555622e-01
6.957841304740310928e-01
6.806454079935033707e-01
7.015238290432136425e-01
6.956607770351062037e-01
7.807296366355571671e-01
8.213880359356682259e-01
7.238990660055842907e-01
7.953309631873117791e-01
7.714404861869078589e-01
8.064774142175190619e-01
8.179118507319538267e-01
7.741437149271520601e-01
7.092473128189701326e-01
7.107425751267166802e-01
8.277086621650305842e-01
8.023155019448166003e-01
7.794853989533918615e-01
7.486251831236606646e-01
7.805276655501010019e-01
8.149812875649926625e-01
8.186395319865431563e-01
7.446067414330360679e-01
7.371933789917118895e-01
7.271025951380024610e-01
7.395657999933650251e-01
7.837908330864468143e-01
7.316436725035621036e-01
7.647589557820110295e-01
8.547776679403233935e-01
7.287451070844632728e-01
9.006183847702348144e-01
8.200847817382751481e-01
7.604107327990521359e-01
9.482008775128002442e-01
7.751752378410191602e-01
7.248615550602235391e-01
6.995405943128216730e-01
7.111468115014626390e-01
7.135018992010752070e-01
7.190393538231253379e-01
7.658726541504290442e-01
7.556060495309471214e-01
7.097389193710081923e-01
6.776549294420924907e-01
7.693570933847532212e-01
7.319450830267570929e-01
7.015618678751335269e-01
7.564042964510743206e-01
7.304230210877664664e-01
8.221130616650142997e-01
7.449570309377555599e-01
7.054298826821888690e-01
7.781509313735831546e-01
8.798953539449270167e-01
6.761775076626777015e-01
9.393867487227223201e-01
6.573575372220015200e-01
7.103212327564322193e-01
7.366896937831909353e-01
6.798785446695139179e-01
7.672106894263396315e-01
6.678192241952276564e-01
8.064261009554604120e-01
6.668511447823004534e-01
6.570317503429798922e-01
8.762488386712388166e-01
8.707669275773735063e-01
8.126569762668024444e-01
7.432986999851979304e-01
7.598737254790908224e-01
8.200487588289404606e-01
7.790568542288904830e-01
7.147401549715490798e-01
7.333983541188173749e-01
6.937213979363427985e-01
8.523873357594948796e-01
7.863032118115665936e-01
7.289266223350489016e-01
8.064888103771764571e-01
7.122137204327572135e-01
7.392488005618955693e-01
7.524125072157054062e-01
7.624513984964456093e-01
7.072587735244207918e-01
8.839258062985954068e-01
7.705174069930919023e-01
7.240076612175373461e-01
7.587849640914642313e-01
8.132604612727618587e-01
7.887432388647555026e-01
8.068936754260808142e-01
7.821638870484807216e-01
7.803481480806163662e-01
7.557196018346760136e-01
7.546865668616700162e-01
7.676832473655241795e-01
7.326734876161538068e-01
8.225896908634905413e-01
8.112678857370648755e-01
7.339408683393057187e-01
8.270924975130564683e-01
7.671804438102265422e-01
7.341503650261701486e-01
7.212213421355633258e-01
8.275254275715989705e-01
7.752528444961239718e-01
6.991258184867206182e-01
7.700321263467198030e-01
7.069094744363726424e-01
7.318592440371141095e-01
7.310003168854334321e-01
8.186404683482326750e-01
7.813961474744351987e-01
7.617283520805336883e-01
8.465999248088184048e-01
7.280360247271520091e-01
7.299121845892873051e-01
7.967396961849037007e-01
7.741569424012109124e-01
7.173905575758573461e-01
8.626004977261151341e-01
7.278979488528225517e-01
8.015461033770440169e-01
