6.889121505874241658e-01
8.353132872754368554e-01
7.412962182133554512e-01
8.905276664700014777e-01
6.943705196876975849e-01
6.864528341676607859e-01
7.935214795388351172e-01
8.523795086584784464e-01
6.899347659528586307e-01
7.064805936791103136e-01
7.367933837401119401e-01
8.289841822813296401e-01
6.785252210309610232e-01
7.818836456442159744e-01
7.517407429049982603e-01
1.000000000000000000e+00
8.537316111630708360e-01
7.851640456729909179e-01
8.592128892540165097e-01
8.356089323271140845e-01
8.760242691016829619e-01
7.467517516673112254e-01
7.999994347830559072e-01
7.898069987279756621e-01
8.200966121214423588e-01
7.513370133173743470e-01
7.668153062455311808e-01
7.710583872966960683e-01
7.715898101977451962e-01
7.244138629649076178e-01
7.051390809787536629e-01
7.896058014800847458e-01
7.388658373024794557e-01
7.813318055988182076e-01
7.845599259094830913e-01
7.705448835197155066e-01
7.375912087133799089e-01
7.413065454572109747e-01
7.529073209702241698e-01
8.154042925322821933e-01
7.560122594091309711e-01
7.856574999089001032e-01
7.745255137342467178e-01
7.246868745019672264e-01
8.274279853043848831e-01
8.588555718224053503e-01
8.166215343529522608e-01
8.036231577051343722e-01
9.013009826035652816e-01
8.576871239151833137e-01
7.899068056213470745e-01
8.409976173933546573e-01
7.737363337486435899e-01
7.932998457247532054e-01
8.618679917611653529e-01
7.333901896395128572e-01
7.616980077845619812e-01
8.111809374342394685e-01
7.119934694911526085e-01
7.163498840566286940e-01
8.476440288729346628e-01
7.998410985170556486e-01
7.198634368655172366e-01
8.473237977675367461e-01
7.743717110278341975e-01
7.422156138218369836e-01
7.645517750444824623e-01
7.166193165900863749e-01
7.319052775969732139e-01
8.261285626040187902e-01
9.004019517756259861e-01
8.238060326578886539e-01
7.600684256180505471e-01
7.566817017168108173e-01
7.424470496435974232e-01
6.865247235639849732e-01
8.165600388118074981e-01
7.919467752841545805e-01
6.822225062745033153e-01
6.896894459956965928e-01
7.053585823299800550e-01
7.793070607608331146e-01
7.025146856626564018e-01
7.464171118961612228e-01
7.762894466146288419e-01
7.655634262080236452e-01
7.937645161580546560e-01
7.275032456458371266e-01
8.291681353937546683e-01
7.566913504612343688e-01
6.781562568236986221e-01
6.792802890701662433e-01
7.330142944044760744e-01
7.212091809727446678e-01
8.460221356337229714e-01
8.244090242580063288e-01
7.542217578748724449e-01
7.377993171012552365e-01
7.359573265850920532e-01
8.300877434282181166e-01
7.063797463956932310e-01
7.280261277809640941e-01
6.959394731800517819e-01
6.896837370977024761e-01
6.977848906693392417e-01
7.256812586611012250e-01
7.405749686797089559e-01
7.249425449278665834e-01
6.818158926151531851e-01
6.531553314717589709e-01
7.003316169728358576e-01
6.759921502812018534e-01
7.004731005853793713e-01
7.231277064524759268e-01
7.035131325376948741e-01
7.368026329025419985e-01
7.710322471857403714e-01
7.826501126772985595e-01
7.264357252598295789e-01
7.070686848409251102e-01
8.370547661411811280e-01
7.832500693820383386e-01
6.952428789550830768e-01
7.701449523529175778e-01
8.335328433937565507e-01
8.739195626624998159e-01
7.708440125966063983e-01
8.272704018873044962e-01
7.587862122927503394e-01
7.196658524346414287e-01
7.976202479278950985e-01
7.079735862293288218e-01
7.759914810146202324e-01
7.283023095144492975e-01
8.050860950188858389e-01
7.489554864131312550e-01
7.807394535190861351e-01
7.285779532836640371e-01
7.308530446421441784e-01
8.036350185226339704e-01
7.965685223476641763e-01
7.251922071722967100e-01
7.500096512255963743e-01
7.500975755554009083e-01
7.230863146104861139e-01
7.195799382445888792e-01
7.711367769282669871e-01
7.427106217561773027e-01
7.723255697062375580e-01
7.610175843512451133e-01
7.447315333348761834e-01
7.731329414411310941e-01
8.792711008313051080e-01
7.162551830348418136e-01
8.465447030313566490e-01
7.145314153136428370e-01
7.818245935780809841e-01
7.119974368608695814e-01
7.816740858692446947e-01
7.491917374674645913e-01
7.650653286482798077e-01
7.505648967785716330e-01
7.537582567596334826e-01
8.296532613471511164e-01
7.530210139176382045e-01
7.737752468283991547e-01
7.565641643942422334e-01
7.937567328845874792e-01
8.592729155584394318e-01
7.628881193920369341e-01
8.231793488880282395e-01
7.644320094598922033e-01
7.530147680270746768e-01
7.920210018700097887e-01
7.614525780783391040e-01
8.423822594215215620e-01
7.380273393529377390e-01
7.655168606210227544e-01
7.443706401364583725e-01
7.436945783678673427e-01
8.122612625737080094e-01
7.857794784068629079e-01
7.100663746217961148e-01
7.806951763600550320e-01
8.916748499824489471e-01
7.107577584766814338e-01
7.439486466736464632e-01
7.071250937174113904e-01
7.019452227251113952e-01
7.663725774413951974e-01
7.747679161266137760e-01
7.274602582152226438e-01
7.209642471561250598e-01
7.587588199943890999e-01
7.188750431586711231e-01
7.224419053058089846e-01
7.211049599853717185e-01
6.921686575705054967e-01
6.913625165548976659e-01
6.727875801985427895e-01
7.744740483532451814e-01
6.825729574870653682e-01
7.706773186757587268e-01
7.865478058750896562e-01
6.678333459008726214e-01
7.729385574044708163e-01
8.419466124961603182e-01
7.917168234608653599e-01
7.171727203860122080e-01
7.057614090449604305e-01
7.291328924310497284e-01
6.907296843071075720e-01
6.842153973872040496e-01
7.021339317512254041e-01
6.736419486935931733e-01
7.378239411234420730e-01
7.434584751603512398e-01
7.093457017251260099e-01
6.893785306370732169e-01
8.120164563275954484e-01
7.097229552592247970e-01
7.410831351738706996e-01
7.408671248581464308e-01
7.252810313321513824e-01
7.471894710914642745e-01
7.043808938229878525e-01
7.468750449814557379e-01
7.613032820846917792e-01
7.837339665331510830e-01
7.881539212044635923e-01
7.862107310787496139e-01
8.198000649824231933e-01
7.243257373124918352e-01
8.300009049659691218e-01
7.351046381856572998e-01
7.825508265699306909e-01
8.540912913090963343e-01
8.611863381032315301e-01
7.223015116884149434e-01
6.808432451501179594e-01
7.469806213670977524e-01
8.214397234694580385e-01
7.935813535173104061e-01
7.371979447162342325e-01
8.438723007604970183e-01
7.202365187907187050e-01
6.827439070302724344e-01
8.180029825402524990e-01
8.651699809615868153e-01
7.910341412582688747e-01
8.566919075637087211e-01
8.397171437167765262e-01
7.436221321139049323e-01
7.949568682981887902e-01
7.550878937340088637e-01
7.883271610573937549e-01
8.422252941046877162e-01
8.295750157479311326e-01
8.717268451754394132e-01
7.680082933292785574e-01
7.569079287645100740e-01
8.008814035025457745e-01
7.527719203906827472e-01
7.951588343372644196e-01
7.995563221263320974e-01
7.341025672017824633e-01
7.419494146848865102e-01
7.393020644645231787e-01
7.817013545029816157e-01
7.831424618321188857e-01
7.501606412836455684e-01
8.699564578184156849e-01
7.563469872004086048e-01
7.473361573921059042e-01
8.422058966630624477e-01
7.825257678122314875e-01
7.137730137353457405e-01
7.118946800612209191e-01
7.432509427837766802e-01
7.741970108703359887e-01
7.289804524364472682e-01
7.348499224410854902e-01
7.939272463122667434e-01
8.713273648251601555e-01
7.464565769067673662e-01
7.048157382089648149e-01
8.451776236738053338e-01
7.829317649890761288e-01
7.626149115381576360e-01
7.264673106701409200e-01
7.184628340097863886e-01
7.517647629509885965e-01
6.982883059047206853e-01
7.531990875262530860e-01
7.505585046337760469e-01
8.303702137884778622e-01
7.591724972164122232e-01
8.703264350847453867e-01
7.746558188875686257e-01
8.286072915926709914e-01
8.446732124630889071e-01
7.090506039561508267e-01
