8.362940847690822910e-01
7.799978725347345154e-01
7.768637006268304113e-01
7.641878469615216440e-01
6.906350424212965855e-01
7.482655859093780837e-01
8.038730406477839763e-01
8.768880905958783556e-01
8.616567406763893100e-01
7.800194024082232058e-01
8.666036706528400524e-01
8.612164407408090527e-01
7.198545958585673699e-01
7.746828307161913729e-01
8.430332493721017784e-01
7.866399778981653101e-01
8.693274569457978274e-01
8.250179374487982553e-01
7.741616214279702923e-01
7.238453548635210844e-01
8.868224690532465759e-01
8.105174891392900038e-01
8.091840708731434795e-01
7.361740262802662915e-01
7.353843754973474756e-01
8.355020988407615423e-01
8.245641803177189422e-01
8.239492715351074414e-01
7.751098704025043418e-01
8.246813115828475205e-01
7.953274995917611889e-01
8.019449576019181958e-01
7.160382586140896510e-01
6.934236320452440427e-01
8.329144261873215882e-01
7.792378387411290630e-01
7.717425011116575417e-01
8.261331711665701460e-01
8.673975242188083357e-01
8.010884696330313748e-01
7.279381129615150048e-01
8.372206927080025896e-01
8.396463112841214826e-01
7.072672031239397583e-01
8.455240561545965816e-01
8.653942784332409044e-01
8.621526316437737592e-01
7.340947839482913073e-01
7.798357191625562290e-01
7.196893196892570899e-01
8.254798780663311630e-01
7.507398034618748550e-01
7.547479578685954982e-01
8.332968690090682973e-01
7.753711515942477428e-01
8.084749527170491668e-01
8.345684643273730829e-01
8.074397471958686401e-01
7.766816512459928656e-01
7.341078127570555001e-01
7.453585566495781745e-01
7.685582341578973686e-01
7.358709171572302976e-01
8.228576224741893652e-01
7.408048183887965266e-01
8.292294136443064678e-01
8.362235113630737127e-01
7.498831998199104731e-01
7.332573454516159162e-01
8.234415784922972659e-01
7.199282375340466666e-01
6.985885208879824004e-01
7.666072118409500424e-01
8.828328902097727360e-01
7.244561242847261662e-01
7.643116428126641715e-01
6.932021983840003232e-01
8.954796095406801770e-01
8.802237911387342795e-01
7.385230007731312663e-01
7.345261807364495965e-01
7.079583910303807182e-01
7.636137800939110098e-01
7.340217879218404740e-01
7.693062536150091502e-01
8.544612954039234598e-01
8.300336453877689147e-01
8.453091020208827189e-01
7.627957086487041627e-01
8.609927834919239853e-01
7.456741364391290539e-01
8.555654856696772725e-01
7.519323132084632100e-01
7.132816209176909839e-01
8.315332608345631371e-01
7.392462579946564860e-01
7.218175690988279936e-01
7.489870299076535343e-01
7.283760132993560843e-01
8.073186907157928749e-01
6.910254222719125483e-01
6.979036881172687723e-01
7.413413812749071186e-01
7.184016666739456713e-01
7.669208197571010244e-01
7.358235024732781016e-01
7.642576504198621556e-01
7.592058530058046761e-01
7.673493513559008772e-01
8.295307804116992534e-01
7.645766276438206166e-01
7.081624510056402366e-01
8.204363964017767907e-01
8.153352033363974183e-01
8.227717922623037916e-01
6.993240958588400336e-01
7.708789140397606099e-01
7.182254191139478827e-01
7.278407899161731809e-01
7.905022391509114454e-01
8.187724817080040962e-01
7.721497663429065517e-01
8.569480858670186496e-01
7.538435337279972837e-01
6.910937586026745238e-01
8.624369402135280138e-01
8.542008880625612255e-01
7.848516104580471886e-01
7.805366169775125318e-01
7.185927707057997438e-01
7.312188940637289747e-01
7.756242145794819409e-01
7.619141948839068812e-01
7.456050164115640699e-01
7.950818068160321328e-01
7.610738402354573218e-01
7.934056507144451320e-01
8.064325416533266733e-01
7.782398673714912007e-01
6.921575897304935721e-01
7.107477917641250587e-01
7.233202363635656829e-01
7.212867296588236776e-01
7.494474152659913457e-01
7.886032695782101420e-01
7.955352674427729198e-01
8.079528566704442527e-01
7.678623933711278271e-01
8.588277533767569860e-01
8.203133697921474177e-01
7.255167242853096665e-01
8.511282590278542726e-01
7.306999929671820215e-01
7.447655955003206207e-01
7.220647956124968125e-01
6.923195905850864085e-01
7.164691404955543241e-01
7.328593339562862186e-01
7.129980605907517699e-01
8.253149479774707364e-01
7.260889599425519592e-01
7.175027223612113758e-01
7.798306169580153657e-01
7.549303915325529246e-01
7.181660306461129517e-01
8.263503293945563266e-01
7.702299523476276999e-01
7.868071548426591733e-01
7.388822953549309958e-01
7.291261613311947887e-01
7.603557850353633851e-01
7.397260801642463468e-01
7.462038960342134430e-01
7.242607545812043135e-01
7.110627171171683969e-01
7.102545013421901476e-01
7.410021302026676970e-01
7.633209382925478792e-01
7.600611367395824214e-01
8.502095577379680247e-01
7.425639382623774321e-01
7.777455702523572434e-01
8.092531495112017526e-01
7.688719018712208975e-01
7.435037192554261321e-01
7.542223891498515131e-01
7.514272220884264941e-01
7.096229103939253324e-01
7.616211619405180988e-01
7.535319375667353103e-01
7.485536464208857321e-01
7.246602195540052804e-01
7.132131859680244101e-01
7.612354531076203079e-01
7.710106461207368866e-01
7.767365836332552620e-01
8.299131309540285217e-01
7.939310962643435499e-01
7.573796111915964691e-01
7.207722699920234843e-01
7.182885415279531838e-01
7.840323103216794154e-01
7.456514238348482815e-01
7.091216199622530914e-01
7.386202480885785127e-01
7.904043249107931546e-01
7.814557183418946451e-01
7.665735023873714304e-01
7.212297103859360847e-01
7.807441253010928284e-01
8.071937739315492299e-01
7.732013875689619509e-01
8.526322636792422749e-01
7.456735417436151092e-01
8.214281151072531095e-01
7.614864808041195143e-01
7.274559345513208486e-01
7.424530264522014589e-01
7.473389576726141570e-01
7.078086902132569858e-01
8.303568000826424544e-01
7.206640444956596836e-01
7.135888747084234707e-01
6.789182223257721471e-01
7.240082638038329854e-01
6.718208842210268150e-01
7.040471589428052290e-01
7.242720004687633883e-01
7.315946649769996535e-01
8.242282732954373525e-01
7.108475950800737797e-01
7.327965575391715003e-01
6.998600425671311909e-01
8.652262163334605294e-01
7.396514354333846297e-01
8.024962582746372197e-01
8.292791847570282204e-01
7.706062673083652337e-01
8.205930049853960018e-01
7.825998333549082364e-01
7.121194127022586473e-01
7.488270056731033408e-01
7.793211534685045017e-01
7.266156617863779310e-01
7.893624799061420561e-01
7.521418921970990379e-01
7.694169827066975609e-01
7.400878022681947055e-01
7.849289224845640289e-01
7.497637262554680548e-01
8.289343344808188796e-01
6.493194128435855195e-01
7.792590449602305736e-01
6.658752638458228512e-01
7.640669159901783969e-01
7.378429353806238433e-01
7.768032443238570561e-01
7.641226868428199204e-01
7.558575853592857108e-01
8.572555031356517974e-01
7.768646626558255441e-01
7.890665943151426998e-01
7.246080754071908547e-01
8.379383860181978116e-01
7.675388036232070332e-01
7.992585147184962935e-01
8.635812475541175814e-01
9.078223027463814265e-01
7.315856129745844649e-01
7.666419983370524882e-01
7.811654553721333327e-01
7.393061244649147268e-01
7.895872300958928225e-01
7.911149219332499483e-01
7.503755763299392312e-01
7.632334510314660037e-01
7.779768924270572539e-01
7.991834448866661500e-01
6.791945516356974188e-01
7.800593060742362361e-01
7.590970315561802462e-01
7.393219645114287308e-01
7.183686048246142875e-01
7.107833956581280921e-01
7.474332123285166718e-01
7.226252006423176111e-01
7.472140528502497769e-01
7.332172214704932856e-01
7.755996863102888605e-01
8.861881483416009786e-01
6.818346730629003538e-01
7.885257166631755021e-01
8.160289842084490486e-01
7.287124386932238851e-01
7.383240115593984187e-01
7.030981168417353988e-01
6.840633944877761996e-01
8.293167549795660287e-01
6.942717261659695493e-01
7.457389558827571818e-01
7.198444485425554706e-01
7.315348475786236371e-01
