[ 0.23269009  0.18785852  0.26654542  0.39550173  0.63313239  0.16185221
  0.14181574  0.14625109  0.20140516  0.32119021  0.46870737  0.62802981
  0.69869999  0.75896441  0.28729941  0.32116204  0.20013719  0.12815593
  0.13649279  0.18471502  0.66069333  0.28034809  0.49555361  0.62085755
  0.45270291  0.67942643  0.79712264  0.18791586  0.15233514  0.12379636
  0.11933838  0.11997138  0.17692785  0.30029034  0.48672186  0.14018723
  0.14616107  0.16066088  0.17751056  0.15227064  0.13867016  0.16685955
  0.26080736  0.15293045  0.21465753  0.14020236  0.16518536  0.16447802
  0.18861934  0.6192989   0.44132336  0.44217887  1.05703947  1.0357369
  1.02294279  0.25995364  0.15929361  0.1144326   0.11513076  0.12992981
  0.13469371  0.12461324  0.10784916  0.11075176  0.1187713   0.15913698
  0.23803151  1.37955718  0.26055396  0.12329902  0.15328085  0.11895449
  0.11136524  0.12353839  0.12751627  0.2098757   0.31392866  1.46439917
  1.33842936  0.31177847  0.18927734  0.14068775  0.21752635  0.21558509
  0.28941016  0.34998171  1.03847228]