[ 0.20922463  0.1335293   0.16760059  0.28527788  0.24675229  0.1464933
  0.11016807  0.11421607  0.18519356  0.23798608  0.22941489  0.46942374
  0.30219675  0.55436681  0.27199402  0.29861992  0.16214853  0.09035191
  0.12132578  0.16910827  0.97554942  0.24951982  0.61295857  0.31894681
  0.23452586  0.70906075  0.71504555  0.13735661  0.1507376   0.10721466
  0.11389919  0.09230145  0.1596476   0.22011659  0.19989339  0.11708481
  0.13196196  0.1330496   0.13123052  0.12872386  0.10722615  0.13832482
  0.18023193  0.10668615  0.16987067  0.13019735  0.15269885  0.15251946
  0.12164731  0.34535727  0.25885408  0.25692543  0.56928551  0.57281347
  1.39026805  0.19780234  0.1283183   0.08773648  0.09901966  0.12051744
  0.11859906  0.08855515  0.08877909  0.07117875  0.08902809  0.11419735
  0.17262822  1.45469003  0.18789035  0.10496661  0.13720303  0.10442567
  0.0841457   0.09320282  0.09394941  0.18624887  0.24037588  1.52161555
  0.70540931  0.25690302  0.1515286   0.11908041  0.19335183  0.16594358
  0.1870751   0.27980817  1.36019683]