[ 0.23992756  0.18158667  0.24653426  0.38380929  0.54419185  0.16829606
  0.1354758   0.14279516  0.19799269  0.31650559  0.41773346  0.66882071
  0.59936492  0.72126658  0.29535798  0.2838457   0.20189452  0.12541544
  0.13583626  0.17282751  0.58046062  0.2584675   0.50519722  0.63839139
  0.44065876  0.72482955  0.77963025  0.17852309  0.14654883  0.12641399
  0.11332098  0.11471864  0.16595452  0.28996893  0.46329729  0.13866938
  0.15115661  0.1566955   0.17109236  0.14205603  0.13807005  0.15928767
  0.23810872  0.1496793   0.2139556   0.13263703  0.1612558   0.16314571
  0.17942794  0.5353225   0.39130302  0.3876267   1.07096661  1.07454161
  1.05173194  0.2402738   0.15761769  0.11162084  0.11548617  0.12283116
  0.13472556  0.12352018  0.10941949  0.1080745   0.11459358  0.16024933
  0.23566502  1.38018722  0.25340712  0.11836333  0.15387751  0.11596453
  0.10807177  0.11827938  0.12640875  0.19283108  0.30130874  1.33454109
  1.06119214  0.28066948  0.18351327  0.13475657  0.20078941  0.21875188
  0.30068795  0.33421479  1.11277435]