[ 0.24143442  0.18869566  0.28328391  0.31334263  0.69630329  0.16222465
  0.13829311  0.14266521  0.20694548  0.26775058  0.37360755  0.62380198
  0.60181278  0.79640259  0.27887099  0.28601312  0.20673381  0.13032889
  0.13353723  0.1684473   0.57654589  0.25864711  0.51494953  0.65429631
  0.34033505  0.65208248  0.7576757   0.18785867  0.14411973  0.11904312
  0.11241198  0.11318199  0.16613826  0.28909138  0.43760071  0.13343215
  0.14851616  0.15557348  0.1611679   0.14258591  0.13073773  0.153654
  0.23935251  0.14815769  0.22474854  0.13396194  0.16663658  0.16770746
  0.18046224  0.54006617  0.33198544  0.36550674  0.98484948  0.99545185
  0.90408728  0.23538324  0.15642966  0.1115093   0.11449883  0.12018366
  0.13581832  0.12419635  0.11290427  0.11205357  0.11736763  0.16165324
  0.21979726  1.3297557   0.24542513  0.11552333  0.15435842  0.11350123
  0.1060059   0.11914224  0.12836617  0.19547544  0.2872239   1.35028515
  1.51585542  0.27527381  0.17893719  0.13419579  0.20014847  0.21474514
  0.26884675  0.33064246  0.95655478]