[ 0.23060133  0.18574233  0.25703702  0.38087866  0.58316467  0.1617758
  0.14042853  0.14438478  0.20121623  0.31524803  0.44263387  0.59469888
  0.68339711  0.70997673  0.2838097   0.33088131  0.20367316  0.12928647
  0.13649242  0.18412532  0.69445627  0.27969793  0.49901997  0.5835452
  0.43149345  0.67978465  0.80023073  0.1880269   0.1533963   0.12377901
  0.12021479  0.12006752  0.17866458  0.30793916  0.50283238  0.14140356
  0.14583653  0.16191834  0.17635594  0.15087548  0.13997798  0.16895407
  0.26410815  0.15259135  0.21520334  0.14123008  0.16790469  0.16759044
  0.18877204  0.60828232  0.45307023  0.45154402  0.99988133  1.00041754
  0.9784309   0.26054487  0.15919511  0.1146937   0.11569923  0.129642
  0.13522542  0.12433718  0.10779737  0.11085301  0.11858743  0.15870769
  0.23625261  1.42863061  0.25761249  0.12336612  0.15246403  0.11878236
  0.11083937  0.12269552  0.12748054  0.20748792  0.33219126  1.45673001
  1.35880153  0.30681478  0.18883215  0.14094614  0.21551995  0.21609555
  0.28784687  0.34318929  0.99466303]