[ 0.23068476  0.18612224  0.25546663  0.37890375  0.58741433  0.16254081
  0.1415617   0.14525541  0.20064534  0.31585417  0.4434814   0.58196721
  0.70023666  0.71389345  0.28934566  0.32971157  0.20398023  0.12941675
  0.13611514  0.1820368   0.67961025  0.27265644  0.48679798  0.58643346
  0.43576022  0.67425713  0.76743057  0.18787897  0.15248627  0.1232773
  0.11993665  0.12038396  0.17952152  0.31275996  0.49753963  0.14160542
  0.14670675  0.16278389  0.17694465  0.15201535  0.13990857  0.16994019
  0.26285806  0.15335139  0.21563215  0.14169812  0.16793207  0.16830295
  0.1902629   0.60976796  0.45459728  0.44950032  1.01920546  1.02171866
  0.99870258  0.26229162  0.1593478   0.11487636  0.11598107  0.12994514
  0.13587777  0.1244554   0.10794956  0.11120932  0.11828462  0.15866171
  0.23546489  1.42422362  0.25700944  0.12311785  0.15277127  0.11892001
  0.11132458  0.12270911  0.12758374  0.20838176  0.32941804  1.4881253
  1.38669541  0.29860321  0.19042225  0.1416322   0.21551509  0.21635877
  0.29144483  0.34413595  1.00219354]