[ 0.23217854  0.18827356  0.26486195  0.39509803  0.62048733  0.16134865
  0.1404692   0.14601507  0.20120548  0.32325357  0.46358117  0.61211806
  0.71453189  0.75519816  0.28795327  0.32071179  0.20124139  0.12903658
  0.13647515  0.1844764   0.66475574  0.28471905  0.51427943  0.61956608
  0.44812104  0.71581065  0.81604951  0.18841998  0.15231715  0.12324974
  0.11823878  0.11968034  0.17557126  0.30593586  0.48800913  0.14004627
  0.14629371  0.16081952  0.17715414  0.15119596  0.13911755  0.16789783
  0.26493987  0.15332315  0.2152753   0.13974606  0.16557655  0.16522528
  0.18948104  0.60706249  0.44347848  0.44659691  1.03344427  1.02606746
  1.01593851  0.2615131   0.15915604  0.11444876  0.11540948  0.12946043
  0.13590242  0.12475337  0.10756382  0.11133851  0.11876502  0.15903319
  0.23738623  1.45508255  0.25970609  0.12319772  0.15387908  0.11890537
  0.11109245  0.12333292  0.12801963  0.20839251  0.32036296  1.4489012
  1.36873555  0.31401617  0.18856452  0.14090687  0.2166914   0.2162842
  0.29066033  0.34735252  1.0177985 ]