[ 0.22947411  0.18577097  0.26056195  0.38756628  0.59680919  0.15880348
  0.13838655  0.14074653  0.1983249   0.32240485  0.45349736  0.61054381
  0.65650503  0.72935025  0.2794017   0.30703468  0.19368419  0.12367033
  0.13284689  0.17370691  0.64586917  0.27487578  0.50838496  0.6024383
  0.43274579  0.6659318   0.74174024  0.18488394  0.1461912   0.12223888
  0.11449683  0.11819129  0.17220159  0.29779839  0.45148912  0.1376656
  0.14396593  0.15798293  0.17581859  0.14782026  0.13736788  0.16179277
  0.25680414  0.14799124  0.21126036  0.13733456  0.16464711  0.16471858
  0.18171278  0.5816937   0.41120664  0.41003717  0.95941064  0.93312742
  1.00081936  0.2537869   0.15390814  0.1112625   0.11287941  0.12455832
  0.13231946  0.12130456  0.10556568  0.10764282  0.11542932  0.15459688
  0.2357414   1.49026152  0.23419563  0.12001791  0.15123441  0.11380309
  0.10813824  0.11932457  0.12436525  0.20307924  0.30499487  1.50318052
  1.40384873  0.30132125  0.18546108  0.13741555  0.20316124  0.21009106
  0.28393488  0.339247    0.99984068]