[ 0.23442954  0.18803249  0.26150148  0.39489347  0.60546074  0.16188251
  0.14012217  0.14539921  0.20043181  0.32394704  0.45347094  0.60237534
  0.68890491  0.76574558  0.28814334  0.32807749  0.20290942  0.12918488
  0.1358464   0.1831682   0.68866478  0.27922062  0.50649     0.61931613
  0.44729813  0.70982525  0.82872267  0.1883115   0.15258279  0.12379768
  0.11953536  0.11945245  0.17770886  0.30147098  0.49655693  0.14068784
  0.14643135  0.16170333  0.17722979  0.15141358  0.13913672  0.16814231
  0.26442055  0.15290014  0.21522179  0.14070833  0.16696727  0.16697866
  0.19015508  0.61347855  0.45044805  0.44848962  1.0494219   1.0317372
  1.0258722   0.25996656  0.15931905  0.11448431  0.1150068   0.12920084
  0.13530706  0.1248801   0.10796813  0.11098005  0.11878465  0.15950387
  0.23714904  1.39769406  0.25834968  0.12317988  0.15325981  0.11884158
  0.11072585  0.12280159  0.12780634  0.20906588  0.32696288  1.44970616
  1.36906582  0.31280792  0.18813921  0.14108617  0.21593327  0.21637882
  0.28822754  0.34530711  1.02030846]