[ 0.23445837  0.18651079  0.2612214   0.3893999   0.60577261  0.16149707
  0.14020844  0.14580693  0.20150411  0.32189523  0.456096    0.60665289
  0.71449376  0.73720195  0.29196272  0.32561097  0.20317221  0.12891868
  0.13670398  0.1834509   0.67384193  0.27807797  0.49826323  0.60782158
  0.44510861  0.69201739  0.79918733  0.18841062  0.15267637  0.12335294
  0.1193344   0.11967127  0.1778234   0.29880715  0.4920417   0.14081695
  0.14620364  0.16208022  0.17740599  0.15204729  0.13966171  0.16809474
  0.2639796   0.15363926  0.21526866  0.14064811  0.1666761   0.16638676
  0.18924702  0.61826864  0.45137985  0.44882451  1.03236034  1.02532667
  1.03363443  0.2640113   0.16020415  0.11496846  0.11572108  0.12940546
  0.13559294  0.12447183  0.10796744  0.11139984  0.1189196   0.15941158
  0.23768051  1.49591168  0.25991157  0.12371563  0.15334054  0.11880705
  0.11082859  0.12305617  0.12819325  0.21001731  0.32310127  1.51450963
  1.43506282  0.29596674  0.19095282  0.14127808  0.21609046  0.21674475
  0.29203764  0.35064525  1.03429024]