[ 0.23364958  0.18872333  0.26653798  0.39394226  0.61745407  0.16105325
  0.14097421  0.14666918  0.20209231  0.32319114  0.46012505  0.61810224
  0.70022554  0.76405074  0.29021316  0.3211581   0.19989588  0.12862295
  0.13652119  0.18511937  0.65544011  0.28323203  0.51108781  0.62422511
  0.45233737  0.69526816  0.82981211  0.18772013  0.15190589  0.1234407
  0.11866973  0.11935905  0.17650469  0.30807613  0.49524835  0.1398096
  0.14617135  0.16105988  0.17768028  0.15158621  0.13921977  0.16694259
  0.26119339  0.15308854  0.2156869   0.13993747  0.16480051  0.16544482
  0.18973175  0.61742677  0.44347631  0.44077782  1.02407802  1.00365697
  1.02185975  0.26153743  0.15947675  0.11423476  0.11536146  0.12972595
  0.13501547  0.12483044  0.10763024  0.11100108  0.11859576  0.15929312
  0.23856443  1.45555328  0.25785596  0.12311781  0.15339475  0.11869942
  0.11079226  0.12311286  0.12769956  0.20976444  0.31966681  1.41083844
  1.33746599  0.31245594  0.18891501  0.14113104  0.21718175  0.21562591
  0.29216799  0.34972088  1.02161755]