[ 0.24412797  0.14678926  0.19564686  0.31810701  0.57665076  0.15428095
  0.11659553  0.12900985  0.20611634  0.26990684  0.41226117  0.55430105
  0.85631588  0.7310388   0.19402497  0.29598175  0.20827861  0.11388521
  0.13721073  0.17197034  0.45046655  0.22190188  0.49276233  0.38192293
  0.32830807  0.55139993  0.44825184  0.17665556  0.14327884  0.11057819
  0.10698617  0.10136578  0.16952283  0.23472535  0.3744884   0.12680374
  0.12766142  0.15368783  0.14470273  0.13621701  0.12231489  0.11684384
  0.23479665  0.14036269  0.22229671  0.13507248  0.1625026   0.16142994
  0.16767817  0.32265069  0.35433959  0.35745972  0.98906563  1.01833747
  0.81788617  0.25928861  0.15630276  0.10840791  0.11334308  0.12366491
  0.13883256  0.11182901  0.09963193  0.1012254   0.11256243  0.15586243
  0.19301206  1.25788023  0.19982898  0.09825919  0.15264323  0.09761652
  0.10547278  0.10289001  0.12125903  0.18696234  0.27803956  1.19436753
  0.93910894  0.28516064  0.14198587  0.13860802  0.20809554  0.21825779
  0.24079954  0.34614342  0.81394824]