[ 0.23319621  0.18881311  0.26455216  0.39825227  0.6323385   0.16197916
  0.14169249  0.14701915  0.20228435  0.32166742  0.46179767  0.62342967
  0.70958042  0.76211305  0.28965773  0.32195355  0.20116353  0.12901077
  0.13655271  0.18530912  0.6698942   0.28542574  0.51254941  0.61616445
  0.44768796  0.71921018  0.80783805  0.18758215  0.15256552  0.12373003
  0.1191903   0.1195502   0.17619042  0.30445574  0.49094955  0.14056459
  0.14631631  0.16130585  0.17739684  0.15232758  0.13902502  0.16825488
  0.2631803   0.15359171  0.21544942  0.14007517  0.16514142  0.16487946
  0.18883618  0.62213559  0.44582329  0.44201209  1.02484543  1.00103857
  1.00143226  0.26012236  0.15924743  0.11392865  0.11545892  0.12989214
  0.13510832  0.12550042  0.10812715  0.11114593  0.11869474  0.15917059
  0.23799132  1.45456188  0.26026204  0.12328022  0.15396109  0.11875895
  0.11120211  0.12319692  0.12793175  0.21006184  0.31493214  1.44371036
  1.35947543  0.31313836  0.18895131  0.14056111  0.21781098  0.21695696
  0.29080556  0.34886129  1.03262178]