[ 0.98512504  0.98862501  0.98370803  0.96970198  0.96611353  0.98923485
  0.9914111   0.99102647  0.9862381   0.975512    0.97229164  0.94783946
  0.96265778  0.94503117  0.978401    0.97554764  0.98635773  0.99233514
  0.99099366  0.9877608   0.92769045  0.97982056  0.95479262  0.96316402
  0.96924715  0.94559338  0.93388357  0.98873306  0.98936802  0.99185842
  0.99207638  0.99263908  0.98765947  0.97463971  0.97062445  0.99109784
  0.99041664  0.99023472  0.98928562  0.99011197  0.99091295  0.98889445
  0.98294671  0.99138477  0.98608237  0.99060382  0.9883516   0.9882914
  0.98924473  0.95619846  0.97382404  0.97299886  0.90672605  0.9003822
  0.8717861   0.98273361  0.99023342  0.99357601  0.99304423  0.99155314
  0.99110899  0.99263775  0.99367277  0.99357935  0.99309725  0.9899581
  0.98317162  0.8551956   0.98303961  0.99207749  0.98975982  0.99231974
  0.99328912  0.99252733  0.99255079  0.98583054  0.97887964  0.85016453
  0.88895089  0.98071724  0.98771356  0.99140985  0.98490828  0.98546824
  0.98175756  0.97778537  0.8755802 ]