[ 0.98300723  0.9866138   0.98029691  0.96876181  0.94698806  0.98873553
  0.9903205   0.98994127  0.98557226  0.97537363  0.96284819  0.9477091
  0.93743166  0.93394523  0.97848274  0.9755341   0.98559321  0.99120008
  0.99065496  0.98685335  0.94459925  0.9787659   0.95803101  0.94724542
  0.96420488  0.93686003  0.92220792  0.98642158  0.98918768  0.99139276
  0.99178925  0.99176564  0.98737976  0.97595702  0.95803038  0.99036226
  0.98990236  0.98871734  0.98734977  0.98909951  0.99018747  0.98779933
  0.97970278  0.98935925  0.98440202  0.99026182  0.98843881  0.98846481
  0.98651732  0.94734894  0.96361539  0.96373675  0.90044055  0.90334418
  0.90726411  0.98010658  0.98862986  0.99219086  0.99215444  0.99115753
  0.99068486  0.99150681  0.99274884  0.99249305  0.99187245  0.98866238
  0.98159088  0.8461284   0.97996824  0.9914904   0.98920868  0.99180654
  0.99247952  0.99146287  0.99111758  0.98433318  0.97577254  0.84353428
  0.85268546  0.97563263  0.9866466   0.99031762  0.98407951  0.98421829
  0.97818669  0.9722949   0.9051515 ]