[ 0.98064251  0.98709461  0.98154159  0.97916927  0.94148624  0.98841192
  0.99052751  0.99057768  0.98455298  0.98294845  0.97179897  0.95101662
  0.96432621  0.91644697  0.98315686  0.98101143  0.98476608  0.99103586
  0.99067655  0.98885086  0.95913101  0.98170531  0.94964255  0.94041929
  0.97919841  0.93479893  0.89595387  0.98612008  0.99061646  0.99169825
  0.99244915  0.99271815  0.98811169  0.97796176  0.97450395  0.99138566
  0.98990786  0.98986241  0.98893763  0.99054602  0.99116828  0.98962419
  0.98267806  0.98918677  0.98457329  0.99075186  0.98802841  0.98800317
  0.98631159  0.96357318  0.97079881  0.96952122  0.91550407  0.91510493
  0.90583771  0.98486103  0.98916077  0.99274794  0.99224494  0.99230055
  0.9906546   0.99139349  0.99380331  0.99236983  0.99224497  0.98868647
  0.98301768  0.86873216  0.98214203  0.99250246  0.98899622  0.99289759
  0.99295646  0.9921803   0.99118521  0.98653622  0.97897734  0.85930991
  0.80024181  0.98101805  0.98747085  0.99118516  0.98720893  0.98407467
  0.97891983  0.97565183  0.89933038]