[ 0.98306251  0.98662534  0.98037058  0.96914892  0.94838461  0.98871518
  0.99034562  0.98992317  0.98559923  0.9753951   0.96287489  0.9478171
  0.93521248  0.93490161  0.97849039  0.97525385  0.98534234  0.99108397
  0.99060914  0.98685822  0.94329478  0.97839337  0.95706711  0.94858285
  0.96446595  0.93400016  0.91716328  0.98630822  0.98916759  0.9913862
  0.99182192  0.99176461  0.98727198  0.97578467  0.95884072  0.99035544
  0.98985901  0.98873312  0.98743658  0.9891914   0.99017392  0.9878292
  0.97962494  0.98933386  0.98440077  0.99024924  0.98834191  0.98836948
  0.98645065  0.94778912  0.96372607  0.96343622  0.90162826  0.90245238
  0.90359412  0.98002387  0.988659    0.99218281  0.99216     0.99112693
  0.99057253  0.99148363  0.9927203   0.99242226  0.99182135  0.98858678
  0.98162754  0.83838195  0.98010165  0.9914744   0.98915587  0.99183342
  0.99243652  0.99142988  0.99109494  0.98437733  0.97562911  0.83920143
  0.84977974  0.97558118  0.98656978  0.9902932   0.98408279  0.98410988
  0.9780817   0.97234742  0.90338993]