[ 0.98277014  0.98656089  0.98017676  0.96861188  0.94799844  0.98868465
  0.99026085  0.98985993  0.98554461  0.97483821  0.96178993  0.94516614
  0.9327455   0.9329825   0.97830424  0.97536714  0.9853732   0.99112539
  0.99059177  0.98674559  0.94499765  0.97847737  0.95775176  0.94767891
  0.96409285  0.93552496  0.92045799  0.98619933  0.9889323   0.99117708
  0.99162368  0.99169906  0.98703006  0.97505238  0.95765254  0.99028855
  0.9897886   0.98865543  0.98731083  0.98893614  0.98998936  0.98756407
  0.97926318  0.98928069  0.98424889  0.990094    0.98818845  0.98820718
  0.98640165  0.94655489  0.96278159  0.96296584  0.90203159  0.90468625
  0.90408126  0.97966052  0.98845492  0.99210864  0.99205052  0.99101594
  0.99061394  0.99145213  0.99267155  0.99242561  0.99181045  0.98854118
  0.98148396  0.84590795  0.97959524  0.99132251  0.98910904  0.99166381
  0.99243475  0.99134047  0.99104102  0.98418684  0.97528572  0.84242348
  0.85437849  0.97582984  0.98653561  0.99029977  0.98397315  0.9840058
  0.9779847   0.97183614  0.90129103]