[ 0.98307216  0.98749597  0.98143397  0.97171671  0.95349744  0.98856971
  0.99065513  0.99022748  0.9854596   0.97715217  0.96485637  0.94693542
  0.93415185  0.93018069  0.97882075  0.97621552  0.98625668  0.99144532
  0.9909941   0.98720105  0.94307963  0.97862511  0.95655054  0.95414597
  0.96757837  0.93786129  0.9205814   0.98718517  0.98934535  0.99165017
  0.99182794  0.99200382  0.98744518  0.98103616  0.96031929  0.99049489
  0.98979309  0.98901394  0.98796501  0.98918739  0.99062224  0.98799397
  0.98109366  0.98945164  0.9851118   0.99031766  0.98846482  0.98847864
  0.98673574  0.95197     0.9643905   0.9646104   0.90876474  0.91170569
  0.89589722  0.9807238   0.98893284  0.99253349  0.99230014  0.99126116
  0.99099756  0.99168543  0.99293669  0.99277221  0.99218045  0.98920319
  0.98277636  0.8360627   0.9808682   0.99161319  0.98942101  0.99194917
  0.99269292  0.99186718  0.99142984  0.98422451  0.97584383  0.83230144
  0.85384703  0.97517186  0.98694497  0.99059059  0.9844481   0.98509727
  0.97991943  0.97221285  0.8933021 ]