[ 0.98291179  0.98655133  0.98017897  0.96880561  0.94822119  0.98867852
  0.99033453  0.98990765  0.98557728  0.97459251  0.96156629  0.94490324
  0.9341011   0.9340841   0.97843304  0.97514644  0.98527199  0.99110307
  0.99057904  0.98680012  0.94397519  0.97860173  0.95819875  0.94840969
  0.96434412  0.93614735  0.9191712   0.98615835  0.98903755  0.9912609
  0.99180087  0.99174501  0.98703445  0.97528475  0.95779774  0.99030119
  0.9898142   0.98863546  0.98735419  0.98898275  0.98999235  0.98768779
  0.97940545  0.98933674  0.98424767  0.99015302  0.98826636  0.98824765
  0.98650188  0.94739117  0.96319637  0.96332351  0.90553323  0.90765367
  0.9038129   0.97993875  0.98853645  0.99212199  0.99207821  0.99106977
  0.99056912  0.99147856  0.99268331  0.99242461  0.99180378  0.98849835
  0.98153151  0.84425966  0.97968959  0.99137763  0.989098    0.99174413
  0.99241542  0.99134391  0.99102704  0.98424052  0.97540549  0.8402772
  0.84183901  0.97607614  0.98655182  0.99030128  0.98397981  0.98397933
  0.97809452  0.97169792  0.90135294]