[ 0.9819541   0.98642534  0.97841387  0.97578208  0.93860554  0.98852335
  0.99040444  0.99007102  0.98488514  0.97974805  0.97033548  0.94527521
  0.94649677  0.92741261  0.97880581  0.97817704  0.98485541  0.99095601
  0.99077044  0.98804263  0.95130255  0.98049777  0.95639785  0.94302527
  0.97334848  0.939268    0.92264462  0.98625957  0.98973781  0.99162644
  0.99219713  0.99221114  0.98792196  0.97715283  0.96339333  0.9907819
  0.9895636   0.98903125  0.98854721  0.98983368  0.99079143  0.98895081
  0.98181835  0.98964042  0.98334631  0.99059633  0.98810426  0.98801949
  0.98700032  0.9533887   0.9733616   0.97033981  0.90719047  0.90600853
  0.91598782  0.98219398  0.98881078  0.99234964  0.99214856  0.99177282
  0.9905313   0.99145617  0.99228749  0.99231067  0.99188197  0.98835458
  0.98287225  0.85168941  0.98128439  0.99202161  0.98902132  0.99218586
  0.99277243  0.99171234  0.99100749  0.98550935  0.97798242  0.84889351
  0.82596271  0.97868516  0.9872147   0.99072224  0.98531265  0.98411538
  0.97963853  0.97379191  0.91027212]