[ 0.98271677  0.98655722  0.98046454  0.9688517   0.9489334   0.98859545
  0.99031685  0.989905    0.98556436  0.97504637  0.96295109  0.94613824
  0.93253887  0.93214261  0.97829947  0.97456349  0.98519442  0.99105744
  0.99065987  0.98692483  0.94061953  0.97877606  0.95762993  0.94755636
  0.96418772  0.93476962  0.91622439  0.98627501  0.98909827  0.99135805
  0.9917276   0.99177109  0.98707113  0.97584885  0.95737758  0.9902435
  0.98978457  0.98863464  0.98739338  0.98914278  0.9901179   0.98774585
  0.97962889  0.98929699  0.98429639  0.99016763  0.98813643  0.98813555
  0.98628384  0.94640366  0.96281484  0.96299858  0.89906838  0.90105521
  0.90170968  0.98005164  0.98859486  0.99217342  0.99218897  0.99115206
  0.99062521  0.99145679  0.99267805  0.99244569  0.9918115   0.98858603
  0.98158726  0.84589355  0.98015738  0.99143668  0.98922486  0.9917932
  0.99244109  0.99149282  0.99110187  0.98435775  0.97482561  0.8388757
  0.84966777  0.97560658  0.98651341  0.99021362  0.98407084  0.98405285
  0.97812523  0.97234866  0.90232263]