[ 0.98301469  0.98662644  0.98022357  0.96917215  0.94724488  0.98863855
  0.9901973   0.98987991  0.98551019  0.97555838  0.96244457  0.94664823
  0.93762343  0.93385861  0.97841902  0.97536808  0.98552062  0.99118915
  0.990652    0.98688748  0.94405491  0.97881773  0.95891486  0.94809596
  0.96387775  0.93854616  0.92366736  0.98641582  0.98919808  0.99139742
  0.99178895  0.99176186  0.98724144  0.97629955  0.9589775   0.99031695
  0.98981622  0.9887051   0.9873612   0.98911164  0.99023852  0.98795296
  0.98009542  0.98933344  0.98434492  0.99022561  0.98833434  0.98839004
  0.98647425  0.94698463  0.96399403  0.96391492  0.90055726  0.90288993
  0.90428675  0.98026924  0.98868819  0.9922126   0.99217974  0.99111789
  0.99070618  0.99150727  0.99272775  0.99249833  0.99185742  0.98865878
  0.98158056  0.85243566  0.9801169   0.99149395  0.98923182  0.99183741
  0.99244176  0.99146574  0.9911646   0.98428962  0.97596255  0.84143242
  0.85769998  0.97580692  0.98647304  0.99027856  0.98406664  0.98420953
  0.97814306  0.97224025  0.90258845]