[ 0.98292099  0.98664318  0.98090897  0.97024109  0.94687744  0.98877717
  0.99026964  0.990012    0.98543297  0.97638999  0.96264549  0.94672336
  0.93376026  0.93828692  0.97931032  0.97512332  0.9853721   0.99120962
  0.9906818   0.98694293  0.94583297  0.97955163  0.96003536  0.95091734
  0.96662277  0.94293223  0.93109343  0.98619655  0.98912992  0.99151898
  0.99178697  0.99185831  0.98717969  0.97799009  0.95951501  0.99054272
  0.9899893   0.98872823  0.98725067  0.98915136  0.99031445  0.98808268
  0.98013279  0.98935144  0.98396787  0.99023183  0.98833058  0.9882709
  0.98645802  0.9494314   0.96315827  0.96326508  0.89931558  0.90139196
  0.90449366  0.97988882  0.98866945  0.99217074  0.99218582  0.9911561
  0.99066416  0.99152281  0.99285676  0.99245638  0.99185644  0.98869639
  0.98201333  0.84463085  0.98032211  0.99153894  0.98922669  0.991874
  0.99243901  0.99162649  0.99118931  0.98413576  0.97562123  0.83979248
  0.84983105  0.976018    0.98668174  0.9903055   0.98392907  0.98410394
  0.97881232  0.97250607  0.9053242 ]