[ 0.98326242  0.98679457  0.98070338  0.96969619  0.95023261  0.98888322
  0.99046144  0.99030396  0.98575921  0.97537401  0.96356089  0.94754467
  0.93990271  0.93745793  0.97908866  0.97637374  0.98591249  0.99145623
  0.99085835  0.9876512   0.94495921  0.9791406   0.95739311  0.94981256
  0.9655653   0.93928612  0.92737638  0.98654591  0.98958848  0.99139662
  0.99207619  0.99185337  0.98749701  0.97606241  0.96156402  0.9905128
  0.99002501  0.98892847  0.98750782  0.98938434  0.99018426  0.98817333
  0.98009506  0.98971413  0.98468619  0.99044242  0.98841208  0.98840645
  0.9870657   0.95032734  0.96664316  0.96675058  0.90796094  0.91088881
  0.90331986  0.98040763  0.9889737   0.99236814  0.99226448  0.99146308
  0.99080933  0.99169864  0.99283707  0.99266204  0.99204519  0.98891418
  0.98180076  0.83585603  0.98205535  0.99164448  0.98928979  0.99213291
  0.99262235  0.99171146  0.99130655  0.98485285  0.97685941  0.83411862
  0.84723615  0.97679886  0.98677455  0.99053501  0.98509092  0.9845025
  0.97868663  0.97272924  0.90343045]