[ 0.98226486  0.9870601   0.98173115  0.96979189  0.95482918  0.98807355
  0.99064818  0.99009966  0.98571917  0.97570914  0.96643932  0.94103015
  0.94636181  0.93563038  0.97754045  0.97820886  0.98519194  0.99132292
  0.99063359  0.98772189  0.95074252  0.98047327  0.95783996  0.9450425
  0.96450361  0.93229625  0.92149435  0.98707042  0.98957196  0.99111828
  0.99217937  0.99210522  0.98797772  0.9769005   0.96047274  0.99037013
  0.98932608  0.98889735  0.98773775  0.98976209  0.99020889  0.9883286
  0.98162744  0.98951773  0.98421493  0.99071547  0.98853854  0.98838793
  0.98708479  0.95416195  0.96812384  0.96846614  0.89557419  0.89506205
  0.89774257  0.98176737  0.98869732  0.99236521  0.9920972   0.99160368
  0.99062379  0.99152975  0.99254464  0.99265444  0.99212388  0.98848524
  0.98132533  0.84786928  0.98028557  0.99178581  0.98911041  0.9919816
  0.99262771  0.99180025  0.99117881  0.98542094  0.976698    0.85392505
  0.88850563  0.97816311  0.98684021  0.99069415  0.9852812   0.98376001
  0.97690849  0.9730382   0.89060348]