[ 0.9829802   0.98660759  0.98036318  0.9690533   0.94756499  0.98854754
  0.99023424  0.9898517   0.98552255  0.97541986  0.96270029  0.94659997
  0.93579297  0.93468812  0.9783834   0.97524072  0.98534566  0.99109851
  0.99063133  0.98677506  0.94292965  0.97831883  0.95631401  0.94771476
  0.96450311  0.93335667  0.91633167  0.98634291  0.98911777  0.99149754
  0.99169851  0.99169523  0.9870618   0.97609836  0.95755233  0.99018712
  0.98978409  0.98862405  0.98736042  0.98901872  0.99018681  0.98781656
  0.97972847  0.98922762  0.98436427  0.99014002  0.98828403  0.98833397
  0.98642424  0.94658846  0.96367707  0.96387201  0.89938871  0.90279601
  0.90484984  0.98026754  0.9886926   0.99217885  0.99214899  0.99110004
  0.9906067   0.99149019  0.99269919  0.99246112  0.99180132  0.98859202
  0.98168186  0.83785046  0.98014076  0.99141166  0.98917591  0.99179927
  0.99239735  0.9914219   0.99109185  0.98420721  0.97567033  0.82578497
  0.8515291   0.97538842  0.98655505  0.99028131  0.98402742  0.98415421
  0.97793153  0.97221161  0.90323733]