[ 0.98041176  0.98683735  0.98430779  0.97654813  0.96553608  0.99037084
  0.99055213  0.99107829  0.98842618  0.97946109  0.96808707  0.96753613
  0.95590857  0.94527362  0.97580753  0.98060931  0.98523669  0.99159998
  0.99088804  0.98850117  0.94780064  0.98022634  0.9517359   0.94503299
  0.97195774  0.92658322  0.93662135  0.98820045  0.9899107   0.99269808
  0.99280142  0.99242412  0.98870945  0.98484447  0.96277836  0.99095698
  0.99168333  0.98969111  0.988305    0.99089532  0.99225817  0.9888412
  0.983085    0.99030292  0.9881704   0.99146172  0.98816162  0.98801162
  0.98894965  0.96316425  0.97419894  0.97404079  0.87272652  0.86662955
  0.89384663  0.98568748  0.98930268  0.99289538  0.99244211  0.99208328
  0.99113308  0.99178993  0.99367872  0.99301396  0.99268429  0.98914709
  0.98871195  0.84595656  0.98205588  0.99231889  0.98951929  0.99239765
  0.99319073  0.99231544  0.9917891   0.98759128  0.97999779  0.85015425
  0.91275598  0.98306109  0.98923934  0.99172182  0.98689415  0.98379216
  0.98025288  0.9763817   0.89574736]