[ 3.01632515  4.19553255  4.28796595  4.25422723  4.15724715  4.00420239
  4.19178511  4.40964221  4.10531349  3.29294158  2.20274897  3.37781957
  3.4139881   3.98388658  4.11240919  3.49535734  3.88287303  4.07298952
  3.85685399  2.98798232  3.15320032  2.55250318  1.30700393  3.80911831
  4.14228797  2.63762247  1.27647094  3.4387025   3.57102379  3.24346089
  3.35330871  3.39000178  3.89278378  3.78882761  3.83213731  4.11713825
  3.81210221  4.09921934  3.86487183  3.56631056  3.45493342  3.67110944
  3.72839777  3.51364801  3.99798061  3.39262232  0.59501565  0.55121601
  3.37564611  3.80944702  3.98113842  3.96094246  3.58451394  3.86939
  3.9009114   3.7090354   3.68042352  3.79150929  3.71479988  3.77067959
  3.90571013  3.53412841  3.47973484  3.49636042  3.35813866  3.54995291
  3.86924334  3.13859233  4.37867035  3.86690205  3.71791734  3.83867479
  3.72860456  3.66689466  3.89889808  3.76926019  3.82122095  3.31496873
  3.95375278  3.41063768  4.07233914  2.1869083   3.75166448  3.78036476
  3.86827625  3.64095756  3.70187263]