[ 3.28767615  4.33062702  4.17281755  4.27322567  4.29938857  4.05505049
  4.30271633  3.39682654  4.05024404  3.31482218  1.52093438  3.42448567
  3.63472009  4.51849325  4.126449    2.87840266  4.07422754  4.04697019
  2.96869876  2.83070605  2.83794332  2.50036199  0.99165746  4.09696486
  4.17199252  2.73989061  1.27197782  3.41005385  3.0261784   3.07161336
  3.23221281  3.30503429  4.01065352  3.79494572  3.85431861  4.16028372
  4.09442297  3.8532788   3.71405169  3.57956314  3.38655244  2.88431033
  3.0726575   3.52911784  3.83973971  3.26858374  0.65025521  0.62174627
  3.64320315  4.00666638  4.25890867  3.38853207  3.60061465  3.2570159
  3.73718285  3.8488129   4.04818594  3.83439778  3.07616452  4.05463779
  3.84562271  3.60963418  2.87911513  3.60795502  3.3203976   3.67867647
  3.47730252  2.98984167  4.4931069   3.86068701  3.79341378  3.84317367
  3.73426692  3.51745205  3.69479464  3.54444578  4.10073337  3.30661055
  3.78312585  3.63439617  4.19882132  2.00407285  3.35775022  3.61543776
  3.92596976  3.76150888  3.46885824]