[ 3.27021261  4.19652954  4.16387279  4.35762054  4.36834654  3.94006125
  4.33207405  4.20783485  4.12345155  3.4310925   2.21962913  3.41989897
  3.68717203  4.17370911  4.23944939  3.38395839  3.99889874  3.99942526
  3.87458442  3.15185698  2.91621779  2.78082543  1.78980146  4.05135287
  4.16442711  2.35299153  1.5285552   3.67669869  3.74763264  3.36021639
  3.57369943  3.47306759  4.21505103  3.90799708  3.86656886  4.15151755
  4.06787903  3.92087329  3.77197947  3.52812115  3.42018593  3.73154655
  3.76294692  3.62540241  3.85120587  3.60466916  0.74719714  0.69280111
  3.34836642  3.69797129  3.88992365  3.94086267  3.52393324  3.77282505
  3.87328541  3.69108694  3.60963844  3.72042443  3.76480704  3.92316591
  3.88122251  3.70684992  3.56759411  3.71594374  3.43755349  3.61013831
  3.64553851  3.40709055  4.14739116  3.90123839  3.88730207  3.87825809
  3.86766767  3.50380401  3.89870561  3.6974019   3.9669152   3.24918771
  3.81859042  3.60039888  4.07704851  1.99351809  3.41298642  3.5829726
  3.80934503  3.66096195  3.65120593]