[ 2.74245965  2.59812895  3.25661418  3.30888743  3.06385364  4.03011716
  3.13432816  2.89648777  3.11312878  2.80207906  2.47729668  2.04388575
  1.89300499  2.99378608  3.0999627   1.41347875  2.05355227  3.12391205
  2.08932156  1.79569872  1.65196402  1.41407069  0.95871255  2.95517974
  3.11174396  2.40031983  0.79839019  1.44305433  1.49829907  1.57214517
  2.14625575  1.85483989  2.17702254  3.03157941  2.58713412  2.20282846
  2.88244142  2.63488299  3.02299702  2.92465038  2.73939731  2.41992778
  2.59399741  2.57648678  1.80984938  2.21822518  0.49407215  0.51817503
  2.3227245   2.48596438  2.39404539  2.92215632  2.62208525  1.53775677
  2.75101521  2.66492685  2.57023666  2.48560969  3.04277016  3.04879058
  2.97615912  2.42095644  2.88153396  3.26281388  2.39692474  2.1105347
  1.72671274  2.01651458  1.93085791  1.8610959   1.64862459  2.02616927
  1.94277404  2.10971381  3.06915573  1.66014005  2.88831286  1.81110411
  3.60212174  1.7333011   2.78182753  1.02213771  1.42059646  1.77388628
  3.5451936   3.16991969  2.83673067]