[ 3.25133725  4.30962189  4.23287706  4.23976823  4.24644425  3.81414714
  4.03258718  4.48651009  3.92853377  3.4263589   2.35942595  3.45389456
  3.47396381  4.24616261  4.3164852   3.27313243  3.71645689  3.86162682
  3.77499028  3.00994523  2.85665843  2.69851035  1.18783184  4.00448087
  4.24484334  2.48413075  1.27487579  3.569509    3.66683036  3.28113077
  3.3728854   3.3584255   4.0753631   3.75979948  3.63841268  4.05384089
  4.03308714  4.01187648  3.88811002  3.58009917  3.52552484  3.70968548
  3.78139669  3.466994    3.98011034  3.56542426  0.56630699  0.73322918
  3.38635469  3.79601136  4.05166977  3.99298936  3.47686999  3.77783621
  3.85755764  3.7385113   3.74929185  3.7645166   3.70881284  3.94394547
  3.8632763   3.64585269  3.52510976  3.78690082  3.20905223  3.57983201
  3.77583165  3.08336202  4.15269099  3.80822782  3.7968758   3.71961875
  3.84811118  3.5209994   3.78432484  3.73748582  4.08433838  3.2352646
  3.86206865  3.35978266  4.02497668  2.37349434  3.58971608  3.5091689
  3.97815033  3.6133768   3.60394206]