[ 3.23165481  3.95823986  4.29543811  4.2808419   3.8945633   4.054893
  4.04841872  4.42683258  4.11874947  3.07855647  2.13125138  3.31933533
  3.62779233  4.0786321   4.07015368  3.35319016  3.84589548  3.93974371
  4.01847547  3.3713102   2.91635776  2.92932253  1.78741336  3.79453979
  3.8032871   2.66001526  1.88329534  3.48622104  3.69964978  3.17697072
  3.38217818  3.42230078  3.80419821  3.82093439  3.64825424  4.13370427
  4.0217066   4.14416459  3.772791    3.39549506  3.35469079  3.66755989
  3.60139565  3.4811764   3.98025899  3.27398998  0.59984466  0.53550445
  3.45483276  3.70954734  3.77550294  4.02077901  3.78640565  3.65279921
  3.93339048  3.44131165  3.58782493  3.70739517  3.58324691  3.85720351
  3.74323451  3.78891498  3.6041488   3.71587119  3.44703248  3.72518172
  3.8562203   3.50324932  3.91315408  3.66241254  3.83455919  3.78682619
  3.78628015  3.60466485  3.93491922  3.84431352  3.46119555  3.6510526
  3.78703107  3.56461476  3.89504295  2.20193024  3.30584737  3.42852776
  3.90241698  3.49317754  3.21634152]