[ 3.43784634  3.97792559  4.18275354  4.02761448  4.14847007  4.1144433
  4.02484655  4.02279412  3.70514526  3.30667261  2.51910406  3.34237173
  3.47128165  3.6549223   3.93335447  3.11600804  3.56008464  3.72490062
  3.84479321  3.09666828  3.00481161  2.7185183   1.71141253  3.62442366
  3.76008104  2.65434927  1.90034778  3.46139083  3.63837548  3.26427509
  3.46013231  3.31973831  3.62301761  3.74797601  3.67053135  4.00842309
  3.99393911  3.88384195  3.90798447  3.61659432  3.39977541  3.73284514
  3.71994794  3.45132713  3.63394827  3.55134238  0.79010827  0.65376686
  3.36004335  3.68170349  3.69808275  3.96237067  3.45142382  3.50337723
  3.70768805  3.43687742  3.52076871  3.60246093  3.74130321  3.83848965
  3.70697979  3.74194809  3.62344225  3.56450583  3.24607007  3.63811567
  3.64419171  3.38581473  4.11317362  3.75886711  3.76954995  3.76417252
  3.91411807  3.49153141  3.79420127  3.59311556  3.8249259   3.46106748
  3.73203473  3.57500992  3.76274223  1.29481441  3.26912602  3.37241648
  3.68490915  3.58395146  3.53077827]