[ 3.43346523  4.17475207  4.32607799  4.38858737  4.26565729  4.32464524
  4.39712731  4.45811494  4.07644763  3.48003514  2.15479129  3.49424899
  3.72706195  4.06419427  4.26786816  3.34106295  3.82036655  3.9488071
  3.66884299  2.96836625  2.88865409  2.65010745  1.5980084   3.95885499
  4.24036424  2.84844969  1.74155274  3.44287378  3.74106903  3.30008957
  3.46756912  3.40731924  3.81550853  3.77222531  3.92751602  4.08668098
  4.07467995  3.89975457  3.83498567  3.52534008  3.41007096  3.73659715
  3.79670038  3.63328258  3.94623241  3.6043421   0.64564008  0.62966816
  3.49614329  3.85433998  3.96291159  3.9496386   3.4529179   3.45027519
  3.74709902  3.71482711  3.75512669  3.86522761  3.76917455  3.85257293
  3.91567939  3.59015261  3.51887247  3.61703432  3.3107215   3.60687256
  3.72736989  3.29430067  4.24702957  3.86506336  3.76917255  3.89140965
  3.79117259  3.61093629  3.80702504  3.66958564  4.08659048  3.26754556
  3.77116937  3.57195271  3.99345939  2.13101927  3.5884327   3.45292209
  3.91640013  3.55264299  3.55284931]