[ 2.59077944  4.44309728  4.40422422  4.44796644  4.52857252  4.6714056
  4.29472459  4.71004673  4.36824025  2.99802233  1.38842252  3.41086038
  3.82406965  4.51503197  4.36649608  3.38416619  4.10394955  4.24690446
  3.06274662  2.01894279  2.81113514  2.59760444  1.04994574  4.23032128
  4.49847706  2.09089074  2.2445251   3.31379187  3.48398279  3.13156312
  2.9653073   3.1301668   4.06418028  3.72870093  3.64378322  4.25430597
  4.16489874  3.98651573  3.82990907  2.13975118  2.84982304  3.58362216
  3.49690345  3.59562111  4.00495232  3.37196093  0.53164597  0.6178458
  2.89760283  3.86974956  4.18837141  4.15671877  2.07428888  3.73155678
  3.71681475  3.77794242  3.91639794  3.87723708  2.29189868  2.25622585
  3.91309818  3.50849965  2.11996738  3.69727906  3.32150432  2.20012405
  3.58820417  2.04467022  1.73212453  3.72135652  3.48179948  3.9059411
  2.27709674  3.79581609  3.61075612  3.42428827  4.38306339  2.74851458
  3.64426666  3.30367319  4.18258028  3.12648823  3.46600507  3.46435988
  4.05944623  3.67542315  3.17357322]