[ 1.27354547  1.27191978  1.90470206  0.79012685  1.46878179  0.78672798
  1.18800824  2.40918436  1.41857531  1.36462465  0.68590081  0.77132709
  0.74442426  0.78939531  1.418894    2.24348053  1.83994527  1.07253841
  0.79381716  2.12149341  1.3989591   2.34806821  0.60353287  2.02794404
  0.78790853  3.62116105  0.59921853  1.80827591  2.37127107  1.99320685
  2.29173835  2.28784741  1.01782314  1.26293393  0.9923306   0.78554178
  0.78523302  0.78134852  0.77676045  2.65832403  1.27601603  0.77318466
  1.0620327   1.09125061  2.33863092  0.7703265   0.49454817  0.53800545
  1.11924199  1.01380836  2.56157733  1.4076816   2.50353092  1.2986582
  1.47099935  1.34291579  0.77827897  0.78163831  0.77397213  0.78161609
  2.50102926  2.0004854   2.51569048  0.77797101  1.94866673  2.01232356
  1.08188612  1.68237733  2.46049392  3.18077243  1.27485157  1.0321252
  2.93461424  0.7778336   3.19891615  1.31625429  0.77724818  2.21486873
  2.99204553  0.93663791  2.15684972  0.56367844  1.93486473  1.2173505
  1.94081304  1.08282973  2.60602785]