[ 3.04269071  4.23863492  3.95688756  4.15056673  4.1749251   4.00164044
  4.17986223  4.39360873  4.02257341  3.30986203  2.11506514  3.4352414
  3.68950381  4.02270746  4.10586084  3.45492174  4.05015878  4.06832069
  3.68642223  2.98390043  3.11259585  2.78855858  1.59325955  3.83210053
  3.89781302  2.503805    1.43946413  3.44051763  3.62924827  3.34501471
  3.43224208  3.41684224  4.01990071  3.72273345  3.80036949  4.26348067
  4.08174244  4.01199518  3.7631666   3.66745227  3.40983151  3.55901562
  3.70492468  3.51829467  3.89116538  3.45053219  0.70833819  0.68673309
  3.41591695  3.76591306  4.07785467  4.12781055  3.52720818  3.78950716
  3.9399649   3.68361145  3.64997737  3.72173822  3.8296931   3.9632727
  3.88661893  3.66406108  3.46482713  3.73655163  3.24572168  3.67569727
  3.79767126  3.21992744  4.02245783  3.98458542  3.81548403  3.61093341
  3.6317379   3.3799263   3.82602005  3.68159752  3.91259809  3.39664604
  3.80867045  3.38627285  4.10190972  2.57791844  3.27206537  3.42445722
  4.1231621   3.69881814  3.59646219]