[ 2.30748863  2.84563391  3.00770302  3.6414833   2.85498346  2.57905098
  2.94334089  3.4583744   3.01466691  2.47466584  1.65866603  2.46000208
  2.68661393  2.80839401  2.81514904  2.64287978  2.96208379  3.13079196
  3.21418898  2.31397431  2.18859491  1.95082029  1.4400453   2.68059207
  2.69174104  1.87165407  1.19191863  2.5553459   2.51024442  2.36457114
  2.98174946  2.68031883  2.75733229  2.79771371  2.79062359  2.75908555
  2.76951138  2.72158287  2.88811146  3.2000301   2.38398645  3.10414537
  2.62766548  2.89656809  2.71392081  2.51855497  0.65041726  0.61471834
  2.4411114   3.21791646  2.72867953  3.15701464  2.86005394  2.59321577
  3.19609682  2.91749242  3.15050823  3.02324782  3.02499787  3.61286637
  3.2925808   2.73194345  2.46555264  2.5000171   2.25964974  2.74980406
  2.83937973  2.76287446  2.07971643  3.62687136  3.18492199  3.03230164
  2.58578876  2.79498213  2.98906292  2.59635729  3.37035945  3.22571101
  3.76558666  2.55311567  2.76947309  1.5620299   2.32042348  2.54570601
  2.77308424  3.38435903  2.47970923]