[ 2.2857767   1.7741028   2.1899711   2.58549888  2.04504454  3.83829806
  2.29715372  2.12259194  2.35362344  2.3044308   2.41860081  1.25278713
  0.87745907  2.05410302  2.34720757  0.57996959  1.04985575  2.38884623
  1.04105357  0.93322647  0.78978845  0.63092967  0.57890102  2.08797314
  2.25849108  2.81422083  0.57559865  0.58111755  0.58109187  0.59333448
  1.13441368  1.03298875  1.12678322  2.28548893  1.77684702  1.25414202
  2.05912304  1.59456723  2.27831814  2.39377253  2.00484604  1.54693728
  1.84813936  1.75854014  0.83546426  1.37704232  0.53800545  0.53800545
  1.59780253  1.68706435  1.50801249  2.0567015   1.79339011  0.58044875
  1.92328319  1.83525537  1.65137376  1.69804016  2.46537218  2.48935318
  2.35333607  1.52896467  2.20754119  2.96734189  1.62475521  1.17752761
  0.83272696  1.20531332  0.63523991  0.65773303  0.5748919   0.87626489
  0.83597862  1.28683085  2.46819146  0.74628308  2.17609998  0.75762119
  3.21710466  0.67874662  1.79485046  0.56853275  0.6578244   0.77003179
  3.07249613  2.84741438  2.14253484]