[ 3.33711355  4.42250832  4.16417009  4.24747178  4.24323544  3.8170313
  4.26795942  4.34588949  4.0622838   3.44444927  1.8112421   3.34602456
  3.7072168   4.08094779  4.2197343   3.6569794   4.12247204  4.0185498
  3.9335796   3.24881466  3.16881564  2.97500499  1.71400816  3.93380037
  3.84125256  2.6708072   1.52095946  3.68226508  3.77851078  3.4080051
  3.31363728  3.46003327  4.2805039   4.06103298  4.02499948  4.03749736
  4.11070886  3.97687565  3.87272161  3.58230968  3.39793738  3.82197322
  3.82373306  3.47199009  3.90907895  3.55993657  0.59601492  0.60983066
  3.61177657  3.7474378   4.18575595  4.13652468  3.67920261  3.84465176
  3.8928444   3.78463518  3.71269373  3.75547427  3.81015155  3.84720493
  3.96985933  3.67306178  3.48596446  3.72892425  3.23083739  3.59722009
  3.80039306  3.45881094  3.68199887  4.06951569  3.76190122  3.84649472
  3.68676398  3.52525905  3.93937666  3.8033381   4.12750139  3.31677511
  3.86278676  3.5911017   4.0815538   2.65709381  3.37581876  3.59385413
  3.92336974  3.63545217  3.63046047]