[ 0.87675978  0.92167944  1.91919605  3.02137134  1.52947743  0.87917079
  1.3595635   2.57411116  1.58401224  1.44291505  0.82181675  0.83770096
  1.35639837  1.45144143  0.91436897  1.76004037  2.10177916  2.24284599
  2.49273688  1.42003986  1.64674069  0.80216708  2.51137023  1.55551815
  0.90838195  0.70551409  0.67373468  1.4650759   0.87652265  0.87072412
  2.43832684  1.61010881  0.92788411  1.51266037  1.26692242  1.58297252
  0.91709123  0.90434442  1.74027868  2.84069591  1.42253827  2.54534983
  1.34906942  2.05215803  1.77183515  1.35598931  0.47652362  0.50628911
  1.45235519  2.60587706  1.96695522  2.69283162  2.25806087  1.27695825
  2.30126938  2.11091126  2.62503308  2.3037012   2.32851571  3.42885524
  2.70968768  1.59921699  0.87253455  0.89478925  0.8832489   2.20682252
  1.98320402  2.59630811  0.90683541  3.43672974  2.69401729  2.10079124
  0.89672038  2.13338206  2.27415947  0.90019223  3.26856002  3.05300883
  4.02071791  1.67322052  0.91475898  0.78132844  0.85011188  1.32103641
  0.92278414  3.33403014  1.15924376]