[ 3.12670312  3.55287113  4.04056377  3.73696053  4.08572629  3.77195228
  3.68824894  3.87580315  3.40014765  3.06067668  2.57680564  2.99910954
  2.93169614  3.26772266  3.24255131  2.92068921  3.36936712  3.63828672
  3.71583955  3.17453854  2.89363476  2.84955835  2.3665347   3.18327585
  3.32807772  2.49930714  1.78502056  3.33800163  3.38019806  2.96555665
  3.10641012  3.06051101  3.41863764  3.58766503  3.25828568  3.50424874
  3.52973714  3.69300609  3.69345049  3.17056253  3.09857882  3.3736544
  3.31444328  3.20875543  3.37875017  3.11773663  0.64278021  0.56598259
  3.20366736  3.34859834  3.41528196  3.45248166  3.65605979  3.55035598
  3.66490589  3.44238014  3.33672974  3.45200026  3.30879353  3.5894497
  3.5952158   3.52122501  3.38376021  3.56417907  3.16064332  3.57927972
  3.62813945  3.32311386  4.32017843  3.5424189   3.68640287  3.55221049
  3.74615874  3.5400306   3.91728995  3.55809848  3.20806423  3.4890996
  4.06519893  3.33924396  3.48327355  1.01297808  3.18005059  3.26795987
  3.43584594  3.71890642  3.53621084]