[ 0.58922426  0.64063707  0.56190079  0.53368069  0.58302398  0.42173818
  0.55974299  0.60045452  0.55203018  0.56254087  0.6352197   0.70594025
  0.74858813  0.58496155  0.55403115  0.81551956  0.72092795  0.53332524
  0.7052439   0.7328267   0.76003392  0.78708232  0.88174515  0.58189791
  0.56244059  0.63765543  0.89581531  0.80350232  0.80588251  0.7873821
  0.6956141   0.73949613  0.70842031  0.55163535  0.62817055  0.70338658
  0.59254958  0.63842226  0.56016697  0.56445108  0.59223467  0.65273694
  0.60585134  0.62580464  0.7606002   0.67913772  0.96514865  0.91149512
  0.65001577  0.64345317  0.65816695  0.58405137  0.62820586  0.79677115
  0.60647059  0.6176095   0.63626888  0.64294247  0.53065309  0.55585555
  0.55268962  0.64596971  0.55642263  0.48224573  0.64962984  0.70538992
  0.76579712  0.68782697  0.75934527  0.7569904   0.78122197  0.73168507
  0.72979979  0.70528066  0.54087832  0.77919978  0.59295551  0.73134141
  0.46233413  0.74607614  0.61811018  0.87442687  0.80072134  0.75759415
  0.47991518  0.50294771  0.57877092]