[ 0.48824443  0.37569941  0.42835766  0.42519159  0.43183054  0.42431851
  0.40242973  0.37531272  0.44007447  0.46039589  0.67962031  0.48303806
  0.47570055  0.4529539   0.40067979  0.46716801  0.42715271  0.41566622
  0.41764369  0.52567404  0.49312349  0.52145065  0.8477907   0.41206582
  0.40529405  0.60168404  0.75514035  0.43128588  0.42359986  0.52823456
  0.50218527  0.47789442  0.42437921  0.41807034  0.44705632  0.40455581
  0.4078459   0.41030813  0.42940642  0.44075015  0.4849845   0.4250346
  0.42267328  0.44461827  0.4274486   0.48093553  0.91493282  0.92003744
  0.45959194  0.43637967  0.40467456  0.41245497  0.4631331   0.44518477
  0.42873592  0.49144911  0.4614938   0.45286824  0.4300493   0.42880104
  0.41514821  0.42350829  0.46978398  0.41855044  0.44465345  0.42415674
  0.42163938  0.45852437  0.3575643   0.45261481  0.42468227  0.41921573
  0.44498405  0.43203093  0.41737403  0.4452613   0.43935253  0.4703681
  0.41625122  0.43935178  0.42726138  0.68130794  0.47935493  0.46101128
  0.4354385   0.45461569  0.44941563]