[ 0.67875471  0.62190019  0.60000509  0.50098738  0.61868292  0.65290234
  0.61029834  0.54031978  0.5922948   0.64520535  0.77147657  0.64664351
  0.62291791  0.61805311  0.61569086  0.62086872  0.59470835  0.56445761
  0.51381393  0.63616727  0.62807824  0.67214126  0.78734474  0.62601189
  0.62970972  0.72581675  0.83249904  0.63163813  0.63942305  0.6538351
  0.56649823  0.60971714  0.62407138  0.59785069  0.60906028  0.6256389
  0.61878022  0.61809803  0.58625722  0.50110683  0.63935121  0.51584465
  0.60844811  0.58232742  0.6130544   0.64271944  0.90343663  0.91396763
  0.63105093  0.51403512  0.61422327  0.54935398  0.54080155  0.62970014
  0.54067762  0.57778224  0.52599782  0.56095322  0.542314    0.47390643
  0.50868767  0.60382356  0.62872082  0.63179512  0.65602409  0.57209478
  0.60082089  0.55099757  0.7434555   0.45999791  0.51399434  0.56931938
  0.62523894  0.57094608  0.54962038  0.62899105  0.51084895  0.48376093
  0.41090839  0.62161182  0.6236874   0.8022982   0.64888447  0.62582518
  0.61303929  0.46320351  0.63324386]