[ 0.47542255  0.42751237  0.40932381  0.43290239  0.41905894  0.42241475
  0.43621401  0.42460399  0.47110151  0.46826144  0.63318193  0.47979949
  0.46384891  0.46020935  0.42743368  0.49517563  0.46359059  0.43882602
  0.41533259  0.5111741   0.48252545  0.54711408  0.77093124  0.45898726
  0.44797122  0.58359302  0.72990923  0.45177513  0.42519536  0.4944085
  0.46904491  0.47574239  0.45142459  0.41779109  0.43676586  0.41251982
  0.41492301  0.42425582  0.42384937  0.44544124  0.44731936  0.43111244
  0.43576761  0.45457966  0.46335617  0.44904558  0.84184049  0.93731305
  0.47026559  0.42096575  0.42291729  0.39561054  0.44743485  0.45688409
  0.43905642  0.46818223  0.45936048  0.43879434  0.41181127  0.41487681
  0.43525032  0.4208873   0.42528324  0.43621193  0.46642208  0.44958242
  0.4473698   0.43401106  0.43987831  0.41851372  0.42177489  0.4411222
  0.40596895  0.43755032  0.4156252   0.45391336  0.43829079  0.44876537
  0.44856477  0.44427301  0.44694617  0.83708169  0.46860887  0.45569856
  0.44461795  0.44227058  0.44396476]