[ 0.55403693  0.40885825  0.40300428  0.41947796  0.42165704  0.43234673
  0.40670217  0.38384931  0.42072678  0.49238314  0.69819093  0.4697715
  0.48312835  0.43730983  0.42305838  0.48715588  0.45326009  0.41079192
  0.42993481  0.50578439  0.51375875  0.52538905  0.8253948   0.45531357
  0.41504399  0.57697339  0.82712818  0.4639288   0.43884286  0.48814363
  0.48236947  0.47888389  0.43680966  0.42867546  0.43382458  0.4142461
  0.45359044  0.40320635  0.43617695  0.45510602  0.45774131  0.43464601
  0.44169146  0.46416777  0.42105884  0.48596775  0.88803908  0.90870511
  0.44271271  0.42110029  0.43270586  0.42702034  0.44929953  0.42974546
  0.42615374  0.45126074  0.44437052  0.44508793  0.43127796  0.45247968
  0.42467739  0.44698706  0.44412819  0.44495287  0.43836198  0.43359252
  0.43032075  0.46076421  0.39024293  0.42797764  0.42454188  0.43859778
  0.43830248  0.43084299  0.41074205  0.43913771  0.45340467  0.43703978
  0.40553105  0.44430852  0.42115128  0.73087002  0.44051222  0.43321339
  0.44147276  0.44950089  0.42281465]