[ 0.48679371  0.39550356  0.42195163  0.41139489  0.41870103  0.4531254
  0.41859631  0.40241568  0.44470832  0.45641638  0.64739672  0.43990324
  0.44093799  0.4126337   0.37731554  0.48741883  0.43143686  0.41725632
  0.44687213  0.49771728  0.52065885  0.5280942   0.83804195  0.42877615
  0.41493768  0.59553004  0.78032323  0.45114439  0.41657846  0.48994277
  0.47946379  0.45356171  0.41623061  0.43092643  0.43625924  0.42060746
  0.41350728  0.4207295   0.41996432  0.45308898  0.4792881   0.41720087
  0.43502031  0.4676739   0.41596404  0.44889335  0.89761677  0.90541862
  0.4470646   0.425184    0.43100344  0.40565342  0.45812792  0.43509203
  0.41843183  0.47178274  0.44370618  0.44618554  0.45286188  0.41790838
  0.40768811  0.43563681  0.44090721  0.40335698  0.47979738  0.44866507
  0.44438196  0.44939668  0.44180358  0.43403087  0.40868329  0.43222972
  0.42786126  0.43610836  0.41574878  0.43627351  0.4400132   0.45548718
  0.42960781  0.43592091  0.4267179   0.7230182   0.46589822  0.4890279
  0.41422351  0.44165106  0.47528842]