[ 0.5148815   0.39048012  0.42529502  0.40668468  0.41787619  0.46705538
  0.39813587  0.40131153  0.43104611  0.49614614  0.76921054  0.50659014
  0.46420045  0.4265334   0.39593867  0.45814535  0.42073384  0.43080217
  0.40872283  0.48347424  0.51857871  0.49124134  0.77547475  0.44110859
  0.44718519  0.60424082  0.80153539  0.43792478  0.44311613  0.47874536
  0.49287733  0.47128889  0.3878206   0.4120111   0.42001471  0.42576806
  0.41497104  0.42680493  0.43179353  0.44526505  0.48453991  0.41177622
  0.43261542  0.47020333  0.42806389  0.46391086  0.87686859  0.91589793
  0.44062613  0.43819386  0.40035264  0.4080502   0.44630796  0.4382558
  0.43402082  0.45165786  0.44997063  0.45491885  0.42947241  0.44022834
  0.41566304  0.4337339   0.45384515  0.418352    0.49262364  0.43601394
  0.43388794  0.45179665  0.47492973  0.40802536  0.43068686  0.43299537
  0.44726383  0.4573587   0.40425867  0.42829719  0.42209054  0.45861757
  0.42093081  0.44152409  0.40849538  0.64950031  0.46763277  0.44601468
  0.43626273  0.43857391  0.43338523]