[ 0.57224241  0.52999075  0.5020609   0.55927682  0.48777116  0.58013434
  0.532415    0.45999331  0.5154105   0.61371771  0.742079    0.58732397
  0.58851157  0.55243812  0.506076    0.5191085   0.48893856  0.53739262
  0.54510308  0.54941139  0.55690273  0.53639344  0.80326219  0.48342443
  0.53541832  0.52838381  0.80092353  0.50357845  0.48685698  0.53491765
  0.50899979  0.51836585  0.51808339  0.54636637  0.55684328  0.54618938
  0.54488873  0.5470893   0.5466218   0.46408857  0.55559175  0.55475886
  0.52984059  0.57057975  0.47558915  0.58591076  0.9000513   0.93932456
  0.55107939  0.53701391  0.46222818  0.5192786   0.49159905  0.54649787
  0.55207956  0.54200081  0.56545282  0.54896683  0.55131945  0.55207437
  0.46674873  0.48639138  0.47409832  0.54922863  0.5200868   0.49301566
  0.55672425  0.51408791  0.43082142  0.4785815   0.51350684  0.52941657
  0.44598098  0.56991432  0.43274951  0.53753705  0.56189325  0.48528745
  0.44958557  0.54982185  0.48144394  0.7459394   0.53723718  0.55350274
  0.51455427  0.53380931  0.45835608]