[ 0.55442408  0.4961581   0.4883576   0.46812292  0.49422209  0.46577871
  0.44492718  0.43534902  0.49200534  0.52352278  0.73853702  0.51731243
  0.51011883  0.48544978  0.46866383  0.5011021   0.47289243  0.46383088
  0.45913309  0.48150577  0.55131771  0.52268654  0.76999468  0.49576222
  0.49401453  0.54550948  0.77618307  0.49854861  0.50082961  0.54111181
  0.51385858  0.51461192  0.47257294  0.46004743  0.47362169  0.49012349
  0.4878584   0.48027074  0.47418417  0.48706194  0.50527999  0.47948027
  0.4944911   0.51131826  0.4718207   0.5156182   0.95076235  0.9010109
  0.48129079  0.47523167  0.4591823   0.48454671  0.46114382  0.49902101
  0.47027672  0.49750653  0.49678929  0.47208587  0.46760041  0.47258884
  0.44645425  0.4467144   0.45614529  0.49861944  0.49279289  0.47048676
  0.47243175  0.49903008  0.42124121  0.43812555  0.47214379  0.48485622
  0.44856978  0.46938639  0.41971694  0.50766322  0.5307441   0.45801101
  0.41965122  0.48271535  0.49972879  0.80369742  0.52662731  0.52365503
  0.48149126  0.49283938  0.47247328]