[ 0.51952161  0.40423063  0.42357984  0.40450758  0.40626269  0.44262801
  0.39889295  0.54708503  0.42238309  0.49787732  0.81219414  0.4991415
  0.48106672  0.36696694  0.428567    0.59166043  0.43279825  0.41506914
  0.56445813  0.54314965  0.54806556  0.5729321   0.87221882  0.42859894
  0.42483027  0.5968998   0.82683775  0.47685587  0.57404826  0.52301937
  0.49499663  0.48903483  0.42666692  0.42351126  0.43130323  0.40933807
  0.4045959   0.44071716  0.45898644  0.4545049   0.46182555  0.58103862
  0.55208636  0.45306567  0.43913778  0.49958346  0.89598198  0.91296171
  0.45068403  0.41843341  0.38687137  0.53413898  0.43952881  0.52151052
  0.45092654  0.43900571  0.41831669  0.42988504  0.56812864  0.41959415
  0.43951089  0.43399461  0.56022489  0.45034943  0.45744096  0.44218924
  0.49802915  0.50793634  0.37638164  0.44031516  0.40959911  0.43408273
  0.42476625  0.46852548  0.43966698  0.46509044  0.41391155  0.46734544
  0.42954501  0.43221403  0.40265152  0.74388627  0.47134277  0.43203203
  0.43190432  0.44210214  0.46109038]