[ 0.50040136  0.47437624  0.4047388   0.45050034  0.41908685  0.4610173
  0.45521569  0.41770227  0.50177621  0.47079207  0.59280231  0.48972202
  0.50467206  0.47307374  0.45233418  0.4778064   0.48901834  0.44680584
  0.40615706  0.53147621  0.45915437  0.51477364  0.64334967  0.48835553
  0.47671389  0.59431363  0.68890997  0.46744538  0.45348474  0.51822615
  0.50297358  0.47271007  0.44217983  0.4200577   0.42755501  0.4506209
  0.44997893  0.43658449  0.45099164  0.49925393  0.45224323  0.46478959
  0.48205144  0.45855528  0.51831712  0.48139259  0.89700264  0.99908122
  0.43697339  0.42007631  0.43875098  0.42430631  0.42632898  0.45567815
  0.44104987  0.48079544  0.45431805  0.4676998   0.44895724  0.42567318
  0.44121394  0.44770653  0.44353683  0.44481897  0.47440692  0.46012214
  0.42809186  0.44872801  0.38634377  0.4214384   0.43539411  0.43665939
  0.41776083  0.43674745  0.40149613  0.44748878  0.45551511  0.47822058
  0.41840042  0.44459948  0.44390114  0.85705083  0.45990434  0.47329358
  0.42982597  0.43769215  0.43903195]