[ 0.56629415  0.52449005  0.50926604  0.48686237  0.51513021  0.46022277
  0.4955891   0.51807494  0.50816202  0.55893041  0.76711495  0.59574346
  0.6241331   0.51601037  0.50863333  0.63302462  0.61220457  0.48061347
  0.5875731   0.61572617  0.64168608  0.63433979  0.8585901   0.53822655
  0.52320609  0.59993047  0.7932982   0.59996209  0.5953419   0.61592097
  0.62101342  0.59308338  0.56925267  0.50378089  0.54429225  0.56726498
  0.53206179  0.56838009  0.49654656  0.53146899  0.54293387  0.5524083
  0.54947101  0.54277338  0.58971453  0.59108581  0.88907371  0.91685863
  0.55596123  0.54255919  0.54573568  0.5051347   0.52640555  0.61061707
  0.53652329  0.56840798  0.54563493  0.56883157  0.48283482  0.48994185
  0.5037546   0.5539115   0.51290057  0.47580117  0.55595328  0.57985683
  0.59158346  0.5814103   0.57653801  0.59029702  0.57645118  0.57026094
  0.57834449  0.57976925  0.47195387  0.6128592   0.52204355  0.59540105
  0.43581673  0.62125288  0.52319947  0.73572243  0.59953339  0.63252968
  0.46428208  0.45366312  0.5232677 ]