[ 0.47515368  0.44467527  0.42123332  0.44733159  0.41492741  0.40394463
  0.42469907  0.41378682  0.40610857  0.47478291  0.62856494  0.45415677
  0.44405862  0.44324937  0.43781564  0.47659882  0.43663842  0.45202109
  0.40025835  0.47729757  0.51276836  0.54916294  0.82741251  0.42812947
  0.46661313  0.59868293  0.8414354   0.43876662  0.43368042  0.47215616
  0.45226217  0.46541065  0.41035573  0.41101805  0.43699305  0.42695088
  0.43732831  0.43512626  0.44896799  0.45560155  0.4619129   0.43493075
  0.44166203  0.42778797  0.4547781   0.45126898  0.90322713  0.90421306
  0.46801039  0.45131974  0.44473843  0.42197634  0.45416206  0.4590247
  0.4279883   0.45790479  0.46112378  0.45680932  0.42781144  0.44476692
  0.42871704  0.43283368  0.42260389  0.42134424  0.48563919  0.45302871
  0.45315159  0.45547005  0.44514612  0.4239938   0.40625386  0.44867773
  0.437209    0.43916542  0.42003164  0.45051743  0.45616546  0.46457387
  0.43410036  0.45563617  0.42892043  0.73826785  0.51119111  0.46741341
  0.45056521  0.4677299   0.45755159]