[ 0.82036713  0.82870477  0.7231814   0.90845149  0.79854577  0.90669307
  0.84729723  0.65083848  0.80607702  0.80720961  0.90996973  0.90088819
  0.90670805  0.90680972  0.81394614  0.64032164  0.73395653  0.86515247
  0.91035257  0.65805521  0.78146353  0.61987703  0.92563978  0.70618821
  0.90632957  0.43210389  0.91820575  0.72971414  0.62946743  0.68793805
  0.64480838  0.65459782  0.87222537  0.83038249  0.87344336  0.90817529
  0.90544293  0.90699449  0.90577228  0.57306902  0.81665949  0.90183218
  0.86158296  0.85202306  0.63947733  0.90019307  0.98958664  1.          0.8504491
  0.87190856  0.5990955   0.81187484  0.59304475  0.82321177  0.80103834
  0.8123918   0.90364297  0.90500995  0.89817198  0.90244268  0.5968631
  0.69410967  0.5821913   0.90545735  0.68657327  0.69111345  0.85622596
  0.75346355  0.65521752  0.48970093  0.82821244  0.86537577  0.54481396
  0.90575143  0.49700037  0.81734215  0.90799287  0.65204701  0.5469994
  0.86730829  0.66722323  0.92577511  0.69705475  0.83533685  0.70776329
  0.85879101  0.57893019]