[ 0.51360533  0.38877196  0.42741496  0.44898485  0.40783334  0.42258833
  0.42689208  0.43996985  0.40968525  0.48111446  0.72688334  0.48924784
  0.4667691   0.44186427  0.43416397  0.47422046  0.43870254  0.41819069
  0.41451216  0.48973728  0.49786669  0.490525    0.77143378  0.43507151
  0.43134027  0.65965153  0.73889852  0.46027724  0.43356428  0.49343905
  0.49335514  0.49490139  0.43039125  0.40964193  0.44633222  0.41650405
  0.3990634   0.41847358  0.42113723  0.46123482  0.46653643  0.43896911
  0.42571062  0.4717218   0.45536454  0.48309877  0.89036167  0.88615766
  0.45072107  0.4252959   0.42521515  0.45696698  0.42547497  0.43341312
  0.41235861  0.46749521  0.46462524  0.43393634  0.42288666  0.41727551
  0.41616306  0.42509422  0.46290237  0.40055483  0.44679274  0.43391974
  0.41708004  0.45499391  0.44286371  0.44552252  0.41014261  0.43961725
  0.43987167  0.44609581  0.4012767   0.43417836  0.45295445  0.45696568
  0.42530134  0.46299776  0.42878677  0.76579301  0.43804562  0.44007595
  0.43745111  0.41729342  0.45423976]