[ 0.50905144  0.43886596  0.40388483  0.40153603  0.45782782  0.44052418
  0.42812765  0.38370261  0.42937817  0.54216235  0.70199979  0.49940385
  0.44582792  0.4189063   0.42464901  0.48431139  0.45186782  0.4151405
  0.41029254  0.46146792  0.55082236  0.51170234  0.75815607  0.45108879
  0.46603307  0.5672062   0.72937911  0.4643498   0.42302959  0.49252581
  0.46101041  0.45295296  0.43392575  0.41606663  0.45071193  0.4034498
  0.43372995  0.39983052  0.43633839  0.45267029  0.47137217  0.43496886
  0.42976838  0.45029988  0.4126185   0.49082165  0.87076937  0.92649171
  0.46195022  0.42155186  0.42794858  0.40218888  0.42790119  0.47104598
  0.41458298  0.47165564  0.46177598  0.44154096  0.45993346  0.42345231
  0.44197681  0.42296003  0.43462296  0.42105745  0.44859911  0.43730946
  0.43109713  0.45256038  0.44411958  0.44520177  0.41424936  0.43647899
  0.4171746   0.43363937  0.41219994  0.42433597  0.50577974  0.43434245
  0.4159785   0.41451533  0.44031806  0.70888495  0.47211294  0.4564546
  0.44029076  0.44911461  0.50411657]