[ 0.51833237  0.39790133  0.41280519  0.40786728  0.39689981  0.46729666
  0.4384187   0.37610343  0.44134338  0.47578878  0.67998214  0.4809534
  0.48441752  0.41260753  0.39046735  0.49900098  0.47579664  0.43485119
  0.42632768  0.49558422  0.49952835  0.50920411  0.84574792  0.43557543
  0.40797624  0.61439287  0.82346089  0.45612657  0.43676636  0.48258949
  0.47549398  0.48462194  0.40099443  0.42788892  0.44841348  0.42391727
  0.41967507  0.41527228  0.42309351  0.44318208  0.45309948  0.43263412
  0.42156275  0.4682075   0.4091001   0.45124603  0.88520377  0.87807343
  0.46672841  0.43785488  0.41460044  0.42048348  0.44541515  0.43375027
  0.43700118  0.45639199  0.44480163  0.45071882  0.43193545  0.42365278
  0.4279082   0.43736639  0.43058477  0.42769575  0.50266166  0.45308863
  0.43270484  0.48188547  0.4071446   0.43796732  0.41795917  0.45036802
  0.4074101   0.46149504  0.42352806  0.44184721  0.40619707  0.44494168
  0.40431185  0.4527688   0.42615752  0.69486198  0.44603843  0.4744146
  0.43062894  0.43986757  0.44176273]