[ 0.4832503   0.4131472   0.40500819  0.38994003  0.40854225  0.39908051
  0.38842071  0.37857822  0.42774895  0.46973366  0.71108677  0.48164639
  0.45392828  0.42010375  0.40557048  0.50304089  0.45060185  0.4199035
  0.43473949  0.51784797  0.55486236  0.54280828  0.79215272  0.43860749
  0.40694638  0.53464474  0.75471237  0.47038925  0.43274822  0.4805862
  0.47478176  0.47480959  0.44478607  0.43420379  0.42582108  0.42236595
  0.41303517  0.43110458  0.42883374  0.46206438  0.47956622  0.4279588
  0.42055384  0.42509957  0.42543617  0.44895638  0.89823022  0.91560056
  0.45297601  0.43481558  0.42732752  0.4204735   0.46468004  0.47789674
  0.44399853  0.44464535  0.4431353   0.42138875  0.4232072   0.43069102
  0.41022359  0.42223625  0.44439357  0.43243288  0.45364856  0.44558122
  0.45255867  0.43334517  0.4141565   0.42676705  0.4167942   0.42731349
  0.44163258  0.43499029  0.4105461   0.44720808  0.41555818  0.43240871
  0.43100429  0.43761647  0.4335495   0.72835029  0.44113797  0.46582913
  0.42756494  0.44870007  0.4551581 ]