[ 0.18606397  0.24277035  0.23234982  0.18926866  2.1949875   0.33910397
  0.35615935  0.33878102  0.19583381  0.25934584  0.16397108  0.16458823
  0.3065812   0.2278635   0.19829384  0.21921215  0.24734178  6.6542779
  0.20541418  0.23344344  0.18627588  0.17194656  0.21612569  0.16925677
  0.26045592  0.27885452  0.23597039  6.6542779   0.72587836  0.28513131
  0.62831158  2.1949875   0.30230785  0.82250036  0.31475776  0.25937652
  0.22409361  0.184108    0.19386833  0.30917145  0.25124958  0.17543923
  0.13397896  0.86907121  0.1945641   0.26999163  0.28702708  0.25930358
  0.15005739  0.5494839   0.22220559  0.5127009   0.18799012  0.56484627
  0.24416574  0.22305241  0.22769199  0.48958844  0.23125933  0.3681313
  0.16143832  0.55270264  0.30027692  0.24136246  0.39446199  0.32890839
  0.35187365  0.63740134  0.23642918  0.27464418  0.28628615  0.18245212
  0.33102617  0.12999072  0.36224039  0.40264801  0.17783092  6.6542779
  0.27107238  0.15937101  0.68632813  0.23560523  6.6542779   0.21874501
  0.22744477  0.39954697  0.16333926  0.31120634  0.36921713  0.32884085
  0.37704381  0.23259019  0.16779004  0.21884024  0.20528656  0.15167671
  6.6542779   0.54679589  0.23394023  0.20130398  0.25667559  0.97330583
  0.26990925  0.81304124  0.1932197   0.56147285  0.22735105  0.27986696
  0.19938003  0.26906785  0.17931839  0.14257012  0.34647363  0.22736749
  0.16927362  0.1979942   0.47003715  0.24368198  0.15724719  0.34482883
  0.26832709  0.60192888  0.50576027  0.54526523  0.22347186  0.26416937
  0.18410208  0.38030097  0.67638314  0.137896    0.37391153  0.20620365
  0.2017897   0.29139797  0.84101926  0.51706918  0.21257813  0.60601098
  0.40690785  0.23842199  0.28474175  0.33095095  0.27651744  0.25634565
  0.18589227  0.43711477  0.21383473  0.24324107  0.20714406  0.25060522
  0.21852066  0.2368768   0.30980352  0.24802713  0.14282559  0.47345194
  6.6542779   0.58158452  0.38748007  0.2426564   0.32355998  0.24233276
  0.14813317  0.32033826  0.2148755   0.6696572   0.2962846   0.17984577
  0.29946426  0.36531182  0.44675364  0.29228752  2.1949875   0.17312332
  0.14861565  0.53234736  0.26203357  0.19759218  0.21027451  0.21545517
  0.27605854  0.18620853  0.59322244  0.26157878  0.29680627  0.24178652
  0.50442896  0.63117146  0.18607597  0.22566577  0.27333659  0.2438396
  0.15265935  0.33711747  6.6542779   0.38292891  0.24761868  0.12216905
  0.23112401  0.17832298  0.14991031  0.31443719  0.43891218  0.43875081
  0.17681569  0.14829279  0.21013007  0.15856026  0.30717574  0.4055849
  0.776111    0.29908164  0.87911166  0.3877658   0.23333598  6.6542779
  0.62042466  0.290489    0.45668999  0.25023266  0.18313705  0.29289454
  0.31330149  0.16863769  0.59891752  0.22946171  0.43249203  0.23604279
  0.3098073   0.2015401   0.23966424  0.15922993  0.96252618  0.52360317
  0.32174938  0.13616271  0.41260655  0.23944012  0.15488884  0.20490664
  0.2275804   0.26210074  0.64515879  0.22700135  0.27601973  0.20503806
  0.22759337  0.32876247  6.6542779   0.3478545   0.32883699  6.5849625
  0.15758917  0.17115805  0.2253834   0.19600034  0.2133148   0.19477079
  0.21166084  0.44224823  0.20118519  0.16145817  0.19998236  0.24229264
  0.16400809  0.17006898  0.19474354  0.22142354  0.35018666  0.28495611
  0.13974367  0.15577127  0.47592034  0.31382706  0.16198008  0.22129414
  0.17998505  0.27968648  0.56487157  0.17007359  0.20999004  0.49016255
  0.17794751  0.60931871  0.31526165  0.88037949  0.2853092   0.92482169
  0.32946938  0.27719996  0.19897538  0.22656569  0.23091338  0.24553812
  1.35683361  0.30120227  0.46962554  0.12286393  0.29709395  0.17499569
  0.21485709  6.5849625   0.18924779  0.33374345  0.30712838  0.19513008
  0.22913692  0.61915977  0.16367705  0.2592334   0.21109783  0.21278895
  0.53271975  0.16179034  0.43938913  2.1949875   0.47532692  0.29652168
  0.19887903  0.214672    0.38411708  0.18180856  0.16013958  0.34864159
  0.25441117  0.36429055  0.96266021  0.14723742  0.20456214  0.14171669
  0.31953867  0.52108405  1.09749375  0.28127641  0.62804014  0.72018707
  0.25627093  6.6542779   0.21356111  0.74176841  0.15011688  0.65674737
  0.15313843  0.16307872  0.2107854   0.51881636  0.21310112  0.17630338
  0.15040755  0.19171958  0.25436061  0.71021307  0.3442808   0.2945138
  0.35052537  0.22120845  0.27359612  0.26736111  0.18219683  0.22037766
  0.23795538  0.96266021  6.6542779   0.3312524   0.2663229   0.75589509
  0.30634099  0.26566256  0.17110295  0.38306508  0.1688925   0.15179048
  1.11491429  0.24694518  0.43517747  0.39299891  0.22834912  0.23424243
  0.24785509  0.26048462  0.23969173  0.38624838  0.20717168  0.1776698
  1.33651437  0.19298776  0.18904431  0.24115944  0.25934153  0.37744267
  0.21048184  0.16109592  0.25969874  0.3521042   0.2916038   0.26174175
  0.28561401  0.18273846  0.98422577]