[ 0.18155668  0.24425912  0.23297249  0.19025105  2.1949875   0.32151284
  0.3424414   0.3356154   0.19306974  0.26232858  0.1950971   0.19411491
  0.30871303  0.19990434  0.19985362  0.27607055  0.24802936  6.6542779
  0.19438558  0.23863606  0.18688365  0.17277088  0.21674755  0.20409843
  0.26588911  0.27840349  0.28851551  6.6542779   0.70366134  0.28634042
  0.62665022  2.1949875   0.30206763  0.80910282  0.31793235  0.25915046
  0.22562355  0.18580243  0.19290847  0.30980889  0.25608409  0.21823246
  0.13374721  0.87293547  0.18369911  0.26650346  0.28846056  0.26466508
  0.17889104  0.54171754  0.24514814  0.51427268  0.18818931  0.56544116
  0.24478251  0.22901108  0.22070996  0.48159751  0.23202334  0.50659726
  0.15821584  0.53380177  0.30054662  0.24392721  0.39109531  0.43645987
  0.34643986  0.64987458  0.19589314  0.27363706  0.25385975  0.18219693
  0.33107894  0.15592638  0.35622976  0.40507399  0.20686861  6.6542779
  0.26333994  0.1597761   0.68892808  0.21819918  6.6542779   0.21947787
  0.2243225   0.34705297  0.1651164   0.42265014  0.34014225  0.32685801
  0.37633953  0.23167268  0.16409085  0.22121357  0.23477608  0.1482884
  6.6542779   0.54742186  0.2330266   0.20516461  0.25828421  0.95421829
  0.26948357  0.80200406  0.18819668  1.32761263  0.23109198  0.28047878
  0.20043179  0.28459374  0.17124507  0.14414109  0.34811171  0.22056494
  0.16578562  0.19823125  0.46671149  0.23620904  0.15846493  0.34673579
  0.26696985  0.58853441  0.5055073   0.53499349  0.21313893  0.2647587
  0.18226464  0.38468951  0.69717594  0.14036824  0.37429118  0.20156855
  0.20251671  0.29077845  0.8211418   0.52906613  0.21277452  0.59684347
  0.40291856  0.23859753  0.27353247  0.3825847   0.26502667  0.37179794
  0.18481654  0.4449107   0.21391469  0.24890099  0.19860687  0.2534509
  0.21960427  0.2328707   0.3099659   0.22865343  0.16426893  0.47451385
  6.6542779   0.57345985  0.39047784  0.23964496  0.32066708  0.25583974
  0.14780442  0.32370623  0.26751987  0.6696572   0.30000534  0.17987146
  0.29776867  0.36591832  0.44675364  0.29884043  2.1949875   0.17751073
  0.14808363  0.53825894  0.39258746  0.19811132  0.25929325  0.27395973
  0.27300915  0.18608643  0.5947265   0.26589664  0.38901324  0.24012474
  0.49623758  0.62948444  0.18700007  0.22129076  0.26457872  0.24678295
  0.15454807  0.3379265   6.6542779   0.3838894   0.24802875  0.12434224
  0.23079305  0.21453315  0.15018544  0.31823193  0.44318596  0.44124912
  0.18387224  0.1800757   0.21027226  0.15743957  0.30703397  0.4156462
  0.761445    0.29922425  0.88728961  0.3766622   0.24205653  6.6542779
  0.61885602  0.28996877  0.45621166  0.27433725  0.22768745  0.29368332
  0.3161011   0.18213159  0.59002795  0.23462402  0.42870139  0.23583832
  0.31509875  0.19798148  0.23945501  0.18379302  0.96028125  0.52281931
  0.32384088  0.13532561  0.41472645  0.31681373  0.15498575  0.20709937
  0.23026802  0.26318871  0.64884783  0.23002678  0.27346699  0.19785936
  0.23012923  0.32830528  6.6542779   0.32359348  0.34726045  6.5849625
  0.15728562  0.17098424  0.35231805  0.19518245  0.23350073  0.19420652
  0.25678285  0.44904136  0.18712124  0.19729507  0.19669223  0.24182962
  0.16352892  0.17109538  0.19550436  0.2236356   0.52923734  0.28876071
  0.13991097  0.1595768   0.46643175  0.31653805  0.19598596  0.22479825
  0.21087522  0.26924699  0.57681545  0.20649636  0.20497167  0.47751292
  0.17818299  0.60754268  0.31542663  0.88356608  0.2856221   0.93219256
  0.32822908  0.28238236  0.19618397  0.22905585  0.22960771  0.24832049
  1.34370912  0.30638954  0.45903011  0.12150578  0.29779755  0.1750814
  0.21503095  6.5849625   0.18599174  0.42940368  0.30423912  0.2489385
  0.22385228  0.63611286  0.16348248  0.21510278  0.20842155  0.21582469
  0.56346216  0.15909338  0.38966669  2.1949875   0.70521809  0.28933885
  0.26831299  0.26473186  0.38931328  0.18441332  0.16203457  0.34762789
  0.25800258  0.37592     0.95962293  0.17730274  0.25715008  0.14121312
  0.32502783  0.80181527  1.09749375  0.29881453  0.61783389  0.68772509
  0.25586342  6.6542779   0.21294472  0.74305364  0.16609208  0.65578007
  0.15859004  0.16468962  0.2117616   0.50132176  0.21383594  0.1738142
  0.15226462  0.18860008  0.24262604  0.71962515  0.4594588   0.29729528
  0.52471028  0.2212186   0.27201173  0.34131019  0.1816228   0.22405928
  0.2381087   0.95962293  6.6542779   0.28864055  0.26821196  0.74984782
  0.27965776  0.26839777  0.2085033   0.34642381  0.1682528   0.17931129
  1.11491429  0.25672366  0.437133    0.39530503  0.22916899  0.235793
  0.23537274  0.26732804  0.23908159  0.38726978  0.20764302  0.17764125
  1.35067568  0.19625741  0.18469818  0.23645046  0.2609704   0.37776966
  0.20948113  0.16055169  0.2515845   0.65788351  0.29099979  0.26793434
  0.28580618  0.22437801  1.02870903]