[ 0.18257756  0.23977312  0.23006402  0.18501914  2.1949875   0.31672039
  0.34096958  0.33618928  0.19155448  0.25995066  0.18867681  0.19469178
  0.30595773  0.18197946  0.19884728  0.27751332  0.24599891  6.6542779
  0.19345247  0.23977027  0.18749157  0.17236178  0.2144855   0.20389218
  0.26300062  0.28019705  0.29141282  6.6542779   0.72112875  0.28041901
  0.63451377  2.1949875   0.29928907  0.81628345  0.31698448  0.25837154
  0.22486393  0.18672622  0.19027416  0.3070452   0.23795373  0.21625767
  0.13387374  0.87022323  0.18175449  0.26194645  0.29087984  0.26509193
  0.17771172  0.54351435  0.24385106  0.5057884   0.18741957  0.55875433
  0.24422221  0.2288439   0.22056441  0.47136658  0.23155495  0.51076034
  0.1587044   0.53341442  0.29799522  0.24195874  0.39349947  0.5393557
  0.3528976   0.64400796  0.19567483  0.27344849  0.253487    0.18162524
  0.32810965  0.17435035  0.35628836  0.39573832  0.23503694  6.6542779
  0.2642932   0.15954073  0.68841211  0.21897023  6.6542779   0.21910369
  0.22639343  0.34471698  0.16156992  0.4247678   0.34129961  0.32772864
  0.37365257  0.23135499  0.16495237  0.21992188  0.23345182  0.14943485
  6.6542779   0.55725817  0.23031688  0.20532562  0.25522316  0.96909474
  0.27108475  0.76869427  0.1880454   1.33225965  0.22755927  0.27574574
  0.19945353  0.23154864  0.17044599  0.14403401  0.32666794  0.22115236
  0.16591522  0.1996843   0.46660134  0.23885365  0.15854513  0.34477138
  0.26937476  0.59536134  0.49999238  0.54277887  0.21331051  0.26613055
  0.18173548  0.37994995  0.66621048  0.13801657  0.3663587   0.20109056
  0.20284738  0.29067385  0.8339217   0.51109965  0.21252312  0.59593732
  0.40222853  0.23667851  0.27264623  0.34676777  0.2654138   0.37409851
  0.18843297  0.43684392  0.21352505  0.24764722  0.19760855  0.24999375
  0.21751119  0.2356532   0.30778131  0.2289126   0.16445346  0.46791305
  6.6542779   0.58216242  0.3883665   0.24253653  0.32446112  0.25234429
  0.14726083  0.32447325  0.26799716  0.6696572   0.29807935  0.18051517
  0.29745829  0.36096316  0.44675364  0.29336131  2.1949875   0.16407448
  0.1490142   0.52261181  0.39469051  0.19845071  0.25884243  0.27475803
  0.26908325  0.1837755   0.58605685  0.26101947  0.47723403  0.23922589
  0.49572804  0.63444972  0.18426521  0.22060037  0.26405899  0.24238676
  0.15400397  0.33359736  6.6542779   0.37695922  0.24624665  0.12290824
  0.23037792  0.21469208  0.14983557  0.31027938  0.43207959  0.43805773
  0.18634239  0.17844081  0.20842048  0.15786262  0.30427856  0.40228763
  0.77583879  0.29884768  0.87746411  0.38617574  0.23625828  6.6542779
  0.62653929  0.28860531  0.45324738  0.25140149  0.22676822  0.28653494
  0.31484702  0.1804128   0.58926606  0.23166089  0.43492669  0.23599359
  0.30347423  0.19782585  0.23902726  0.18347256  0.95928987  0.52794623
  0.32099225  0.13591798  0.41397492  0.31677594  0.15474508  0.20381413
  0.22874638  0.26319218  0.64883401  0.22799492  0.27054667  0.19714712
  0.22732577  0.32924516  6.6542779   0.32083185  0.32953519  6.5849625
  0.15808308  0.1711278   0.35415131  0.19652566  0.23486269  0.19531118
  0.25686468  0.43567928  0.18687323  0.19783915  0.19617086  0.23761819
  0.16387014  0.17005036  0.19424227  0.22107381  0.52285376  0.28565238
  0.1386329   0.15593453  0.46924806  0.3151559   0.19621818  0.2231704
  0.21119036  0.2718386   0.5559313   0.20684919  0.20637922  0.47190221
  0.1786613   0.61260172  0.31728889  0.87509765  0.28361292  0.93878243
  0.32717729  0.27961009  0.19571121  0.2266933   0.22780164  0.24629492
  1.35468645  0.3042659   0.45935887  0.12271071  0.29623745  0.17498341
  0.21350736  6.5849625   0.18522881  0.42931207  0.3060583   0.24600789
  0.22344176  0.61047398  0.16275973  0.21610716  0.20590998  0.21445244
  0.53700348  0.15919584  0.39110461  2.1949875   0.71068625  0.2894218
  0.26444088  0.26480202  0.38203029  0.18133453  0.15935248  0.34648663
  0.25531751  0.36840283  0.96039408  0.17626223  0.25606736  0.14176845
  0.31600147  0.81442886  1.09749375  0.30036253  0.62183174  0.70276584
  0.25318435  6.6542779   0.21312118  0.74020525  0.16678652  0.6500311
  0.15936129  0.16124602  0.21096333  0.509366    0.21410205  0.17310878
  0.14996222  0.18862097  0.24323333  0.69338642  0.57910316  0.29325234
  0.5214606   0.22178101  0.27436879  0.34230134  0.18207213  0.21891747
  0.23659061  0.96039408  6.6542779   0.28786959  0.2666725   0.74634909
  0.28133678  0.2668356   0.20925326  0.3452889   0.16911296  0.17629567
  1.11491429  0.25512853  0.43315791  0.39307664  0.22889338  0.23370601
  0.25730166  0.26307771  0.23688945  0.38256122  0.2067208   0.17566974
  1.34143934  0.19325725  0.18516737  0.23960963  0.25896034  0.37306292
  0.21101105  0.16091898  0.25336837  0.6622799   0.28917332  0.26583211
  0.27956739  0.22315739  0.96280374]