[ 0.18337903  0.24876753  0.23271338  0.19092539  2.1949875   0.32216276
  0.34311754  0.33501998  0.19202221  0.26180705  0.18909079  0.19456177
  0.3099401   0.21704148  0.19948889  0.27573715  0.24925791  6.6542779
  0.19447521  0.26200496  0.18679097  0.17284603  0.21569561  0.20436283
  0.26228761  0.27868679  0.29097649  6.6542779   0.7175094   0.28404436
  0.62868414  2.1949875   0.30046397  0.81452521  0.3239009   0.2594165
  0.22723511  0.18583346  0.19056131  0.31090047  0.25156457  0.21721166
  0.13328829  0.87241309  0.18293385  0.28237743  0.2936511   0.25761138
  0.17883289  0.54299796  0.24426032  0.50688618  0.18873592  0.56473988
  0.24512366  0.22911222  0.22135334  0.47759971  0.23157173  0.50635266
  0.16688335  0.50869444  0.29792978  0.2437955   0.38417733  0.41288834
  0.34745132  0.63592209  0.19597997  0.27277035  0.25058602  0.18243032
  0.32777276  0.15448452  0.35454516  0.40733751  0.20435892  6.6542779
  0.26378426  0.15943209  0.694277    0.21727189  6.6542779   0.22155041
  0.22756752  0.34256119  0.16131847  0.42159336  0.33816395  0.32962946
  0.37467008  0.23263422  0.1652772   0.22078294  0.23449562  0.14868162
  6.6542779   0.55930785  0.23485659  0.2019191   0.25793545  0.91520599
  0.27241345  0.80518555  0.18724734  1.32829909  0.22954193  0.27175352
  0.20093172  0.26738048  0.17219171  0.1444086   0.34859911  0.21920201
  0.16609883  0.19868848  0.46459411  0.2385722   0.15839249  0.34776753
  0.26935248  0.59409304  0.49227735  0.54749625  0.21278751  0.26276431
  0.18355966  0.38385063  0.68515194  0.16789795  0.37240598  0.20139989
  0.20218511  0.29054113  0.81427275  0.52219658  0.21256746  0.59459389
  0.40083114  0.28484231  0.27544148  0.35930945  0.26364953  0.36792769
  0.18483142  0.44210765  0.19176631  0.24941448  0.19818718  0.25382835
  0.19716378  0.23408792  0.31048158  0.22906947  0.16454753  0.46883968
  6.6542779   0.55212243  0.38456125  0.24174779  0.32369605  0.27126407
  0.14762191  0.32325774  0.26537193  0.6696572   0.30151739  0.1815765
  0.29551677  0.36660093  0.44675364  0.29724962  2.1949875   0.17485574
  0.1486641   0.53308536  0.39355809  0.19774065  0.25918651  0.27227373
  0.26457654  0.1835276   0.57851118  0.26258894  0.36005648  0.23700207
  0.49498292  0.63091044  0.18577033  0.22276703  0.26597234  0.25077663
  0.15351833  0.33853774  6.6542779   0.38592509  0.27339208  0.1468241
  0.23266056  0.21322942  0.14993463  0.31803952  0.44203038  0.44316981
  0.17117116  0.17868764  0.20898362  0.1577302   0.30781984  0.41406784
  0.77346652  0.29889612  0.88876289  0.38302353  0.23683504  6.6542779
  0.62075764  0.29087639  0.45412702  0.27712496  0.22730162  0.29141354
  0.31836349  0.18591197  0.58796075  0.23032859  0.43134943  0.23685536
  0.31943187  0.19699437  0.26166843  0.18389989  0.95807853  0.52542558
  0.32227673  0.13590261  0.42262162  0.31781902  0.15553095  0.20425744
  0.22872469  0.24509557  0.646487    0.27228467  0.26748967  0.19882907
  0.23043823  0.33094046  6.6542779   0.32252964  0.33269025  6.5849625
  0.15884955  0.17134472  0.34824676  0.19744974  0.23443264  0.19543952
  0.25670183  0.4322197   0.18723081  0.19720402  0.19649712  0.24047175
  0.16348319  0.17154235  0.19344118  0.22306919  0.53201035  0.28945015
  0.13903551  0.20092973  0.46980379  0.31621713  0.19571031  0.22289716
  0.21170349  0.27032329  0.55047418  0.20714356  0.20623374  0.48364532
  0.17836027  0.60861488  0.31232019  0.88620098  0.28863965  0.96877023
  0.32806745  0.2808908   0.19622572  0.22981518  0.22978129  0.2464013
  1.34028869  0.30640602  0.45825829  0.12260746  0.29754689  0.17509
  0.21353515  6.5849625   0.18610062  0.42500285  0.30930629  0.25455241
  0.21836072  0.62654182  0.15957509  0.21356507  0.20610057  0.21376259
  0.54575848  0.15928787  0.46012241  2.1949875   0.70141538  0.29134587
  0.26544022  0.2648799   0.37865645  0.18379019  0.1592847   0.34844964
  0.25556431  0.36494701  0.95729643  0.17650127  0.25699372  0.14187364
  0.32261342  0.80632412  1.09749375  0.30118157  0.63294079  0.67984405
  0.25218116  6.6542779   0.20757088  0.73506114  0.16698098  0.66159726
  0.15896007  0.16518572  0.20515136  0.51237844  0.2134018   0.17422475
  0.15133671  0.18849061  0.24389565  0.70008238  0.43628755  0.29559693
  0.53083579  0.22234621  0.2727795   0.33887852  0.18143113  0.22378596
  0.23927639  0.95729643  6.6542779   0.2864003   0.27030391  0.71897873
  0.2766537   0.26835759  0.20675409  0.36308826  0.1694076   0.17686817
  1.11491429  0.25688901  0.43566043  0.40209616  0.23038043  0.23393502
  0.23280564  0.26584786  0.23754008  0.38542038  0.2085936   0.17691425
  1.34667507  0.19685441  0.18415003  0.23785229  0.26117796  0.37010641
  0.21237393  0.15764853  0.2558337   0.64798272  0.29048318  0.26760092
  0.28700994  0.22428279  1.0018142 ]