[ 0.18273164  0.24275846  0.23098148  0.18641803  2.1949875   0.31798011
  0.34000435  0.33537377  0.19108973  0.26069659  0.1914149   0.1942823
  0.30744827  0.22640214  0.19948118  0.28073938  0.24659078  6.6542779
  0.19394545  0.24160047  0.18635664  0.17231098  0.21573746  0.20387255
  0.26383781  0.28151611  0.28886718  6.6542779   0.7099311   0.28519129
  0.63445766  2.1949875   0.29769294  0.79911777  0.32157971  0.25837123
  0.22642145  0.18540544  0.19045883  0.30886031  0.25436863  0.21749902
  0.13451782  0.86882835  0.18349591  0.26541089  0.28942959  0.26366691
  0.17817012  0.54207199  0.24160782  0.50556474  0.18797876  0.55630503
  0.24482306  0.22871195  0.22080545  0.47845348  0.23331106  0.5044281
  0.15811938  0.54641067  0.29748523  0.24075693  0.39450116  0.5476259
  0.34852664  0.65586003  0.19561276  0.27529781  0.25159543  0.18238835
  0.32834953  0.17432234  0.35573501  0.40512917  0.23649804  6.6542779
  0.26659285  0.15986413  0.684135    0.21956273  6.6542779   0.21949401
  0.22516912  0.33498204  0.16356359  0.4256812   0.33738448  0.32586976
  0.3695825   0.2330209   0.16492384  0.22082822  0.23493575  0.14949593
  6.6542779   0.55026149  0.23146733  0.20279666  0.2545722   0.99238942
  0.27171003  0.77558768  0.18714199  1.32673943  0.22797389  0.28139289
  0.19938656  0.26684838  0.17112141  0.14399687  0.35694687  0.22001924
  0.16720764  0.19935812  0.46328731  0.23661295  0.15821124  0.34352071
  0.2660622   0.57885719  0.49884772  0.53998672  0.21213201  0.26693485
  0.18287404  0.37762299  0.68137729  0.14142285  0.37395598  0.20156828
  0.20291594  0.29087304  0.84619451  0.51996104  0.21258103  0.59253016
  0.40078811  0.23839947  0.27256593  0.38820677  0.26368519  0.36973712
  0.18672117  0.43681531  0.21498411  0.24750855  0.1975331   0.25377256
  0.21872918  0.23392094  0.30690829  0.2294154   0.16429992  0.46639074
  6.6542779   0.56505182  0.38507753  0.24255628  0.32263248  0.25527161
  0.14744293  0.32521545  0.26701022  0.6696572   0.29679803  0.18098037
  0.3001892   0.36373022  0.44675364  0.29610614  2.1949875   0.17508681
  0.14854516  0.5123439   0.39298598  0.19870761  0.25691811  0.27721554
  0.27219188  0.18319871  0.58224684  0.26234148  0.47023712  0.2415529
  0.49238242  0.63735703  0.18662579  0.22190141  0.26439126  0.24395068
  0.15411155  0.33639401  6.6542779   0.37457726  0.24688468  0.12532903
  0.23146013  0.21590567  0.14990511  0.3146556   0.43076058  0.43579826
  0.17903686  0.17919541  0.20779014  0.15794872  0.30742191  0.41763398
  0.76373205  0.29941376  0.88002838  0.38294826  0.23849397  6.6542779
  0.62634194  0.28849473  0.45181412  0.28253763  0.22507938  0.28677841
  0.31536784  0.18101177  0.58585094  0.23328006  0.43488835  0.23709845
  0.31709047  0.19885842  0.24122509  0.18379475  0.97214994  0.52894938
  0.31987452  0.13594044  0.40873335  0.3164147   0.15489596  0.20494002
  0.22866303  0.26267794  0.64572578  0.22875819  0.26915544  0.1963466
  0.2272035   0.32926562  6.6542779   0.32341609  0.34792542  6.5849625
  0.1583204   0.1708702   0.35043047  0.19627604  0.23804282  0.19608609
  0.2593359   0.44883017  0.18648621  0.19687615  0.19564226  0.23864907
  0.1638917   0.16991938  0.19343345  0.22159898  0.51769529  0.28696979
  0.1383694   0.16151393  0.46113107  0.31337893  0.19579957  0.22304713
  0.20966332  0.27002727  0.57569718  0.20775627  0.20521706  0.47057188
  0.17812375  0.61665055  0.3133247   0.882103    0.28310671  0.93848125
  0.32858464  0.27944574  0.1961258   0.22642712  0.22714734  0.24685428
  1.37058196  0.30275052  0.45256445  0.12214322  0.29474313  0.17498456
  0.21432619  6.5849625   0.18518641  0.42672032  0.30332682  0.24827607
  0.22380098  0.62307523  0.16353575  0.21736231  0.20766073  0.21608423
  0.53594421  0.15934103  0.3949163   2.1949875   0.69479912  0.29147589
  0.26486888  0.26430671  0.38740637  0.18269265  0.16098321  0.34700006
  0.25563338  0.37335733  0.97182361  0.17685914  0.25792478  0.14169782
  0.32077173  0.80045918  1.09749375  0.29869553  0.61265401  0.7093214
  0.25412673  6.6542779   0.21235088  0.74013368  0.16717217  0.64407411
  0.15920293  0.16252552  0.21179796  0.50417498  0.21381503  0.17365049
  0.15052379  0.18959377  0.24402462  0.72321339  0.5638321   0.29600642
  0.51579876  0.22269322  0.27546588  0.34123567  0.18284326  0.22050155
  0.23878286  0.97182361  6.6542779   0.28743078  0.27010737  0.76404279
  0.2788033   0.26653846  0.20732779  0.34440699  0.16946453  0.17720048
  1.11491429  0.25857721  0.43570213  0.39623819  0.22943498  0.23406701
  0.2660936   0.26459823  0.23638335  0.38610504  0.20779968  0.17749298
  1.34182252  0.19298999  0.18454026  0.24064812  0.25791911  0.37069195
  0.21038948  0.16107987  0.25315665  0.65083541  0.28620612  0.26425411
  0.28209983  0.22391238  0.99466846]