[ 0.98623947  0.97940118  0.98401357  0.98550272  0.67546657  0.97182399
  0.97025073  0.97100331  0.98600491  0.97825476  0.98786528  0.98718818
  0.97513943  0.97905282  0.98427776  0.98263016  0.97971591 -0.23311129
  0.98484819  0.98242363  0.9862267   0.98771226  0.98238288  0.98724568
  0.979331    0.9790778   0.98005104 -0.24447446  0.92819378  0.97408357
  0.93649913  0.67546657  0.97480818  0.91231622  0.97186375  0.97917888
  0.98142501  0.98650982  0.98585533  0.97312063  0.97883338  0.98617831
  0.99038878  0.90749359  0.98614803  0.97982979  0.9759701   0.98029876
  0.98842531  0.94402303  0.98164554  0.95323943  0.986457    0.94999698
  0.98094159  0.98306572  0.98365686  0.95865812  0.9810796   0.96567363
  0.98854927  0.94638777  0.97476281  0.98044937  0.96778861  0.96148648
  0.97271972  0.93470295  0.98428778  0.97897496  0.9792781   0.98663068
  0.97157587  0.9888257   0.97476066  0.96122473  0.9845725  -0.33028808
  0.9795182   0.988724    0.93098345  0.98347392 -0.30391531  0.983611
  0.98223367  0.97166106  0.98794399  0.97216838  0.97193954  0.97323811
  0.97013258  0.98282734  0.98776262  0.98380554  0.98453433  0.98950754
 -0.28817162  0.94667773  0.98102554  0.98485388  0.97894463  0.90841563
  0.97744805  0.92186944  0.98586945  0.90518291  0.98518482  0.97785055
  0.98550934  0.97869622  0.98764833  0.98996411  0.96988969  0.98209635
  0.98806628  0.98579743  0.95735781  0.98170844  0.98879287  0.97041014
  0.97998487  0.94063486  0.95407123  0.95253428  0.98290626  0.97969832
  0.98699741  0.9657537   0.93225826  0.9896975   0.97461061  0.98421568
  0.98498351  0.97713142  0.91812702  0.95086813  0.98444668  0.93895419
  0.96458093  0.98230693  0.97745493  0.96770112  0.97911923  0.9767277
  0.98648437  0.96435994  0.98662523  0.98403848  0.98444285  0.97908695
  0.98625243  0.9825958   0.97529207  0.98254774  0.98927008  0.95733902
 -0.15906017  0.94204794  0.96716123  0.98185729  0.97314202  0.98041863
  0.98963144  0.97529675  0.98237523  0.93229894  0.97436447  0.98685701
  0.97608518  0.96559758  0.95893292  0.97633314  0.67546657  0.98619438
  0.98957465  0.95086718  0.97483796  0.98734562  0.98213123  0.98230115
  0.97746258  0.98663204  0.94484745  0.97790038  0.96605127  0.98051291
  0.95056274  0.93586144  0.98604438  0.98339371  0.9796749   0.97879284
  0.98905779  0.97699373 -0.29835583  0.966848    0.98150843  0.99103428
  0.981196    0.98597733  0.98831502  0.97297015  0.96164884  0.96340421
  0.98511235  0.98848733  0.98396978  0.98848303  0.97162075  0.96311099
  0.92157646  0.97475961  0.90621884  0.97003056  0.98194299 -0.32699658
  0.93742309  0.97648961  0.96236235  0.97791738  0.98443988  0.97544095
  0.97534091  0.98686189  0.93977652  0.98249863  0.96417355  0.98131222
  0.97302481  0.98529777  0.98224626  0.9885227   0.90411594  0.94855745
  0.97391485  0.99056932  0.96482098  0.97909075  0.98901807  0.98430226
  0.98188305  0.98051955  0.93564371  0.98290554  0.97851848  0.9850739
  0.98151115  0.97499518 -0.26025156  0.97282854  0.97077774 -0.32626875
  0.98848431  0.98781464  0.97891717  0.98518848  0.98421239  0.98511237
  0.98332657  0.95867295  0.98669641  0.98749153  0.9851484   0.98051558
  0.98817637  0.98752042  0.98582324  0.98220685  0.96433924  0.9763312
  0.99034219  0.98788376  0.95391128  0.97377229  0.98709712  0.98332036
  0.98577421  0.97935335  0.94394327  0.98682217  0.98504732  0.95645418
  0.98719363  0.94739127  0.97467885  0.90491663  0.97716802  0.90709879
  0.97375816  0.97802101  0.98503038  0.98162273  0.98142043  0.98035266
  0.85619497  0.97455195  0.9577507   0.99159381  0.97656256  0.98728128
  0.9835003  -0.32626875  0.98610586  0.97081132  0.97458109  0.9838312
  0.98339989  0.93913201  0.98840044  0.98264851  0.98430628  0.98375452
  0.95151347  0.98864411  0.96907675  0.67546657  0.95148802  0.97742078
  0.98268868  0.98263888  0.96870254  0.98524572  0.98808614  0.9708388
  0.97938862  0.96999015  0.9043921   0.98907335  0.98300297  0.98969305
  0.97184007  0.94964096  0.87805739  0.97710946  0.94627902  0.93631122
  0.97887122 -0.26948955  0.98440065  0.92702211  0.98918423  0.93944446
  0.98812586  0.98700078  0.98438874  0.95134424  0.98450317  0.98757155
  0.98814512  0.98584718  0.98157533  0.92612399  0.95921769  0.97527945
  0.96386835  0.98268759  0.97695858  0.97735118  0.98667209  0.98155444
  0.9812215   0.9043921  -0.30624032  0.97617071  0.9791988   0.93147322
  0.97730343  0.97963916  0.98659958  0.97257779  0.98805048  0.98844571
  0.87571741  0.98002095  0.96448718  0.96368726  0.98335286  0.98215045
  0.97963814  0.97918755  0.98046647  0.97363237  0.98327106  0.98597019
  0.85682915  0.98463827  0.98659379  0.98156885  0.9789623   0.96749801
  0.98477936  0.9886757   0.98103861  0.96052605  0.97760259  0.97842342
  0.97581487  0.98610127  0.89281764]