[ 0.98602192  0.97890392  0.98124777  0.9850095   0.69792072  0.97222704
  0.97009556  0.97100617  0.98591128  0.97832967  0.98581355  0.98481272
  0.97538039  0.98022535  0.98435578  0.97788303  0.97973678 -0.2506056
  0.98506896  0.98228815  0.98631936  0.98774699  0.98194861  0.98523364
  0.97898154  0.97897197  0.97548756 -0.19926022  0.9273028   0.97423647
  0.93511151  0.69792072  0.97485889  0.90990036  0.97066787  0.97954664
  0.98126037  0.98644127  0.98583475  0.9731164   0.97921666  0.98344036
  0.99005296  0.9053002   0.98610075  0.98008063  0.97526266  0.98020674
  0.98642774  0.9437992   0.98155655  0.95370582  0.98635612  0.95049921
  0.98134401  0.98272888  0.98352299  0.95775428  0.98077379  0.95633116
  0.98865535  0.94697678  0.97498213  0.98016942  0.96763797  0.95781043
  0.9728243   0.93206642  0.98484215  0.97910917  0.97973886  0.98672863
  0.97201531  0.98833197  0.97078406  0.96168457  0.98366564 -0.33825487
  0.97981895  0.98880743  0.92865037  0.98364335 -0.31651462  0.9834149
  0.9818663   0.97209258  0.98778699  0.96348537  0.97273885  0.97374484
  0.97009387  0.98265879  0.9876617   0.98364469  0.98187401  0.98945227
 -0.25281608  0.94621751  0.98063389  0.98479293  0.97878341  0.90900582
  0.97708663  0.91521608  0.98600903  0.84218471  0.98053912  0.9776828
  0.98542893  0.97897739  0.98778243  0.98984369  0.96883907  0.98198871
  0.98798172  0.98565686  0.95546719  0.98144821  0.98873796  0.9704046
  0.97986244  0.93841363  0.95453882  0.95295379  0.98287534  0.97955248
  0.98690231  0.96592211  0.93141197  0.99015872  0.96484776  0.98429702
  0.9850555   0.97740505  0.9172553   0.95023593  0.98430252  0.93783327
  0.96411474  0.98220908  0.97726766  0.96517407  0.97937418  0.96837013
  0.98621308  0.96402335  0.98440185  0.98075531  0.98433082  0.97852399
  0.98390947  0.98254457  0.97473094  0.98295078  0.98763233  0.95776248
 -0.17290424  0.94234541  0.96695384  0.98190091  0.97430252  0.98092337
  0.98964135  0.97480934  0.97930161  0.9299067   0.97423089  0.98673333
  0.97653523  0.96577254  0.9598777   0.97610561  0.69792072  0.98634123
  0.9895178   0.95098851  0.96614181  0.98543859  0.97859842  0.97836568
  0.97756817  0.98652414  0.94512575  0.97778723  0.96239257  0.98070429
  0.94968737  0.93450581  0.98565017  0.98321118  0.97936924  0.97879783
  0.98892448  0.96870203 -0.30480444  0.96627889  0.98145503  0.99141634
  0.98091623  0.98355606  0.98798702  0.9723714   0.96054771  0.96219573
  0.98506776  0.98638126  0.98386131  0.98827829  0.97193892  0.96094542
  0.92017898  0.97455516  0.90978826  0.96926284  0.98168973 -0.33327471
  0.93607024  0.97679422  0.96233466  0.9768573   0.98149082  0.9751425
  0.97458638  0.98697097  0.93867207  0.98264993  0.96407678  0.98094395
  0.97311114  0.98543577  0.98225944  0.98659022  0.90561955  0.9475599
  0.97364825  0.99053538  0.96392733  0.97493286  0.98892499  0.98409799
  0.9815454   0.98030872  0.93423536  0.98267553  0.97864345  0.98506388
  0.98157569  0.97457678 -0.23373541  0.97303657  0.96890626 -0.31863135
  0.9883055   0.98772328  0.97036555  0.98486231  0.98181938  0.98489184
  0.9803725   0.95709049  0.98653722  0.98533473  0.98532964  0.98035396
  0.98819729  0.98765161  0.98573707  0.98218826  0.95113613  0.97566803
  0.99027068  0.98876651  0.95274489  0.97228064  0.98484893  0.98315167
  0.98301659  0.97943167  0.9424097   0.98441581  0.98513889  0.95542271
  0.98725411  0.94417613  0.97475818  0.9027644   0.97673253  0.91193488
  0.97401892  0.97799399  0.98503144  0.9816598   0.98133632  0.98004991
  0.85864592  0.97375391  0.95815247  0.99153388  0.97628692  0.98733264
  0.98354113 -0.31863135  0.98622403  0.96269395  0.97580897  0.98147422
  0.98361165  0.93829114  0.98840807  0.9834781   0.98405336  0.98344676
  0.94743893  0.98866566  0.96908129  0.69792072  0.93329015  0.97753327
  0.97852284  0.9795935   0.96762764  0.98493592  0.98782927  0.97137961
  0.97902709  0.97057581  0.90565793  0.98731391  0.97896794  0.98955168
  0.97155504  0.92878013  0.87315675  0.97698726  0.94557308  0.93543014
  0.97927865 -0.27720533  0.98450239  0.92813689  0.98782325  0.93923686
  0.98808295  0.98671568  0.98450457  0.95120768  0.98440848  0.98759574
  0.98799667  0.98541188  0.98189708  0.92642324  0.95446411  0.97441546
  0.95116617  0.98247071  0.97679355  0.97257855  0.98652563  0.98118602
  0.98118554  0.90565793 -0.29863114  0.97704289  0.97930277  0.93118256
  0.97767771  0.97943942  0.98434989  0.97281433  0.98795805  0.98636771
  0.8706996   0.97955352  0.96228964  0.96355809  0.98310775  0.98214724
  0.9815846   0.97853861  0.98048018  0.96333431  0.9826797   0.98566758
  0.8595116   0.98444056  0.98676361  0.9808871   0.97863235  0.96758841
  0.98467848  0.98871574  0.98125755  0.94088469  0.9776017   0.97825631
  0.9750516   0.98334257  0.89160217]