[ 0.98632837  0.97914809  0.9813728   0.98527084  0.70643061  0.97263055
  0.97046006  0.97111931  0.98600619  0.97866315  0.98627132  0.98486469
  0.9761114   0.9806027   0.98468221  0.97813964  0.97997492 -0.20876449
  0.98527623  0.98267458  0.98610688  0.98777993  0.98221021  0.9851904
  0.97939145  0.97939142  0.97564871 -0.18078158  0.9285191   0.9745417
  0.93738846  0.70643061  0.97497796  0.91017104  0.97016188  0.97962436
  0.98167323  0.98646029  0.98606824  0.97384503  0.97852826  0.98383817
  0.99022416  0.90839641  0.98645588  0.9798513   0.97549446  0.98015844
  0.98660723  0.94405562  0.98169697  0.95596856  0.98646231  0.95050028
  0.98106702  0.98304895  0.98371343  0.95876539  0.98121036  0.95554657
  0.98867092  0.94949077  0.97594042  0.98031371  0.96786547  0.94856383
  0.9726359   0.93280267  0.98479713  0.97933096  0.97963185  0.98648266
  0.97297056  0.98699757  0.97133489  0.96187986  0.9813115  -0.33728771
  0.97994464  0.98880075  0.92953954  0.98381179 -0.30713084  0.98376053
  0.98224034  0.9725056   0.98797833  0.96332974  0.97305591  0.97418079
  0.96994452  0.98289484  0.98784346  0.98387279  0.98202527  0.98950676
 -0.28410724  0.94720604  0.98110125  0.98491686  0.97902778  0.90878903
  0.9773546   0.9157486   0.9861084   0.845509    0.98100952  0.97786823
  0.98550075  0.97480132  0.98773332  0.99002305  0.96747733  0.98213699
  0.98814812  0.9856399   0.95677813  0.98147857  0.98885374  0.97053592
  0.97999699  0.93861547  0.95630968  0.9528441   0.9827703   0.97958049
  0.98693592  0.96640908  0.93403653  0.98946564  0.96529636  0.98446205
  0.9849529   0.97699081  0.91538811  0.95186226  0.98443697  0.93739849
  0.96425798  0.98242859  0.97738422  0.96226888  0.97938619  0.96820376
  0.98622385  0.96480299  0.98454385  0.98073153  0.98456997  0.97879779
  0.98395509  0.98256512  0.97503477  0.98301092  0.98780866  0.95982882
 -0.15538752  0.94471031  0.96730206  0.98196928  0.97393345  0.98046273
  0.98972535  0.97524609  0.97951439  0.93372108  0.97470859  0.98681617
  0.97675866  0.9659642   0.96017461  0.97642694  0.70643061  0.98603196
  0.98960165  0.94980697  0.96685884  0.98528693  0.97904405  0.97863142
  0.97800857  0.9868033   0.94792091  0.97827379  0.95533845  0.98096569
  0.94942025  0.93759732  0.98582468  0.98354782  0.9795052   0.97935482
  0.98910988  0.9689037  -0.28091238  0.96665329  0.98163113  0.99085772
  0.98114214  0.98371761  0.98830253  0.97336903  0.96093603  0.96357735
  0.98652009  0.986635    0.98391098  0.98840915  0.97207287  0.95957412
  0.9223921   0.9746669   0.91105001  0.96924281  0.98205285 -0.3424815
  0.93834489  0.9769106   0.96301893  0.97551587  0.98151058  0.97522589
  0.97528472  0.98665318  0.93825434  0.98288715  0.96352669  0.98141873
  0.97208514  0.98559926  0.98247026  0.98681217  0.90406477  0.94959455
  0.97366868  0.99059991  0.96526988  0.97521289  0.98904127  0.98449271
  0.98196289  0.98035335  0.93468878  0.98312413  0.97875075  0.98517496
  0.98162319  0.97490373 -0.25213138  0.97353118  0.96693937 -0.3248139
  0.98854359  0.98785835  0.97011792  0.98527669  0.9821577   0.98522703
  0.98048363  0.95767653  0.98666214  0.98530349  0.98550734  0.98029037
  0.98800405  0.98742671  0.985981    0.98225831  0.9512899   0.9757721
  0.99039946  0.98773066  0.95299438  0.97278827  0.98499566  0.98350612
  0.98325745  0.9795225   0.9432342   0.9845469   0.98516984  0.95692402
  0.98727645  0.94760116  0.97496571  0.90783007  0.97731919  0.91295181
  0.97433334  0.97820297  0.98506705  0.98168605  0.98143346  0.98050001
  0.8566356   0.97380466  0.95805332  0.99158355  0.97655058  0.98714373
  0.98363123 -0.3248139   0.98640112  0.96253148  0.97535061  0.9811536
  0.98355406  0.94059465  0.98847651  0.98375653  0.98434624  0.98358214
  0.94983962  0.98879159  0.96939121  0.70643061  0.93240884  0.97778997
  0.97907353  0.97966031  0.96792256  0.98534223  0.98790726  0.97147419
  0.97960518  0.97100137  0.90419574  0.98745039  0.9796404   0.98972823
  0.97229931  0.93002468  0.88093713  0.97725577  0.94709568  0.93320392
  0.97963803 -0.27663308  0.98442762  0.93138602  0.98789174  0.93909784
  0.98833581  0.98710659  0.98461123  0.95245035  0.9844198   0.98765043
  0.98823519  0.98566349  0.98198504  0.92510272  0.94471801  0.97453483
  0.95139646  0.98278612  0.97711698  0.97294705  0.98667696  0.98152003
  0.98143369  0.90419574 -0.28695065  0.97738503  0.9795424   0.9311282
  0.97813231  0.97991406  0.98448647  0.9718389   0.98803712  0.98676286
  0.87866464  0.9799987   0.96413973  0.96446418  0.98328507  0.98204205
  0.98287831  0.97936002  0.98047667  0.96365564  0.98325008  0.98582555
  0.85625264  0.98461349  0.98682552  0.98130687  0.97880783  0.96856878
  0.98456133  0.98868669  0.98114926  0.94177251  0.97751065  0.97826554
  0.97571245  0.98377114  0.8969501 ]