[ 0.98617196  0.97862566  0.98139998  0.98527288  0.70415083  0.97194187
  0.9702032   0.97086599  0.98593051  0.97852827  0.98588346  0.98493284
  0.9752316   0.98507867  0.98453371  0.97770796  0.98005569 -0.22981323
  0.9851973   0.982362    0.98626104  0.98775213  0.98202663  0.98516181
  0.97937265  0.9790865   0.97558847 -0.23727533  0.92647528  0.97392534
  0.9345753   0.70415083  0.97504513  0.91238221  0.97039382  0.97918103
  0.9814401   0.98652996  0.98586586  0.97353025  0.97872409  0.98363112
  0.98991002  0.90513893  0.98611257  0.97854806  0.97569175  0.98025137
  0.98658389  0.94561103  0.98159153  0.9539071   0.98641545  0.94995956
  0.98113359  0.9829466   0.98364642  0.95812966  0.98094257  0.9553291
  0.98853522  0.94831977  0.97510835  0.98043695  0.96717058  0.94866792
  0.97243152  0.93421377  0.98472794  0.97904014  0.97964825  0.98653336
  0.9720907   0.98688557  0.97076942  0.96084191  0.98120305 -0.32071686
  0.97964483  0.98876275  0.93069007  0.98373138 -0.31314106  0.98364908
  0.98219163  0.97215761  0.98775389  0.96404164  0.97265424  0.97409242
  0.97002917  0.98273641  0.98772649  0.98372019  0.98178882  0.98946782
 -0.27527624  0.94579436  0.98071915  0.98475336  0.97926613  0.90996855
  0.97723873  0.91715848  0.98587599  0.84136619  0.98393597  0.97732847
  0.98543768  0.97423991  0.98775944  0.99000755  0.96675776  0.98185667
  0.98807017  0.98575853  0.95678924  0.98145333  0.98881006  0.97086544
  0.97995763  0.94000296  0.95435931  0.95207996  0.98281827  0.97967906
  0.98694609  0.96689533  0.93284679  0.98773381  0.97200571  0.98431452
  0.98493066  0.97702102  0.91838539  0.95116961  0.98437121  0.939789
  0.9636541   0.98220342  0.97715264  0.96279067  0.9791337   0.96843769
  0.98615279  0.96512704  0.98444852  0.98077309  0.98450153  0.97847607
  0.98386671  0.98249622  0.9750253   0.98292819  0.98773566  0.95792631
 -0.16003425  0.946477    0.96716416  0.98181479  0.97388054  0.97917248
  0.98957034  0.97532464  0.97932281  0.93179042  0.97420557  0.98687311
  0.97613007  0.96523745  0.95927471  0.97635977  0.70415083  0.98596728
  0.98950717  0.95156103  0.96624742  0.98531224  0.97884386  0.97840881
  0.97822258  0.9866065   0.9448822   0.97778507  0.95753407  0.9807952
  0.95153967  0.93480387  0.98547949  0.98344117  0.97949676  0.97898391
  0.98901033  0.97468163 -0.3021055   0.96631287  0.98152504  0.98947038
  0.98103596  0.98346696  0.98822998  0.97272246  0.96026756  0.96338582
  0.98418994  0.98654595  0.98382895  0.98828045  0.97161841  0.95897248
  0.91961245  0.97473948  0.90847168  0.96945861  0.98177485 -0.32962891
  0.93557106  0.97653404  0.96282362  0.97670201  0.9812929   0.974768
  0.97528577  0.9863736   0.94058457  0.98261951  0.9639644   0.98120369
  0.97179913  0.98542686  0.98227481  0.98667991  0.90373127  0.94720166
  0.9736791   0.99048611  0.96448536  0.9748679   0.98902635  0.98427479
  0.98171339  0.9803287   0.93303764  0.98293558  0.9785523   0.9849949
  0.98177378  0.97504401 -0.23700945  0.97316373  0.96735752 -0.35194669
  0.98829624  0.98774719  0.97034556  0.98520536  0.98174283  0.98504205
  0.98028989  0.95799538  0.98659925  0.98512736  0.98534977  0.98004291
  0.98795545  0.98746852  0.98583775  0.98238759  0.95113242  0.9761537
  0.99038503  0.9849959   0.95443057  0.9727009   0.98500795  0.98339281
  0.98324623  0.97923635  0.94366618  0.98450308  0.98517142  0.95658502
  0.98719798  0.94618794  0.97477315  0.90407032  0.97697274  0.90729393
  0.97407593  0.97841669  0.98497045  0.98189312  0.98116703  0.98033363
  0.85610862  0.97447174  0.95743399  0.99155743  0.97656537  0.98715444
  0.98331595 -0.35194669  0.9862038   0.96284193  0.97544162  0.98036354
  0.98351681  0.93960554  0.98834993  0.98342507  0.98426201  0.98374484
  0.94897511  0.98865311  0.96917194  0.70415083  0.93193907  0.97748526
  0.97888455  0.97942974  0.96747064  0.98525255  0.98762793  0.97086935
  0.97940896  0.9704549   0.90386982  0.98746498  0.97939835  0.98969364
  0.97195559  0.92993477  0.87703148  0.97710825  0.94551108  0.93529618
  0.97937817 -0.28409216  0.98449617  0.92837948  0.98769874  0.93797003
  0.98828206  0.9869062   0.98451578  0.95133961  0.98452679  0.98770583
  0.98813146  0.98568766  0.98189285  0.9260962   0.94630786  0.97416369
  0.95154348  0.98260292  0.97712598  0.97275825  0.98658001  0.98101483
  0.98131746  0.90386982 -0.28723341  0.97694574  0.97975754  0.93247989
  0.9776499   0.97966184  0.98431041  0.97079357  0.98808321  0.98662657
  0.8746676   0.98000098  0.96372885  0.96320978  0.98320727  0.98215865
  0.9791763   0.97902743  0.98010827  0.97093188  0.98307436  0.98586154
  0.85672021  0.98468634  0.98680837  0.98128724  0.97888809  0.96771199
  0.98465777  0.98865547  0.98105433  0.94045348  0.97746287  0.97840947
  0.97608924  0.98372263  0.89435378]