[ 0.98621817  0.97939168  0.98308093  0.98374105  0.68234946  0.97057684
  0.97046455  0.97098653  0.98636977  0.97804382  0.9866797   0.98496772
  0.97480168  0.98512819  0.98319887  0.97775067  0.98003274 -0.22757144
  0.98338469  0.98003445  0.98590363  0.98768085  0.98199047  0.98566994
  0.97927734  0.97880098  0.97577243 -0.21759197  0.9261945   0.97014834
  0.9352573   0.68234946  0.97502032  0.9099107   0.97085962  0.97891646
  0.98140009  0.98639867  0.98558748  0.97340574  0.97872394  0.98341006
  0.99010178  0.90479408  0.9862027   0.97859428  0.97625683  0.98066007
  0.98656581  0.94470801  0.98177625  0.95345897  0.98621611  0.94925699
  0.97987079  0.98300524  0.98347915  0.95850063  0.97984794  0.95572006
  0.9879178   0.94834013  0.97496915  0.98046566  0.96767453  0.94805671
  0.97234174  0.93448285  0.98471292  0.97885866  0.97973796  0.98660263
  0.97166757  0.986371    0.97073768  0.95963105  0.98023859 -0.34878874
  0.97958007  0.98872189  0.93024264  0.98357645 -0.30907515  0.98351235
  0.98205634  0.97236473  0.98781889  0.96363597  0.97252515  0.97388574
  0.96990032  0.9826577   0.98779942  0.9835483   0.98199466  0.98940287
 -0.250284    0.94329582  0.98386987  0.98477373  0.98004879  0.91274936
  0.97326888  0.89300739  0.98601761  0.92880945  0.98278279  0.97726053
  0.98529966  0.97489642  0.9874244   0.9897317   0.96629393  0.98179717
  0.98810695  0.98570439  0.95707031  0.98143242  0.98868593  0.97114316
  0.97979543  0.93781985  0.95438716  0.9544146   0.98287754  0.979463
  0.98684429  0.96776212  0.9301645   0.9877182   0.96737364  0.98378165
  0.9849444   0.97707325  0.91891232  0.94967698  0.98428296  0.93810485
  0.96363646  0.97829674  0.97746046  0.9626343   0.9792972   0.96864915
  0.98648837  0.96430782  0.98605488  0.98320836  0.98441568  0.97857543
  0.98573223  0.98241517  0.97561457  0.98285472  0.98687797  0.95757448
 -0.16803052  0.94325278  0.9671993   0.98349563  0.97046524  0.97921343
  0.98957617  0.97514193  0.97934906  0.92941719  0.97399084  0.98677454
  0.97592598  0.96426688  0.95875116  0.97588675  0.68234946  0.98605633
  0.98950285  0.9541395   0.96641855  0.98664285  0.97846551  0.97906716
  0.977704    0.98627328  0.94529069  0.97810553  0.95493325  0.98073432
  0.95003061  0.93591116  0.98564974  0.98294059  0.97939551  0.9779673
  0.98900741  0.97179511 -0.30154773  0.96601895  0.97928216  0.98954956
  0.98096476  0.98341393  0.98813338  0.97395291  0.96006342  0.96329844
  0.98582176  0.98631529  0.98381297  0.98834643  0.96892079  0.95982955
  0.92059513  0.96903846  0.90917047  0.96961153  0.9817612  -0.34803247
  0.93626092  0.97627308  0.96273325  0.97494249  0.98386409  0.97521039
  0.97484554  0.98646234  0.93894556  0.98289545  0.96369689  0.98109751
  0.97164818  0.98529166  0.9800932   0.98614691  0.90164789  0.94788773
  0.97375189  0.99049729  0.96407264  0.974801    0.98894381  0.98444199
  0.98082868  0.98108058  0.93190737  0.98105383  0.97877113  0.98513162
  0.98166142  0.97444891 -0.2571703   0.9731746   0.96759285 -0.32737629
  0.98842468  0.98770033  0.97055608  0.98515332  0.98164235  0.98507678
  0.98022485  0.95741834  0.98605525  0.98688923  0.98535128  0.9798439
  0.98796177  0.98750352  0.98578417  0.98218711  0.9644636   0.97582601
  0.99012693  0.98501222  0.95267699  0.97396068  0.98442684  0.9832796
  0.9832708   0.97911537  0.94313927  0.98464975  0.98542962  0.95654072
  0.98722977  0.94733211  0.97487322  0.90496247  0.97729571  0.89842382
  0.97499904  0.97785028  0.98474357  0.98170036  0.98124344  0.97990539
  0.85210937  0.97372016  0.9442967   0.99161911  0.97627139  0.98713722
  0.98333016 -0.32737629  0.98627207  0.96310303  0.9722911   0.98039515
  0.98351509  0.93740037  0.98859674  0.98337611  0.98447993  0.98358141
  0.9488855   0.98861972  0.96257684  0.68234946  0.93145274  0.97746477
  0.97938693  0.97951349  0.96765823  0.98497845  0.98767352  0.97047565
  0.97900063  0.97102933  0.90182703  0.98773605  0.97985379  0.98975234
  0.97135069  0.92904413  0.87215701  0.97672582  0.94525088  0.93608108
  0.97965879 -0.2556629   0.98482172  0.92726837  0.98780733  0.9381861
  0.98781118  0.98686607  0.98456183  0.94488994  0.98440797  0.98758551
  0.98796301  0.98554122  0.98053687  0.92650248  0.94347934  0.97398418
  0.96459425  0.98265201  0.97543042  0.97271617  0.98678967  0.98132722
  0.98118767  0.90182703 -0.28693006  0.9769247   0.9807593   0.93213115
  0.97762301  0.97977052  0.98428907  0.97120071  0.98803765  0.98587327
  0.86967609  0.97941853  0.96368879  0.95925274  0.98301134  0.98212439
  0.97953562  0.97926013  0.98088639  0.96653898  0.98290325  0.98567093
  0.85376384  0.98470021  0.98667289  0.98152099  0.97892578  0.96744367
  0.98502042  0.98919765  0.98094134  0.94072372  0.97747858  0.97838309
  0.9754456   0.98419079  0.88811112]