[ 0.98582656  0.97908522  0.98113769  0.98520422  0.70779191  0.96912576
  0.96785678  0.97100437  0.98565674  0.978284    0.98660065  0.98596513
  0.97543971  0.98407285  0.98421056  0.97908823  0.97974282 -0.24277618
  0.98333434  0.98299035  0.98646479  0.98771232  0.9822986   0.98664627
  0.9793971   0.97901172  0.97798058 -0.20275269  0.92929222  0.97439873
  0.93592105  0.70779191  0.97453618  0.91366915  0.97165229  0.97949078
  0.98136397  0.98682568  0.98554615  0.97348277  0.97841517  0.98552302
  0.99039961  0.90507151  0.98485365  0.97937947  0.97515735  0.98084781
  0.98777297  0.94496303  0.97982185  0.95356849  0.98628933  0.95030287
  0.98154483  0.98341482  0.98252712  0.95707956  0.98067905  0.96371994
  0.98823443  0.94781011  0.97488238  0.98048914  0.9675698   0.96068252
  0.97291252  0.93301236  0.98042585  0.97916686  0.97584017  0.98678541
  0.97175999  0.98840168  0.96291899  0.96173337  0.98289332 -0.34353283
  0.97884572  0.98880752  0.92581706  0.98169534 -0.31925636  0.98352212
  0.98200701  0.965285    0.98819855  0.96990196  0.96934803  0.97410872
  0.97004773  0.98259652  0.98742587  0.98374074  0.98183603  0.98916083
 -0.23620833  0.94454449  0.98278866  0.9854776   0.97890875  0.90879309
  0.97700765  0.9183677   0.98532791  0.93080896  0.98116511  0.97846038
  0.98538318  0.9754472   0.98700531  0.99011867  0.96766112  0.98130011
  0.98768215  0.98582939  0.95564167  0.98070325  0.98873929  0.97028912
  0.98003219  0.94146283  0.95392936  0.95257445  0.98174347  0.97975408
  0.98686677  0.96614235  0.93258405  0.99056587  0.96486088  0.98359412
  0.98513841  0.97763879  0.9177092   0.95098493  0.98429402  0.93938292
  0.96430269  0.98240123  0.97628995  0.96196112  0.97789119  0.97505591
  0.98644032  0.96520988  0.98441985  0.98131306  0.98329011  0.97878175
  0.98403736  0.98239254  0.97475101  0.98074204  0.98834745  0.95761217
 -0.17773213  0.94261073  0.96685157  0.98177693  0.97471211  0.98219413
  0.98950804  0.97522635  0.98147465  0.93157223  0.97428752  0.98688379
  0.97644078  0.9655978   0.95992178  0.97601776  0.70779191  0.98616435
  0.98940681  0.95081669  0.97348134  0.98553412  0.98037585  0.98165816
  0.97687267  0.98623813  0.94460337  0.97782362  0.96518484  0.98078971
  0.95120931  0.93567786  0.98616361  0.98280826  0.97807469  0.97907273
  0.98916834  0.96873064 -0.30659024  0.96601234  0.98158225  0.99172529
  0.98098074  0.98498769  0.98824317  0.97267048  0.9602513   0.96215251
  0.98429967  0.98788789  0.98380992  0.98826845  0.97185596  0.9605119
  0.92265651  0.97440001  0.90966213  0.96930034  0.98227384 -0.32810884
  0.93686978  0.97681524  0.96277439  0.9775764   0.98378712  0.97490259
  0.97486304  0.98857652  0.94017759  0.982835    0.96473932  0.98099515
  0.97228516  0.98483734  0.98227484  0.98729804  0.90451759  0.94811104
  0.97359597  0.99044228  0.96415852  0.97942376  0.98896243  0.98377683
  0.98131794  0.9805332   0.93326178  0.9828313   0.97866848  0.9843123
  0.98150302  0.97476405 -0.24488487  0.97050787  0.9682107  -0.29475049
  0.98837567  0.98765917  0.97778054  0.98505662  0.98090069  0.98501561
  0.98180462  0.95697088  0.9849579   0.98686857  0.98499841  0.98008606
  0.98813306  0.98764913  0.98597739  0.98210564  0.9647143   0.97586049
  0.99010817  0.98920522  0.95476159  0.97254693  0.98628626  0.98311979
  0.98408743  0.97836609  0.94162926  0.98607076  0.98464539  0.95420926
  0.98722436  0.94521781  0.9749349   0.90356647  0.97686784  0.91314557
  0.97359639  0.97821863  0.98424057  0.98151725  0.98112914  0.97998765
  0.85624496  0.97426612  0.95642349  0.99150169  0.97621479  0.98728364
  0.98348245 -0.29475049  0.98587908  0.96776684  0.97597443  0.98387398
  0.98289531  0.93935181  0.98828004  0.97832491  0.98340692  0.98372687
  0.94759167  0.98830699  0.96239607  0.70779191  0.9493587   0.9766858
  0.98272887  0.9817248   0.9686507   0.9853031   0.98835026  0.97136397
  0.9789461   0.97076428  0.90455604  0.98859509  0.98160368  0.98960769
  0.9719209   0.94628467  0.87656128  0.97894372  0.94602898  0.93346674
  0.9789606  -0.2856335   0.98451517  0.92797486  0.98796234  0.93932714
  0.98873654  0.98718492  0.98465795  0.94661063  0.98452113  0.98728323
  0.98823473  0.98526472  0.98043288  0.92209123  0.95587931  0.97469835
  0.96422605  0.98250327  0.97662444  0.97552341  0.98662285  0.98186909
  0.98118965  0.90455604 -0.28532521  0.97198665  0.97920233  0.9318721
  0.97473736  0.97962677  0.98612694  0.96785455  0.98805359  0.98725131
  0.87418524  0.98035025  0.96230976  0.96384118  0.98341874  0.98216532
  0.98174576  0.97890702  0.98034818  0.96320766  0.98308963  0.98590617
  0.85830565  0.98496169  0.98638137  0.98023348  0.97897376  0.96711346
  0.9847783   0.98872041  0.98049261  0.96332777  0.97771191  0.97836713
  0.97551301  0.98523842  0.89381355]