[ 0.98632559  0.97903568  0.98101599  0.98493011  0.69648341  0.97172238
  0.97061376  0.97096472  0.98602574  0.97821186  0.98601895  0.9848825
  0.97520891  0.98206162  0.98438302  0.97789727  0.97961647 -0.22731215
  0.98518329  0.9822923   0.98622997  0.98778177  0.98210659  0.98524384
  0.97906649  0.97909376  0.97553278 -0.23491878  0.92631168  0.97432731
  0.9353097   0.69648341  0.97455784  0.90829956  0.97011976  0.97921976
  0.98128074  0.98657679  0.98589789  0.97334375  0.97815773  0.98368776
  0.99021972  0.90509142  0.98638199  0.98014734  0.97539782  0.98027994
  0.98658567  0.94318568  0.98154294  0.95389779  0.9863846   0.94978967
  0.98120172  0.98289072  0.98359253  0.95833275  0.98085225  0.9561097
  0.9886352   0.94728865  0.97492976  0.98002244  0.96841098  0.95548984
  0.9726377   0.93523703  0.9847503   0.97911554  0.97959442  0.98656078
  0.97168709  0.98796758  0.97077885  0.96155086  0.9832358  -0.34382475
  0.97959302  0.98874725  0.92987907  0.98376913 -0.29590157  0.98369176
  0.98229168  0.97207188  0.98787767  0.96422252  0.97250858  0.97384422
  0.97010633  0.98273754  0.98784575  0.98372829  0.98187491  0.9895183
 -0.27194297  0.94573898  0.98083211  0.98502231  0.9786555   0.9106357
  0.97717779  0.91580106  0.98593719  0.84042309  0.98079912  0.97798833
  0.98546021  0.97520161  0.98781729  0.98998481  0.96501718  0.98236781
  0.98802489  0.98576775  0.95657617  0.98141996  0.98877795  0.97004613
  0.98003965  0.93728964  0.95418153  0.95250089  0.98292198  0.97964616
  0.98699873  0.96571852  0.93119178  0.99047756  0.96478214  0.98431708
  0.9849097   0.97713508  0.91929606  0.95016267  0.98433227  0.93677623
  0.96435511  0.98231522  0.97732371  0.96285421  0.97925637  0.96824693
  0.98647451  0.96468948  0.98442212  0.98071425  0.98448436  0.9785414
  0.98405666  0.98257189  0.97494804  0.98289254  0.98775125  0.95783669
 -0.15333605  0.94249874  0.96687568  0.98191328  0.97388336  0.98073346
  0.9896698   0.97520711  0.97929881  0.93015177  0.97429965  0.98671001
  0.97620998  0.96535684  0.95940096  0.97634701  0.69648341  0.98564512
  0.98959455  0.95122169  0.96684819  0.98531445  0.97892349  0.97877469
  0.97742586  0.9866626   0.94546441  0.97784121  0.96063499  0.98065464
  0.94894007  0.93578372  0.98600196  0.98346087  0.97938269  0.97880059
  0.98908298  0.96855695 -0.30912758  0.96625451  0.98155523  0.99161023
  0.98078731  0.98369433  0.98824247  0.97276112  0.96038381  0.9634751
  0.98528168  0.98653243  0.98389171  0.98831977  0.97171796  0.95724201
  0.9203975   0.97451823  0.90758383  0.96945578  0.98190382 -0.32542411
  0.93629318  0.97645518  0.96314896  0.9739839   0.98150699  0.9751862
  0.9750388   0.9867975   0.93761859  0.98267602  0.9638173   0.98122679
  0.97181866  0.98554628  0.98218101  0.98665529  0.9040321   0.94783417
  0.97357208  0.99060284  0.96489232  0.97471473  0.98899344  0.98428006
  0.98165108  0.98034206  0.93242338  0.98286866  0.97908836  0.98511324
  0.98133727  0.97485634 -0.25991941  0.97325722  0.96571152 -0.3225742
  0.98839102  0.98778232  0.97012736  0.98523176  0.98163131  0.98518413
  0.98019734  0.95857412  0.98666489  0.98525483  0.98535498  0.98056599
  0.98807848  0.9875431   0.98587805  0.98196534  0.95126198  0.97598839
  0.99038986  0.98902447  0.95230067  0.97322477  0.9850475   0.98328317
  0.98317464  0.97958532  0.94348661  0.98468224  0.98517728  0.95621611
  0.98727977  0.94640137  0.97476132  0.90474031  0.97715361  0.90735876
  0.97413189  0.97823324  0.98505541  0.98150308  0.98136491  0.98015264
  0.85606783  0.97418594  0.95850504  0.99162985  0.9763327   0.98717815
  0.9835711  -0.3225742   0.98627096  0.96253645  0.97534041  0.98120015
  0.98360792  0.93820531  0.98844309  0.98342059  0.98422652  0.9835691
  0.94867466  0.98877688  0.96903972  0.69648341  0.93340333  0.97761855
  0.97893673  0.97947303  0.96786729  0.98513034  0.98802941  0.97098374
  0.97929173  0.97039853  0.90425286  0.98738025  0.97932306  0.9896601
  0.97146252  0.92928095  0.87368458  0.97713348  0.94681346  0.93598377
  0.97914535 -0.28864487  0.98451434  0.92735142  0.98774432  0.93806543
  0.98818775  0.98690147  0.9846296   0.95083222  0.98454621  0.98762992
  0.98806758  0.98582094  0.981942    0.92687684  0.95237691  0.9749906
  0.95069476  0.98280178  0.97684826  0.97264819  0.98679026  0.98132536
  0.98132579  0.90425286 -0.2984992   0.97702516  0.97910537  0.93173858
  0.97767568  0.97975676  0.98464726  0.97239919  0.98807634  0.9866121
  0.87124111  0.98003951  0.96385077  0.96329854  0.98321365  0.98224618
  0.98234871  0.97906346  0.98033619  0.96327189  0.98308843  0.98578594
  0.85903064  0.98446106  0.98682313  0.98126262  0.97841532  0.96722085
  0.98470406  0.98873673  0.9811032   0.94062082  0.97765617  0.97802968
  0.97535811  0.9836216   0.89090791]