[ 0.98616233  0.97858149  0.98130374  0.98545698  0.67947709  0.97222603
  0.96999494  0.97073781  0.98603575  0.97827951  0.98595461  0.98485024
  0.97489635  0.98045003  0.98462577  0.97752781  0.97982521 -0.22582632
  0.98517731  0.98322058  0.98622815  0.98762316  0.98206095  0.98521692
  0.97902011  0.97857596  0.97549396 -0.24869168  0.93028219  0.9738375
  0.93660751  0.67947709  0.97499665  0.9126663   0.97028718  0.97927242
  0.98153734  0.98641367  0.98595277  0.97384535  0.97907564  0.98359722
  0.98992074  0.90740929  0.98623009  0.97831372  0.97481443  0.98069734
  0.98649269  0.94554662  0.98152514  0.95370101  0.98629413  0.95013603
  0.9811518   0.9829348   0.98363913  0.95753042  0.9812223   0.95506036
  0.98935263  0.94867323  0.97479225  0.98010467  0.96740784  0.95977891
  0.97278412  0.93531756  0.98467799  0.97894345  0.97971735  0.98655619
  0.97179072  0.98856731  0.96997925  0.96055768  0.98411699 -0.32160784
  0.97968735  0.98874747  0.92967675  0.98374658 -0.3030355   0.98349115
  0.98206946  0.97172006  0.98755231  0.9637037   0.97236155  0.97354628
  0.9701686   0.98268116  0.98773455  0.98364727  0.9817741   0.98954224
 -0.27212704  0.94566216  0.98098324  0.98479531  0.97891349  0.90902358
  0.97763059  0.92043766  0.98587622  0.84289628  0.98067347  0.97733135
  0.98531116  0.97472374  0.98775747  0.98993262  0.96751631  0.98170897
  0.98807226  0.98581435  0.95605333  0.98138182  0.98870613  0.97040911
  0.97972556  0.94017244  0.9543364   0.95212719  0.98280823  0.97968268
  0.98687308  0.9660258   0.93171831  0.98779001  0.96412989  0.9844599
  0.98495072  0.97704431  0.91765101  0.95056044  0.9842216   0.93969144
  0.96369327  0.98351159  0.97713835  0.96563747  0.97907218  0.96848189
  0.98627081  0.96451859  0.98556703  0.98067715  0.98452236  0.97830133
  0.98537619  0.98256178  0.97445012  0.98280237  0.98775411  0.95765224
 -0.15995661  0.94644287  0.96658256  0.98180911  0.97381535  0.97933403
  0.98958904  0.97515794  0.97921242  0.9310585   0.9744988   0.98677243
  0.97598628  0.9648147   0.95962881  0.976461    0.67947709  0.98607737
  0.98952112  0.95188714  0.96589734  0.98529011  0.97879385  0.9785879
  0.97820866  0.98663985  0.94515283  0.97836937  0.96580452  0.9808918
  0.95123715  0.93653723  0.98537436  0.98339758  0.97946035  0.9782513
  0.98902455  0.96794892 -0.30148933  0.96630905  0.98283535  0.98950835
  0.98112581  0.98353159  0.98823193  0.97314115  0.96062702  0.96322913
  0.98569125  0.98659851  0.98383463  0.98835001  0.97123743  0.96013344
  0.92373367  0.97507056  0.90898114  0.96966072  0.98184904 -0.32335929
  0.93755998  0.97660668  0.96199823  0.97807136  0.98129295  0.97501412
  0.97486815  0.98642878  0.9405042   0.98254513  0.96390079  0.98113038
  0.97190355  0.98532717  0.98333021  0.98665531  0.90359197  0.94876922
  0.97337535  0.99052415  0.96425713  0.97456449  0.98897037  0.98439507
  0.98181057  0.9814603   0.93472564  0.98386976  0.97871303  0.98498144
  0.98154756  0.97480667 -0.27234625  0.97289819  0.96748746 -0.34288246
  0.98834811  0.98770962  0.97038132  0.98508793  0.98141154  0.98501424
  0.98023432  0.95896123  0.98654212  0.98524168  0.98525273  0.9799907
  0.9880369   0.98743478  0.98581186  0.98222187  0.95005964  0.97548142
  0.99029298  0.98494936  0.95455749  0.97222316  0.98496078  0.98329552
  0.98318014  0.97924544  0.94515713  0.98444988  0.98506971  0.9562261
  0.98721222  0.94723043  0.97492459  0.90638575  0.97702322  0.90629803
  0.97390213  0.97781159  0.98498208  0.98165709  0.98121964  0.98044721
  0.85531911  0.9739224   0.95765098  0.99158988  0.97600122  0.98718542
  0.98340157 -0.34288246  0.98610785  0.96266034  0.97536246  0.98043846
  0.98394475  0.93866799  0.98854505  0.98317959  0.98435678  0.98352152
  0.94953905  0.98867668  0.97072477  0.67947709  0.9311307   0.97728063
  0.97891693  0.979367    0.96703636  0.98510292  0.98767365  0.97104638
  0.97960214  0.97032956  0.9035384   0.98745469  0.97929409  0.989735
  0.97169752  0.92940533  0.8755084   0.97676713  0.94511947  0.93570831
  0.97952494 -0.27272866  0.98487853  0.92756094  0.98768105  0.93886572
  0.98830047  0.98689606  0.98498313  0.95054214  0.98443405  0.98759142
  0.98805502  0.98573037  0.98178994  0.92833006  0.95836107  0.97450431
  0.95102855  0.98253511  0.97740872  0.97251216  0.98656247  0.981177
  0.98147218  0.9035384  -0.29739478  0.97637829  0.97898103  0.93060415
  0.97723209  0.97957216  0.98427721  0.97125136  0.98799922  0.98667196
  0.87310717  0.98001032  0.96398735  0.96327282  0.98317145  0.98209249
  0.97853867  0.97856821  0.98002253  0.96254324  0.98298825  0.98579311
  0.85404647  0.98433346  0.98679973  0.98124442  0.97858425  0.96712293
  0.98464503  0.98886099  0.98117073  0.93935856  0.97769603  0.97822271
  0.97576896  0.98362673  0.89160923]