[ 0.98600593  0.9786123   0.98130042  0.98507518  0.67871452  0.97194588
  0.96999535  0.971014    0.9860254   0.9783228   0.98621117  0.98495447
  0.97514667  0.9835155   0.98433801  0.97758216  0.97978682 -0.22920863
  0.98495783  0.98032359  0.98630968  0.98771998  0.98203384  0.98517883
  0.97936599  0.97889377  0.97569321 -0.24356187  0.92890094  0.97368117
  0.93777925  0.67871452  0.97495207  0.9100839   0.97085756  0.97935365
  0.98130026  0.98650767  0.98605508  0.97326674  0.97868688  0.98363745
  0.98986986  0.9083925   0.98629819  0.97831339  0.97492225  0.98081809
  0.98653398  0.94448676  0.98164536  0.95360283  0.986347    0.95049145
  0.98132627  0.9829787   0.98355011  0.95816876  0.98097347  0.95629323
  0.98791174  0.94953264  0.97483468  0.98020701  0.96823895  0.95973927
  0.97259453  0.93456902  0.98485514  0.97920334  0.98002632  0.98663245
  0.97189332  0.98840278  0.97037315  0.95997698  0.98384203 -0.32137171
  0.97965143  0.98877215  0.93032116  0.98384752 -0.30587031  0.98352753
  0.98187447  0.97215294  0.98767547  0.96435248  0.97263232  0.97374149
  0.97010084  0.98270553  0.98771895  0.98368909  0.98201401  0.9895479
 -0.25499026  0.94438206  0.98058539  0.98506619  0.97893642  0.90561123
  0.97701257  0.91637993  0.986145    0.84026897  0.98070148  0.97722706
  0.98539387  0.97544548  0.98776008  0.98995477  0.96722056  0.98212809
  0.98812142  0.98568331  0.95683462  0.98137404  0.98875288  0.97024205
  0.97981606  0.93825776  0.95507281  0.95131736  0.98296148  0.97965606
  0.98685389  0.9661827   0.93227778  0.98784869  0.96395452  0.98417123
  0.98504146  0.97734266  0.92155714  0.95068288  0.9843176   0.93818929
  0.9643263   0.97837337  0.97740864  0.96503313  0.97953675  0.96907868
  0.98630226  0.96438709  0.98619747  0.98079944  0.98436034  0.97851775
  0.98576284  0.98248733  0.97467699  0.98288377  0.98760012  0.95760159
 -0.16116849  0.944409    0.96736363  0.98179455  0.97416398  0.9792637
  0.98961516  0.9752247   0.97945313  0.93091538  0.97405156  0.98679732
  0.97636146  0.96460845  0.95958841  0.97592958  0.67871452  0.98597712
  0.98954926  0.95024855  0.9663384   0.9854086   0.97841773  0.97882233
  0.97800444  0.98666369  0.94583326  0.97804892  0.96576884  0.98090241
  0.95020332  0.93751922  0.98529923  0.98342713  0.97950201  0.9784544
  0.98903713  0.96774112 -0.30508692  0.96640438  0.97934822  0.98953927
  0.9807914   0.98346653  0.98821419  0.97256195  0.96073627  0.96318063
  0.98640376  0.98644939  0.98402293  0.98830315  0.97111319  0.95995949
  0.92234049  0.97444385  0.90795269  0.96949638  0.9820522  -0.32411903
  0.93869792  0.97676333  0.96281957  0.97533113  0.98141595  0.97517969
  0.97482692  0.98639072  0.93900457  0.98285147  0.96411976  0.98084428
  0.97182608  0.98529091  0.98035221  0.98670667  0.90517924  0.94955342
  0.97379658  0.99054289  0.9642489   0.97479913  0.98896189  0.98417443
  0.98142949  0.98184339  0.93571605  0.97930708  0.97924061  0.98510209
  0.98150663  0.97453387 -0.23914912  0.97331561  0.96895879 -0.34450332
  0.98829583  0.98773791  0.97095652  0.98507171  0.98170433  0.98494747
  0.980266    0.95840096  0.9865616   0.98530238  0.98539601  0.98019332
  0.98817643  0.98749915  0.98591128  0.98217507  0.95138551  0.97559476
  0.99030384  0.98510509  0.95316652  0.97270512  0.9848861   0.98342139
  0.98318746  0.97935052  0.9447967   0.98443072  0.98500611  0.95541509
  0.9872909   0.94708259  0.97513907  0.90665314  0.97696173  0.90473156
  0.97385421  0.97799988  0.98481103  0.98156514  0.98118934  0.98011532
  0.85882173  0.97395516  0.95907951  0.99156552  0.9762744   0.98723363
  0.98363122 -0.34450332  0.98626967  0.96354113  0.97545898  0.98055135
  0.98404088  0.93901277  0.98870695  0.98335477  0.98411497  0.98368154
  0.9497119   0.98871394  0.96306126  0.67871452  0.93325343  0.97734246
  0.97859372  0.97949656  0.9666497   0.98516294  0.98764151  0.97114525
  0.97915683  0.97114285  0.90527042  0.98741227  0.97924616  0.9895607
  0.97171607  0.92892042  0.87524626  0.9767081   0.94487172  0.93826662
  0.97926222 -0.2643672   0.98491871  0.92808767  0.98783664  0.93846852
  0.98805657  0.98685101  0.98511676  0.94982063  0.98446135  0.98759824
  0.98808965  0.98559803  0.9819368   0.9266707   0.95698996  0.97446257
  0.95150781  0.98246947  0.97697729  0.97290085  0.98658471  0.98122325
  0.98106862  0.90527042 -0.30327098  0.97679246  0.97891909  0.92898123
  0.9776869   0.97964236  0.98446791  0.97066148  0.98800476  0.98653978
  0.87284001  0.97955896  0.9638902   0.96257369  0.98306425  0.98215359
  0.98030214  0.97902621  0.980347    0.96248035  0.98297313  0.98579006
  0.85801103  0.98438053  0.98682993  0.98120413  0.97849047  0.96770065
  0.98452771  0.9889242   0.98094983  0.94080224  0.97757112  0.97805068
  0.97533273  0.98355359  0.89386752]