[ 0.98611155  0.97855147  0.98119304  0.9851953   0.68194109  0.97168925
  0.97041986  0.97098759  0.98599221  0.97790303  0.98570402  0.98495759
  0.97546689  0.98153404  0.98439425  0.9779158   0.9799016  -0.24723554
  0.98516096  0.98248513  0.98630848  0.98778133  0.98194963  0.98524325
  0.97944978  0.97908039  0.97579766 -0.21385655  0.93017086  0.97375038
  0.93494874  0.68194109  0.97459975  0.91044589  0.97129783  0.9793885
  0.98138645  0.98652996  0.98587471  0.97314337  0.97868639  0.98363592
  0.98981761  0.90544303  0.98624059  0.97857395  0.97582333  0.9803523
  0.98661845  0.94369731  0.9817702   0.95394514  0.98639157  0.95057967
  0.98126759  0.9828467   0.9835599   0.95737371  0.98080109  0.95564004
  0.98867368  0.94988047  0.97508919  0.98010681  0.96761773  0.96014388
  0.9725601   0.93566516  0.98463701  0.97919515  0.97980167  0.98660441
  0.97202616  0.9883534   0.97078264  0.96076799  0.98375353 -0.31996148
  0.97978972  0.98884134  0.93129962  0.98382906 -0.31252627  0.9834303
  0.9819454   0.97214481  0.98766031  0.96354044  0.97267399  0.97403964
  0.9701029   0.98273991  0.98777507  0.98394104  0.98179344  0.98954239
 -0.25334089  0.94481766  0.9807244   0.98471819  0.97894199  0.90962951
  0.97719047  0.91624511  0.98593127  0.83804933  0.98270429  0.97714051
  0.98544475  0.9774343   0.9878556   0.98995504  0.96636387  0.98191102
  0.98804373  0.98565571  0.95704554  0.98142081  0.9887575   0.97047535
  0.97998984  0.93900644  0.95409407  0.95243893  0.9830066   0.97977025
  0.98696087  0.96641365  0.93033197  0.98772502  0.96886598  0.98425608
  0.98498878  0.97726706  0.91599903  0.94955273  0.98434788  0.93835486
  0.96432572  0.98236364  0.97741835  0.96460228  0.97916898  0.9684823
  0.98616719  0.96499545  0.98453551  0.9810272   0.98453595  0.97855565
  0.98396744  0.9824795   0.97502177  0.98299184  0.98768024  0.95796285
 -0.17509007  0.9466394   0.96761985  0.98188267  0.97436076  0.97929415
  0.98971269  0.97524408  0.97936347  0.9291276   0.97427786  0.98690926
  0.97641466  0.96505601  0.95982093  0.97589833  0.68194109  0.9861533
  0.98960631  0.95046238  0.96630399  0.98536996  0.97825585  0.978392
  0.97841728  0.98643188  0.94477671  0.97761329  0.96605037  0.98103113
  0.95011491  0.93493859  0.98534198  0.9834796   0.97936219  0.9784701
  0.98894902  0.97216625 -0.32131777  0.96639163  0.98166756  0.98954438
  0.9808812   0.98356034  0.98815935  0.97253391  0.9606534   0.96434615
  0.98557745  0.98629576  0.98396946  0.98838923  0.97148661  0.95982933
  0.92279467  0.9745224   0.90854938  0.96942026  0.98154751 -0.32467997
  0.93594793  0.97675699  0.96347671  0.97497173  0.98149975  0.97523587
  0.97528993  0.98646261  0.93917336  0.98290741  0.96397655  0.98081246
  0.97188031  0.98538452  0.98239993  0.98670217  0.90474102  0.94745665
  0.97387054  0.99060653  0.96387552  0.97487819  0.98894404  0.98395073
  0.98136851  0.9803569   0.93338445  0.98297505  0.97884408  0.98495667
  0.98135863  0.97457198 -0.25143063  0.97296235  0.96882275 -0.32876105
  0.98831716  0.98776699  0.97037224  0.98511633  0.98181688  0.98504576
  0.98037343  0.95880589  0.98666622  0.98526394  0.98532626  0.98016315
  0.98812693  0.98761197  0.98567145  0.98193146  0.95113987  0.97634366
  0.99027314  0.98514351  0.95318212  0.97308463  0.98493204  0.98342119
  0.98339007  0.97941976  0.94410634  0.98442836  0.98516253  0.95724269
  0.98730027  0.94752902  0.97491205  0.90391292  0.97659726  0.91097403
  0.97426018  0.97816995  0.98497304  0.98140499  0.98131436  0.98010719
  0.85723282  0.97476647  0.95822627  0.99164204  0.97659833  0.98722314
  0.98361111 -0.32876105  0.98623232  0.9627584   0.97572817  0.98061629
  0.98361603  0.93741518  0.98842778  0.98357841  0.98389931  0.983715
  0.94910408  0.98877621  0.96927349  0.68194109  0.93195025  0.97769041
  0.97849609  0.97946076  0.96686761  0.98508259  0.9875738   0.97119412
  0.97906705  0.97117829  0.90494243  0.98732425  0.97894459  0.98964644
  0.97127071  0.92867749  0.8715866   0.97710128  0.94692653  0.93453932
  0.97954475 -0.25866025  0.9846038   0.92815834  0.98782146  0.93901981
  0.9881565   0.9868489   0.98461595  0.95012837  0.98448686  0.9876525
  0.98799553  0.98556276  0.98203214  0.92651536  0.95764244  0.97485342
  0.95199826  0.9824145   0.97706906  0.97273253  0.9865315   0.98129398
  0.98121349  0.90494243 -0.2843933   0.97709907  0.97934926  0.92992024
  0.97793509  0.97970973  0.98430698  0.9710408   0.98795478  0.9862752
  0.86909298  0.9795735   0.96486267  0.96288642  0.9831921   0.98228425
  0.98270632  0.97886095  0.98045132  0.96750762  0.98301519  0.98571194
  0.85894346  0.98440755  0.98690782  0.98091691  0.97859811  0.96749276
  0.9847781   0.98865209  0.98120544  0.94095012  0.9775856   0.97801855
  0.97500524  0.9835654   0.889448  ]