[ 0.98609158  0.97890915  0.98108507  0.98491331  0.68953627  0.97146946
  0.97026111  0.97158726  0.98578704  0.97787785  0.98545771  0.98504514
  0.97528982  0.98158358  0.98438379  0.97746642  0.97982255 -0.26888212
  0.98505065  0.98195365  0.98628693  0.98763006  0.98218725  0.9850879
  0.97868692  0.97854726  0.97592097 -0.24408359  0.92353335  0.97364593
  0.93614325  0.68953627  0.9745353   0.90970431  0.97053281  0.9790733
  0.98102601  0.98634744  0.98550683  0.97291261  0.97955863  0.98324032
  0.99007946  0.90774486  0.9858905   0.97980217  0.97503964  0.98009041
  0.98660203  0.94426624  0.9815259   0.95376066  0.98615099  0.94953969
  0.98126345  0.98272872  0.9835992   0.95734273  0.98066831  0.95472463
  0.98864796  0.94567552  0.97510193  0.97995722  0.96627446  0.94808922
  0.97259091  0.93517858  0.98485909  0.97877934  0.97978218  0.98666525
  0.97209731  0.98718874  0.96974007  0.96080165  0.98165221 -0.31952418
  0.97908197  0.98868031  0.93099559  0.98354822 -0.30612817  0.98346389
  0.98186858  0.97156033  0.98771918  0.96437542  0.97222438  0.9731473
  0.96979377  0.9825953   0.98771762  0.98362034  0.981731    0.98940599
 -0.27661993  0.94420633  0.98039967  0.98477905  0.97873324  0.90829169
  0.97689111  0.91696333  0.98585359  0.84013342  0.98052986  0.97763966
  0.98518038  0.9781968   0.98766567  0.98979746  0.96657739  0.98239635
  0.98791129  0.98571898  0.95763218  0.98175145  0.98864742  0.96999661
  0.97986531  0.938257    0.95495536  0.95203797  0.98320131  0.97940956
  0.98695159  0.96565045  0.93083585  0.9901078   0.96400223  0.98430591
  0.98502154  0.9771618   0.91947595  0.95004626  0.9840078   0.9377837
  0.96513197  0.98210944  0.97762965  0.96437994  0.97894984  0.96847066
  0.98626944  0.96363414  0.98415727  0.98081091  0.98439549  0.97876857
  0.98379138  0.98234955  0.97449341  0.98269033  0.98764233  0.95777024
 -0.185001    0.94065191  0.96722304  0.98165581  0.97406304  0.98056571
  0.98953105  0.97463973  0.97902465  0.92859511  0.97379102  0.98667323
  0.97593986  0.9651482   0.95912899  0.97597661  0.68953627  0.98655525
  0.98944396  0.9510355   0.96576916  0.98533131  0.9788716   0.97852531
  0.97737539  0.98627688  0.94556155  0.97777334  0.95419938  0.98058906
  0.94979628  0.93552682  0.98568851  0.98308316  0.97931009  0.97880297
  0.98886303  0.96819306 -0.30759664  0.96710969  0.98135861  0.9913541
  0.98089714  0.9834029   0.98821837  0.97239832  0.9618714   0.96116068
  0.98478494  0.98639127  0.98416483  0.98836016  0.97142572  0.95941947
  0.91762197  0.97426735  0.90895343  0.96902327  0.98139065 -0.34038511
  0.93708616  0.97636048  0.96183907  0.97673707  0.98194879  0.97599677
  0.97397986  0.98685801  0.93863372  0.98245253  0.96386529  0.98093023
  0.97282404  0.98523275  0.98200635  0.98645484  0.90292413  0.94834565
  0.97363326  0.99052801  0.96326811  0.9743447   0.98888964  0.98410414
  0.98160922  0.98032219  0.93584348  0.98250464  0.97818759  0.98494115
  0.98161439  0.97444776 -0.23394808  0.97292583  0.96722777 -0.32009768
  0.98832217  0.98758733  0.97045373  0.98486453  0.98115981  0.98501394
  0.97973288  0.95951691  0.98661379  0.98554359  0.98504888  0.98089554
  0.98815129  0.98753196  0.98577498  0.98212827  0.95201224  0.9757786
  0.99016135  0.98862086  0.95314344  0.97274601  0.98505462  0.98290585
  0.98338327  0.97922152  0.9458963   0.98439595  0.98497097  0.95540596
  0.98712857  0.94100217  0.9747685   0.90523463  0.97649433  0.9092559
  0.97368123  0.97812098  0.98503048  0.98161987  0.98184845  0.98008563
  0.85504128  0.97377372  0.95835087  0.99152638  0.97622378  0.98729177
  0.9839947  -0.32009768  0.9859913   0.96291398  0.97541636  0.98116076
  0.98343122  0.93792548  0.98817673  0.98298122  0.98413421  0.98338178
  0.94792146  0.98859013  0.96865869  0.68953627  0.9307629   0.97701088
  0.97867267  0.9791972   0.96770514  0.98502862  0.98784163  0.97079527
  0.97902609  0.96968434  0.90310368  0.98723733  0.9790213   0.98960303
  0.97148195  0.92780582  0.87045207  0.97665943  0.94469984  0.93730534
  0.97906339 -0.28623075  0.9846      0.9283461   0.98759443  0.93763163
  0.98808761  0.98687085  0.98435031  0.9493478   0.98435379  0.98747258
  0.98807664  0.98552741  0.98167507  0.92972249  0.94356412  0.9755488
  0.95148251  0.98230879  0.97668994  0.97211849  0.98658556  0.98129345
  0.98115881  0.90310368 -0.28301827  0.9760915   0.97929166  0.9295654
  0.97692832  0.97938071  0.98427151  0.97253725  0.98792103  0.98645367
  0.86792955  0.97964044  0.96162483  0.96305424  0.98316428  0.98217901
  0.98069347  0.97824399  0.98094511  0.96255698  0.98300653  0.98585676
  0.85518999  0.98409702  0.9868623   0.98097251  0.97824502  0.96759762
  0.98467483  0.98871973  0.98115124  0.93780757  0.9774464   0.97794732
  0.97544643  0.98323983  0.8896924 ]