[ 3.11515099  2.86475509  3.33301875  3.66783529  2.97004362  3.18137322
  2.91206939  3.5240725   3.49962983  3.17724691  3.61595103  2.89754797
  3.04079654  3.5781271   3.2265383   3.20260132  3.23657292  3.61595103
  2.91206939  3.87021043  3.49727992  3.6278764   3.01612261  4.35249084
  2.67088578  3.87021043  2.88184391  3.37792081  2.82957097  3.04147448
  3.1127293   2.97004362  3.01612261  2.8467822   1.99264392  3.79088774
  2.96787928  3.72283226  3.61595103  3.0801337   3.01612261  3.12984336
  2.53078272  3.02580138  3.21787481  3.32853064  1.99264392  4.29247116
  3.61414853  2.86653547  3.58712019  3.10883638  3.70553664  3.69207791
  3.49727992  3.58483487  3.58483487  3.2236358   3.17016462  3.07943652
  3.59777223  2.20923064  3.10883638  3.00943428  3.00359466  2.20923064
  3.37792081  1.99244284  3.4506676   3.79088774  3.03669022  3.56326372
  2.89532291  3.85441372  3.49806984  2.86475509  3.2265383   3.25650551
  3.86322804  3.84666901  3.25650551  3.476843    3.02023496  3.18137322
  3.11515099  3.49806984  3.00943428  3.06787474  3.49806984  3.49806984
  3.69207791  3.53932939  3.03351289  4.19960746  3.2236358   3.476843
  3.54680899  3.18137322  3.1127293   2.61131285  3.25432636  3.62615586
  3.22178406  3.14362388  3.2236358   3.0455087   3.04147448  2.55354705
  3.70553664  1.9187766   4.03562299  4.0671454   1.77637883  2.68609603
  3.85717028  4.04824242  3.25650551  3.10980001  2.9695191   3.25432636
  3.38562465  2.8467822   2.89532291  3.37792081  3.12424128  3.476843
  3.96116551  3.25432636  3.13363486  3.56326372  3.04147448  2.74733409
  3.01136171  3.56326372  3.1136263   3.13363486  3.57508404  2.86653547
  3.32616713  3.79088774  2.88184391  1.38188688  3.07943652  3.03669022
  3.27539028  3.67173783  3.87021043  3.18210772  2.91206939  1.9187766
  3.79088774  3.37792081  3.0951071   3.86322804  2.91206939  3.10883638
  4.04824242  2.8397772   3.17047961  3.62616002  3.49727992  3.32853064
  3.16509262  4.03618932  3.476843    3.13363486  3.03064338  2.95794431
  3.79088774  2.86475509  3.79088774  3.2265383   2.97004362  2.86475509
  3.64249407  3.14362388  3.34140758  3.49727992  3.2265383   3.20083928
  2.74301236  3.61595103  3.10883638  3.05066205  2.8397772   2.74733409
  2.86653547  3.1127293   2.55354705  3.61595103  3.58483487  3.04147448
  3.02023496  2.86475509  3.2265383   2.84729795  3.69207791  3.3928126
  3.03064338  3.20260132  1.99520255  3.1127293   2.79597934  3.34822995
  3.17016462  2.91206939  3.32616713  3.03351289  2.77210403  1.35272654
  2.82957097  3.08689671  3.18667764  3.72061236  3.56619911  2.88308055
  3.1127293   3.79088774  3.90431272  1.77637883  2.95368967  2.68609603
  3.5781271   3.32853064  2.86653547  3.53407496  3.56326372  3.25750684
  1.9187766   3.43514697  3.87021043  4.03703337  3.65137803  3.1127293
  3.05875636  3.16509262  3.21885702  3.49806984  3.83717482  3.52703354
  3.2265383   4.29247116  3.02580138  3.61595103  2.95128533  3.2236358
  3.01612261  3.06272315  3.57667632  3.2236358   1.02479493  2.20923064
  3.03351289  3.48774939  3.03669022  3.01992804  3.86322804  3.03351289
  3.86322804  2.08724512  2.97978845  3.53880111  3.2236358   2.95368967
  3.54680899  3.49998739  2.61131285  3.17724691  2.41096003  3.0951071
  3.61595103  2.79698181  2.8467822   1.99264392  2.9865038   3.56619911
  2.88184391  3.37792081  1.48708993  3.02023496  3.91523261  2.91206939
  4.00212428  3.58155416  3.476843    3.02580138  2.9695191   3.37792081
  3.62616002  3.06803979  2.9865038   3.17724691  2.95368967  3.2265383
  3.65137803  3.0951071   2.66049309  3.16509262  3.0951071   3.53880111
  2.68609603  2.20923064  3.2236358   3.03669022  3.7096587   3.32853064
  4.21834419  3.13363486  3.88510118  3.86322804  3.02023496  3.2667042
  3.26018771  3.62616002  3.82133124  2.97004362  3.07943652  3.91523261
  3.49714706  3.86320855  3.86335707  3.04147448  2.55354705  3.79088774
  3.49714706  3.53407496  3.65137803  3.57403232  3.58483487  2.91206939
  3.13363486  3.48091896  3.13363486  3.91523261  3.11357154  3.1136263
  2.74733409  3.43943202  4.35249084  2.89532291  3.40951854  3.69207791
  3.85441372  2.86475509  3.93003984  3.0455087   4.04824242  3.73236656
  3.04147448  3.02023496  4.01109602  1.48708993  2.8397772   2.95368967
  2.77316666  3.25750684  2.7727872   3.476843    3.02023496  2.86475509
  3.27882796  3.65137803  3.44542468  3.86322804  3.06803979  3.62615586
  3.86322804  3.61595103  2.7809796   2.95919342  4.04824242  3.52703354
  3.13363486  3.49714706  3.73256668  3.0455087   3.66704063  3.14364209
  3.49727992  3.25840048  2.68609603  3.04147448  1.9187766   3.01612261
  3.69567602  3.00943428  3.8788822   3.58483487  3.00943428  2.89532291
  4.29247116  4.20155305  4.29247116  3.86322804  3.79088774  3.34028644
  3.01612261  2.81087325  3.13363486]