[ 3.25163508  3.08324125  3.44627464  3.7746153   3.11862769  3.01802926
  2.8048991   3.51754119  3.56654971  2.98453514  3.55166844  3.15783647
  3.02790193  3.16604932  3.01861016  3.104711    3.24025501  3.55166844
  2.8048991   3.92379468  3.5382834   3.9333278   2.97265617  4.27724905
  2.34874402  3.92379468  2.89323484  3.44179581  3.11936441  3.04667786
  3.07133457  3.11862769  2.97265617  2.83529322  1.78649684  3.82478567
  2.89567924  3.65056861  3.55166844  3.09151647  2.97265617  3.11602599
  2.86798001  2.94706153  3.14292464  3.45491639  1.78649684  4.19083367
  3.4856034   2.68438971  3.44883285  3.06321679  3.62641335  3.72908948
  3.5382834   3.47400519  3.47400519  3.18866834  3.02139019  2.98831834
  3.55425169  3.04487091  3.06321679  2.79533646  3.03728638  3.04487091
  3.44179581  2.25356788  3.19783393  3.82478567  3.17450491  3.64391651
  2.76510695  3.62907987  3.95323804  3.08324125  3.01861016  3.10070116
  3.91719188  3.68145051  3.10070116  3.36424256  2.99086745  3.01802926
  3.25163508  3.95323804  2.79533646  3.07523697  3.95323804  3.95323804
  3.72908948  3.80579726  3.0852975   4.13473861  3.18866834  3.36424256
  3.55401562  3.01802926  3.07133457  2.74875413  3.36844328  3.55128575
  3.19299738  3.29820839  3.18866834  2.97296439  3.04667786  3.15830754
  3.62641335  2.33098631  3.99960706  4.13840847  1.64651149  2.63440071
  3.70158965  4.14079569  3.10070116  3.24027907  2.91523318  3.36844328
  3.5212957   2.83529322  2.76510695  3.44179581  3.124315    3.36424256
  3.84646668  3.36844328  3.1228659   3.64391651  3.04667786  2.90000079
  3.20414293  3.64391651  3.03532648  3.1228659   3.7282922   2.68438971
  3.35114291  3.82478567  2.89323484  1.88009865  2.98831834  3.17450491
  3.45049354  3.4520422   3.92379468  3.21462882  2.8048991   2.33098631
  3.82478567  3.44179581  2.98468413  3.91719188  2.8048991   3.06321679
  4.14079569  2.65431818  3.18046191  3.74585772  3.5382834   3.45491639
  3.3496808   4.02779666  3.36424256  3.1228659   2.99356006  2.80033791
  3.82478567  3.08324125  3.82478567  3.01861016  3.11862769  3.08324125
  3.59487529  3.29820839  3.44774986  3.5382834   3.01861016  3.22200834
  2.9215595   3.55166844  3.06321679  3.0368004   2.65431818  2.90000079
  2.68438971  3.07133457  3.15830754  3.55166844  3.47400519  3.04667786
  2.99086745  3.08324125  3.01861016  2.70834022  3.72908948  3.45175099
  2.99356006  3.104711    2.04543348  3.07133457  2.62571369  3.35938765
  3.02139019  2.8048991   3.35114291  3.0852975   2.87983526  1.60630631
  3.11936441  3.02156812  3.13769361  3.6505552   3.30978776  2.85468865
  3.07133457  3.82478567  3.9711576   1.64651149  3.10234344  2.63440071
  3.16604932  3.45491639  2.68438971  3.31377685  3.64391651  3.15024302
  2.33098631  3.17179214  3.92379468  4.09036765  3.66097943  3.07133457
  3.2725431   3.3496808   3.02488269  3.95323804  3.75580795  3.42411459
  3.01861016  4.19083367  2.94706153  3.55166844  3.00609302  3.18866834
  2.97265617  2.96715139  3.74393578  3.18866834  1.13086973  3.04487091
  3.0852975   3.57672508  3.17450491  3.0711691   3.91719188  3.08063972
  3.91719188  1.96690564  3.04953105  3.55786406  3.18866834  3.10234344
  3.55401562  3.49058387  2.74875413  2.98453514  2.72837546  2.98468413
  3.55166844  3.06101332  2.83529322  1.78649684  2.96387874  3.30978776
  2.89323484  3.44179581  1.73342755  2.99086745  3.78146884  2.8048991
  4.04589685  3.51714044  3.36424256  2.94706153  2.91523318  3.44179581
  3.74585772  3.29625411  2.96387874  2.98453514  3.10234344  3.01861016
  3.66097943  2.98468413  2.53569928  3.3496808   2.98468413  3.55786406
  2.63440071  3.04487091  3.18866834  3.17450491  3.791952    3.45491639
  4.11626534  3.1228659   3.93755949  3.91719188  2.99086745  3.0659319
  3.29934141  3.74585772  3.99142727  3.11862769  2.98831834  3.78146884
  3.19487243  3.85140215  3.70271122  3.04667786  3.15830754  3.82478567
  3.19487243  3.31377685  3.66097943  3.48642887  3.47400519  2.8048991
  3.1228659   3.43778676  3.1228659   3.78146884  2.89862614  3.03532648
  2.90000079  3.47620261  4.27724905  2.76510695  3.69686052  3.72908948
  3.62907987  3.08324125  3.98510005  2.97296439  4.14079569  3.96712183
  3.04667786  2.99086745  3.99142727  1.73342755  2.65431818  3.10234344
  2.71353822  3.15024302  2.71838339  3.36424256  2.99086745  3.08324125
  3.30590941  3.66097943  3.36849874  3.91719188  3.29625411  3.55128575
  3.91719188  3.55166844  2.77058765  3.42316563  4.14079569  3.42411459
  3.1228659   3.19487243  3.81029895  2.97296439  3.62742472  3.21444221
  3.5382834   3.3214324   2.63440071  3.04667786  2.33098631  2.97265617
  3.73501718  2.79533646  3.86691954  3.47400519  2.79533646  2.76510695
  4.19083367  4.28721047  4.19083367  3.91719188  3.82478567  3.11780845
  2.97265617  2.68710011  3.1228659 ]