[ 3.24091876  2.88990064  3.14182269  3.4619085   3.18415693  3.03466724
  2.80882039  3.63120663  3.556091    2.9032675   3.48357431  2.94117665
  3.16280355  3.41680963  3.07766668  3.16282601  3.15200821  3.48357431
  2.80882039  3.85494258  3.58696023  3.95639767  3.00301294  4.1766039
  2.57719595  3.85494258  2.90025392  3.83169899  2.71248571  3.02986646
  3.07861277  3.18415693  3.00301294  2.7345749   1.81194854  3.83509946
  2.71123627  3.96625417  3.48357431  2.9386258   3.00301294  3.11350687
  2.8416851   2.94603471  3.10415818  3.71040917  1.81194854  4.17762639
  3.45859764  2.7022061   3.28628297  3.20672141  3.9732701   3.87309941
  3.58696023  3.28548817  3.28548817  3.29335477  2.81685366  2.95149362
  3.65577104  2.98667334  3.20672141  2.87295764  3.18823356  2.98667334
  3.83169899  1.80297836  3.40617355  3.83509946  3.04340889  3.67209767
  2.8873564   3.59989102  3.72941048  2.88990064  3.07766668  3.10580323
  3.7756605   3.88642039  3.10580323  3.44311198  3.11417848  3.03466724
  3.24091876  3.72941048  2.87295764  3.12506958  3.72941048  3.72941048
  3.87309941  3.88947601  2.98892365  4.0533566   3.29335477  3.44311198
  3.41462023  3.03466724  3.07861277  2.81766054  3.16341026  3.94281636
  2.9348043   3.15706202  3.29335477  2.98652498  3.02986646  3.22499466
  3.9732701   1.82727931  4.33904346  4.14386126  1.8865898   2.82748295
  3.6887618   4.13810781  3.10580323  3.25045274  2.61276373  3.16341026
  3.39125519  2.7345749   2.8873564   3.83169899  3.33715724  3.44311198
  4.16431438  3.16341026  3.11350687  3.67209767  3.02986646  2.80961212
  3.15689855  3.67209767  3.25721155  3.11350687  3.99926949  2.7022061
  3.34485386  3.83509946  2.90025392  1.78803911  2.95149362  3.04340889
  3.18887142  3.76031783  3.85494258  3.36708172  2.80882039  1.82727931
  3.83509946  3.83169899  2.87291762  3.7756605   2.80882039  3.20672141
  4.13810781  2.40647486  3.07463202  3.90626578  3.58696023  3.71040917
  3.38766656  4.06304213  3.44311198  3.11350687  2.98123146  2.71509111
  3.83509946  2.88990064  3.83509946  3.07766668  3.18415693  2.88990064
  3.82774103  3.15706202  3.28412398  3.58696023  3.07766668  3.21779617
  2.80961212  3.48357431  3.20672141  2.89370485  2.40647486  2.80961212
  2.7022061   3.07861277  3.22499466  3.48357431  3.28548817  3.02986646
  3.11417848  2.88990064  3.07766668  2.85063775  3.87309941  3.63988645
  2.98123146  3.16282601  1.37735012  3.07861277  2.78799412  3.33780915
  2.81685366  2.80882039  3.34485386  2.98892365  2.80179703  1.64430442
  2.71248571  2.88834753  2.97855447  4.24209022  3.27454415  2.82551863
  3.07861277  3.83509946  4.22341246  1.8865898   2.90634367  2.82748295
  3.41680963  3.71040917  2.7022061   3.49467607  3.67209767  3.10487445
  1.82727931  3.04149905  3.85494258  4.18240032  3.79399435  3.07861277
  3.19066113  3.38766656  2.98224828  3.72941048  3.76798008  3.42414445
  3.07766668  4.17762639  2.94603471  3.48357431  3.14218572  3.29335477
  3.00301294  2.98256073  3.66054058  3.29335477  1.60392695  2.98667334
  2.98892365  3.96437411  3.04340889  2.89404642  3.7756605   2.98454969
  3.7756605   2.21968602  2.8621162   3.55418205  3.29335477  2.90634367
  3.41462023  3.62769113  2.81766054  2.9032675   2.72974966  2.87291762
  3.48357431  3.17478813  2.7345749   1.81194854  2.91087925  3.27454415
  2.90025392  3.83169899  1.69329145  3.11417848  3.6717649   2.80882039
  3.9419125   3.62906017  3.44311198  2.94603471  2.61276373  3.83169899
  3.90626578  3.29694661  2.91087925  2.9032675   2.90634367  3.07766668
  3.79399435  2.87291762  2.54800322  3.38766656  2.87291762  3.55418205
  2.82748295  2.98667334  3.29335477  3.04340889  3.78626639  3.71040917
  4.19182803  3.11350687  4.16919795  3.7756605   3.11417848  3.17658153
  3.20386017  3.90626578  4.20540844  3.18415693  2.95149362  3.6717649
  3.16658308  3.96129519  4.13134539  3.02986646  3.22499466  3.83509946
  3.16658308  3.49467607  3.79399435  3.51179482  3.28548817  2.80882039
  3.11350687  3.91905936  3.11350687  3.6717649   3.02246458  3.25721155
  2.80961212  3.40843388  4.1766039   2.8873564   3.45687373  3.87309941
  3.59989102  2.88990064  4.04887835  2.98652498  4.13810781  4.15613249
  3.02986646  3.11417848  4.20540844  1.69329145  2.40647486  2.90634367
  2.94204907  3.10487445  2.75003287  3.44311198  3.11417848  2.88990064
  3.28588366  3.79399435  3.50771365  3.7756605   3.29694661  3.94281636
  3.7756605   3.48357431  3.03595452  3.64950975  4.13810781  3.42414445
  3.11350687  3.16658308  3.94193967  2.98652498  3.89888269  3.10757652
  3.58696023  3.05039853  2.82748295  3.02986646  1.82727931  3.00301294
  4.0040089   2.87295764  3.75398313  3.28548817  2.87295764  2.8873564
  4.17762639  4.15706754  4.17762639  3.7756605   3.83509946  3.18902772
  3.00301294  2.94500578  3.11350687]