[ 3.22212914  2.85905947  3.32890317  3.7141454   3.18576495  3.24273239
  2.85937392  3.5699263   3.64438939  2.92974994  3.63971784  2.78742735
  2.96472109  3.33388534  3.17866908  3.1787753   3.23804777  3.72978382
  2.85937392  3.79435108  3.52270252  3.61549981  2.8992096   4.28982756
  2.26665265  3.79435108  2.80171737  3.76549733  2.70026942  2.95223141
  3.16132657  3.18576495  2.8992096   2.83138054  1.98255835  3.66470751
  2.94080526  3.77186742  3.72978382  3.01753171  2.8992096   3.15800847
  2.61395913  3.08327595  3.25772947  3.35424493  1.98255835  4.24759159
  3.60099111  2.94496122  3.53072476  3.07667455  3.61549981  3.64373595
  3.52270252  3.73003981  3.73003981  3.39513012  2.92623517  3.23248684
  3.71647925  2.63203405  3.07667455  2.81723936  3.19714636  2.63203405
  3.48815644  2.23609492  3.28518522  3.66470751  3.10560582  3.45237205
  2.76898548  2.87067639  3.95492167  2.85905947  3.15233728  2.85637957
  3.92433577  3.87075071  2.85637957  3.39086892  2.96445036  3.07405396
  3.22212914  3.95492167  2.81723936  3.09870838  3.95492167  3.95492167
  3.64373595  3.62781042  2.87134873  4.13436232  3.39513012  3.39086892
  3.48209092  3.07405396  3.16132657  2.83204265  3.38588718  3.92294222
  3.1668057   3.38256874  3.39513012  2.87383198  2.95223141  2.5243476
  3.61549981  2.02356244  4.11991462  4.10289243  1.32411893  2.77975005
  3.69902129  4.03527537  2.85637957  3.23848229  2.86289231  3.38588718
  3.51823505  2.83138054  2.76898548  3.76549733  2.97310768  3.39086892
  3.96635995  3.38588718  3.15675345  3.45237205  2.95223141  2.86544664
  2.97030151  3.45237205  3.08128344  3.15675345  3.70708077  2.94496122
  3.49965429  3.66470751  2.80171737  1.74690652  3.23248684  3.10560582
  3.33868036  3.69935301  3.79435108  2.80688713  2.85937392  2.02356244
  3.66470751  3.48815644  2.78309626  3.92433577  2.85937392  3.07667455
  4.03527537  2.12149702  2.82851601  3.74809209  3.52270252  3.35424493
  3.34209082  3.97572822  3.39086892  3.15675345  2.95815139  2.64435466
  3.66470751  2.91042951  3.66470751  3.15233728  3.18576495  2.85905947
  3.83175831  3.38256874  3.58963378  3.52270252  3.17866908  3.05761655
  2.86544664  3.63971784  3.07667455  3.20243027  2.12149702  2.86544664
  2.94496122  3.16132657  2.5243476   3.72978382  3.73003981  2.95223141
  2.96445036  2.85905947  3.15233728  2.72550474  3.64373595  3.44946157
  2.95815139  3.1787753   1.88600817  3.16132657  2.6039642   3.52571791
  2.92623517  3.37601725  3.49965429  2.87134873  2.69275085  1.58093258
  2.70026942  3.05675736  3.18142541  3.7916826   3.76201643  2.78801953
  3.16132657  3.66470751  4.00128188  1.32411893  3.22547588  2.59969202
  3.33388534  3.35424493  2.94496122  3.87805541  3.45237205  3.28112037
  2.02356244  3.37019728  3.79435108  4.10289243  3.45600995  3.16132657
  3.11922051  3.34209082  3.10888668  3.95492167  3.70582782  3.41061634
  3.17866908  4.24986679  3.08327595  3.72978382  3.18263165  3.39513012
  2.8992096   2.85893312  3.69800279  3.39513012  1.53091802  2.63203405
  2.87134873  3.59888652  3.10560582  3.18344787  3.92433577  2.86295324
  3.92433577  2.38419723  2.92178426  3.58510408  3.39513012  3.22547588
  3.48209092  3.53307656  2.83204265  2.86970332  2.63893823  2.78309626
  3.63971784  3.09773537  2.83138054  1.98255835  3.040985    3.76201643
  2.80171737  3.48815644  2.03988755  2.96445036  4.1788377   2.85937392
  3.94543589  3.53814269  3.39086892  3.08327595  2.86289231  3.76549733
  3.74809209  2.96197036  3.040985    2.86970332  3.22547588  3.17866908
  3.45600995  2.68313587  2.43306906  3.34209082  2.78309626  3.58510408
  2.77975005  2.63203405  3.39513012  3.10560582  3.77105191  3.35424493
  4.24759159  3.15675345  3.91827541  3.92433577  2.96445036  2.85453598
  3.30535411  3.74809209  3.97284559  3.18576495  3.23248684  4.1788377
  3.40820735  4.14338516  4.0552969   2.95223141  2.5243476   3.66470751
  3.40820735  3.87805541  3.45600995  3.45835606  3.73003981  2.85937392
  3.15675345  3.85804854  3.15675345  4.1788377   2.88074681  3.08128344
  2.86544664  3.62231617  4.28982756  2.76898548  3.43881486  3.64373595
  2.87067639  2.85905947  3.95468907  2.87383198  4.03527537  3.83199716
  2.95223141  2.96445036  4.11991462  2.03988755  2.12149702  3.22547588
  2.81052589  3.28112037  3.00283556  3.39086892  2.96445036  2.85905947
  3.29953197  3.45600995  3.44889497  3.92433577  2.96197036  3.92294222
  3.92433577  3.72978382  2.8309334   3.12050932  4.03527537  3.41061634
  3.15675345  3.40820735  3.82645655  2.87383198  3.96544152  3.16161726
  3.47487872  3.63446099  2.77975005  3.30195135  2.02356244  2.8992096
  3.86496783  2.81723936  3.94543589  3.73003981  2.81723936  2.76898548
  4.24986679  4.23141179  4.24986679  3.92433577  3.66470751  3.22069718
  2.8992096   2.84378439  3.15675345]