[ 3.22073814  2.98615483  3.09082822  3.53012373  3.29193146  3.11710411
  2.7640531   3.47652703  3.61977791  2.97674431  3.45207831  2.94397701
  3.22724289  3.40596949  3.23156195  3.26254528  3.2336569   3.45207831
  2.7640531   4.07245991  3.63724735  3.92639075  2.86360286  4.40500002
  2.61927435  4.07245991  2.89600547  3.90210422  2.30055405  2.98202963
  2.96853726  3.29193146  2.86360286  2.77673704  1.96431992  3.85496882
  2.97189931  3.96048234  3.45207831  3.09973293  2.86360286  3.18651522
  2.6094786   3.0348245   3.25739845  3.87954187  1.96431992  4.11220117
  3.5662717   2.76290877  3.33756328  3.17905354  3.96143895  3.77742343
  3.63724735  3.46881829  3.46881829  3.25275436  2.98394945  3.19278087
  3.72010098  3.07594731  3.17905354  2.85771152  3.1641113   3.07594731
  3.90210422  1.59305548  3.3449487   3.85496882  3.10072318  3.69571187
  2.88556296  3.71200678  3.96301175  2.98615483  3.23156195  3.14533605
  4.08084199  4.08779428  3.14533605  3.48265042  2.93391226  3.11710411
  3.22073814  3.96301175  2.85771152  2.97532786  3.96301175  3.96301175
  3.77742343  3.84051787  2.98769659  4.12409106  3.25275436  3.48265042
  3.49918177  3.11710411  2.96853726  2.9088494   3.17885333  3.36177527
  3.19252192  3.06378784  3.25275436  3.03944845  2.98202963  2.61249373
  3.96143895  1.7419526   3.96866535  4.04882099  1.72831099  2.74099213
  3.76364809  4.09499059  3.14533605  3.23242618  2.92109491  3.17885333
  3.33998447  2.77673704  2.88556296  3.90210422  3.10221677  3.48265042
  4.01026875  3.17885333  3.18311794  3.69571187  2.98202963  3.20316251
  3.08322952  3.69571187  3.03280745  3.18311794  3.84560002  2.76290877
  3.39749108  3.85496882  2.89600547  1.51785208  3.19278087  3.10072318
  3.26603792  3.40923985  4.07245991  3.17566045  2.7640531   1.7419526
  3.85496882  3.90210422  2.99540117  4.08084199  2.7640531   3.17905354
  4.09499059  2.68857002  3.14741586  4.00729585  3.63724735  3.87954187
  3.50061388  3.81261471  3.48265042  3.18311794  3.11243877  2.86142893
  3.85496882  2.98615483  3.85496882  3.23156195  3.29193146  2.98615483
  3.9038376   3.06378784  3.33986431  3.63724735  3.23156195  3.24239404
  3.20572251  3.45207831  3.17905354  3.15652462  2.68857002  3.20316251
  2.76290877  2.96853726  2.61249373  3.45207831  3.46881829  2.98202963
  2.93391226  2.98615483  3.23156195  2.81231207  3.77742343  3.51094529
  3.11243877  3.26254528  1.34444417  2.96853726  2.61502569  3.42315814
  2.98394945  2.7640531   3.39749108  2.98769659  2.84218023  1.14994476
  2.30055405  3.11897642  3.21665898  3.84462559  3.52029547  2.97215531
  2.96853726  3.85496882  3.84871094  1.72831099  3.0931133   2.74099213
  3.40596949  3.87954187  2.76290877  3.72420723  3.69571187  3.25700404
  1.7419526   3.42706049  4.07245991  4.03938292  3.79139628  2.96853726
  3.17618608  3.50061388  3.22885092  3.96301175  3.67514239  3.38588593
  3.23156195  4.11220117  3.0348245   3.45207831  3.07350253  3.25275436
  2.86360286  2.8919366   3.82617455  3.25275436  1.06128197  3.07594731
  2.98769659  3.87438177  3.10072318  2.87393715  4.08084199  2.98025281
  4.08084199  2.03391189  2.8487398   3.58407191  3.25275436  3.0931133
  3.49918177  3.69580349  2.9088494   2.97674431  2.71781373  2.99540117
  3.45207831  3.08044811  2.77673704  1.96431992  3.0188198   3.52029547
  2.89600547  3.90210422  1.68760409  2.93391226  4.02456562  2.7640531
  4.0150967   3.44055012  3.48265042  3.0348245   2.92109491  3.90210422
  4.00729585  3.249484    3.0188198   2.97674431  3.0931133   3.23156195
  3.79139628  2.99540117  2.54907221  3.50061388  2.99540117  3.58407191
  2.74099213  3.07594731  3.25275436  3.10072318  3.90657971  3.87954187
  4.10054259  3.18311794  4.22457689  4.08084199  2.93391226  3.06562182
  3.11294037  4.00729585  3.86163694  3.29193146  3.19278087  4.02456562
  3.38737522  4.14340317  3.73667328  2.98202963  2.61249373  3.85496882
  3.38737522  3.72420723  3.79139628  3.49224095  3.46881829  2.7640531
  3.18311794  3.39378577  3.18311794  4.02456562  2.94957981  3.03280745
  3.20316251  3.49086889  4.40500002  2.88556296  3.68585072  3.77742343
  3.71200678  2.98615483  3.97895018  3.03944845  4.09499059  3.9103445
  2.98202963  2.93391226  3.86163694  1.68760409  2.68857002  3.0931133
  2.81060589  3.25700404  2.98884626  3.48265042  2.93391226  2.98615483
  3.35631106  3.79139628  3.31277481  4.08084199  3.249484    3.36177527
  4.08084199  3.45207831  3.02122535  3.86222372  4.09499059  3.38588593
  3.18311794  3.38737522  3.5947264   3.03944845  3.64845882  3.1070124
  3.63724735  3.31779135  2.74099213  2.98202963  1.7419526   2.86360286
  3.95879281  2.85771152  3.70026208  3.46881829  2.85771152  2.88556296
  4.11220117  4.06674525  4.11220117  4.08084199  3.85496882  3.05235595
  2.86360286  2.87755148  3.18311794]