[ 3.16422596  2.85278473  3.38448712  3.58178408  3.32198433  3.26562927
  3.0560717   3.39001579  3.47044443  2.95379881  3.68464138  2.8903624
  3.15859977  3.49123217  3.02919937  3.22965195  3.15209288  3.68464138
  3.0560717   3.88214487  3.55877931  3.99884127  2.91669048  4.33007072
  2.56207658  3.88214487  2.812795    3.66580655  2.54762983  2.98989974
  3.01773993  3.32198433  2.91669048  2.88065487  1.74809942  3.65210747
  2.84581196  3.72868828  3.68464138  3.08817456  2.91669048  3.18873893
  2.59299627  2.9383459   3.17619634  3.3743106   1.74809942  4.04519213
  3.48056292  2.91683959  3.54334584  3.13672604  3.99907916  3.65945526
  3.55877931  3.51027963  3.51027963  3.33264455  2.92109747  3.2256267
  3.81167336  1.95826259  3.13672604  2.81470581  3.06019824  1.95826259
  3.66580655  2.33323311  3.36256128  3.65210747  3.05155438  3.43936727
  2.87246758  3.75233615  4.08796972  2.85278473  3.02919937  3.17931985
  3.98449885  3.89911169  3.17931985  3.58949701  2.89916021  3.26562927
  3.16422596  4.08796972  2.81470581  3.13984917  4.08796972  4.08796972
  3.65945526  3.78890034  2.91681784  4.2239044   3.33264455  3.58949701
  3.36145962  3.26562927  3.01773993  2.71459849  3.29700505  3.65065634
  3.02775439  3.18708501  3.33264455  3.04795961  2.98989974  2.56514537
  3.99907916  1.96546536  4.07627488  4.29779946  1.64651794  2.76519436
  3.70582433  4.27953008  3.18345298  3.18367848  2.87947792  3.29700505
  3.48702502  2.88065487  2.87246758  3.66580655  2.96537343  3.58949701
  4.06144119  3.29700505  3.19411506  3.43936727  2.98989974  2.61998758
  3.06605964  3.43936727  3.1028097   3.19411506  3.74024137  2.91683959
  3.50365736  3.65210747  2.812795    1.50728396  3.2256267   3.05155438
  3.15620347  3.90860227  3.88214487  3.19383557  3.0560717   1.96546536
  3.65210747  3.66580655  3.01885076  3.98449885  3.0560717   3.13672604
  4.27953008  2.75516237  3.13923341  3.88574718  3.55877931  3.3743106
  3.3528946   4.20300063  3.58949701  3.19411506  3.0695369   2.88836698
  3.65210747  2.85278473  3.65210747  3.02919937  3.32198433  2.85278473
  3.76285704  3.18708501  3.40903746  3.55877931  3.02919937  3.16919687
  2.61998758  3.68464138  3.13672604  3.0154978   2.75516237  2.61998758
  2.91683959  3.01773993  2.56514537  3.68464138  3.51027963  2.98989974
  2.89916021  2.85278473  3.02919937  2.85802532  3.65945526  3.41590518
  3.0695369   3.22965195  1.98143034  3.01773993  2.67799172  3.35613666
  2.92109747  3.0560717   3.50365736  2.91681784  2.81575343  1.25089771
  2.54762983  3.07082897  3.0504082   3.67998852  3.55848758  2.72604109
  3.01773993  3.65210747  3.99359713  1.64651794  2.94452648  2.76519436
  3.49123217  3.3743106   2.91683959  3.67776797  3.43936727  3.23514996
  1.96546536  3.37041314  3.88214487  4.18895479  3.61707416  3.01773993
  3.11373011  3.3528946   3.17511757  4.08796972  3.84378837  3.45411164
  3.02919937  4.04519213  2.9383459   3.68464138  3.02086225  3.33264455
  2.91669048  2.96728465  3.77977808  3.33264455  1.47479156  1.95826259
  2.91681784  3.76043353  3.05155438  3.17831277  3.98449885  2.95742712
  3.98449885  2.21764905  2.85240615  3.46747001  3.33264455  2.94452648
  3.36145962  3.5001603   2.71459849  2.95379881  2.59078164  3.01885076
  3.68464138  2.92077278  2.88065487  1.74809942  3.03856295  3.55848758
  2.812795    3.66580655  1.7930741   2.89916021  3.86110169  3.0560717
  3.95154192  3.43938977  3.58949701  2.9383459   2.87947792  3.66580655
  3.88574718  3.25036291  3.03856295  2.95379881  2.94452648  3.02919937
  3.61707416  3.01885076  2.62742861  3.3528946   3.01885076  3.46747001
  2.76519436  1.95826259  3.33264455  3.05155438  3.81534372  3.3743106
  4.06064913  3.19411506  4.11691425  3.98449885  2.89916021  3.32072097
  3.27880281  3.88574718  3.91132383  3.32198433  3.2256267   3.86110169
  3.37838555  4.05187807  3.77675587  2.98989974  2.56514537  3.65210747
  3.37838555  3.67776797  3.61707416  3.53979735  3.51027963  3.0560717
  3.19411506  3.82515646  3.19411506  3.86110169  3.03841149  3.1028097
  2.61998758  3.48426222  4.33007072  2.87246758  3.32628114  3.65945526
  3.75233615  2.85278473  4.01055407  3.04795961  4.27953008  3.97437067
  2.98989974  2.89916021  3.91132383  1.7930741   2.75516237  2.94452648
  2.91590095  3.23514996  2.92906643  3.58949701  2.89916021  2.85278473
  3.23904243  3.61707416  3.34026813  3.98449885  3.25036291  3.65065634
  3.98449885  3.68464138  2.74782601  3.08281234  4.27953008  3.45411164
  3.19411506  3.37838555  3.74699852  3.04795961  3.81541169  3.21737493
  3.55877931  3.42308508  2.76519436  2.9913668   1.96546536  2.91669048
  3.75059941  2.81470581  3.71869889  3.51027963  2.81470581  2.87246758
  4.04519213  4.17596738  4.04519213  3.98449885  3.65210747  3.25310052
  2.91669048  3.05241793  3.19411506]