[ 3.0699772   2.80219567  3.16628849  3.47346022  3.05916107  3.10853342
  2.82387579  3.41262747  3.54003522  2.92375167  3.57475024  2.81668696
  2.96110946  3.36027105  3.01324008  3.05474897  2.95233487  3.54544772
  2.84149035  3.75568352  3.36625454  3.95093752  2.85244934  4.27517151
  2.18332976  3.75568352  2.74211706  3.29689679  2.84096418  2.95931072
  3.02573713  3.05916107  2.85244934  2.64419593  1.9210812   3.56840204
  2.78364839  3.63587721  3.54544772  2.85133525  2.85244934  3.08741039
  2.65531151  2.90880918  3.07813066  3.36796057  1.9210812   4.17821986
  3.42973784  2.6183256   3.43003232  3.00488809  3.91211821  3.67554013
  3.36625454  3.57247363  3.61770001  3.1760444   2.8421298   3.04544999
  3.67720791  2.8265237   3.00488809  2.72196744  3.04367961  2.8265237
  3.42142126  1.90772049  3.12718576  3.56840204  2.98198251  3.48149603
  2.78901971  3.55176112  3.80523119  2.80219567  3.04570466  2.97127195
  3.81204233  3.82436755  2.97127195  3.44488098  2.92398539  3.11703543
  3.0699772   3.80523119  2.72196744  3.07633986  3.74771715  3.74771715
  3.67554013  3.87001949  2.93461317  4.21209905  3.23015942  3.44488098
  3.30652411  3.11703543  3.02573713  2.84936249  2.98708452  4.33167166
  3.00073717  2.99820353  3.18142171  2.91674125  2.95931072  3.20365144
  3.91211821  1.92531754  4.05938891  4.2436498   1.36890397  2.49351143
  3.80943141  4.2485141   2.97127195  3.06976665  2.9343693   2.98708452
  3.30578728  2.64419593  2.78901971  3.29689679  3.10734347  3.44488098
  4.04327818  2.98708452  3.09284017  3.48149603  2.95931072  2.94859152
  2.91241221  3.48149603  2.96902407  3.09284017  3.84202147  2.6183256
  3.161368    3.56840204  2.64013967  1.55130449  3.04544999  3.00538159
  3.26314615  3.67952041  3.75568352  3.12008056  2.79538434  1.92531754
  3.56840204  3.42142126  2.89813491  3.81204233  2.84149035  3.00488809
  4.23795023  2.63366881  2.84932136  3.74247185  3.36625454  3.36796057
  3.32396368  3.93701856  3.44488098  3.09284017  2.85326766  2.73343012
  3.56840204  2.80219567  3.56840204  3.04570466  3.05916107  2.80219567
  3.72184723  2.99820353  3.17434543  3.36625454  3.01324008  3.02395918
  2.94605958  3.57475024  3.00488809  3.02888236  2.63366881  2.94859152
  2.6183256   3.02573713  3.20365144  3.54544772  3.61770001  2.95931072
  2.94256741  2.80219567  3.04570466  2.6103781   3.67554013  3.32828315
  2.85326766  3.05474897  1.48319191  3.02573713  2.50167139  3.17022939
  2.8421298   2.8769511   3.161368    2.95344031  2.70155958  1.3437762
  2.84096418  2.89155271  2.93190393  4.04090785  3.61445905  2.63494184
  3.02573713  3.56840204  3.82537467  1.36890397  2.79416844  2.51212889
  3.36027105  3.36796057  2.6183256   3.37914916  3.48149603  3.08219737
  1.92531754  3.26004457  3.75568352  4.18791697  3.46755777  3.02573713
  3.07873456  3.32396368  3.0234173   3.76518408  3.76982097  3.54682983
  3.01324008  4.20476977  2.90880918  3.54544772  3.04027001  3.16953926
  2.85244934  2.84711656  3.69897546  3.19133494  1.28808955  2.8265237
  2.95344031  3.62868124  3.00538159  2.85982329  3.8092995   2.93461317
  3.81204233  1.92126277  2.69575544  3.30494823  3.15494737  2.79416844
  3.30652411  3.34162821  2.82171859  2.87864675  2.50832023  2.89813491
  3.57475024  2.86044078  2.64419593  1.9210812   2.97313837  3.61445905
  2.74211706  3.41706741  1.48086891  2.93829381  3.75172512  2.85764274
  3.92577793  3.45198172  3.44488098  2.90880918  2.9343693   3.29689679
  3.74247185  2.90754609  2.97313837  2.87864675  2.79416844  3.01324008
  3.46755777  2.87462278  2.29365574  3.35560267  2.89813491  3.30494823
  2.49351143  2.8265237   3.17782335  2.99466436  3.64029198  3.36796057
  4.1635141   3.09284017  3.86420087  3.8092995   2.91577644  3.01777392
  3.14458504  3.74247185  3.87421318  3.05916107  3.04544999  3.72632526
  3.27622264  3.96587496  4.33922211  2.95931072  3.20365144  3.56840204
  3.27622264  3.37914916  3.46755777  3.36877132  3.58223574  2.84149035
  3.09284017  3.5926382   3.09284017  3.75172512  2.77677885  2.95384108
  2.94859152  3.3484229   4.27517151  2.78901971  3.29858186  3.67554013
  3.55176112  2.80219567  3.72497222  2.91674125  4.25264     3.68598152
  2.95931072  2.91577644  3.86238524  1.48086891  2.63366881  2.79416844
  2.72067498  3.08219737  2.53083402  3.44488098  2.94256741  2.80219567
  3.14495032  3.46755777  3.03960439  3.8092995   2.90754609  4.33167166
  3.87974037  3.54544772  2.82721371  3.23492948  4.2485141   3.50407928
  3.09284017  3.27622264  3.82510859  2.91674125  3.9004685   3.07624981
  3.3851698   3.50514514  2.49351143  2.93260432  1.92531754  2.85244934
  3.71902472  2.72196744  3.49985228  3.58223574  2.72196744  2.78901971
  4.19074258  4.12233834  4.20229546  3.87906506  3.56840204  3.21159185
  2.85244934  2.83998278  3.09284017]