[ 3.27008617  2.99469174  2.91927055  3.38047111  3.2873679   3.37296114
  2.77777335  3.46529969  3.55176516  2.68106586  3.35560084  3.03441593
  3.20329473  3.06630703  3.12583794  3.12102651  3.19695096  3.30360379
  2.70667807  3.54889114  3.59942843  3.34029673  3.14240148  4.09475125
  2.5292139   3.54889114  2.88319486  3.2762663   2.91962661  3.11793391
  2.81679958  3.2873679   3.14240148  2.79737577  1.67329159  3.59039837
  2.98952345  3.7210508   3.30360379  3.17531919  3.14240148  3.03211748
  2.85967588  3.03298929  3.27446552  3.22468279  1.67329159  3.67429706
  3.61797845  2.67061259  3.3421576   3.03923516  3.3119728   3.49178395
  3.59942843  3.25689736  3.42106255  3.12922717  2.68106586  2.88538651
  3.43086648  3.04148139  3.03923516  3.04875499  2.80510955  3.04148139
  3.2762663   2.18874818  3.33905331  3.59039837  2.86013614  3.42890716
  3.03276819  4.02015167  3.55263875  2.99469174  3.12583794  2.97792863
  3.68155846  3.74683761  2.97792863  3.16375468  3.01083613  3.0779236
  3.27008617  3.55263875  3.04875499  3.21308659  3.47852518  3.47852518
  3.49178395  3.72429642  3.29297555  3.87668973  3.10327841  3.16375468
  3.45922582  3.0779236   2.81679958  2.82737354  3.01747171  4.40221903
  2.97448434  2.93323183  3.18677687  3.0426735   3.11793391  3.40504385
  3.3119728   1.75413441  3.80297492  3.94230623  1.57420201  2.8435547
  3.48675417  4.01058583  2.97792863  3.33398135  2.93893798  3.01747171
  3.23086001  2.79737577  3.03276819  3.2762663   3.01768937  3.16375468
  3.71105666  3.01747171  3.03141872  3.42890716  3.11793391  2.91229215
  2.98451292  3.42890716  3.39230656  3.03141872  3.4579241   2.67061259
  3.31850481  3.59039837  2.90945566  1.35759994  2.88538651  3.04570648
  3.25031657  2.82012595  3.54889114  3.09853169  2.93074371  1.75413441
  3.59039837  3.2762663   3.09355442  3.68155846  2.70667807  3.03923516
  4.02986092  2.13940045  2.97792863  3.38594117  3.59942843  3.22468279
  2.96870136  3.58363324  3.16375468  3.03141872  3.16470753  2.80755373
  3.59039837  2.99469174  3.59039837  3.12583794  3.2873679   2.99469174
  3.18651484  2.93323183  3.08948749  3.59942843  3.12583794  3.10249563
  2.83299209  3.35560084  3.03923516  3.29858602  2.13940045  2.91229215
  2.67061259  2.81679958  3.40504385  3.30360379  3.42106255  3.11793391
  3.10249563  2.99469174  3.12583794  2.66696376  3.49178395  3.58699732
  3.16470753  3.12102651  1.71871162  2.81679958  2.52462182  3.00674061
  2.68106586  2.70667807  3.31850481  2.8831691   2.77579645  1.28397129
  2.91962661  3.11247041  3.11077424  3.44416805  3.25689736  3.1639111
  2.81679958  3.59039837  3.46468047  1.57420201  2.97066536  2.58031739
  3.06630703  3.22468279  2.67061259  3.27366046  3.42890716  3.33897923
  1.75413441  3.16339082  3.54889114  3.80709753  3.31995332  2.81679958
  3.18500372  2.96870136  3.22960029  3.54343952  3.66392006  3.14628939
  3.12583794  3.83740211  3.03298929  3.30360379  2.77693995  3.20996613
  3.14240148  2.98193629  3.71609282  3.08842238  0.90739349  3.04148139
  2.8831691   3.2874487   3.04570648  2.82785573  3.75092769  3.30271864
  3.68155846  1.6425996   2.94897526  3.61365312  3.55333402  2.97066536
  3.45922582  3.56361923  2.77523562  2.68106586  2.83770889  3.09355442
  3.35560084  3.02886891  2.79737577  1.67329159  3.01014754  3.25689736
  2.88319486  3.22468279  1.17571249  3.1392132   3.48157746  2.85502707
  3.77431785  3.1801884   3.16375468  3.03298929  2.93893798  3.2762663
  3.38594117  3.23311542  3.01014754  2.68106586  2.97066536  3.12583794
  3.31995332  3.09355442  2.53865991  3.0928876   3.09355442  3.61365312
  2.8435547   3.04148139  3.0830664   3.10777344  3.91163723  3.22468279
  3.67429706  3.03141872  3.68472476  3.75092769  2.87435633  3.1531147
  2.98091644  3.38594117  3.62394087  3.2873679   2.88538651  3.54889114
  3.28955747  3.54343952  4.34044585  3.11793391  3.40504385  3.59039837
  3.28955747  3.27366046  3.31995332  3.56759716  3.56920745  2.70667807
  3.03141872  2.84332195  3.03141872  3.48157746  2.77262194  3.40563841
  2.91229215  3.45334024  4.09475125  3.03276819  3.1761176   3.49178395
  4.02015167  2.99469174  3.8071773   3.0426735   3.9207377   3.14505452
  3.11793391  2.87435633  3.62394087  1.17571249  2.13940045  2.97066536
  2.75683937  3.33897923  2.78662009  3.16375468  3.10249563  2.99469174
  3.28484679  3.31995332  3.54908869  3.75092769  3.23311542  4.40221903
  3.77825453  3.30360379  2.66890803  3.18572141  4.01058583  2.70667807
  3.03141872  3.28955747  3.21988578  3.0426735   3.21355657  3.14475186
  3.59942843  3.32398102  2.8435547   3.11793391  1.75413441  3.14240148
  3.5557265   3.04875499  3.54876822  3.56920745  3.04875499  3.03276819
  3.89156194  3.982546    3.83098112  3.56600479  3.59039837  2.93551683
  3.14240148  2.81630943  3.03141872]