[ 3.15786389  2.93267334  3.28683738  3.47813187  3.12979302  3.18313884
  2.86519012  3.39283552  3.75691344  3.03426997  3.78752148  3.04289682
  3.00334822  3.34287143  3.14184644  3.16859867  3.03852459  3.78752148
  2.86519012  3.84285072  3.26699524  3.84632634  2.89692347  4.41062653
  2.51424279  3.84285072  2.80332891  3.52431507  2.687267    2.94641501
  3.13406019  3.12979302  2.89692347  2.84753553  2.09205779  3.72895197
  2.87868119  3.66506467  3.78752148  2.97409424  2.89692347  3.28432049
  2.92097373  3.11996393  3.19476498  3.39684963  2.09205779  4.19446269
  3.49455524  2.77080579  3.50391665  3.13187974  3.90062196  3.6539509
  3.26699524  3.50682715  3.50682715  3.37006303  3.08577191  3.10887781
  3.57694092  2.98013598  3.13187974  2.79895833  3.08417035  2.98013598
  3.52431507  2.14882018  3.2378558   3.72895197  3.01899517  3.4093459
  2.79391933  3.53915358  3.70934151  2.93267334  3.14184644  2.9779792
  3.70247205  3.92285632  2.9779792   3.47462855  3.3357367   3.18313884
  3.15786389  3.70934151  2.79895833  3.23960084  3.70934151  3.70934151
  3.6539509   3.61241707  3.09847346  4.14897275  3.37006303  3.47462855
  3.2339931   3.18313884  3.13406019  2.92256571  3.04995908  4.19728981
  3.0939733   2.90447099  3.37006303  3.1540129   2.94641501  3.3688779
  3.90062196  2.10245717  4.05625039  4.19219383  1.64935811  2.54976584
  3.81042674  4.06012816  2.9779792   3.39082843  2.90233215  3.04995908
  3.46901794  2.84753553  2.79391933  3.52431507  3.32255801  3.47462855
  3.90932324  3.04995908  3.28473492  3.4093459   2.94641501  2.80293574
  3.06715245  3.4093459   3.1098711   3.28473492  3.94119649  2.77080579
  3.37108702  3.72895197  2.80332891  1.72704021  3.10887781  3.01899517
  3.50377087  3.98275617  3.84285072  2.98834893  2.86519012  2.10245717
  3.72895197  3.52431507  2.83196193  3.70247205  2.86519012  3.13187974
  4.06012816  2.60321978  3.04389647  3.88490142  3.26699524  3.39684963
  3.39820409  4.11248727  3.47462855  3.28473492  2.98911577  2.82050233
  3.72895197  2.93267334  3.72895197  3.14184644  3.12979302  2.93267334
  3.84781422  2.90447099  3.68072833  3.26699524  3.14184644  3.16919692
  2.80293574  3.78752148  3.13187974  3.1019205   2.60321978  2.80293574
  2.77080579  3.13406019  3.3688779   3.78752148  3.50682715  2.94641501
  3.3357367   2.93267334  3.14184644  2.69225665  3.6539509   3.33781731
  2.98911577  3.16859867  1.75741821  3.13406019  2.56315296  3.55073196
  3.08577191  2.86519012  3.37108702  3.09847346  2.73916942  1.5929144
  2.687267    2.96309774  3.07707365  3.88117237  3.31359945  2.82436199
  3.13406019  3.72895197  4.1486893   1.64935811  3.04417031  2.54976584
  3.34287143  3.39684963  2.77080579  3.39996109  3.4093459   3.20147366
  2.10245717  3.43281356  3.84285072  4.2742751   3.51133214  3.13406019
  3.22734222  3.39820409  3.05106009  3.70934151  3.94775783  3.50818929
  3.14184644  4.19446269  3.11996393  3.78752148  3.23519615  3.37006303
  2.89692347  3.15658339  3.70226964  3.37006303  1.50087059  2.98013598
  3.09847346  3.72959588  3.01899517  3.05695775  3.70247205  3.08497842
  3.70247205  1.9434051   2.89972997  3.50077598  3.37006303  3.04417031
  3.2339931   3.29514825  2.92256571  3.03426997  2.73407261  2.83196193
  3.78752148  2.80909922  2.84753553  2.09205779  3.03494833  3.31359945
  2.80332891  3.52431507  1.70302371  3.3357367   3.72797998  2.86519012
  3.98740622  3.55271238  3.47462855  3.11996393  2.90233215  3.52431507
  3.88490142  3.23596593  3.03494833  3.03426997  3.04417031  3.14184644
  3.51133214  2.83196193  2.49674928  3.39820409  2.83196193  3.50077598
  2.54976584  2.98013598  3.37006303  3.01899517  3.82421768  3.39684963
  4.04420925  3.28473492  4.17940617  3.70247205  3.3357367   2.99697375
  3.26891197  3.88490142  3.95290891  3.12979302  3.10887781  3.72797998
  3.35455311  3.91324621  4.2592697   2.94641501  3.3688779   3.72895197
  3.35455311  3.39996109  3.51133214  3.53839171  3.50682715  2.86519012
  3.28473492  4.00273083  3.28473492  3.72797998  3.08773911  3.1098711
  2.80293574  3.34174222  4.41062653  2.79391933  3.35340728  3.6539509
  3.53915358  2.93267334  3.92693924  3.1540129   4.06012816  4.10543596
  2.94641501  3.3357367   3.95290891  1.70302371  2.60321978  3.04417031
  2.62911027  3.20147366  2.84373518  3.47462855  3.3357367   2.93267334
  3.23308906  3.51133214  3.34562612  3.70247205  3.23596593  4.19728981
  3.70247205  3.78752148  2.99497684  3.43486824  4.06012816  3.50818929
  3.28473492  3.35455311  3.87624294  3.1540129   4.0525365   3.07880003
  3.26699524  3.38690725  2.54976584  2.94641501  2.10245717  2.89692347
  3.83318839  2.79895833  3.84605535  3.50682715  2.79895833  2.79391933
  4.19446269  4.12795287  4.19446269  3.70247205  3.72895197  3.37791381
  2.89692347  2.9205279   3.28473492]