[ 3.24503424  2.93022216  3.2475546   3.53619421  3.39969745  3.24587595
  2.95306844  3.21850593  3.71886135  3.17593677  3.66839616  3.00201023
  2.97063807  3.51034537  3.12356523  3.23713421  3.06088386  3.66839616
  2.95306844  4.02832781  3.41734632  4.14320463  2.84209502  4.42771827
  2.43927169  4.02832781  2.98345003  3.74222881  2.99866542  2.98089911
  3.3120456   3.39969745  2.84209502  2.92626373  2.07989498  3.93201664
  3.00124931  4.02507103  3.66839616  3.02169567  2.84209502  3.40354836
  2.78632833  3.33455808  3.1719739   3.69666678  2.07989498  4.28992011
  3.68941915  2.94632149  3.25863457  3.24561782  4.27747685  3.82097799
  3.41734632  3.67099042  3.67099042  3.5760792   3.19213775  3.07551284
  3.81750504  3.01367681  3.24561782  2.86423271  3.33108339  3.01367681
  3.74222881  1.78654553  3.33998256  3.93201664  2.97330563  3.532423
  2.97071283  3.52308604  3.99968877  2.93022216  3.12356523  3.08571592
  3.9689513   4.06249911  3.08571592  3.46083981  3.03973223  3.24587595
  3.24503424  3.99968877  2.86423271  3.11521831  3.99968877  3.99968877
  3.82097799  3.93358232  3.06739584  4.11599168  3.5760792   3.46083981
  3.38641067  3.24587595  3.3120456   2.91861434  3.17960846  4.18883493
  3.13024796  3.09466882  3.5760792   3.20483443  2.98089911  3.28851344
  4.27747685  1.63490569  4.38344751  4.10552845  1.5561517   2.66314605
  3.97065458  4.22268644  3.08571592  3.28108343  2.97544255  3.17960846
  3.34995036  2.92626373  2.97071283  3.74222881  3.34389917  3.46083981
  4.24900319  3.17960846  3.40354836  3.532423    2.98089911  3.02872181
  2.92470533  3.532423    3.09117297  3.40354836  3.82629894  2.94632149
  3.45224394  3.93201664  2.98345003  1.50932223  3.07551284  2.97330563
  3.11799247  3.56522892  4.02832781  3.21869348  2.95306844  1.63490569
  3.93201664  3.74222881  3.01555468  3.9689513   2.95306844  3.24561782
  4.22268644  2.24002324  3.09951482  3.85893708  3.41734632  3.69666678
  3.50174719  3.78233079  3.46083981  3.40354836  3.18436361  2.83590291
  3.93201664  2.93022216  3.93201664  3.12356523  3.39969745  2.93022216
  4.04929915  3.09466882  3.37357817  3.41734632  3.12356523  3.19737062
  3.02872181  3.66839616  3.24561782  3.25218028  2.24002324  3.02872181
  2.94632149  3.3120456   3.28851344  3.66839616  3.67099042  2.98089911
  3.03973223  2.93022216  3.12356523  2.67199363  3.82097799  3.4665323
  3.18436361  3.23713421  1.40220527  3.3120456   2.54672897  3.55438533
  3.19213775  2.95306844  3.45224394  3.06739584  2.74964556  1.08957226
  2.99866542  3.05581004  3.05425656  3.83761966  3.65524026  2.8219591
  3.3120456   3.93201664  4.15066543  1.5561517   2.86554146  2.66314605
  3.51034537  3.69666678  2.94632149  3.66445445  3.532423    3.1764398
  1.63490569  3.32893917  4.02832781  4.24552836  3.75035328  3.3120456
  3.2425182   3.50174719  3.08644982  3.99968877  3.93478019  3.56656694
  3.12356523  4.28992011  3.33455808  3.66839616  3.22906531  3.5760792
  2.84209502  2.99612361  3.65430092  3.5760792   1.3182084   3.01367681
  3.06739584  3.9862994   2.97330563  3.0202088   3.9689513   3.05383324
  3.9689513   2.20191611  2.89263721  3.54452415  3.5760792   2.86554146
  3.38641067  3.41615675  2.91861434  3.17593677  2.6799263   3.01555468
  3.66839616  2.81254374  2.92626373  2.07989498  3.07428964  3.65524026
  2.98345003  3.74222881  1.72050515  3.03973223  3.99762651  2.95306844
  3.95069401  3.71325502  3.46083981  3.33455808  2.97544255  3.74222881
  3.85893708  3.32319869  3.07428964  3.17593677  2.86554146  3.12356523
  3.75035328  3.01555468  2.5194746   3.50174719  3.01555468  3.54452415
  2.66314605  3.01367681  3.5760792   2.97330563  3.71963246  3.69666678
  4.36259921  3.40354836  4.30749777  3.9689513   3.03973223  3.15813745
  3.308383    3.85893708  4.27455139  3.39969745  3.07551284  3.99762651
  3.38064188  4.10585921  4.17834361  2.98089911  3.28851344  3.93201664
  3.38064188  3.66445445  3.75035328  3.667333    3.67099042  2.95306844
  3.40354836  3.58330233  3.40354836  3.99762651  3.16880914  3.09117297
  3.02872181  3.30069243  4.42771827  2.97071283  3.69880569  3.82097799
  3.52308604  2.93022216  3.95907836  3.20483443  4.22268644  4.2371427
  2.98089911  3.03973223  4.27455139  1.72050515  2.24002324  2.86554146
  2.85734567  3.1764398   2.75939821  3.46083981  3.03973223  2.93022216
  3.33643826  3.75035328  3.38365561  3.9689513   3.32319869  4.18883493
  3.9689513   3.66839616  2.98038867  3.62102947  4.22268644  3.56656694
  3.40354836  3.38064188  3.84085104  3.20483443  4.02223177  3.32087269
  3.41734632  3.62396729  2.66314605  2.98089911  1.63490569  2.84209502
  3.93858965  2.86423271  3.80514791  3.67099042  2.86423271  2.97071283
  4.28992011  4.34112172  4.28992011  3.9689513   3.93201664  3.34879075
  2.84209502  2.8261598   3.40354836]