[ 3.15413195  2.901383    3.35355905  3.7979248   3.17943377  3.14495697
  2.93907801  3.35157293  3.63350475  2.96985979  3.71981174  2.98762358
  3.01753124  3.55293617  3.13019219  3.30966629  3.06972747  3.71981174
  2.93907801  3.75256928  3.65334618  4.13828369  2.95662202  4.36330936
  2.73696666  3.75256928  2.85053612  3.54845163  3.11464949  2.9712986
  2.9700397   3.17943377  2.95662202  2.69220107  2.16942038  3.63373545
  2.93076813  3.86941861  3.71981174  3.0633569   2.95662202  3.1156949
  2.8385672   3.07971193  3.15721841  3.44620287  2.16942038  4.13885074
  3.47329328  2.63196824  3.13890676  3.11912741  3.86091389  3.66781498
  3.65334618  3.56629442  3.56629442  3.21079287  2.94271386  3.06290286
  3.60381065  2.84623291  3.11912741  2.87324078  3.26511919  2.84623291
  3.54845163  1.919181    3.31992312  3.63373545  3.16212733  3.56881251
  2.80786202  3.78876944  3.6322122   2.901383    3.13019219  3.00242233
  3.87857043  3.82708518  3.00242233  3.33984688  3.03933355  3.14495697
  3.15413195  3.6322122   2.87324078  3.02772487  3.6322122   3.6322122
  3.66781498  4.01727486  3.08090472  4.32827016  3.21079287  3.33984688
  3.54830147  3.14495697  2.9700397   2.89433385  3.27089227  4.23014255
  3.14915624  3.35192148  3.21079287  3.17129192  2.9712986   3.16078937
  3.86091389  2.09056559  3.9257961   4.08696218  1.44728728  2.7453781
  3.84263449  4.0940611   3.00242233  3.23466668  2.79016774  3.27089227
  3.35742998  2.69220107  2.80786202  3.54845163  3.17839764  3.33984688
  3.91620012  3.27089227  3.11496591  3.56881251  2.9712986   3.25633984
  3.19595419  3.56881251  3.05467946  3.11496591  3.66964228  2.63196824
  3.43686109  3.63373545  2.85053612  1.66180705  3.06290286  3.16212733
  3.4146115   3.70734167  3.75256928  3.33060331  2.93907801  2.09056559
  3.63373545  3.54845163  3.00827924  3.87857043  2.93907801  3.11912741
  4.0940611   2.25673137  3.00529892  3.8115437   3.65334618  3.44620287
  3.45527541  4.02384503  3.33984688  3.11496591  2.86271564  2.85242103
  3.63373545  2.901383    3.63373545  3.13019219  3.17943377  2.901383
  3.79217302  3.35192148  3.50035655  3.65334618  3.13019219  3.16926137
  3.25633984  3.71981174  3.11912741  3.09687671  2.25673137  3.25633984
  2.63196824  2.9700397   3.16078937  3.71981174  3.56629442  2.9712986
  3.03933355  2.901383    3.13019219  2.62993484  3.66781498  3.62947313
  2.86271564  3.30966629  1.81906353  2.9700397   2.53563162  3.53915587
  2.94271386  2.93907801  3.43686109  3.08090472  2.84059029  1.24483094
  3.11464949  3.12533702  3.18634143  3.68879675  3.47157155  2.92179796
  2.9700397   3.63373545  3.84472154  1.44728728  3.19220982  2.7453781
  3.55293617  3.44620287  2.63196824  3.57718445  3.56881251  3.18521516
  2.09056559  3.34285462  3.75256928  4.13628936  3.51027095  2.9700397
  3.15451743  3.45527541  3.02346505  3.6322122   3.93055417  3.41976278
  3.13019219  4.13885074  3.07971193  3.71981174  3.27504215  3.21079287
  2.95662202  3.13249836  3.71073119  3.21079287  1.1351012   2.84623291
  3.08090472  3.69794361  3.16212733  3.21774946  3.87857043  3.08372097
  3.87857043  2.06918935  2.86447394  3.55274242  3.21079287  3.19220982
  3.54830147  3.59651473  2.89433385  2.96985979  2.48995205  3.00827924
  3.71981174  3.04263659  2.69220107  2.16942038  3.14035808  3.47157155
  2.85053612  3.54845163  1.54242678  3.03933355  3.86428098  2.93907801
  3.96268009  3.67522534  3.33984688  3.07971193  2.79016774  3.54845163
  3.8115437   3.32661801  3.14035808  2.96985979  3.19220982  3.13019219
  3.51027095  3.00091361  2.52389835  3.45527541  3.00827924  3.55274242
  2.7453781   2.84623291  3.21079287  3.16212733  3.92073215  3.44620287
  3.98362024  3.11496591  4.04341896  3.87857043  3.03933355  3.12779725
  2.99476678  3.8115437   3.81392813  3.17943377  3.06290286  3.86428098
  3.388624    3.89001222  4.32709275  2.9712986   3.16078937  3.63373545
  3.388624    3.57718445  3.51027095  3.45160753  3.56629442  2.93907801
  3.11496591  3.68970891  3.11496591  3.86428098  2.79621973  3.05467946
  3.25633984  3.4320675   4.36330936  2.80786202  3.29465054  3.66781498
  3.78876944  2.901383    3.72011396  3.17129192  4.0940611   3.87203905
  2.9712986   3.03933355  3.81392813  1.54242678  2.25673137  3.19220982
  2.76818828  3.18521516  2.66855706  3.33984688  3.03933355  2.901383
  3.37216146  3.51027095  3.32761592  3.87857043  3.32661801  4.23014255
  3.87857043  3.71981174  2.9357626   3.41425256  4.0940611   3.41976278
  3.11496591  3.388624    3.94824029  3.17129192  3.67706989  3.23897272
  3.65334618  3.11164281  2.7453781   2.9712986   2.09056559  2.95662202
  3.86671787  2.87324078  3.56043415  3.56629442  2.87324078  2.80786202
  4.13885074  4.2414278   4.13885074  3.87857043  3.63373545  3.07824687
  2.95662202  2.88121777  3.11496591]