[ 0.49696251  0.50132388  0.48220355  0.47601657  0.47889455  0.46825913
  0.51716251  0.50454702  0.45669896  0.54322957  0.45987383  0.54478548
  0.50798408  0.48333498  0.5296766   0.49685192  0.49460063  0.45987383
  0.51716251  0.44419824  0.44931234  0.44464274  0.51074064  0.38599228
  0.55986514  0.44419824  0.55803577  0.4563855   0.57381806  0.50881349
  0.52836417  0.47889455  0.51074064  0.55163316  0.72562081  0.46261748
  0.52989004  0.44985016  0.45987383  0.48227722  0.51074064  0.51872313
  0.52912226  0.53921465  0.50324926  0.49150395  0.72562081  0.44308006
  0.46518372  0.53540693  0.4287462   0.51789572  0.4339545   0.45173132
  0.44931234  0.4884072   0.4884072   0.51714585  0.55240832  0.50680433
  0.44534696  0.68286892  0.51789572  0.55505959  0.52093408  0.68286892
  0.4563855   0.63387217  0.50057539  0.46261748  0.51727032  0.47716342
  0.51782747  0.43633164  0.41794246  0.50132388  0.5296766   0.46889226
  0.43266652  0.44022644  0.46889226  0.47479978  0.54643864  0.46825913
  0.49696251  0.41794246  0.55505959  0.48900645  0.41794246  0.41794246
  0.45173132  0.46102731  0.53877724  0.40203171  0.51714585  0.47479978
  0.48412887  0.46825913  0.52836417  0.57267723  0.50026274  0.45671464
  0.52748806  0.5090168   0.51714585  0.49900165  0.50881349  0.52491246
  0.4339545   0.64879263  0.43407596  0.401875    0.73957361  0.54959935
  0.46525847  0.40049833  0.46786003  0.48986649  0.52287688  0.50026274
  0.48897919  0.55163316  0.51782747  0.4563855   0.5375183   0.47479978
  0.43254127  0.50026274  0.51753951  0.47716342  0.50881349  0.58761127
  0.49572615  0.47716342  0.49346953  0.51753951  0.46972191  0.53540693
  0.46269078  0.46261748  0.55803577  0.7697516   0.50680433  0.51727032
  0.50011524  0.45211974  0.44419824  0.51200153  0.51716251  0.64879263
  0.46261748  0.4563855   0.48991324  0.43266652  0.51716251  0.51789572
  0.40049833  0.56687026  0.46468437  0.43701798  0.44931234  0.49150395
  0.49897011  0.4153952   0.47479978  0.51753951  0.49254475  0.489578
  0.46261748  0.50132388  0.46261748  0.5296766   0.47889455  0.50132388
  0.45099678  0.5090168   0.46378885  0.44931234  0.5296766   0.49591769
  0.58761127  0.45987383  0.51789572  0.50204278  0.56687026  0.58761127
  0.53540693  0.52836417  0.52491246  0.45987383  0.4884072   0.50881349
  0.54643864  0.50132388  0.5296766   0.5165344   0.45173132  0.46702381
  0.49254475  0.49685192  0.6682513   0.52836417  0.55822152  0.49732338
  0.55240832  0.51716251  0.46269078  0.53877724  0.52418374  0.78398391
  0.57381806  0.48232717  0.51598198  0.49107275  0.47575463  0.56471232
  0.52836417  0.46261748  0.42878286  0.73957361  0.52741505  0.54959935
  0.48333498  0.49150395  0.53540693  0.45547969  0.47716342  0.4936961
  0.64879263  0.48367634  0.44419824  0.41290921  0.46433601  0.52836417
  0.46477782  0.49897011  0.47210438  0.41794246  0.44441694  0.48564307
  0.5296766   0.44308006  0.53921465  0.45987383  0.53752764  0.51714585
  0.51074064  0.56099879  0.43237265  0.51714585  0.7724897   0.68286892
  0.53877724  0.46943924  0.51727032  0.4952855   0.43266652  0.52965576
  0.43266652  0.65385784  0.52333606  0.47291049  0.51714585  0.52741505
  0.48412887  0.46516665  0.57267723  0.54322957  0.52831511  0.48991324
  0.45987383  0.52832454  0.55163316  0.72562081  0.51814555  0.47575463
  0.55803577  0.4563855   0.68654923  0.54643864  0.45632727  0.51716251
  0.43579628  0.49363008  0.47479978  0.53921465  0.52287688  0.4563855
  0.43701798  0.48852215  0.51814555  0.54322957  0.52741505  0.5296766
  0.46433601  0.48991324  0.53224524  0.49897011  0.48991324  0.47291049
  0.54959935  0.68286892  0.51714585  0.51727032  0.42344872  0.49150395
  0.43745836  0.51753951  0.40980326  0.43266652  0.54643864  0.4632285
  0.48856368  0.43701798  0.46173998  0.47889455  0.50680433  0.45632727
  0.48580032  0.43381835  0.44112264  0.50881349  0.52491246  0.46261748
  0.48580032  0.45547969  0.46433601  0.47156216  0.4884072   0.51716251
  0.51753951  0.46701346  0.51753951  0.45632727  0.53659801  0.49346953
  0.58761127  0.44509659  0.38599228  0.51782747  0.48691483  0.45173132
  0.43633164  0.50132388  0.42073079  0.49900165  0.40049833  0.45227162
  0.50881349  0.54643864  0.46173998  0.68654923  0.56687026  0.52741505
  0.52411747  0.4936961   0.51479299  0.47479978  0.54643864  0.50132388
  0.46212341  0.46433601  0.47686452  0.43266652  0.48852215  0.45671464
  0.43266652  0.45987383  0.57150906  0.51076249  0.40049833  0.48564307
  0.51753951  0.48580032  0.46043174  0.49900165  0.46336245  0.49272195
  0.44931234  0.48175412  0.54959935  0.50843427  0.64879263  0.51074064
  0.44498165  0.55505959  0.4647721   0.4884072   0.55505959  0.51782747
  0.44308006  0.41791534  0.44308006  0.43266652  0.46261748  0.49600199
  0.51074064  0.53745349  0.51753951]