[ 0.46017028  0.50131756  0.51297888  0.48301165  0.48370841  0.50328026
  0.55447286  0.45227255  0.44859945  0.52539355  0.47552563  0.52751127
  0.51168848  0.46260947  0.48523353  0.51558597  0.48799217  0.47552563
  0.55447286  0.4455138   0.44769174  0.44149629  0.52269517  0.41350547
  0.57346705  0.4455138   0.54541124  0.43819992  0.53047528  0.48168393
  0.51561869  0.48370841  0.52269517  0.55816042  0.72867867  0.44430231
  0.55560937  0.42536173  0.47552563  0.4939091   0.52269517  0.51051434
  0.49767048  0.54022514  0.4972119   0.4517131   0.72867867  0.42443239
  0.45035197  0.5542405   0.47493435  0.50488417  0.44317135  0.4323493
  0.44769174  0.49551191  0.49551191  0.52354981  0.55390644  0.56089011
  0.46717165  0.50892069  0.50488417  0.53002472  0.51159557  0.50892069
  0.43819992  0.69707153  0.49638359  0.44430231  0.51765409  0.4501227
  0.50395353  0.44204098  0.47233715  0.50131756  0.48523353  0.48347501
  0.46795518  0.43328051  0.48347501  0.47308515  0.52665123  0.50328026
  0.46017028  0.47233715  0.53002472  0.5038783   0.47233715  0.47233715
  0.4323493   0.44925609  0.5203262   0.419827    0.52354981  0.47308515
  0.48953923  0.50328026  0.51561869  0.55016003  0.51327524  0.42991005
  0.53271679  0.50059809  0.52354981  0.51624688  0.48168393  0.49010604
  0.44317135  0.69487452  0.39929745  0.420948    0.71821992  0.55448646
  0.44918032  0.42302993  0.48347501  0.48687388  0.5412537   0.51327524
  0.49380189  0.55816042  0.50395353  0.43819992  0.48195737  0.47308515
  0.41481911  0.51327524  0.51051434  0.4501227   0.48168393  0.54582418
  0.4832156   0.4501227   0.4782534   0.51051434  0.43751988  0.5542405
  0.49629598  0.44430231  0.54541124  0.72656843  0.56089011  0.51765409
  0.51863666  0.4723887   0.4455138   0.45123817  0.55447286  0.69487452
  0.44430231  0.43819992  0.4819669   0.46795518  0.55447286  0.50488417
  0.42302993  0.62740655  0.49266242  0.44538852  0.44769174  0.4517131
  0.48900644  0.43167526  0.47308515  0.51051434  0.50651792  0.52043514
  0.44430231  0.50131756  0.44430231  0.48523353  0.48370841  0.50131756
  0.44613381  0.50059809  0.4704918   0.44769174  0.48523353  0.51147051
  0.54582418  0.47552563  0.50488417  0.5218949   0.62740655  0.54582418
  0.5542405   0.51561869  0.49010604  0.47552563  0.49551191  0.48168393
  0.52665123  0.50131756  0.48523353  0.53681422  0.4323493   0.44306319
  0.50651792  0.51558597  0.77805681  0.51561869  0.55218963  0.48647569
  0.55390644  0.55447286  0.49629598  0.5203262   0.50854931  0.74769267
  0.53047528  0.50623533  0.50357506  0.41261958  0.50190975  0.5094484
  0.51561869  0.44430231  0.39948305  0.71821992  0.53640199  0.55448646
  0.46260947  0.4517131   0.5542405   0.48125668  0.4501227   0.4962978
  0.69487452  0.50760342  0.4455138   0.41500281  0.44191779  0.51561869
  0.47747702  0.48900644  0.47745639  0.47233715  0.44444634  0.48175218
  0.48523353  0.42443239  0.54022514  0.47552563  0.52529852  0.52354981
  0.52269517  0.55900884  0.43305491  0.52354981  0.75929601  0.50892069
  0.5203262   0.44229376  0.51765409  0.53308308  0.46795518  0.52110104
  0.46795518  0.656792    0.48069855  0.46685489  0.52354981  0.53640199
  0.48953923  0.4446238   0.55016003  0.52539355  0.54725402  0.4819669
  0.47552563  0.49737737  0.55816042  0.72867867  0.52751242  0.50190975
  0.54541124  0.43819992  0.7350172   0.52665123  0.47529284  0.55447286
  0.44007686  0.46250068  0.47308515  0.54022514  0.5412537   0.43819992
  0.44538852  0.47416346  0.52751242  0.52539355  0.53640199  0.48523353
  0.44191779  0.4819669   0.56555352  0.48900644  0.4819669   0.46685489
  0.55448646  0.50892069  0.52354981  0.51765409  0.43893946  0.4517131
  0.42517456  0.51051434  0.40507855  0.46795518  0.52665123  0.46240698
  0.49572953  0.44538852  0.417726    0.48370841  0.56089011  0.47529284
  0.5016813   0.44377587  0.41337784  0.48168393  0.49010604  0.44430231
  0.5016813   0.48125668  0.44191779  0.45736359  0.49551191  0.55447286
  0.51051434  0.44871597  0.51051434  0.47529284  0.53029613  0.4782534
  0.54582418  0.46645945  0.41350547  0.50395353  0.48375137  0.4323493
  0.44204098  0.50131756  0.40619544  0.51624688  0.42302993  0.4233962
  0.48168393  0.52665123  0.417726    0.7350172   0.62740655  0.53640199
  0.54271331  0.4962978   0.53170927  0.47308515  0.52665123  0.50131756
  0.47380516  0.44191779  0.41912734  0.46795518  0.47416346  0.42991005
  0.46795518  0.47552563  0.52263499  0.45770815  0.42302993  0.48175218
  0.51051434  0.5016813   0.4199134   0.51624688  0.43646775  0.5013438
  0.44769174  0.50148688  0.55448646  0.48168393  0.69487452  0.52269517
  0.41591494  0.53002472  0.4654971   0.49551191  0.53002472  0.50395353
  0.42443239  0.42487433  0.42443239  0.46795518  0.44430231  0.49034277
  0.52269517  0.5416939   0.51051434]