[ 0.49457935  0.52408138  0.51673799  0.47746965  0.48146641  0.50113079
  0.56587775  0.48446311  0.45155444  0.56100956  0.48219812  0.56027282
  0.53941323  0.50384686  0.53693814  0.5387435   0.55216746  0.48570933
  0.56202163  0.46854866  0.48787454  0.44199248  0.5216471   0.39604836
  0.65035542  0.46854866  0.57601101  0.52600146  0.52371408  0.5071724
  0.51397564  0.48146641  0.5216471   0.59459018  0.7040656   0.47121591
  0.5378928   0.47500506  0.48570933  0.52531368  0.5216471   0.54667771
  0.54176472  0.54458852  0.52478639  0.50119101  0.7040656   0.4262655
  0.48013709  0.5943848   0.46183027  0.52459775  0.44281545  0.44985623
  0.48787454  0.49028729  0.4828117   0.54256837  0.56356986  0.53044381
  0.46404811  0.52856508  0.52459775  0.54426194  0.52589163  0.52856508
  0.50215187  0.70453223  0.53937234  0.47121591  0.52032663  0.48436028
  0.52537853  0.45428825  0.45427892  0.52408138  0.53031126  0.50371573
  0.45751776  0.44526907  0.50371573  0.48077975  0.55147547  0.49584804
  0.49457935  0.45427892  0.54426194  0.51324629  0.46761729  0.46761729
  0.44985623  0.44885594  0.5311382   0.40101455  0.53350482  0.48077975
  0.48323205  0.49584804  0.51397564  0.54788239  0.53304979  0.38885462
  0.55064872  0.5223767   0.54269557  0.52410967  0.5071724   0.49230372
  0.44281545  0.68019979  0.43592162  0.4074239   0.80208179  0.61485392
  0.45285269  0.40894472  0.50371573  0.51027121  0.50908754  0.53304979
  0.51055682  0.59459018  0.52537853  0.52600146  0.51275445  0.48077975
  0.42726368  0.53304979  0.54555591  0.48436028  0.5071724   0.51528711
  0.53746426  0.48436028  0.5225004   0.54555591  0.46325588  0.5943848
  0.52381494  0.47121591  0.59430725  0.76751859  0.53044381  0.51801983
  0.5176969   0.48563003  0.46854866  0.49408289  0.57197267  0.68019979
  0.47121591  0.50215187  0.51318997  0.45751776  0.56202163  0.52459775
  0.40968891  0.55553524  0.51726424  0.4592861   0.48787454  0.50119101
  0.51020123  0.45729474  0.48077975  0.54555591  0.53560897  0.52342572
  0.47121591  0.52408138  0.47121591  0.53031126  0.48146641  0.52408138
  0.4698656   0.5223767   0.49390811  0.48787454  0.53693814  0.54360559
  0.51493321  0.48219812  0.52459775  0.50706477  0.55553524  0.51528711
  0.5943848   0.51397564  0.49230372  0.48570933  0.4828117   0.5071724
  0.54739635  0.52408138  0.53031126  0.55226543  0.44985623  0.48980388
  0.53560897  0.5387435   0.77831891  0.51397564  0.6012737   0.52821315
  0.56356986  0.5541701   0.52381494  0.52680951  0.55558894  0.79643088
  0.52371408  0.51401408  0.49643834  0.42799704  0.46047927  0.58876851
  0.51397564  0.47121591  0.44651432  0.80208179  0.53883456  0.61090326
  0.50384686  0.50119101  0.5943848   0.48397249  0.48436028  0.52513465
  0.68019979  0.50809093  0.46854866  0.41023997  0.49170558  0.51397564
  0.49894158  0.51020123  0.50352007  0.46402815  0.44631309  0.48422706
  0.53693814  0.42281712  0.54458852  0.48570933  0.52812361  0.54505182
  0.5216471   0.58644558  0.42468855  0.5394941   0.80565104  0.52856508
  0.52680951  0.49255008  0.51801983  0.53717526  0.45869182  0.5311382
  0.45751776  0.70347795  0.57427032  0.49769604  0.54752611  0.53883456
  0.48323205  0.50035482  0.55393134  0.5697982   0.59673642  0.51318997
  0.48219812  0.54562734  0.59459018  0.7040656   0.53106388  0.46047927
  0.57601101  0.50301839  0.76715061  0.54833577  0.46673812  0.55978195
  0.44027882  0.49488731  0.48077975  0.54458852  0.50908754  0.52600146
  0.4592861   0.54140921  0.53106388  0.5697982   0.53883456  0.53693814
  0.49170558  0.51911719  0.58864108  0.50531886  0.51318997  0.49769604
  0.61485392  0.52856508  0.54300724  0.52039109  0.46329139  0.50119101
  0.42208954  0.54555591  0.45476793  0.45869182  0.55437566  0.51897757
  0.51385582  0.4592861   0.46176861  0.48146641  0.53044381  0.47104661
  0.51695624  0.43508926  0.3872506   0.5071724   0.49230372  0.47121591
  0.51695624  0.48397249  0.49170558  0.49074536  0.49015911  0.56202163
  0.54555591  0.49731558  0.54555591  0.46673812  0.58759117  0.5258144
  0.51528711  0.49302644  0.39604836  0.52537853  0.50928346  0.44985623
  0.45428825  0.52408138  0.467006    0.52410967  0.40694475  0.49046308
  0.5071724   0.55437566  0.46023022  0.76715061  0.55553524  0.53883456
  0.56567437  0.52513465  0.57084339  0.48077975  0.54739635  0.52408138
  0.47529927  0.49170558  0.52141884  0.45869182  0.54140921  0.38885462
  0.4453315   0.48570933  0.56266786  0.52525352  0.40894472  0.49134335
  0.54555591  0.51695624  0.45555556  0.52410967  0.45691453  0.51330112
  0.47977051  0.48462643  0.61485392  0.51700275  0.68019979  0.5216471
  0.46226203  0.54426194  0.48945541  0.49015911  0.54426194  0.52537853
  0.42512648  0.4328373   0.42415124  0.44542353  0.47121591  0.50341797
  0.5216471   0.58242974  0.54555591]