[ 0.4827322   0.49579584  0.48897036  0.4615248   0.46484618  0.48757417
  0.5641806   0.48066853  0.42699455  0.52723843  0.44183965  0.52952324
  0.52160481  0.50667249  0.48717028  0.49768655  0.50036244  0.44183965
  0.5641806   0.44776313  0.47963234  0.46770728  0.52855677  0.38584105
  0.59136641  0.44776313  0.57950533  0.47781385  0.57313461  0.49288371
  0.51185558  0.46484618  0.52855677  0.55703634  0.67159551  0.44714407
  0.52718364  0.47003094  0.44183965  0.49072369  0.52855677  0.49966452
  0.50040703  0.52655707  0.49246285  0.48455103  0.67159551  0.42925607
  0.46452123  0.56130505  0.46372117  0.51725022  0.45439636  0.46819907
  0.47963234  0.48361752  0.48361752  0.5140006   0.52437807  0.53640664
  0.48255647  0.50267045  0.51725022  0.54583042  0.54381966  0.50267045
  0.47781385  0.63608912  0.53421204  0.44714407  0.5354809   0.47469981
  0.5251423   0.4682583   0.47177723  0.49579584  0.48717028  0.49953992
  0.46744213  0.43503313  0.49953992  0.47631922  0.490894    0.48757417
  0.4827322   0.47177723  0.54583042  0.47875838  0.47177723  0.47177723
  0.46819907  0.48391943  0.4928611   0.41902553  0.5140006   0.47631922
  0.50827209  0.48757417  0.51185558  0.54442077  0.51133567  0.40374002
  0.52237142  0.52355864  0.5140006   0.49028491  0.49288371  0.45828298
  0.45439636  0.63497207  0.44012599  0.42186063  0.74452873  0.5878228
  0.44316787  0.43656178  0.49953992  0.46002575  0.51208299  0.51133567
  0.48811472  0.55703634  0.5251423   0.47781385  0.51320182  0.47631922
  0.44176377  0.51133567  0.49976182  0.47469981  0.49288371  0.54853494
  0.49801438  0.47469981  0.48564998  0.49976182  0.43679109  0.56130505
  0.47808411  0.44714407  0.57950533  0.73482854  0.53640664  0.5354809
  0.47584223  0.44313814  0.44776313  0.52618405  0.5641806   0.63497207
  0.44714407  0.47781385  0.52546745  0.46744213  0.5641806   0.51725022
  0.43656178  0.5757442   0.47630598  0.43627547  0.47963234  0.48455103
  0.47928427  0.41713421  0.47631922  0.49976182  0.52479236  0.51996513
  0.44714407  0.49579584  0.44714407  0.48717028  0.46484618  0.49579584
  0.44229385  0.52355864  0.44371687  0.47963234  0.48717028  0.52844049
  0.54853494  0.44183965  0.51725022  0.49031461  0.5757442   0.54853494
  0.56130505  0.51185558  0.45828298  0.44183965  0.48361752  0.49288371
  0.490894    0.49579584  0.48717028  0.55712656  0.46819907  0.47349731
  0.52479236  0.49768655  0.72085657  0.51185558  0.58250202  0.47367826
  0.52437807  0.5641806   0.47808411  0.4928611   0.53289625  0.74843296
  0.57313461  0.48755146  0.49116905  0.45005236  0.50546356  0.52789612
  0.51185558  0.44714407  0.42267504  0.74452873  0.51511781  0.5878228
  0.50667249  0.48455103  0.56130505  0.48478369  0.47469981  0.49179002
  0.63497207  0.47492316  0.44776313  0.40527064  0.47310614  0.51185558
  0.47240206  0.47928427  0.49519027  0.47177723  0.4323493   0.47354733
  0.48717028  0.42925607  0.52655707  0.44183965  0.51564309  0.5140006
  0.52855677  0.52766801  0.41492768  0.5140006   0.77030324  0.50267045
  0.4928611   0.47164503  0.5354809   0.5085104   0.46744213  0.49314723
  0.46744213  0.7000886   0.52730566  0.4705563   0.5140006   0.51511781
  0.50827209  0.47909314  0.54442077  0.52723843  0.53276007  0.52546745
  0.44183965  0.51330419  0.55703634  0.67159551  0.5200872   0.50546356
  0.57950533  0.47781385  0.72563917  0.490894    0.46654161  0.5641806
  0.43045629  0.4804845   0.47631922  0.52655707  0.51208299  0.47781385
  0.43627547  0.47377743  0.5200872   0.52723843  0.51511781  0.48717028
  0.47310614  0.52546745  0.56472451  0.47928427  0.52546745  0.4705563
  0.5878228   0.50267045  0.5140006   0.5354809   0.42664334  0.48455103
  0.45039441  0.49976182  0.40023715  0.46744213  0.490894    0.48071448
  0.50117225  0.43627547  0.45634196  0.46484618  0.53640664  0.46654161
  0.49516599  0.43968693  0.39839191  0.49288371  0.45828298  0.44714407
  0.49516599  0.48478369  0.47310614  0.46156732  0.48361752  0.5641806
  0.49976182  0.43787871  0.49976182  0.46654161  0.53954785  0.48564998
  0.54853494  0.47148641  0.38584105  0.5251423   0.49454751  0.46819907
  0.4682583   0.49579584  0.43218606  0.49028491  0.43656178  0.42530748
  0.49288371  0.490894    0.45634196  0.72563917  0.5757442   0.51511781
  0.56294514  0.49179002  0.52203813  0.47631922  0.490894    0.49579584
  0.45792062  0.47310614  0.48128058  0.46744213  0.47377743  0.40374002
  0.46744213  0.44183965  0.54127996  0.48014826  0.43656178  0.47354733
  0.49976182  0.49516599  0.43471069  0.49028491  0.4280966   0.4792129
  0.47963234  0.4800374   0.5878228   0.49288371  0.63497207  0.52855677
  0.44107336  0.54583042  0.44911671  0.48361752  0.54583042  0.5251423
  0.42925607  0.42872663  0.42925607  0.46744213  0.44714407  0.4824482
  0.52855677  0.55607253  0.49976182]