[ 0.48972337  0.45793525  0.47325664  0.44024502  0.50584325  0.51505582
  0.55832475  0.47666065  0.43807317  0.53977631  0.4668255   0.51167866
  0.5161601   0.50604853  0.50993188  0.53595695  0.47824949  0.4668255
  0.55832475  0.43430149  0.46502417  0.4352037   0.50906021  0.39610048
  0.61276072  0.43430149  0.54649644  0.48526131  0.49766164  0.48535983
  0.54057287  0.50584325  0.50906021  0.54873555  0.71925165  0.44547327
  0.53027418  0.46394744  0.4668255   0.48649323  0.50906021  0.52125633
  0.4996439   0.54371455  0.47087983  0.47457385  0.71925165  0.42676056
  0.44876557  0.5775139   0.44465532  0.52467697  0.48347025  0.44414647
  0.46502417  0.46780273  0.46780273  0.53647368  0.52781943  0.55895957
  0.47457735  0.51612616  0.52467697  0.51787042  0.54582174  0.51612616
  0.48526131  0.63091703  0.53125811  0.44547327  0.50147071  0.45412286
  0.50904785  0.44348571  0.43316937  0.45793525  0.50993188  0.48082957
  0.4328909   0.46158535  0.48082957  0.50636416  0.53119567  0.51505582
  0.48972337  0.43316937  0.51787042  0.51521991  0.43316937  0.43316937
  0.44414647  0.45479124  0.52507161  0.40575899  0.53647368  0.50636416
  0.47011758  0.51505582  0.54057287  0.5597351   0.48012498  0.51467992
  0.50631553  0.47814865  0.53647368  0.51096235  0.48535983  0.47775271
  0.48347025  0.60661065  0.45963504  0.42184623  0.73733219  0.59014963
  0.45297781  0.42452322  0.48082957  0.49953303  0.52036376  0.48012498
  0.47682764  0.54873555  0.50904785  0.48526131  0.5097552   0.50636416
  0.45654018  0.48012498  0.52281097  0.45412286  0.48535983  0.53873153
  0.49526799  0.45412286  0.52390769  0.52281097  0.45993774  0.5775139
  0.49869717  0.44547327  0.54649644  0.71062346  0.55895957  0.50147071
  0.48752232  0.51272802  0.43430149  0.49069342  0.55832475  0.60661065
  0.44547327  0.48526131  0.49866105  0.4328909   0.55832475  0.52467697
  0.42452322  0.58829605  0.4721967   0.4500552   0.46502417  0.47457385
  0.49934092  0.43479791  0.50636416  0.52281097  0.50573813  0.52811624
  0.44547327  0.45793525  0.44547327  0.50993188  0.50584325  0.45793525
  0.48774096  0.47814865  0.45531104  0.46502417  0.50993188  0.51251266
  0.53137013  0.4668255   0.52467697  0.50249669  0.58829605  0.53873153
  0.5775139   0.54057287  0.47775271  0.4668255   0.46780273  0.48535983
  0.53119567  0.45793525  0.50993188  0.55856126  0.44414647  0.46466703
  0.50573813  0.53595695  0.67986062  0.54057287  0.5827443   0.4894472
  0.52781943  0.55832475  0.49869717  0.52507161  0.49481297  0.74807156
  0.49766164  0.49541341  0.47396243  0.49256525  0.48615609  0.54013445
  0.54057287  0.44547327  0.43903163  0.73733219  0.51203465  0.59014963
  0.50604853  0.47457385  0.5775139   0.48158529  0.45412286  0.47445308
  0.60661065  0.51134538  0.43430149  0.43010616  0.45900012  0.54057287
  0.45399869  0.49934092  0.50027812  0.43316937  0.44026525  0.47433251
  0.50993188  0.42676056  0.54371455  0.4668255   0.53827268  0.53647368
  0.50906021  0.55113287  0.42757606  0.53647368  0.82738722  0.51612616
  0.52507161  0.47840098  0.50147071  0.50904272  0.4328909   0.52401765
  0.4328909   0.7036428   0.48649908  0.47210436  0.53647368  0.51203465
  0.47011758  0.47031418  0.5597351   0.53977631  0.53491229  0.49866105
  0.4668255   0.49040514  0.54873555  0.71925165  0.52336777  0.48615609
  0.54649644  0.48526131  0.71942911  0.53119567  0.45287653  0.55832475
  0.4265311   0.48067135  0.50636416  0.54371455  0.52036376  0.48526131
  0.4500552   0.48274498  0.52336777  0.53977631  0.51203465  0.50993188
  0.45900012  0.49866105  0.56759089  0.49934092  0.49866105  0.47210436
  0.59014963  0.51612616  0.53647368  0.50147071  0.44283505  0.47457385
  0.43290827  0.52281097  0.42972981  0.4328909   0.53119567  0.48042271
  0.48116536  0.4500552   0.45817304  0.50584325  0.55895957  0.45287653
  0.50061622  0.45557041  0.49372392  0.48535983  0.47775271  0.44547327
  0.50061622  0.48158529  0.45900012  0.45609923  0.46780273  0.55832475
  0.52281097  0.50444167  0.52281097  0.45287653  0.55623021  0.52390769
  0.53873153  0.44838727  0.39610048  0.50904785  0.46349921  0.44414647
  0.44348571  0.45793525  0.4274593   0.51096235  0.42452322  0.44705624
  0.48535983  0.53119567  0.45817304  0.71942911  0.58829605  0.51203465
  0.58307429  0.47445308  0.56127371  0.50636416  0.53119567  0.45793525
  0.46878276  0.45900012  0.43813207  0.4328909   0.48274498  0.51467992
  0.4328909   0.4668255   0.567492    0.47443415  0.42452322  0.47433251
  0.52281097  0.50061622  0.43691004  0.51096235  0.4825978   0.48333959
  0.46502417  0.47930485  0.59014963  0.48535983  0.60661065  0.50906021
  0.44208734  0.51787042  0.44358941  0.46780273  0.51787042  0.50904785
  0.42676056  0.401933    0.42676056  0.4328909   0.44547327  0.51361291
  0.50906021  0.59034415  0.52281097]