[ 0.47726919  0.49374487  0.50387809  0.45799655  0.4548347   0.48972376
  0.56670555  0.47953751  0.44495677  0.52797225  0.47791346  0.53225821
  0.51125952  0.47432267  0.48340166  0.50502749  0.492895    0.47791346
  0.56670555  0.43782652  0.45728217  0.44708811  0.50413011  0.3987665
  0.59280808  0.43782652  0.53541984  0.45523702  0.52756245  0.46182891
  0.50248687  0.4548347   0.50413011  0.53838314  0.74008811  0.44482339
  0.5182668   0.44379064  0.47791346  0.47504022  0.50413011  0.5140926
  0.51595192  0.52474751  0.48955861  0.45349717  0.74008811  0.42240248
  0.45116113  0.53686718  0.43340621  0.50308175  0.44401062  0.44750791
  0.45728217  0.48855346  0.48855346  0.52306559  0.51208557  0.51941723
  0.45416054  0.54274309  0.50308175  0.51211908  0.51607466  0.54274309
  0.45523702  0.6752077   0.52507093  0.44482339  0.49452329  0.45404918
  0.5029762   0.44318456  0.45148242  0.49374487  0.48340166  0.47705566
  0.42991604  0.41539126  0.47705566  0.48158988  0.52685812  0.48972376
  0.47726919  0.45148242  0.51211908  0.48997408  0.45148242  0.45148242
  0.44750791  0.45939574  0.51458803  0.3911638   0.52306559  0.48158988
  0.45537243  0.48972376  0.50248687  0.53498614  0.49886971  0.37560032
  0.50142095  0.48854841  0.52306559  0.52923163  0.46182891  0.45401841
  0.44401062  0.66276153  0.42301304  0.40455509  0.74924523  0.57991003
  0.43736579  0.40649199  0.47705566  0.4714419   0.50557618  0.49886971
  0.48145036  0.53838314  0.5029762   0.45523702  0.49403525  0.48158988
  0.45756018  0.49886971  0.51411374  0.45404918  0.46182891  0.50120785
  0.513914    0.45404918  0.50066519  0.51411374  0.44517677  0.53686718
  0.48036164  0.44482339  0.53541984  0.77345165  0.51941723  0.49452329
  0.52872212  0.45379562  0.43782652  0.46662741  0.56670555  0.66276153
  0.44482339  0.45523702  0.49744655  0.42991604  0.56670555  0.50308175
  0.40649199  0.6128179   0.48854404  0.43523791  0.45728217  0.45349717
  0.4704479   0.43380893  0.48158988  0.51411374  0.51837795  0.5208395
  0.44482339  0.49374487  0.44482339  0.48340166  0.4548347   0.49374487
  0.44998682  0.48854841  0.46168466  0.45728217  0.48340166  0.51396935
  0.50120785  0.47791346  0.50308175  0.49153062  0.6128179   0.50120785
  0.53686718  0.50248687  0.45401841  0.47791346  0.48855346  0.46182891
  0.52685812  0.49374487  0.48340166  0.56173272  0.44750791  0.46386298
  0.51837795  0.50502749  0.76719489  0.50248687  0.5768284   0.47567712
  0.51208557  0.56670555  0.48036164  0.51458803  0.51312548  0.77882654
  0.52756245  0.49242864  0.49848013  0.4386372   0.48515772  0.56683853
  0.50248687  0.44482339  0.44144263  0.74924523  0.5116236   0.57991003
  0.47432267  0.45349717  0.53686718  0.46558804  0.45404918  0.49974915
  0.66276153  0.50730985  0.43782652  0.43618889  0.45163963  0.50248687
  0.46660969  0.4704479   0.47424073  0.45148242  0.43467693  0.46898657
  0.48340166  0.42240248  0.52474751  0.47791346  0.50784945  0.52306559
  0.50413011  0.56973063  0.44582414  0.52306559  0.80500729  0.54274309
  0.51458803  0.46044545  0.49452329  0.51204972  0.42991604  0.51542777
  0.42991604  0.7570665   0.51337135  0.46697872  0.52306559  0.5116236
  0.45537243  0.45985705  0.53498614  0.52797225  0.57515646  0.49744655
  0.47791346  0.50828121  0.53838314  0.74008811  0.52338876  0.48515772
  0.53541984  0.45523702  0.78891928  0.52685812  0.45475875  0.56670555
  0.42377091  0.50916809  0.48158988  0.52474751  0.50557618  0.45523702
  0.43523791  0.48005514  0.52338876  0.52797225  0.5116236   0.48340166
  0.45163963  0.50015169  0.56194834  0.4704479   0.49744655  0.46697872
  0.57991003  0.54274309  0.52306559  0.49452329  0.44608188  0.45349717
  0.45067228  0.51411374  0.40639346  0.42991604  0.52685812  0.50087293
  0.48234308  0.43523791  0.45688688  0.4548347   0.51941723  0.45475875
  0.48184495  0.42582265  0.37624419  0.46182891  0.45401841  0.44482339
  0.48184495  0.46558804  0.45163963  0.45644188  0.48855346  0.56670555
  0.51411374  0.4750008   0.51411374  0.45475875  0.54489088  0.50066519
  0.50120785  0.46307819  0.3987665   0.5029762   0.48709049  0.44750791
  0.44318456  0.49374487  0.43649634  0.52923163  0.40649199  0.45463664
  0.46182891  0.52685812  0.45688688  0.78891928  0.6128179   0.5116236
  0.54464059  0.49974915  0.54797276  0.48158988  0.52685812  0.49374487
  0.4669845   0.45163963  0.44687257  0.42991604  0.48005514  0.37560032
  0.42991604  0.47791346  0.55161213  0.45886224  0.40649199  0.46898657
  0.51411374  0.48184495  0.44242532  0.52923163  0.45432786  0.48833861
  0.45728217  0.46381592  0.57991003  0.45990595  0.66276153  0.50413011
  0.42568255  0.51211908  0.46202816  0.48855346  0.51211908  0.5029762
  0.42240248  0.42946316  0.42240248  0.42991604  0.44482339  0.4681366
  0.50413011  0.58969087  0.51411374]