[ 0.49542509  0.48822523  0.49375415  0.45655071  0.48893658  0.51200227
  0.54756379  0.49121931  0.4524796   0.5369922   0.4680927   0.52318691
  0.51079088  0.49467103  0.48576572  0.48697213  0.50376387  0.4680927
  0.54756379  0.47607029  0.45727543  0.45495879  0.51005453  0.4167819
  0.62029621  0.47607029  0.56042309  0.48513554  0.51840242  0.49154775
  0.52062853  0.48893658  0.51005453  0.54226417  0.59008427  0.45186305
  0.51858209  0.45019063  0.4680927   0.45585834  0.51005453  0.49080154
  0.53424348  0.50242739  0.46117129  0.486316    0.59008427  0.44505903
  0.45741264  0.53523517  0.46815852  0.50086534  0.4631501   0.47144235
  0.45727543  0.49067787  0.49067787  0.49894926  0.51782169  0.52953183
  0.45640867  0.49708454  0.50086534  0.52437467  0.54036988  0.49708454
  0.48513554  0.72301648  0.48442138  0.45186305  0.52074522  0.45176889
  0.4822384   0.56440696  0.47659358  0.48822523  0.48576572  0.51024822
  0.46268964  0.44445974  0.51024822  0.516847    0.52218822  0.51200227
  0.49542509  0.47659358  0.52437467  0.50753144  0.47659358  0.47659358
  0.47144235  0.43258992  0.51638963  0.39001814  0.49894926  0.516847
  0.49415709  0.51200227  0.52062853  0.53137603  0.508581    0.42378947
  0.5178719   0.51020882  0.49894926  0.49257582  0.49154775  0.44740132
  0.4631501   0.66535954  0.43818037  0.41945245  0.73634756  0.55342959
  0.44135459  0.41389556  0.51024822  0.4937643   0.53320649  0.508581
  0.49770417  0.54226417  0.4822384   0.48513554  0.48482233  0.516847
  0.43374869  0.508581    0.4909565   0.45176889  0.49154775  0.51768068
  0.49462184  0.45176889  0.51793221  0.4909565   0.47866396  0.53523517
  0.49523732  0.45186305  0.56042309  0.75690339  0.52953183  0.52074522
  0.48473608  0.49186662  0.47607029  0.5466032   0.54756379  0.66535954
  0.45186305  0.48513554  0.50354359  0.46268964  0.54756379  0.50086534
  0.41389556  0.67392086  0.50371362  0.44758326  0.45727543  0.486316
  0.50378574  0.42829508  0.516847    0.4909565   0.478307    0.56101479
  0.45186305  0.48822523  0.45186305  0.48576572  0.48893658  0.48822523
  0.45524424  0.51020882  0.49437244  0.45727543  0.48576572  0.49001159
  0.51768068  0.4680927   0.50086534  0.4836469   0.67392086  0.51768068
  0.53523517  0.52062853  0.44740132  0.4680927   0.49067787  0.49154775
  0.52218822  0.48822523  0.48576572  0.54233195  0.47144235  0.47274315
  0.478307    0.48697213  0.70160144  0.52062853  0.54808257  0.4780199
  0.51782169  0.54756379  0.49523732  0.51638963  0.51780723  0.81104281
  0.51840242  0.46247915  0.49240331  0.48112769  0.49214506  0.51888016
  0.52062853  0.45186305  0.44009256  0.73634756  0.51696826  0.55342959
  0.49467103  0.486316    0.53523517  0.48155442  0.45176889  0.47009998
  0.66535954  0.49378902  0.47607029  0.42194256  0.44812911  0.52062853
  0.48698513  0.50378574  0.49818532  0.47659358  0.43959207  0.47793563
  0.48576572  0.44505903  0.50242739  0.4680927   0.53326998  0.49894926
  0.51005453  0.53240081  0.42457247  0.49894926  0.79113084  0.49708454
  0.51638963  0.47674503  0.52074522  0.49848096  0.46268964  0.51293724
  0.46268964  0.7518498   0.537414    0.45792452  0.49894926  0.51696826
  0.49415709  0.46297043  0.53137603  0.5369922   0.57044535  0.50354359
  0.4680927   0.53826312  0.54226417  0.59008427  0.52388836  0.49214506
  0.56042309  0.48513554  0.7497963   0.52218822  0.47143138  0.54756379
  0.43617156  0.49809523  0.516847    0.50242739  0.53320649  0.48513554
  0.44758326  0.50560333  0.52388836  0.5369922   0.51696826  0.48576572
  0.44812911  0.50354359  0.57385782  0.50378574  0.50354359  0.45792452
  0.55342959  0.49708454  0.49894926  0.52074522  0.41780176  0.486316
  0.47687646  0.4909565   0.42086399  0.46268964  0.52218822  0.50142016
  0.51067044  0.44758326  0.45669017  0.48893658  0.52953183  0.47143138
  0.48072586  0.45117488  0.3922584   0.49154775  0.44740132  0.45186305
  0.48072586  0.48155442  0.44812911  0.46935659  0.49067787  0.54756379
  0.4909565   0.49158146  0.4909565   0.47143138  0.56441143  0.51793221
  0.51768068  0.45323424  0.4167819   0.4822384   0.46902984  0.47144235
  0.56440696  0.48822523  0.46554179  0.49257582  0.41389556  0.44497424
  0.49154775  0.52218822  0.45669017  0.7497963   0.67392086  0.51696826
  0.53654449  0.47009998  0.53424588  0.516847    0.52218822  0.48822523
  0.46479914  0.44812911  0.46574914  0.46268964  0.50560333  0.42378947
  0.46268964  0.4680927   0.52659069  0.4842971   0.41389556  0.47793563
  0.4909565   0.48072586  0.44615015  0.49257582  0.44653429  0.4706618
  0.45727543  0.48272624  0.55342959  0.49154775  0.66535954  0.51005453
  0.44783741  0.52437467  0.47307551  0.49067787  0.52437467  0.4822384
  0.44505903  0.4321679   0.44505903  0.46268964  0.45186305  0.49895112
  0.51005453  0.56553284  0.4909565 ]