[ 0.48660812  0.50184376  0.50295498  0.46187978  0.4814852   0.48163347
  0.54880999  0.46348401  0.43299808  0.53632147  0.47446361  0.53183608
  0.51889168  0.46402526  0.50751357  0.50141553  0.51183839  0.47231549
  0.55867291  0.43049677  0.44376261  0.42055627  0.4940313   0.42796131
  0.5658228   0.43049677  0.50749379  0.45515498  0.54669837  0.49256918
  0.49420143  0.4814852   0.4940313   0.54566793  0.71053017  0.42275505
  0.50347268  0.40509238  0.47231549  0.50529439  0.4940313   0.50354076
  0.52403358  0.52080952  0.50232589  0.47078625  0.71053017  0.48279863
  0.46481719  0.56304339  0.45978777  0.53357975  0.44665419  0.47523929
  0.44376261  0.47932271  0.49394581  0.52027426  0.53632147  0.52204897
  0.45206159  0.49805196  0.53357975  0.49054825  0.51924654  0.49805196
  0.45515498  0.63555896  0.50668511  0.42275505  0.51146632  0.46294089
  0.49854771  0.45883046  0.4407119   0.50184376  0.50751357  0.4808904
  0.43403303  0.41296894  0.4808904   0.46503176  0.516743    0.50242242
  0.48660812  0.4407119   0.49054825  0.52459131  0.45862559  0.45862559
  0.47523929  0.44670711  0.4944912   0.41477335  0.52607376  0.46503176
  0.4827455   0.50242242  0.49420143  0.54318285  0.52168772  0.38209718
  0.5071372   0.5296489   0.51126182  0.50306452  0.49256918  0.47855901
  0.44665419  0.62749972  0.41893748  0.41358553  0.73084979  0.55205786
  0.43331485  0.41481081  0.4808904   0.47981634  0.52168896  0.52168772
  0.50054516  0.54566793  0.49854771  0.45515498  0.49478406  0.46503176
  0.43742266  0.52168772  0.50491329  0.46294089  0.49256918  0.55997403
  0.51630901  0.46294089  0.48421136  0.50491329  0.43590867  0.56304339
  0.48967253  0.42275505  0.49406139  0.76661174  0.52204897  0.52362865
  0.48093303  0.4918906   0.43049677  0.49428989  0.53626507  0.62749972
  0.42275505  0.45515498  0.47348408  0.43403303  0.55867291  0.53357975
  0.42408292  0.62275919  0.4808904   0.43235615  0.44376261  0.47078625
  0.47874879  0.44317278  0.46503176  0.50491329  0.48188669  0.49584994
  0.42275505  0.50184376  0.42275505  0.50751357  0.4814852   0.50184376
  0.44128173  0.5296489   0.48241308  0.44376261  0.50751357  0.49157255
  0.65954227  0.47446361  0.53357975  0.48030705  0.62275919  0.55997403
  0.56304339  0.49420143  0.47855901  0.47231549  0.49394581  0.49256918
  0.49157255  0.50184376  0.50751357  0.52889     0.47523929  0.43595509
  0.48188669  0.50141553  0.7255104   0.49420143  0.55040027  0.48528709
  0.53632147  0.55867291  0.48967253  0.57895575  0.50816971  0.75654426
  0.54669837  0.48876987  0.51303374  0.41803706  0.47932271  0.50933067
  0.49420143  0.42275505  0.44052655  0.73084979  0.52037386  0.55397072
  0.46402526  0.47078625  0.56304339  0.46237112  0.46294089  0.5019358
  0.62749972  0.48430746  0.43049677  0.43859951  0.44503314  0.49420143
  0.4554156   0.47874879  0.46223248  0.45925539  0.4472524   0.46844981
  0.50751357  0.46080446  0.52080952  0.47231549  0.52497224  0.48070493
  0.4940313   0.59380003  0.41270947  0.53040677  0.7964711   0.49805196
  0.57895575  0.43731437  0.52362865  0.52363894  0.41915906  0.49467285
  0.43403303  0.67064575  0.48745837  0.47324034  0.44436899  0.52037386
  0.4827455   0.44313764  0.55523867  0.53632147  0.54819432  0.47348408
  0.47446361  0.49152367  0.54566793  0.71053017  0.52155034  0.47932271
  0.50749379  0.47078625  0.77689146  0.51608941  0.45755495  0.5515723
  0.4732361   0.4580762   0.46503176  0.52080952  0.52168896  0.45515498
  0.43235615  0.48299454  0.52155034  0.53632147  0.52037386  0.50751357
  0.44503314  0.47348408  0.51096723  0.46768954  0.47348408  0.47324034
  0.55205786  0.49805196  0.48931913  0.50754229  0.43823992  0.47078625
  0.48279863  0.50491329  0.40809668  0.41915906  0.51793604  0.47921028
  0.50607717  0.43235615  0.47488646  0.4814852   0.52204897  0.43049677
  0.46484175  0.45925539  0.38161741  0.49256918  0.47855901  0.42275505
  0.46484175  0.46237112  0.44503314  0.47008807  0.48352329  0.55867291
  0.50491329  0.49583795  0.50491329  0.45755495  0.57256503  0.47673743
  0.55997403  0.44821184  0.42796131  0.49854771  0.4853648   0.47523929
  0.45883046  0.50184376  0.42076845  0.50306452  0.41804391  0.43710765
  0.49256918  0.51793604  0.47488646  0.77689146  0.62275919  0.52037386
  0.5243335   0.5019358   0.5463554   0.46503176  0.49157255  0.50184376
  0.46594154  0.44503314  0.4563068   0.41915906  0.48299454  0.38209718
  0.42545631  0.47231549  0.54356658  0.47187931  0.41481081  0.55867291
  0.50491329  0.46484175  0.45855176  0.50306452  0.4756285   0.49459257
  0.44376261  0.49404834  0.55205786  0.49256918  0.62749972  0.4940313
  0.43260206  0.49054825  0.48747559  0.48352329  0.49054825  0.49854771
  0.48360234  0.43175208  0.48993098  0.44947061  0.42275505  0.50800176
  0.4940313   0.62067649  0.50491329]