[ 0.4469509   0.46755324  0.50134099  0.48505054  0.46587851  0.48197168
  0.60482919  0.49604381  0.43783549  0.54179688  0.49383887  0.55269505
  0.49042043  0.51432401  0.4741743   0.5181567   0.52946651  0.49383887
  0.60482919  0.48223007  0.46437724  0.44470203  0.48995851  0.39581635
  0.57623806  0.48223007  0.55065039  0.47108576  0.68572875  0.49241639
  0.52672574  0.46587851  0.48995851  0.53096814  0.61957203  0.43367341
  0.49958466  0.44876042  0.49383887  0.4606327   0.48995851  0.53383161
  0.54565497  0.5087763   0.49972007  0.49883841  0.61957203  0.46648238
  0.44649219  0.55996374  0.44802563  0.51300803  0.46628523  0.45809949
  0.46437724  0.48714551  0.48714551  0.55756494  0.56425533  0.53521236
  0.47341786  0.57337045  0.51300803  0.51361946  0.51330067  0.57337045
  0.47108576  0.72997378  0.48331732  0.43367341  0.512088    0.46539695
  0.50666883  0.44644263  0.48134787  0.46755324  0.4741743   0.48451756
  0.48010192  0.41896832  0.48451756  0.49132841  0.53338043  0.48197168
  0.4469509   0.48134787  0.51361946  0.4775521   0.48134787  0.48134787
  0.45809949  0.44688002  0.51512273  0.41805301  0.55756494  0.49132841
  0.50154324  0.48197168  0.52672574  0.50912637  0.54825344  0.55784625
  0.5297199   0.52237219  0.55756494  0.50142779  0.49241639  0.53605291
  0.46628523  0.68469137  0.4452538   0.43527972  0.77155166  0.60439234
  0.45411948  0.44159583  0.48451756  0.45972975  0.49805738  0.54825344
  0.51097337  0.53096814  0.50666883  0.47108576  0.48859767  0.49132841
  0.45144479  0.54825344  0.53583414  0.46539695  0.49241639  0.47522412
  0.51695435  0.46539695  0.47643633  0.53583414  0.46733429  0.55996374
  0.51261283  0.43367341  0.55065039  0.77332778  0.53521236  0.512088
  0.4868922   0.53675766  0.48223007  0.47489565  0.60482919  0.68469137
  0.43367341  0.47108576  0.48540533  0.48010192  0.60482919  0.51300803
  0.44159583  0.64262479  0.48190414  0.45432355  0.46437724  0.49883841
  0.50804046  0.44328127  0.49132841  0.53583414  0.4851174   0.49417835
  0.43367341  0.46755324  0.43367341  0.4741743   0.46587851  0.46755324
  0.4812953   0.52237219  0.48668268  0.46437724  0.4741743   0.51015121
  0.47522412  0.49383887  0.51300803  0.45940889  0.64262479  0.47522412
  0.55996374  0.52672574  0.53605291  0.49383887  0.48714551  0.49241639
  0.53338043  0.46755324  0.4741743   0.54041043  0.45809949  0.4473044
  0.4851174   0.5181567   0.76373127  0.52672574  0.61620871  0.51616176
  0.56425533  0.60482919  0.51261283  0.51512273  0.47983357  0.78328888
  0.68572875  0.45915374  0.45624673  0.47939949  0.46894525  0.52380164
  0.52672574  0.43367341  0.46774888  0.77155166  0.52920949  0.60439234
  0.51432401  0.49883841  0.55996374  0.51133188  0.46539695  0.50864319
  0.68469137  0.4857707   0.48223007  0.4409184   0.4968719   0.52672574
  0.4797527   0.50804046  0.48129631  0.48134787  0.45141323  0.5065531
  0.4741743   0.46648238  0.5087763   0.49383887  0.51588012  0.55756494
  0.48995851  0.52640339  0.42416705  0.55756494  0.78289022  0.57337045
  0.51512273  0.48664747  0.512088    0.51984291  0.48010192  0.51544381
  0.48010192  0.73984712  0.5266084   0.45923055  0.55756494  0.52920949
  0.50154324  0.45201111  0.50912637  0.54179688  0.54600418  0.48540533
  0.49383887  0.50014257  0.53096814  0.61957203  0.52549982  0.46894525
  0.55065039  0.47108576  0.77178377  0.53338043  0.47608657  0.60482919
  0.42247787  0.52991404  0.49132841  0.5087763   0.49805738  0.47108576
  0.45432355  0.48848379  0.52549982  0.54179688  0.52920949  0.4741743
  0.4968719   0.48540533  0.5497279   0.50804046  0.48540533  0.45923055
  0.60439234  0.57337045  0.55756494  0.512088    0.43591658  0.49883841
  0.46642216  0.53583414  0.43259508  0.48010192  0.53338043  0.46172567
  0.51483889  0.45432355  0.48529885  0.46587851  0.53521236  0.47608657
  0.46694364  0.46889884  0.58457322  0.49241639  0.53605291  0.43367341
  0.46694364  0.51133188  0.4968719   0.47823385  0.48714551  0.60482919
  0.53583414  0.55231798  0.53583414  0.47608657  0.58899778  0.47643633
  0.47522412  0.44937667  0.39581635  0.50666883  0.49096748  0.45809949
  0.44644263  0.46755324  0.44485192  0.50142779  0.44159583  0.50599173
  0.49241639  0.53338043  0.48529885  0.77178377  0.64262479  0.52920949
  0.58083867  0.50864319  0.52205304  0.49132841  0.53338043  0.46755324
  0.44073579  0.4968719   0.46300001  0.48010192  0.48848379  0.55784625
  0.48010192  0.49383887  0.52992928  0.49756397  0.44159583  0.5065531
  0.53583414  0.46694364  0.47909444  0.50142779  0.50475785  0.49247316
  0.46437724  0.47004708  0.60439234  0.49241639  0.68469137  0.48995851
  0.43412015  0.51361946  0.4581193   0.48714551  0.51361946  0.50666883
  0.46648238  0.43137011  0.46648238  0.48010192  0.43367341  0.54427043
  0.48995851  0.56072334  0.53583414]