[ 0.4854371   0.51125945  0.50312726  0.47089048  0.44728505  0.48521128
  0.54398438  0.50505235  0.42317483  0.50027388  0.46090177  0.53532281
  0.52824112  0.48145887  0.50987905  0.50866623  0.52443909  0.46090177
  0.54398438  0.43062419  0.44833892  0.42373642  0.52576611  0.38036694
  0.616995    0.43062419  0.53227641  0.46521872  0.48319525  0.49114315
  0.48653315  0.44728505  0.52576611  0.54867335  0.6671728   0.42741593
  0.51288593  0.42368911  0.46090177  0.48576838  0.52576611  0.49917322
  0.51703966  0.49317316  0.50863429  0.45526681  0.6671728   0.40785213
  0.4473095   0.5355737   0.47470893  0.51589375  0.40155942  0.43834753
  0.44833892  0.46393971  0.46393971  0.48800279  0.49845459  0.53926847
  0.44184589  0.51026432  0.51589375  0.51994471  0.50263999  0.51026432
  0.46521872  0.71330411  0.50676853  0.42741593  0.52396907  0.46534347
  0.51582442  0.46104259  0.43592741  0.51125945  0.50987905  0.49952341
  0.44214738  0.42188801  0.49952341  0.49058706  0.54044072  0.48521128
  0.4854371   0.43592741  0.51994471  0.50679588  0.43592741  0.43592741
  0.43834753  0.44913275  0.50128157  0.42101795  0.48800279  0.49058706
  0.48399066  0.48521128  0.48653315  0.53383853  0.49766624  0.40743663
  0.51246433  0.49857819  0.48800279  0.4771498   0.49114315  0.47130561
  0.40155942  0.72646253  0.39660383  0.43517368  0.74344973  0.578301
  0.43431148  0.41316575  0.49952341  0.47620593  0.48496729  0.49766624
  0.50673151  0.54867335  0.51582442  0.46521872  0.48971889  0.49058706
  0.41174227  0.49766624  0.49917322  0.46534347  0.49114315  0.51772088
  0.52497801  0.46534347  0.50095342  0.49917322  0.47574414  0.5355737
  0.47252308  0.42741593  0.53227641  0.78439204  0.53926847  0.52396907
  0.50966836  0.50045296  0.43062419  0.4997685   0.54398438  0.72646253
  0.42741593  0.46521872  0.4985661   0.44214738  0.54398438  0.51589375
  0.41316575  0.63623781  0.49500227  0.45498381  0.44833892  0.45526681
  0.49181018  0.46230027  0.49058706  0.49917322  0.48365529  0.53228986
  0.42741593  0.51125945  0.42741593  0.50987905  0.44728505  0.51125945
  0.41745372  0.49857819  0.46798994  0.44833892  0.50987905  0.51736717
  0.51772088  0.46090177  0.51589375  0.48262082  0.63623781  0.51772088
  0.5355737   0.48653315  0.47130561  0.46090177  0.46393971  0.49114315
  0.54044072  0.51125945  0.50987905  0.55992604  0.43834753  0.45669228
  0.48365529  0.50866623  0.77353523  0.48653315  0.60040167  0.47114635
  0.49845459  0.54398438  0.47252308  0.50128157  0.53081464  0.8108945
  0.48319525  0.47793289  0.49174939  0.47462311  0.46288809  0.56281298
  0.48653315  0.42741593  0.40945811  0.74344973  0.53528581  0.578301
  0.48145887  0.45526681  0.5355737   0.45997764  0.46534347  0.5056957
  0.72646253  0.49903682  0.43062419  0.40845423  0.442192    0.48653315
  0.49250022  0.49181018  0.4804055   0.43592741  0.43297586  0.47701929
  0.50987905  0.40785213  0.49317316  0.46090177  0.52013865  0.48800279
  0.52576611  0.56899988  0.43106051  0.48800279  0.791997    0.51026432
  0.50128157  0.4440733   0.52396907  0.5269605   0.44214738  0.50379815
  0.44214738  0.6602994   0.5070072   0.46482732  0.48800279  0.53528581
  0.48399066  0.45969878  0.53383853  0.50027388  0.54771224  0.4985661
  0.46090177  0.54053146  0.54867335  0.6671728   0.50815155  0.46288809
  0.53227641  0.46521872  0.72273569  0.54044072  0.43332424  0.54398438
  0.44474808  0.47289878  0.49058706  0.49317316  0.48496729  0.46521872
  0.45498381  0.47699676  0.50815155  0.50027388  0.53528581  0.50987905
  0.442192    0.4985661   0.56059289  0.49181018  0.4985661   0.46482732
  0.578301    0.51026432  0.48800279  0.52396907  0.43806228  0.45526681
  0.398807    0.49917322  0.38805556  0.44214738  0.54044072  0.4899307
  0.50231381  0.45498381  0.41088779  0.44728505  0.53926847  0.43332424
  0.49285985  0.43220806  0.41031801  0.49114315  0.47130561  0.42741593
  0.49285985  0.45997764  0.442192    0.44790849  0.46393971  0.54398438
  0.49917322  0.49411851  0.49917322  0.43332424  0.53519865  0.50095342
  0.51772088  0.4698316   0.38036694  0.51582442  0.45734617  0.43834753
  0.46104259  0.51125945  0.42742453  0.4771498   0.41316575  0.41946594
  0.49114315  0.54044072  0.41088779  0.72273569  0.63623781  0.53528581
  0.55652431  0.5056957   0.51971732  0.49058706  0.54044072  0.51125945
  0.46570763  0.442192    0.44931169  0.44214738  0.47699676  0.40743663
  0.44214738  0.46090177  0.5291155   0.4646596   0.41316575  0.47701929
  0.49917322  0.49285985  0.45345362  0.4771498   0.43802483  0.47776186
  0.44833892  0.46916317  0.578301    0.49114315  0.72646253  0.52576611
  0.43051233  0.51994471  0.45415004  0.46393971  0.51994471  0.51582442
  0.40785213  0.39611154  0.40785213  0.44214738  0.42741593  0.47432537
  0.52576611  0.59501487  0.49917322]