[ 0.48185197  0.51244944  0.48346966  0.462538    0.46057599  0.49599164
  0.55936141  0.47027758  0.44238309  0.51445349  0.45134871  0.52955059
  0.52775188  0.4527467   0.47811952  0.4871756   0.49316257  0.45992176
  0.56194023  0.41921503  0.44489539  0.4114486   0.52332701  0.38618835
  0.62000948  0.41921503  0.5050366   0.46444527  0.51800838  0.48896401
  0.51050068  0.46057599  0.52332701  0.54867424  0.65580726  0.43993608
  0.53944266  0.43242473  0.45992176  0.4997668   0.52332701  0.50360784
  0.49945065  0.53557906  0.50013313  0.46062761  0.65580726  0.41155211
  0.47374874  0.55192282  0.4306192   0.52323111  0.40905885  0.45036937
  0.44489539  0.47594249  0.48215826  0.46373243  0.50663551  0.50820941
  0.45615736  0.48436539  0.52323111  0.51594098  0.51122462  0.48436539
  0.46444527  0.61957555  0.51173458  0.43993608  0.5129573   0.46631118
  0.49745116  0.44806217  0.43714597  0.51244944  0.47811952  0.4855347
  0.42397891  0.42365364  0.4855347   0.46804455  0.54754848  0.50234847
  0.48185197  0.43714597  0.51594098  0.49330229  0.4279893   0.4279893
  0.45036937  0.47388748  0.49851749  0.42339457  0.49321118  0.46804455
  0.46093071  0.50234847  0.51050068  0.52973993  0.48632229  0.37881865
  0.51646996  0.49112368  0.46485252  0.49435113  0.48896401  0.47577701
  0.40905885  0.66540745  0.39730717  0.39802318  0.81329377  0.5357608
  0.42613404  0.41171215  0.4855347   0.46090251  0.51321799  0.48632229
  0.50159714  0.54867424  0.49745116  0.46444527  0.50215612  0.46804455
  0.41973252  0.48632229  0.50348544  0.46631118  0.48896401  0.55207968
  0.52118792  0.46631118  0.48499659  0.50348544  0.45347955  0.55192282
  0.47662977  0.43993608  0.52211071  0.77048738  0.50820941  0.54385742
  0.52130939  0.4545684   0.41921503  0.51143108  0.5496103   0.66540745
  0.43993608  0.46444527  0.50719192  0.42397891  0.56194023  0.52323111
  0.42111282  0.56846346  0.47144124  0.42890114  0.44489539  0.46062761
  0.47765694  0.45669366  0.46804455  0.50348544  0.49622136  0.52110232
  0.43993608  0.51244944  0.43993608  0.47811952  0.46057599  0.51244944
  0.42315193  0.49112368  0.46090481  0.44489539  0.47811952  0.52469269
  0.55762362  0.45134871  0.52323111  0.47501112  0.56846346  0.55207968
  0.55192282  0.51050068  0.47577701  0.45992176  0.48215826  0.48896401
  0.54777349  0.51244944  0.47811952  0.53073484  0.45036937  0.46461884
  0.49622136  0.4871756   0.65456684  0.51050068  0.54715676  0.46301894
  0.50663551  0.56194023  0.47662977  0.53294563  0.53586064  0.78336503
  0.51800838  0.51112822  0.51119673  0.43139389  0.48177772  0.54621506
  0.51050068  0.43993608  0.43620055  0.81329377  0.50938757  0.51101379
  0.4527467   0.46062761  0.55192282  0.43587313  0.46631118  0.5024816
  0.66540745  0.49765864  0.41921503  0.41493006  0.44272167  0.51050068
  0.47074439  0.47765694  0.4623465   0.44934324  0.44611064  0.44383678
  0.47811952  0.42690231  0.53557906  0.45992176  0.54334906  0.46415806
  0.52332701  0.5700755   0.42964892  0.49013005  0.80580594  0.48436539
  0.53294563  0.44112353  0.54385742  0.50424794  0.43051133  0.49846719
  0.42397891  0.69544316  0.52340087  0.47302434  0.43873556  0.50938757
  0.46093071  0.45825567  0.54299928  0.51445349  0.5375585   0.50719192
  0.45134871  0.53312752  0.54867424  0.65580726  0.50316836  0.48177772
  0.5050366   0.48784584  0.73639361  0.54162519  0.42862018  0.54878752
  0.46179239  0.44191418  0.46804455  0.53557906  0.51321799  0.46444527
  0.42890114  0.48584123  0.50316836  0.51445349  0.50938757  0.47811952
  0.44272167  0.50719192  0.54951077  0.45038561  0.50719192  0.47302434
  0.5357608   0.48436539  0.46809359  0.49361983  0.44135508  0.46062761
  0.41206789  0.50348544  0.4034693   0.43051133  0.53987323  0.49748385
  0.48447323  0.42890114  0.41119093  0.46057599  0.50820941  0.42595698
  0.49012932  0.4504523   0.38635848  0.48896401  0.47577701  0.43993608
  0.49012932  0.43587313  0.44272167  0.45446993  0.47417117  0.56194023
  0.50348544  0.44709877  0.50348544  0.42862018  0.56023429  0.50586444
  0.55207968  0.44011879  0.38618835  0.49745116  0.4756117   0.45036937
  0.44806217  0.51244944  0.42485324  0.49435113  0.42363851  0.4394499
  0.48896401  0.53987323  0.41119093  0.73639361  0.56846346  0.50938757
  0.55665012  0.5024816   0.52214632  0.46804455  0.54777349  0.51244944
  0.43832994  0.44272167  0.43466372  0.43051133  0.48584123  0.37881865
  0.43190595  0.45992176  0.53083934  0.4653626   0.41171215  0.52001544
  0.50348544  0.49012932  0.43401423  0.49435113  0.42780819  0.48162753
  0.44489539  0.4874892   0.5357608   0.48896401  0.66540745  0.52332701
  0.42540906  0.51594098  0.48536249  0.47417117  0.51594098  0.49745116
  0.4118399   0.42081926  0.43052218  0.43714805  0.43993608  0.48154327
  0.52332701  0.56957823  0.50348544]