[ 0.46448671  0.49148988  0.48447329  0.4361975   0.44741453  0.4770694
  0.54748473  0.49769568  0.46257246  0.53343411  0.42792396  0.55295269
  0.49238818  0.47191984  0.49642439  0.48599064  0.50150828  0.42792396
  0.54748473  0.41487506  0.46819949  0.45354388  0.53767331  0.38566039
  0.6213605   0.41487506  0.55551011  0.44737865  0.57800766  0.4927097
  0.50446137  0.44741453  0.53767331  0.52935571  0.65209896  0.44760551
  0.52285587  0.43307174  0.42792396  0.462071    0.53767331  0.51749986
  0.55211925  0.51917123  0.49039953  0.48088159  0.65209896  0.4024526
  0.45016697  0.52690671  0.44417823  0.51583374  0.45354388  0.44840679
  0.46819949  0.47171485  0.47171485  0.4554135   0.51191416  0.51861798
  0.42553525  0.64693036  0.51583374  0.52926576  0.50451356  0.64693036
  0.44737865  0.61754942  0.51223029  0.44760551  0.52643029  0.47227087
  0.4877686   0.42999272  0.42535634  0.49148988  0.49642439  0.47313819
  0.41044074  0.40099852  0.47313819  0.43610748  0.50738374  0.4770694
  0.46448671  0.42535634  0.52926576  0.4941581   0.42535634  0.42535634
  0.44840679  0.46804349  0.52535949  0.39626936  0.4554135   0.43610748
  0.47813332  0.4770694   0.50446137  0.57171031  0.49706366  0.46839013
  0.51234297  0.48042376  0.4554135   0.49299307  0.4927097   0.52467225
  0.45354388  0.63723445  0.42683225  0.44093063  0.75072147  0.5802857
  0.43531897  0.43214775  0.47313819  0.50856678  0.50316745  0.49706366
  0.48591552  0.52935571  0.4877686   0.44737865  0.54356662  0.43610748
  0.41373371  0.49706366  0.51695563  0.47227087  0.4927097   0.58684272
  0.52547422  0.47227087  0.49422278  0.51695563  0.45374695  0.52690671
  0.50813357  0.44760551  0.55551011  0.6991812   0.51861798  0.52643029
  0.48766756  0.50917441  0.41487506  0.48337404  0.54748473  0.63723445
  0.44760551  0.44737865  0.47490344  0.41044074  0.54748473  0.51583374
  0.43214775  0.67467136  0.44081343  0.42014236  0.46819949  0.48088159
  0.47022278  0.50383062  0.43610748  0.51695563  0.48246799  0.52166618
  0.44760551  0.49148988  0.44760551  0.49642439  0.44741453  0.49148988
  0.41418103  0.48042376  0.45329109  0.46819949  0.49642439  0.49534486
  0.58684272  0.42792396  0.51583374  0.48154898  0.67467136  0.58684272
  0.52690671  0.50446137  0.52467225  0.42792396  0.47171485  0.4927097
  0.50738374  0.49148988  0.49642439  0.55691002  0.44840679  0.48858547
  0.48246799  0.48599064  0.70260797  0.50446137  0.56615941  0.46932466
  0.51191416  0.54748473  0.50813357  0.52535949  0.52110477  0.75694842
  0.57800766  0.46502783  0.49815058  0.48185531  0.47192811  0.52531818
  0.50446137  0.44760551  0.43999674  0.75072147  0.51813506  0.5802857
  0.47191984  0.48088159  0.52690671  0.42954336  0.47227087  0.4987553
  0.63723445  0.47264619  0.41487506  0.44093063  0.46981546  0.50446137
  0.47982617  0.47022278  0.46412742  0.42535634  0.44409464  0.46457993
  0.49642439  0.4024526   0.51917123  0.42792396  0.53752258  0.4554135
  0.53767331  0.55452754  0.43209187  0.4554135   0.75957141  0.64693036
  0.52535949  0.48083362  0.52643029  0.52303049  0.41044074  0.52422486
  0.41044074  0.66447797  0.51593691  0.46810979  0.4554135   0.51813506
  0.47813332  0.47892116  0.57171031  0.53343411  0.51376847  0.47490344
  0.42792396  0.53819696  0.52935571  0.65209896  0.53281682  0.47192811
  0.55551011  0.44737865  0.75927786  0.50738374  0.41372608  0.54748473
  0.41909954  0.47220377  0.43610748  0.51917123  0.50316745  0.44737865
  0.42014236  0.51883543  0.53281682  0.53343411  0.51813506  0.49642439
  0.46981546  0.47490344  0.54585223  0.47022278  0.47490344  0.46810979
  0.5802857   0.64693036  0.4554135   0.52643029  0.43947307  0.48088159
  0.4024526   0.51695563  0.39890615  0.41044074  0.50738374  0.47428294
  0.47792925  0.42014236  0.44786575  0.44741453  0.51861798  0.41372608
  0.48789213  0.40707896  0.41760736  0.4927097   0.52467225  0.44760551
  0.48789213  0.42954336  0.46981546  0.45868455  0.47171485  0.54748473
  0.51695563  0.48004243  0.51695563  0.41372608  0.56735753  0.49422278
  0.58684272  0.45428859  0.38566039  0.4877686   0.46191723  0.44840679
  0.42999272  0.49148988  0.43508839  0.49299307  0.43214775  0.45236438
  0.4927097   0.50738374  0.42683225  0.75927786  0.67467136  0.51813506
  0.55372747  0.4987553   0.52342003  0.43610748  0.50738374  0.49148988
  0.44657776  0.46981546  0.47229146  0.41044074  0.51883543  0.46839013
  0.41044074  0.42792396  0.53933863  0.52124914  0.43214775  0.46457993
  0.51695563  0.48789213  0.42966704  0.49299307  0.44751602  0.50001621
  0.46819949  0.4598      0.5802857   0.4927097   0.63723445  0.53767331
  0.43991549  0.52926576  0.41909954  0.47171485  0.52926576  0.4877686
  0.4024526   0.40741772  0.4024526   0.41044074  0.44760551  0.46927173
  0.53767331  0.59076184  0.51695563]