[ 0.45964879  0.47723688  0.53129237  0.47483877  0.47269866  0.49733129
  0.58085741  0.47965388  0.43870862  0.5322857   0.48963182  0.52834474
  0.49113378  0.46952654  0.48053795  0.50245002  0.49256612  0.48963182
  0.58085741  0.42317179  0.44859909  0.45560304  0.52854237  0.38709189
  0.56067922  0.42317179  0.51976478  0.44290794  0.62686758  0.50657455
  0.51720726  0.47269866  0.52854237  0.55641284  0.6956408   0.43568255
  0.51322109  0.43614368  0.48963182  0.45942848  0.52854237  0.4963224
  0.52913927  0.49321706  0.48105952  0.43614793  0.6956408   0.43730091
  0.43873799  0.56538372  0.45947292  0.50689441  0.43971286  0.44306532
  0.44859909  0.48644208  0.48644208  0.52325975  0.53629424  0.51476072
  0.46123461  0.48449671  0.50689441  0.49293629  0.51198084  0.48449671
  0.44290794  0.73102699  0.49106752  0.43568255  0.50329198  0.4626625
  0.50213685  0.43876388  0.43802644  0.47723688  0.48053795  0.44680473
  0.42295237  0.40839955  0.44680473  0.4762341   0.53406187  0.49733129
  0.45964879  0.43802644  0.49293629  0.49629887  0.43802644  0.43802644
  0.44306532  0.45130311  0.52359264  0.40678232  0.52325975  0.4762341
  0.47733201  0.49733129  0.51720726  0.52707879  0.51270043  0.52675846
  0.50290856  0.50825828  0.52325975  0.50486622  0.50657455  0.55315476
  0.43971286  0.68019117  0.45972025  0.42746429  0.74778181  0.57602576
  0.43815202  0.42630812  0.44680473  0.47774019  0.51537775  0.51270043
  0.50275338  0.55641284  0.50213685  0.44290794  0.51114324  0.4762341
  0.42930272  0.51270043  0.49719963  0.4626625   0.50657455  0.4785426
  0.50207487  0.4626625   0.49769259  0.49719963  0.46081088  0.56538372
  0.48646728  0.43568255  0.51976478  0.75888744  0.51476072  0.50329198
  0.50347819  0.51323158  0.42317179  0.5014359   0.58085741  0.68019117
  0.43568255  0.44290794  0.50082405  0.42295237  0.58085741  0.50689441
  0.42630812  0.57522537  0.46531917  0.4280088   0.44859909  0.43614793
  0.48407033  0.46278041  0.4762341   0.49719963  0.49185673  0.51691643
  0.43568255  0.47723688  0.43568255  0.48053795  0.47269866  0.47723688
  0.43431638  0.50825828  0.48178608  0.44859909  0.48053795  0.48759158
  0.47795147  0.48963182  0.50689441  0.47547369  0.57522537  0.4785426
  0.56538372  0.51720726  0.55315476  0.48963182  0.48644208  0.50657455
  0.53406187  0.47723688  0.48053795  0.53460594  0.44306532  0.46686274
  0.49185673  0.50245002  0.78190858  0.51720726  0.58518647  0.47138204
  0.53629424  0.58085741  0.48646728  0.52359264  0.50618437  0.83843826
  0.62686758  0.45922667  0.4742031   0.45948925  0.46923037  0.50204788
  0.51720726  0.43568255  0.44855581  0.74778181  0.50624481  0.57602576
  0.46952654  0.43614793  0.56538372  0.4500881   0.4626625   0.48551496
  0.68019117  0.47974159  0.42317179  0.42480841  0.45204874  0.51720726
  0.47168345  0.48407033  0.47531903  0.43802644  0.46197635  0.48697144
  0.48053795  0.43730091  0.49321706  0.48963182  0.53506886  0.52325975
  0.52854237  0.56413607  0.42529521  0.52325975  0.83400991  0.48449671
  0.52359264  0.45306649  0.50329198  0.53030652  0.42295237  0.5253236
  0.42295237  0.67929499  0.53061144  0.46737022  0.52325975  0.50624481
  0.47733201  0.45292099  0.52707879  0.5322857   0.51698874  0.50082405
  0.48963182  0.51762155  0.55641284  0.6956408   0.52596172  0.46923037
  0.51976478  0.44290794  0.6999716   0.53406187  0.42778927  0.58085741
  0.42817639  0.48672487  0.4762341   0.49321706  0.51537775  0.44290794
  0.4280088   0.4762371   0.52596172  0.5322857   0.50624481  0.48053795
  0.45204874  0.50082405  0.56895058  0.48407033  0.50082405  0.46737022
  0.57602576  0.48449671  0.52325975  0.50329198  0.42350067  0.43614793
  0.43630524  0.49719963  0.39617692  0.42295237  0.53406187  0.50209642
  0.50452331  0.4280088   0.46684028  0.47269866  0.51476072  0.42778927
  0.46564503  0.41518826  0.47345222  0.50657455  0.55315476  0.43568255
  0.46564503  0.4500881   0.45204874  0.4567152   0.48644208  0.58085741
  0.49719963  0.51131349  0.49719963  0.42778927  0.55980325  0.49769259
  0.4785426   0.45358374  0.38709189  0.50213685  0.44991365  0.44306532
  0.43876388  0.47723688  0.42257466  0.50486622  0.42630812  0.45114725
  0.50657455  0.53406187  0.46684028  0.6999716   0.57522537  0.50624481
  0.56618746  0.48551496  0.48273355  0.4762341   0.53406187  0.47723688
  0.45122569  0.45204874  0.46894213  0.42295237  0.4762371   0.52675846
  0.42295237  0.48963182  0.52672266  0.43498145  0.42630812  0.48697144
  0.49719963  0.46564503  0.44449005  0.50486622  0.4732413   0.50290468
  0.44859909  0.47446802  0.57602576  0.50657455  0.68019117  0.52854237
  0.42348067  0.49293629  0.46481124  0.48644208  0.49293629  0.50213685
  0.43730091  0.43332848  0.43730091  0.42295237  0.43568255  0.51903657
  0.52854237  0.55515021  0.49719963]