[ 0.47942234  0.51659872  0.50873623  0.44134548  0.49073036  0.49525689
  0.51871854  0.48865455  0.45338125  0.53489914  0.44832169  0.51589597
  0.51901373  0.47288519  0.50567961  0.51232121  0.46842618  0.44832169
  0.51871854  0.43729674  0.46574872  0.43772616  0.52147923  0.40930188
  0.63952963  0.43729674  0.56048082  0.45401638  0.61065592  0.49627303
  0.50972005  0.49073036  0.52147923  0.53795423  0.70662139  0.44470596
  0.52465631  0.44544062  0.44832169  0.45434378  0.52147923  0.49573621
  0.52030094  0.55566153  0.52410126  0.48244041  0.70662139  0.42334354
  0.45189226  0.54758183  0.4432373   0.54380839  0.43772616  0.45675006
  0.46574872  0.46822761  0.46822761  0.52380192  0.50973073  0.5398786
  0.46161273  0.60591793  0.54380839  0.51599457  0.50484145  0.60591793
  0.45401638  0.63364936  0.49331887  0.44470596  0.51241207  0.46593923
  0.52743564  0.45583257  0.47841211  0.51659872  0.50567961  0.47899079
  0.43957727  0.42730396  0.47899079  0.47569889  0.52055507  0.49525689
  0.47942234  0.47841211  0.51599457  0.51565682  0.47841211  0.47841211
  0.45675006  0.46803113  0.50223327  0.39720824  0.52380192  0.47569889
  0.48155261  0.49525689  0.50972005  0.59444499  0.50562973  0.5754521
  0.52638519  0.4959473   0.52380192  0.49212461  0.49627303  0.51401457
  0.43772616  0.64147798  0.41533283  0.40957917  0.72303642  0.5944146
  0.44096615  0.43502993  0.47899079  0.48592348  0.5182136   0.50562973
  0.4843022   0.53795423  0.52743564  0.45401638  0.51978193  0.47569889
  0.42574168  0.50562973  0.49573621  0.46593923  0.49627303  0.59589111
  0.49747067  0.46593923  0.54848095  0.49573621  0.4638314   0.54758183
  0.49414279  0.44470596  0.56048082  0.70800885  0.5398786   0.51241207
  0.49249947  0.48532526  0.43729674  0.48487673  0.51871854  0.64147798
  0.44470596  0.45401638  0.4994111   0.43957727  0.51871854  0.54380839
  0.43502993  0.61999513  0.48178301  0.43991869  0.46574872  0.48244041
  0.48918203  0.45836636  0.47569889  0.49573621  0.51339546  0.48088379
  0.44470596  0.51659872  0.44470596  0.50567961  0.49073036  0.51659872
  0.44949878  0.4959473   0.45133214  0.46574872  0.50567961  0.49941237
  0.59622777  0.44832169  0.54380839  0.51266783  0.61999513  0.59589111
  0.54758183  0.50972005  0.51401457  0.44832169  0.46822761  0.49627303
  0.52055507  0.51659872  0.50567961  0.5224169   0.45675006  0.46793793
  0.51339546  0.51232121  0.72688692  0.50972005  0.57968546  0.44903081
  0.50973073  0.51871854  0.49414279  0.50223327  0.52266142  0.81344893
  0.61065592  0.46626465  0.5104084   0.45245206  0.46915108  0.53883203
  0.50972005  0.44470596  0.41700636  0.72303642  0.5588732   0.5944146
  0.47288519  0.48244041  0.54758183  0.4282482   0.46593923  0.52023096
  0.64147798  0.50520518  0.43729674  0.40957917  0.42833982  0.50972005
  0.49476961  0.48918203  0.46762317  0.47841211  0.43818264  0.4796265
  0.50567961  0.42334354  0.55566153  0.44832169  0.52159072  0.52380192
  0.52147923  0.54159958  0.44957994  0.52380192  0.79699758  0.60591793
  0.50223327  0.46154915  0.51241207  0.50763643  0.43957727  0.5032093
  0.43957727  0.69903706  0.50314213  0.47418392  0.52380192  0.5588732
  0.48155261  0.46030402  0.59444499  0.53489914  0.56205925  0.4994111
  0.44832169  0.49260261  0.53795423  0.70662139  0.52903031  0.46915108
  0.56048082  0.45401638  0.74248246  0.52055507  0.42097512  0.51871854
  0.41927214  0.46851144  0.47569889  0.55566153  0.5182136   0.45401638
  0.43991869  0.48545436  0.52903031  0.53489914  0.5588732   0.50567961
  0.42833982  0.4994111   0.55983805  0.48918203  0.4994111   0.47418392
  0.5944146   0.60591793  0.52380192  0.51241207  0.45591406  0.48244041
  0.42334354  0.49573621  0.42213642  0.43957727  0.52055507  0.4477074
  0.50714271  0.43991869  0.42585114  0.49073036  0.5398786   0.42097512
  0.46107712  0.43064719  0.58113741  0.49627303  0.51401457  0.44470596
  0.46107712  0.4282482   0.42833982  0.44154409  0.46822761  0.51871854
  0.49573621  0.4783141   0.49573621  0.42097512  0.55756757  0.54848095
  0.59589111  0.45877837  0.40930188  0.52743564  0.46209546  0.45675006
  0.45583257  0.51659872  0.42940572  0.49212461  0.43502993  0.45634151
  0.49627303  0.52055507  0.41533283  0.74248246  0.61999513  0.5588732
  0.56227516  0.52023096  0.54245116  0.47569889  0.52055507  0.51659872
  0.44775052  0.42833982  0.47125544  0.43957727  0.48545436  0.5754521
  0.43957727  0.44832169  0.54959403  0.52480246  0.43502993  0.4796265
  0.49573621  0.46107712  0.43662374  0.49212461  0.46491012  0.50150153
  0.46574872  0.51406085  0.5944146   0.49627303  0.64147798  0.52147923
  0.4262611   0.51599457  0.41927214  0.46822761  0.51599457  0.52743564
  0.42334354  0.40330167  0.42334354  0.43957727  0.44470596  0.47915667
  0.52147923  0.5832668   0.49573621]