[ 0.47751755  0.51099013  0.4973605   0.44309398  0.48986011  0.50270386
  0.54143723  0.49193123  0.43997632  0.53182803  0.45423612  0.53820376
  0.53417789  0.47685165  0.49049713  0.50545288  0.5190493   0.45423612
  0.54143723  0.44873385  0.45219879  0.41478776  0.50861344  0.3880452
  0.5451697   0.44873385  0.54442516  0.47605893  0.4748256   0.50327191
  0.53694741  0.48986011  0.50861344  0.57350379  0.65614294  0.45380031
  0.51942763  0.4228145   0.45423612  0.48275884  0.50861344  0.52276283
  0.50436847  0.51658555  0.49841388  0.47401963  0.65614294  0.42568104
  0.46550302  0.58318043  0.48926617  0.49815739  0.45579508  0.45042655
  0.45219879  0.46742151  0.46742151  0.52524183  0.53296134  0.53487249
  0.45575412  0.50899639  0.49815739  0.52504812  0.49590121  0.50899639
  0.47605893  0.69150722  0.50128126  0.45380031  0.49884129  0.45592932
  0.50717289  0.43290627  0.48181036  0.51099013  0.49049713  0.49119545
  0.43562117  0.44016986  0.49119545  0.49989475  0.53567441  0.50270386
  0.47751755  0.48181036  0.52504812  0.49663954  0.48181036  0.48181036
  0.45042655  0.43315165  0.50870204  0.38823407  0.52524183  0.49989475
  0.47059533  0.50270386  0.53694741  0.53669746  0.5063508   0.39796756
  0.50870199  0.47299635  0.52524183  0.4858019   0.50327191  0.49125267
  0.45579508  0.63177137  0.43842672  0.42824921  0.77361133  0.55801927
  0.43637824  0.43311573  0.49119545  0.46408595  0.56247077  0.5063508
  0.4943803   0.57350379  0.50717289  0.47605893  0.48631197  0.49989475
  0.44672823  0.5063508   0.52279472  0.45592932  0.50327191  0.46411828
  0.48967638  0.45592932  0.51860218  0.52279472  0.46896398  0.58318043
  0.47276437  0.45380031  0.54442516  0.74231189  0.53487249  0.49884129
  0.49976422  0.48110227  0.44873385  0.46414177  0.54143723  0.63177137
  0.45380031  0.47605893  0.48866129  0.43562117  0.54143723  0.49815739
  0.43311573  0.64977398  0.49938077  0.44420599  0.45219879  0.47401963
  0.44292724  0.43227901  0.49989475  0.52279472  0.53984679  0.50091834
  0.45380031  0.51099013  0.45380031  0.49049713  0.48986011  0.51099013
  0.44217384  0.47299635  0.45185516  0.45219879  0.49049713  0.50787995
  0.46411828  0.45423612  0.49815739  0.50911822  0.64977398  0.46411828
  0.58318043  0.53694741  0.49125267  0.45423612  0.46742151  0.50327191
  0.53567441  0.51099013  0.49049713  0.57447322  0.45042655  0.45131617
  0.53984679  0.50545288  0.7079017   0.53694741  0.60264868  0.46318989
  0.53296134  0.54143723  0.47276437  0.50870204  0.52772725  0.79144649
  0.4748256   0.48252739  0.47474627  0.46295695  0.46958569  0.50639807
  0.53694741  0.45380031  0.43536395  0.77361133  0.47754019  0.55801927
  0.47685165  0.47401963  0.58318043  0.46836433  0.45592932  0.5016191
  0.63177137  0.49608644  0.44873385  0.43266178  0.46567365  0.53694741
  0.48580137  0.44292724  0.49936208  0.48181036  0.42536721  0.48016673
  0.49049713  0.42568104  0.51658555  0.45423612  0.49466416  0.52524183
  0.50861344  0.528631    0.43168499  0.52524183  0.82875819  0.50899639
  0.50870204  0.46878031  0.49884129  0.47771954  0.43562117  0.50768525
  0.43562117  0.66767201  0.51574343  0.46722599  0.52524183  0.47754019
  0.47059533  0.46739953  0.53669746  0.53182803  0.54388135  0.48866129
  0.45423612  0.52405659  0.57350379  0.65614294  0.49044906  0.46958569
  0.54442516  0.47605893  0.75836646  0.53567441  0.43980237  0.54143723
  0.43594352  0.46997321  0.49989475  0.51658555  0.56247077  0.47605893
  0.44420599  0.48322627  0.49044906  0.53182803  0.47754019  0.49049713
  0.46567365  0.49066717  0.57628837  0.44292724  0.48866129  0.46722599
  0.55801927  0.50899639  0.52524183  0.49884129  0.43152284  0.47401963
  0.43841659  0.52279472  0.41855276  0.43562117  0.53567441  0.47863126
  0.53143458  0.44420599  0.46120656  0.48986011  0.53487249  0.43980237
  0.47432754  0.44386744  0.39314444  0.50327191  0.49125267  0.45380031
  0.47432754  0.46836433  0.46567365  0.46636292  0.46742151  0.54143723
  0.52279472  0.4794937   0.52279472  0.43980237  0.56345788  0.51860218
  0.46411828  0.474326    0.3880452   0.50717289  0.47861974  0.45042655
  0.43290627  0.51099013  0.45230444  0.4858019   0.43311573  0.46172679
  0.50327191  0.53567441  0.46120656  0.75836646  0.64977398  0.47754019
  0.56654145  0.5016191   0.52442128  0.49989475  0.53567441  0.51099013
  0.44566217  0.46567365  0.47713087  0.43562117  0.48322627  0.39796756
  0.43562117  0.45423612  0.55206017  0.46241485  0.43311573  0.48016673
  0.52279472  0.47432754  0.42734193  0.4858019   0.47756023  0.47830883
  0.45219879  0.49224994  0.55801927  0.50327191  0.63177137  0.50861344
  0.42552136  0.52504812  0.48799082  0.46742151  0.52504812  0.50717289
  0.42568104  0.41096364  0.42568104  0.43562117  0.45380031  0.52492302
  0.50861344  0.57085819  0.52279472]