[ 0.48743522  0.53464282  0.49041125  0.43697492  0.47014952  0.49349132
  0.55331509  0.4746985   0.42525787  0.5253076   0.44197848  0.55256461
  0.53483724  0.46395312  0.5158091   0.54445322  0.5063086   0.44197848
  0.55331509  0.41686048  0.50678129  0.43222618  0.54807339  0.39588896
  0.53976614  0.41686048  0.52603516  0.41298526  0.52371876  0.52673561
  0.5254729   0.47014952  0.54807339  0.55876565  0.66979073  0.44959975
  0.52720142  0.42785178  0.44197848  0.48698745  0.54807339  0.49822906
  0.52085783  0.56004237  0.4962268   0.4360995   0.66979073  0.47071724
  0.43944435  0.54720282  0.45583422  0.51271706  0.4408035   0.44633828
  0.50678129  0.49444261  0.49444261  0.48652796  0.51001543  0.52678673
  0.43927624  0.50339086  0.51271706  0.52162817  0.54918137  0.50339086
  0.41298526  0.67296889  0.52114317  0.44959975  0.53478517  0.45625676
  0.48786112  0.43468904  0.41288134  0.53464282  0.5158091   0.4788865
  0.40117624  0.40263726  0.4788865   0.4484646   0.53936513  0.49349132
  0.48743522  0.41288134  0.52162817  0.54541486  0.41288134  0.41288134
  0.44633828  0.46351344  0.5711778   0.40602025  0.48652796  0.4484646
  0.47558857  0.49349132  0.5254729   0.54585183  0.50439563  0.45467388
  0.52164768  0.4853041   0.48652796  0.49430173  0.52673561  0.52489813
  0.4408035   0.62099078  0.45151748  0.4288581   0.71111773  0.58757923
  0.42613455  0.42101771  0.4788865   0.51472761  0.51227597  0.50439563
  0.48776479  0.55876565  0.48786112  0.41298526  0.53235424  0.4484646
  0.40498597  0.50439563  0.49791676  0.45625676  0.52673561  0.56885905
  0.52537091  0.45625676  0.49768269  0.49791676  0.43102702  0.54720282
  0.49486926  0.44959975  0.52603516  0.74935184  0.52678673  0.53478517
  0.49959433  0.446495    0.41686048  0.47414225  0.55331509  0.62099078
  0.44959975  0.41298526  0.50439673  0.40117624  0.55331509  0.51271706
  0.42101771  0.61823673  0.48106538  0.38644323  0.50678129  0.4360995
  0.44070272  0.43953636  0.4484646   0.49791676  0.50518574  0.51897802
  0.44959975  0.53464282  0.44959975  0.5158091   0.47014952  0.53464282
  0.43017491  0.4853041   0.4525965   0.50678129  0.5158091   0.47317386
  0.56885905  0.44197848  0.51271706  0.50011343  0.61823673  0.56885905
  0.54720282  0.5254729   0.52489813  0.44197848  0.49444261  0.52673561
  0.53936513  0.53464282  0.5158091   0.52729083  0.44633828  0.47557767
  0.50518574  0.54445322  0.6817194   0.5254729   0.56639042  0.47178248
  0.51001543  0.55331509  0.49486926  0.5711778   0.51997205  0.81013352
  0.52371876  0.4832498   0.50216109  0.43456903  0.47754144  0.50889261
  0.5254729   0.44959975  0.40597912  0.71111773  0.53509522  0.58757923
  0.46395312  0.4360995   0.54720282  0.43791395  0.45625676  0.49812736
  0.62099078  0.48816999  0.41686048  0.41210091  0.43501443  0.5254729
  0.46659321  0.44070272  0.47736076  0.41288134  0.4398005   0.48394744
  0.5158091   0.47071724  0.56004237  0.44197848  0.5342676   0.48652796
  0.54807339  0.55932161  0.42336148  0.48652796  0.7593849   0.50339086
  0.5711778   0.43472531  0.53478517  0.52703017  0.40117624  0.57137734
  0.40117624  0.71285993  0.5078976   0.4678781   0.48652796  0.53509522
  0.47558857  0.49980483  0.54585183  0.5253076   0.55190221  0.50439673
  0.44197848  0.51356937  0.55876565  0.66979073  0.51324259  0.47754144
  0.52603516  0.41298526  0.72561988  0.53936513  0.44013642  0.55331509
  0.42808435  0.45553623  0.4484646   0.56004237  0.51227597  0.41298526
  0.38644323  0.47936621  0.51324259  0.5253076   0.53509522  0.5158091
  0.43501443  0.50439673  0.53281001  0.44070272  0.50439673  0.4678781
  0.58757923  0.50339086  0.48652796  0.53478517  0.4465947   0.4360995
  0.45341713  0.49791676  0.38646754  0.40117624  0.53936513  0.48160556
  0.51800284  0.38644323  0.46323069  0.47014952  0.52678673  0.44013642
  0.45677744  0.41355495  0.4222236   0.52673561  0.52489813  0.44959975
  0.45677744  0.43791395  0.43501443  0.44966828  0.49444261  0.55331509
  0.49791676  0.45596468  0.49791676  0.44013642  0.55433505  0.49768269
  0.56885905  0.45482396  0.39588896  0.48786112  0.47725904  0.44633828
  0.43468904  0.53464282  0.42684773  0.49430173  0.42101771  0.44403803
  0.52673561  0.53936513  0.46323069  0.72561988  0.61823673  0.53509522
  0.5675583   0.49812736  0.51122156  0.4484646   0.53936513  0.53464282
  0.46188834  0.43501443  0.45250069  0.40117624  0.47936621  0.45467388
  0.40117624  0.44197848  0.56426411  0.4609831   0.42101771  0.48394744
  0.49791676  0.45677744  0.43313694  0.49430173  0.427969    0.50041542
  0.50678129  0.46581996  0.58757923  0.52673561  0.62099078  0.54807339
  0.42190772  0.52162817  0.4487197   0.49444261  0.52162817  0.48786112
  0.47071724  0.42454427  0.47071724  0.40117624  0.44959975  0.51106944
  0.54807339  0.55640067  0.49791676]