4.002356719034014243e-01
8.678510687117599876e-01
5.928646530840112616e-01
6.968472498768828460e-01
6.150871344744150981e-01
5.930845603602264982e-01
8.061361240429114616e-01
8.446165386373815087e-01
6.331524230192933089e-01
4.552288892243323004e-01
7.673272298170263905e-01
4.128691477010614230e-01
6.499762232740198264e-01
2.407947147280180278e-01
3.603991307279693634e-01
4.273154638035240316e-01
6.398575167577731371e-01
4.187903376778650544e-01
4.346793568283049969e-01
8.400922903750579485e-01
1.150025030996107839e-01
6.123580357889109038e-01
2.575149146394276056e-01
2.331431930445244105e-01
2.640408965588227908e-01
4.102775079131941727e-01
3.673770734927716552e-01
1.130334960634814256e-01
9.115934088132351953e-02
1.397915170541646525e-02
1.397915170541646525e-02
1.437229053250115365e-02
1.397915170541646525e-02
1.406766258679391542e-02
1.503084322894143038e-02
1.385217632211944126e-02
1.503084322894143038e-02
1.503084322894143038e-02
1.406766258679391542e-02
1.511516500833559248e-02
7.965052296682915978e-02
3.736504732396174755e-01
4.718746536293449423e-01
3.180182587618069490e-01
3.258312800297102352e-01
2.636522388252374172e-01
4.138752746543030159e-01
4.292600961198116960e-01
2.672964872885599252e-01
4.966860766086131918e-01
4.340174640799335237e-01
2.571875882879333663e-01
1.129460564680606488e-01
2.920935580114581431e-01
3.506038114867615074e-01
3.573014703718593865e-01
2.658364667359446876e-01
4.676801823406455116e-01
3.653114551886145200e-01
4.293275650928487508e-01
6.514553356263739214e-01
5.235063156167061305e-01
6.490752661328479389e-01
2.888299572170154317e-01
3.911748496584956936e-01
2.107299163896893812e-01
2.710955701920744754e-01
1.759540334625706304e-01
2.851650871260935083e-01
4.986771885153591932e-01
3.271336491036174743e-01
5.745035656771328991e-01
7.395408864506473057e-01
4.731654640554434077e-01
6.147353001577018361e-01
2.036380977035714412e-01
4.256728712293443295e-01
5.734833472957374667e-01
5.287590285639660603e-01
8.661265894486894212e-02
1.319635770493412519e-01
8.621240423485501680e-02
5.574209177975599783e-01
4.597011498693446829e-01
1.754224616595826125e-01
3.565959632257269529e-01
4.712708429501074048e-01
9.331704026650775030e-03
3.675294856193979665e-01
8.826437854862149157e-01
2.473610008128231397e-01
3.519156232623004699e-01
8.180943737424721529e-02
3.385104041031159472e-01
5.670691995174785838e-01
6.146603710976290547e-01
2.325980658852122018e-01
3.338218466021204978e-01
4.325598091743435014e-01
5.058262685232413070e-01
2.822175714057696405e-01
4.801590985154846614e-01
5.619458415859560629e-01
