5.297802855872060235e-01
6.833297046959737608e-01
5.805630751194895689e-01
7.018832976029982795e-01
7.207586375616253926e-01
1.483983799367885256e-02
7.158397235140602222e-01
1.483970698421821846e-02
7.037519122241649994e-01
2.650422160206742372e-01
3.874029706733138345e-02
6.439744781868137480e-01
6.000219837577239756e-01
6.404576234568296611e-01
1.483970698421821846e-02
8.394898500392827811e-01
8.100107728543071151e-01
7.306717700361970991e-01
1.483970698421821846e-02
7.240783083281896459e-01
1.483970698421821846e-02
6.739375565867306017e-01
3.424161641730223415e-01
3.967812922050928393e-01
2.511602853453542838e-01
5.871143560251984583e-01
1.421888630578645729e-01
8.751381908879675153e-01
2.011845890000019677e-01
4.268730506428017879e-01
8.528353676959196106e-01
6.381508812450003010e-01
7.666631802432215537e-01
4.757304094237938541e-01
6.952288231551793096e-01
4.320779960943400000e-01
1.483944497223631254e-02
1.483944497223631254e-02
6.629781141099253539e-01
9.714363047856777733e-02
1.087190387243219952e-01
7.064060631597861573e-01
2.873915622768836164e-01
7.842167818579776073e-01
8.131555678419453148e-01
5.253059118361630420e-01
1.162447967816779698e-01
4.527076989117991834e-01
6.570575394086339838e-01
1.483931396971492275e-02
1.483931396971492275e-02
7.576433006970962891e-01
8.078248457144326933e-01
4.139667463117265300e-01
4.496430096601277127e-01
1.483931396971492275e-02
7.212629784492002871e-02
1.483918296950648662e-02
1.483918296950648662e-02
8.170635273575628521e-02
8.222604036436408081e-02
7.724910342255969509e-02
8.242225601686957448e-02
1.483918296950648662e-02
5.133360103942433694e-01
7.561663961361267949e-01
8.003296449777521637e-01
2.796258461697362363e-01
1.483918296950648662e-02
8.007597825697176930e-01
5.878461431081208888e-01
7.427500156286694910e-01
1.483905197161095035e-02
1.483905197161095035e-02
5.932219510685755176e-02
2.140560828560716389e-01
4.595851312676937361e-01
6.627502313014844715e-01
7.379591588835215932e-01
7.243023078048573815e-01
7.656156060007197617e-01
5.153658837726615705e-01
6.532665206415182446e-01
6.766015613361161529e-01
4.584249523049540032e-01
1.483892097602824978e-02
3.978552685748301121e-01
5.327985718650350977e-01
4.875655553776868656e-01
6.497893911072329942e-01
5.843303106257866641e-01
1.483892097602824978e-02
2.413132371346345673e-01
5.219557785905638569e-01
3.102507400754258571e-01
7.162698921542489661e-01
1.527065159386198911e-01
1.483878998275832591e-02
2.804560508210380276e-01
5.766512897868464327e-01
1.483878998275832591e-02
6.320719060464305983e-01
