3.895917387497334072e-01
8.303559452744475600e-01
1.483878998275832591e-02
1.957953834557395745e-01
7.444707111156015911e-01
3.451946263501918799e-01
6.832300015572285723e-01
8.072508811067845291e-02
8.043202170086181935e-02
1.483865899180111109e-02
3.091066321304503095e-02
1.483865899180111109e-02
3.047296052971483482e-02
8.093057939399857237e-02
6.136638254638535073e-02
1.633129685076059046e-01
1.435432763577216414e-02
2.613128577669174279e-01
5.170853825054041453e-01
4.907886405993504009e-01
4.354097745091266014e-01
4.020372859201012949e-01
3.557290864267756425e-01
1.988172305453734523e-01
3.766278790282637234e-01
4.098158476139781570e-01
4.412090257323644238e-01
2.996489678094581555e-01
4.566876715761810646e-01
3.269819037329425027e-01
3.749369556207292065e-01
3.760337844486117964e-01
1.767719962017873514e-01
3.851467692020400513e-01
3.809746965260561447e-01
5.022378312820725554e-01
5.473719347913778843e-02
5.555267598757510639e-01
6.473511329174539419e-01
5.871406477100473698e-01
1.063629668294821112e-01
5.013505802953321933e-01
1.888123785066967431e-01
1.291320596989342373e-01
5.529776121821448065e-01
2.031509297500693756e-01
3.435700533484494779e-01
2.061320932466469968e-01
2.632943293173818367e-01
1.640198502313501283e-01
1.957907053711365197e-01
6.617934955876562109e-01
2.783128927166955702e-01
6.244615871387930728e-01
6.988008258921220017e-01
2.208534828655090154e-01
7.051219924215639256e-01
5.062520416344976626e-01
3.832379196013185885e-02
2.300449582220688849e-01
5.661485213345910372e-01
6.426046823511536443e-01
5.978768787623930381e-01
6.141593925485528960e-01
6.168697776426528279e-01
6.613595282617493742e-01
1.487172514815615632e-02
5.783657574850693539e-01
6.408269978437697301e-01
1.184914902205430165e+00
5.673145650543255369e-01
1.487250113929754897e-02
2.564762108699659149e-01
1.487250113929754897e-02
5.113898721413621118e-01
4.025581939172099832e-01
3.560981541221076019e-01
6.229070045458381388e-01
1.487250113929754897e-02
5.173016372026516541e-01
4.814921586701552125e-01
7.834670078209458044e-01
1.487135742411327399e-02
4.390490029763763902e-01
1.487135742411327399e-02
1.487135742411327399e-02
4.709898187314920381e-01
1.487135742411327399e-02
1.512438510844917733e-02
1.487135742411327399e-02
1.480706047886872455e-02
6.540421006995463804e-01
4.513487592045057339e-01
2.527281750600246513e-02
4.406959126590186404e-01
3.816222807678109619e-01
6.141651462832241615e-01
6.582979553087074664e-02
4.660377760358975219e-01
7.226973782608243635e-01
5.143065749252164753e-01
1.487208951652033845e-02
