3.964870843468851214e-02
1.487208951652033845e-02
6.156879126892910170e-01
7.278971595374086334e-01
5.738548296065059118e-01
4.672968078710208473e-01
1.487208951652033845e-02
1.487185334980399391e-02
5.241676678240447806e-01
1.487185334980399391e-02
1.480629798957670308e-02
1.487185334980399391e-02
4.644792537864364523e-01
5.645979905558222711e-01
7.402757758214215666e-01
6.819861627386726299e-01
5.951629327494361021e-01
6.278045036430793813e-01
5.875037135763556684e-01
6.784009963306665281e-01
8.035177403191394729e-01
1.487078057257687838e-02
6.177591583058578140e-01
6.022655202518846229e-01
6.751799977281799370e-01
6.097267609090352147e-01
5.277586955039780259e-01
5.253732690026337027e-01
5.121729562366120758e-01
4.751683534187484681e-01
4.413397191289729071e-01
3.133995376181052395e-01
3.977997419836262205e-01
2.488549341935810677e-01
2.388740776833465917e-01
6.971140140303875299e-01
3.893464738407946268e-01
5.310677954960397740e-01
4.923108258380279323e-01
6.488183083869520917e-01
2.950660822024774865e-01
6.237011281566530174e-01
3.159308630690527142e-01
3.549580665338174928e-02
3.598215172972338838e-01
7.619493930521122893e-01
1.449946108119867794e-02
3.274948139608026554e-01
1.983708355531209055e-01
4.272263509838422624e-01
1.515157021471637624e-02
1.948190249016868991e-01
4.644726720566354494e-01
3.231156044902268598e-01
1.449903136748426601e-02
5.589131651455554461e-01
1.515130407798695282e-02
1.487062203057972973e-02
1.487062203057972973e-02
1.487062203057972973e-02
1.487062203057972973e-02
1.487062203057972973e-02
1.487062203057972973e-02
1.487062203057972973e-02
1.487062203057972973e-02
1.487062203057972973e-02
1.487062203057972973e-02
1.487062203057972973e-02
1.487062203057972973e-02
1.487036567194981694e-02
1.487036567194981694e-02
1.487036567194981694e-02
1.487036567194981694e-02
1.487036567194981694e-02
1.487036567194981694e-02
1.487036567194981694e-02
1.487036567194981694e-02
1.487036567194981694e-02
1.487036567194981694e-02
1.487036567194981694e-02
1.505226821598361006e-02
1.487036567194981694e-02
1.487036567194981694e-02
1.487036567194981694e-02
1.487036567194981694e-02
1.486979901581543528e-02
1.504878871847450256e-02
1.486979901581543528e-02
1.486979901581543528e-02
1.486979901581543528e-02
1.486979901581543528e-02
1.486979901581543528e-02
1.486979901581543528e-02
1.486979901581543528e-02
1.486979901581543528e-02
1.486979901581543528e-02
1.486979901581543528e-02
1.486979901581543528e-02
1.504878871847450256e-02
1.287799682932973255e-01
3.815334404938637292e-01
5.242808509162405484e-01
