3.692830371071946782e-01
3.437069525067247833e-01
3.526539276441950643e-01
3.869563788509800539e-01
4.174728837397322367e-01
5.097872552755733366e-01
4.886048540997506295e-01
5.622542958542113833e-01
5.091458540783302400e-01
3.088155578348704688e-01
5.403788608214714628e-01
8.046519280172038657e-01
6.676300946036647366e-01
5.309688649459579635e-01
6.409147085565731761e-01
5.595906298658794853e-01
5.106211103969096055e-01
3.728789950595957081e-01
1.486956966727673302e-02
4.928178515111381608e-01
6.698882291330408023e-01
7.018006453070017026e-01
6.787732771395785791e-01
6.527136600995414595e-01
5.564368024395673906e-01
4.425821910129935088e-01
6.244258992010215392e-01
6.409209745262516300e-01
1.486956966727673302e-02
4.601496608320299608e-01
5.155320484686397586e-01
5.368651370028469927e-01
5.622687629567609813e-01
6.160639954085783687e-01
6.504276404347418827e-01
7.284228747240786284e-01
5.314983572591687189e-01
6.627368313089391227e-01
5.474135280561273076e-01
1.486879060963560220e-02
8.599842828206433198e-01
1.648063032865117183e-02
3.837377258990595230e-01
1.486879060963560220e-02
1.486879060963560220e-02
1.486879060963560220e-02
6.671409136459333089e-01
7.384828761255535223e-01
7.121382840816202764e-01
1.486811616678864086e-02
6.206189648816885507e-01
1.486811616678864086e-02
6.209658041849888122e-01
1.486811616678864086e-02
1.486811616678864086e-02
6.429576198685540422e-01
1.486811616678864086e-02
5.822491995827202560e-01
4.900695363640400481e-01
5.393651836324099280e-01
4.663859043945963179e-01
1.486811616678864086e-02
5.378561913231131308e-01
5.372126908688582558e-01
1.486875688604004896e-02
6.506794163771837392e-01
1.486875688604004896e-02
4.961935972828861452e-01
6.788084190628898007e-01
7.014026842071110490e-01
6.988060401399137644e-02
5.151026713450851391e-01
2.823999288338451263e-01
7.080770098442239480e-01
6.235884053669586979e-01
6.007973338412115893e-01
6.211128869547939413e-01
6.208658276848690871e-01
3.637183859266402419e-01
3.905712423110054010e-02
3.563710989552807962e-01
1.513659706289947726e+00
5.017035684285183761e-01
1.083007366011657258e+00
1.019810834876003630e-01
3.391583815130353452e-01
1.893987862347026874e-01
4.117773540829227641e-01
2.272113246920310359e-01
3.695474099303688309e-01
2.891369629316445367e-01
5.294140600751170295e-02
3.815067964769759401e-01
2.094620733839580029e-01
1.435174138367451557e-01
1.549069042519320427e-01
2.493272147360845181e-01
6.559989781197355097e-01
4.792499589108680236e-01
3.118060665472091597e-01
2.477845337524431368e-01
4.517281902333014076e-01
