4.769001475252985234e-01
2.754675833123275130e-01
6.979147903583295121e-02
2.391032139071389562e-01
1.562962866488435687e-01
3.510713257936070586e-01
5.129544285646362445e-01
4.790433388582863716e-01
6.668965918903941859e-01
5.651528636650428039e-01
7.869845725671678061e-01
5.435510238078538059e-01
6.620875814716723484e-01
5.251418010783559520e-01
3.983339219904217243e-01
5.758863793476373116e-01
5.135089130797847456e-01
7.723827272251648779e-02
6.429134814786759966e-01
5.607201974033925174e-01
1.504540751148491541e-02
2.464969444955222577e-01
3.639142341329812402e-01
2.668818952992710325e-01
5.942511818508098287e-01
6.364286104771291752e-01
2.648644575145151503e-01
1.486761711847144236e-02
1.486761711847144236e-02
2.851080382341940611e-01
2.879178973324387769e-01
4.012252931888392604e-01
1.737832471248929866e-01
2.374998256677497976e-01
1.705240371224206741e-01
2.132331142541744329e-01
2.351308669354921776e-01
2.252850638824774043e-01
2.008172850258926889e-01
2.278771217009553374e-01
1.486761711847144236e-02
2.382983896192249207e-01
7.401504073456357524e-01
1.826913589960306172e-01
4.255402413385975247e-01
2.602071996483989458e-01
3.185761584187852824e-01
3.662932502635461440e-01
2.262109152749199881e-01
2.250329599046328177e-01
3.023702977248068358e-01
6.930386168048126017e-01
1.486690569534907316e-02
1.482154930736133691e-01
5.168000400423933272e-01
2.501091208316202352e-01
3.848370221100072541e-02
3.739136741627295535e-02
8.539240322441760123e-01
6.642275459939374072e-01
7.020862539830963200e-01
6.326208601949070420e-01
5.519022240507280852e-01
1.167767550899520418e-01
2.448370975045102427e-01
3.373693597545126543e-01
1.486629884791950372e-02
7.745162198366961626e-01
5.455866598929546285e-01
5.950981007744813311e-01
4.930958629205006716e-01
1.486629884791950372e-02
7.539800141167836423e-02
3.879708703722939966e-01
3.553068549129173581e-01
1.486344058859592060e-02
4.432165415649791940e-01
1.486344058859592060e-02
2.104478247228584453e-01
1.486344058859592060e-02
2.789915688744755706e-01
9.575479000250884942e-01
8.508761243856610701e-01
1.486344058859592060e-02
1.481815555019495509e-02
5.359083928407040176e-01
1.701257632944699338e-01
1.481815555019495509e-02
3.529292160399334355e-01
4.254353012753183672e-01
8.525470040889218115e-01
5.113420060014635116e-01
1.487321647242326010e-02
1.837966857671235743e-01
4.288557271785223834e-01
6.241405424802936031e-01
5.807070703547460022e-01
6.491588212286496518e-01
2.559085375428135634e-01
1.487457984494730198e-02
3.165074321275443969e-01
6.005441626153572576e-01
