3.931949155475843449e-01
4.802927760355302778e-01
1.483089435413098740e-02
2.355499092008552786e-01
2.732094264614196022e-01
3.690128107412027347e-01
4.971116730192806088e-01
3.366209935836262934e-01
3.278338236397523864e-01
3.101832138436022013e-01
4.851480598208917638e-01
2.232124437493790692e-01
7.665116868623146618e-02
5.911059183933784489e-01
1.411261005961307602e-01
2.624416096375733476e-01
5.861536978900380168e-01
2.976071340410008648e-01
2.225327888966052714e-01
2.534920842623278325e-01
2.364163605984198613e-01
5.403343214102306336e-01
3.044372396727809682e-01
6.720238837061398574e-01
7.224982573555990273e-01
2.008665096238234637e-01
1.514914031322578403e-02
3.856429492944865034e-01
2.438036300189208305e-01
4.251786924845163962e-01
1.257642007716168742e-01
4.192536813188222355e-01
2.413043547439510106e-01
3.015663396588463829e-01
1.923891471149453691e-01
2.917750504242335730e-01
3.254188415134927070e-01
2.738771411000673894e-01
4.242322000868286591e-01
3.661848104712033258e-01
4.684756022711642487e-01
5.202822326583518286e-01
5.650700502471027731e-01
8.583965363739853860e-01
5.432672463095328252e-01
6.373877209914988740e-01
3.580977766821124009e-01
6.604733356782658271e-01
6.435382881879436745e-01
6.059899786415141598e-01
3.894598126231539337e-01
5.652698180576477549e-01
3.960621424436636118e-01
4.830567811204435902e-01
2.873625877974928522e-01
4.709830511988393198e-01
2.480564319017168617e-01
4.619394703868318630e-01
2.762685872715067159e-01
5.217148554738145760e-01
2.226128891238582375e-01
1.487260236150365553e-02
3.226464774756754306e-01
4.919967719812800566e-01
1.141341509298996887e-01
4.979234534362573794e-01
4.630776188228462320e-02
4.765153689218073474e-01
2.511266112982862841e-01
3.285633473470374599e-01
4.116222239766528235e-01
1.504376063012153979e-02
3.114165144786621431e-01
5.492618754245156554e-01
5.982915670778169437e-01
5.877091234057486568e-01
1.487322996993610535e-02
1.487322996993610535e-02
2.297252471160825954e-02
3.689235151939404544e-01
1.029829885142215934e-01
3.576347848920255479e-01
9.703033003184826644e-01
6.665982193239883280e-01
1.924721798675221585e-01
6.075005734248056788e-01
1.299965335357630702e-01
3.692518369452212901e-01
6.385486960445880822e-01
6.069268972486681069e-01
1.487300051554942860e-02
5.333403994518060021e-01
2.546391785534907193e-01
2.010328209513602693e-01
2.286911389081756618e-01
2.684105874525779534e-01
3.553627092629887962e-01
2.794696872190882697e-01
2.048163770348126189e-01
1.487300051554942860e-02
5.663196976426683182e-01
4.349389082136966289e-01
