1.486298229078126393e-02
1.486298229078126393e-02
1.486298229078126393e-02
1.486298229078126393e-02
1.486298229078126393e-02
1.486298229078126393e-02
1.868800920178954883e-01
6.453437734231536327e-01
1.121396273668702898e-01
4.148206856628719463e-01
4.396673611174517493e-01
4.981656120202562210e-01
4.433994039865920556e-01
5.873194936339154459e-01
6.766644152620471253e-01
2.622316521507135900e-01
2.346141938187538134e-01
1.485731992768072468e-02
1.079725309299321978e+00
2.006325390434070613e-02
1.457409617566156335e-02
1.457409617566156335e-02
5.107523928495449894e-01
5.927896001394125092e-01
2.744052822800495742e-02
3.117882710901628274e-01
2.514560423133069822e-01
6.631122360403152172e-01
6.953836888157671758e-01
4.241443684697250305e-01
5.114377472434887828e-01
6.644699156640749838e-01
7.350630922174988813e-01
7.388507534213362149e-02
2.070038301464404915e-02
5.048228783743308884e-02
1.721486129171134472e-01
1.114849419153371851e-01
5.496339653787912088e-02
5.576200559640848153e-01
1.773621608122332161e-01
3.771175238697256904e-01
3.299574288532309829e-01
1.779968663743820012e-01
4.222606665920628638e-02
5.225590609982833090e-01
1.053957374240300886e-02
7.137680969561768785e-02
2.010001529330423531e-01
3.259279902406336110e-02
1.455926877399486563e-01
3.017134580539377331e-01
3.458137376797081886e-01
2.384405336435268807e-01
2.119754963523762525e-01
6.674465676992226149e-01
2.955916055902788608e-01
7.139064542341948538e-01
1.873436513313281038e-01
1.079492399515514511e-01
3.255610551953797560e-01
9.720254180833029500e-02
3.004176639685307917e-02
2.235740341906535811e-01
5.346758166496830000e-01
2.838341323448167475e-01
4.745526543274962150e-01
4.598656098615115928e-01
2.972670594130423227e-01
3.426936082939583406e-01
2.187597251660725883e-01
5.605811489210017484e-01
6.129993443242972573e-01
5.683016027821664179e-02
8.281792866047769930e-02
5.248521225301620852e-02
8.161795424055343084e-02
5.526512946959050154e-01
3.743417666205147154e-01
5.963865785997256586e-01
3.448278500237628164e-01
6.128217048788748844e-01
4.433544238286115102e-01
5.852431963238968748e-01
3.656089069055348806e-01
5.796442189907657916e-01
4.336901420972323340e-01
5.380636737259117952e-01
1.723808296044912758e-01
4.710067384140249058e-01
1.523466737609400490e-01
6.061300517716782243e-01
2.635865139295470172e-01
1.496965311337831173e+00
5.616425372841482577e-01
5.411728927290994084e-01
2.227467700024383934e-01
6.411466310616009689e-01
4.027510989569314526e-01
5.847055528449026651e-01
3.401332476181014308e-01
6.930972340161508649e-01
