5.277459497618550710e-01
3.557638350215316936e-01
2.291563904928643203e-01
2.755486328171122823e-01
6.499311160182976721e-01
4.257088060535971774e-01
2.384049817420089978e-01
8.231204093141685219e-01
5.494552256220468500e-01
2.096074033982000262e-01
4.610914696428932147e-01
5.967242353907638991e-02
9.598752782613825252e-01
5.651674803174071560e-01
4.523515903467861254e-01
4.603952601228836206e-01
4.258996386514058430e-01
3.013306943900570523e-01
6.218021614286032284e-01
7.671745761294953558e-01
4.948414996936718047e-01
5.913992050466183592e-01
6.005661690340390324e-01
5.127016922489942008e-01
4.857843785062440078e-01
2.980170649498928848e-01
3.218433896412588036e-01
1.463307533933767661e-02
6.460497066157268042e-01
6.537420783954531744e-01
5.836851879038208457e-01
6.175089426581542584e-01
6.416235392855024200e-01
6.512935332162775870e-01
9.596490552971193022e-02
2.812600635460067722e-02
2.242478000937868088e-01
2.639739148338707264e-01
3.652483599154115468e-01
3.657843449990382800e-01
3.630215070903483054e-01
2.398002848760613093e-01
1.786439195772319133e-01
2.586151061750422975e-01
2.350558336001607740e-01
2.772488597334688554e-01
4.000402860681472883e-01
3.103403310882718591e-01
9.574234376352581954e-02
1.438679617782475939e-01
3.376508556535635641e-01
2.468738184932145474e-01
2.896786763146581012e-01
1.058846932147226166e-01
1.590415331452788017e-01
3.066946829943937303e-01
3.760963460048743490e-01
1.710414655627301161e-01
4.579254112840013824e-01
2.661894358384331860e-01
4.430383210127534360e-02
5.565515943059819864e-02
1.371485634416484412e-01
2.221293875180180566e-01
1.660194591157603539e-01
1.562072781672992350e-01
1.093317043011441392e-01
2.587406534345996212e-01
5.554561558290980194e-01
2.862833718183064868e-01
8.307715941404203441e-02
1.467749741505431360e-01
5.866887585414143347e-01
6.934711519603279362e-01
1.746480799421831487e-01
6.697103003373001684e-01
1.468434566255515800e-02
3.324421866428882710e-01
4.234840531476627423e-01
1.359872590994787855e-01
1.383847698767805834e-01
5.370190610642444629e-01
1.468434566255515800e-02
1.021089517860922086e-01
1.469042007220048955e-02
2.205718540281605133e-01
5.960829056403280646e-01
1.716141410455959138e-01
6.443669216951152245e-01
2.696160440530773195e-01
1.294579543544591427e-01
2.918763774439352976e-01
3.204088008456261183e-01
3.627262419116466519e-01
4.218490111479034632e-01
4.459450762514294841e-01
1.469649950947501255e-02
3.816267238675625784e-01
2.806109120302440196e-01
1.469649950947501255e-02
1.469649950947501255e-02
2.623554864169877487e-01
