2.780732456402151276e-01
1.176675662935983691e-01
4.071535157591834042e-01
3.208353205309895650e-01
4.344690592383648742e-01
3.950049521547904785e-01
3.561774779383319878e-01
2.176766950987586158e-01
3.031911733284200494e-01
6.384554137068331192e-01
4.910974745630207750e-01
3.056565329750260407e-01
3.383880922068508434e-01
6.506729581488968073e-01
5.896968775696468379e-01
2.164234204973032871e-01
1.470807949312775455e-02
4.317479048960592980e-01
3.029361836168353306e-01
1.470807949312775455e-02
1.470807949312775455e-02
3.939320851325451844e-01
6.631659000082712474e-01
7.215837126659876422e-01
2.902391271098000436e-01
4.090895593099384553e-01
5.761444995334854546e-01
1.792873583811274429e-01
6.832584851993042108e-01
5.159337174921113656e-01
5.114098190112774667e-01
4.903994754594377947e-01
7.431381630683089878e-02
4.328885708417506972e-02
2.561385074720743393e-01
6.192003804503286579e-01
1.339921592934135430e-01
3.334482959451970929e-01
3.791656412743866778e-01
3.833988459974830842e-01
3.229102930745925693e-01
4.224497807697905061e-01
4.138674361074346497e-01
2.928032670937351645e-01
3.623693522196971828e-01
4.639270379555130441e-01
4.750684948578752786e-01
5.277374529424549987e-01
1.807256468924594850e-01
3.093883264481154804e-01
2.367501927736803680e-01
3.986221520352772885e-01
2.620524047209358276e-01
3.460656581153205291e-01
2.342227370731989056e-01
3.327290263741397580e-01
3.342456490209074760e-01
4.348927430936144756e-01
3.056479825041384935e-01
2.276199767348160707e-01
7.701758935069448198e-01
7.564543332150702737e-01
3.028788000619909715e-01
3.438060923301340943e-01
7.344290053933100193e-01
7.039332740544581579e-01
1.920498543421970128e-01
2.279119798338813951e-01
3.656109459163203179e-01
3.789398952567493151e-01
1.380414779277325948e-02
2.827726696979215304e-01
8.220572796395807513e-01
1.473551611582087605e-02
2.384804337666569796e-01
7.587569661969634227e-01
7.278809957188435709e-01
7.279618219912014077e-01
1.474096998618415304e-02
1.474096998618415304e-02
1.474096998618415304e-02
1.852530317948028471e-01
2.302485657166757904e-01
3.354497125780597222e-01
4.192965857115660278e-01
3.160115781124012702e-01
3.264218303644683683e-01
3.466182448206419076e-01
4.049328384410737502e-01
7.104173417507519961e-01
2.471194983448530280e-01
2.967664625623809838e-01
6.078385368784783305e-01
4.267230054379256288e-01
2.020035062163904882e-01
1.751178737927102658e-01
4.263649907283417750e-01
5.986412247342012272e-01
1.474653735996252560e-02
6.324255672871399447e-01
6.514747573182180229e-01
4.720581381642182106e-01
