2.600915758629871455e-01
2.170575910504385087e-01
6.417428772188816799e-01
4.201376725846448501e-01
8.020137249745245001e-01
6.729551806624952670e-01
3.674656219068039298e-01
3.523052138039093339e-01
2.074969990486093541e-01
1.885088792382697553e-01
4.316256715986492298e-01
4.067291343803055015e-01
6.721410162550253142e-01
6.143493227320810934e-01
4.335496027314355572e-01
4.115808756869515639e-01
2.933968934811029272e-01
6.230372442707979852e-01
3.497657892515479428e-01
7.512445209870924900e-01
6.471530294118226223e-01
3.740320755372719130e-01
3.869540948040494088e-01
1.945709685999650884e-01
2.934218443182048386e-01
5.581707965109761194e-01
3.092744782464305620e-01
1.760059975069472871e-01
3.772260244174883703e-01
2.998161581635886419e-01
6.351091529767938226e-01
3.336774210397555063e-01
1.401509798451282089e-02
1.476091125193192827e-02
1.476091125193192827e-02
5.443498922986410582e-01
6.561302908443024107e-01
5.144518706695255794e-01
5.484760667594029693e-01
6.667880618755417377e-01
8.141250047118577804e-01
6.770208082062318944e-01
4.855541046070602218e-01
7.751297887013615107e-01
4.235825588104547013e-01
3.967957018395281144e-01
4.609261318405492025e-01
5.038629590756728005e-01
5.001113933006137158e-01
3.214283705120646872e-01
4.416548895766309601e-01
4.106347246075256474e-01
5.996487709070902339e-01
2.559295176650399073e-01
6.078441727885474100e-01
4.589737797246968842e-01
7.071451888703821353e-01
6.343900779908421272e-01
9.749498353596413036e-01
2.974221557392278115e-01
4.247544504303332746e-01
5.893416927768425628e-01
4.661438172261557766e-01
4.167192267755195911e-01
7.417163758490427083e-01
7.049779212979496723e-01
2.739629816516261918e-01
2.634636327370035169e-01
7.521322825508844900e-01
6.753469303851575845e-01
4.150518010954089010e-01
1.477837418623827517e-02
2.664317665204289920e-01
3.152365929958532154e-01
7.590117270775796898e-01
6.722030441365561826e-01
4.051530643261270770e-01
7.780552580725357270e-01
5.770370470598071844e-01
1.478414655903876468e-02
4.653331668530010234e-01
1.478414655903876468e-02
3.427814099912556145e-01
6.340096893560699387e-01
4.298680813579816573e-01
6.935665289133381428e-01
6.462152836399069900e-01
4.900841908961741655e-01
1.478414655903876468e-02
1.478414655903876468e-02
3.936198686229653854e-01
2.956445275617020432e-02
3.277731762018021300e-01
7.215122372817260876e-01
6.797868233086641343e-01
1.478708446768532865e-02
2.137085767542961923e-01
1.478708446768532865e-02
5.830881604502146098e-01
8.131555678419453148e-01
6.111990777409600506e-01
2.009151426014209374e+00
