2.137970905632770036e-01
8.369764875987723007e-02
1.883409903624448933e-01
4.257585719814623304e-01
4.643542328083528070e-01
1.484393740665001030e-02
1.485520901461026382e-02
1.484393740665001030e-02
1.484393740665001030e-02
4.385937103058649700e-01
1.484393740665001030e-02
6.233334462866915171e-01
4.184588597069975324e-01
3.223815072432278939e-01
4.733021094616063906e-01
4.289848177532596951e-01
3.941120709355395157e-01
4.523578330372037271e-01
3.179658148631872572e-01
4.481767223116728260e-01
4.115007870104239185e-01
3.127491574008302577e-01
2.978545810892412327e-01
3.955030127562827458e-01
2.893884030256589357e-01
2.416761971238364781e-01
2.692174461595415180e-01
2.739675613258512055e-01
4.632909915013048163e-01
1.408610716383525419e-01
4.424836110546831458e-01
1.032769637258160594e-01
2.617218078720932040e-01
4.876852487607691855e-01
5.349856117596653027e-01
2.729602982875293793e-01
1.454208725691708559e-01
2.595591774105992511e-01
2.036722616666127306e-01
3.222230506579846360e-02
2.434378725168222513e-01
3.182096714320548081e-01
4.058202058883976227e-01
3.708288186680788190e-01
4.873154771525031181e-01
2.744906497484304597e-01
1.143046979284558506e-01
2.219556603300310293e-01
4.956683619218173464e-01
2.307494179203233853e-01
4.468052171739784195e-01
4.488856150545910695e-01
2.853748759556924419e-01
2.973547026726009457e-01
2.785257334384910743e-01
1.864262428712085973e-01
1.828840090370408011e-01
2.471949754504778884e-01
1.657843474859651001e-01
1.251911610753279613e-01
1.226831535460705808e-01
2.570645513270239380e-01
3.111548919702006866e-01
2.561655310529575846e-01
2.742655689314871248e-01
3.009060784682996981e-01
3.214520120203474551e-01
1.237454024943232644e+00
6.142629762697954243e-01
5.649337045700096871e-01
3.706359363589047384e-01
4.991404067292856128e-01
3.164142455543214050e-01
4.610784976854687689e-01
3.541551744635137444e-01
3.574475844288374504e-01
3.233323397405594157e-01
3.209735554188767326e-01
4.417531005816512923e-01
3.263243395990803042e-01
6.753330161776974760e-01
2.535656201943136123e-01
3.709274338673715365e-01
4.174356677624240231e-01
5.957145754033971174e-01
4.301190950983672101e-01
5.680913176954334176e-01
4.644627998116662160e-01
4.176989804164312203e-01
8.462956750889798485e-01
3.786662924442895650e-01
6.096360395727643544e-01
4.194387692546043822e-01
5.726467669411043904e-01
4.830567811204435902e-01
2.114913295010134309e-01
3.983218206086791557e-01
5.868515686239930140e-01
3.728132588696601024e-01
3.629792969232512601e-01
4.639828572196221246e-01
4.504091534769572580e-01
4.160052408171895921e-01
