4.539207874051753300e-01
1.423852765632407924e-01
3.658741691469803436e-01
3.604407429082942538e-01
2.799685761237871717e-01
2.413461076667721139e-01
2.188758555645548276e-01
4.639795733616740026e-01
1.616689606618453845e-01
2.835149803631810683e-01
2.652406017155662377e-01
3.849861811185945615e-01
3.400432694781219123e-01
3.550163105818195941e-01
6.880343602545905268e-01
3.003477446610267054e-01
2.500380526053692237e-02
1.559078533006509892e-01
2.848800707431672352e-01
1.883853705815582980e-01
1.484744050227935347e-02
3.971153843509143133e-01
3.401791371550170195e-01
3.735482764914365150e-01
7.272027629748265554e-01
4.448375666979998422e-01
2.013539014476291023e-01
3.913219552751073249e-01
3.831657931371287851e-01
6.144414523859824673e-01
6.820003524553456264e-01
3.229484707893712780e-01
6.902802105844694225e-01
3.502516529327223127e-01
7.400668519498051490e-01
2.645096548584083274e-01
6.632195726627040377e-01
7.074504335939572064e-01
3.492328937299838398e-01
2.405552648205195598e-01
6.396764556361738130e-01
5.988927937240678956e-01
5.874668603431933978e-01
5.952223744703701858e-01
3.849454899232396254e-01
4.692569370694805730e-01
3.727115195173012485e-01
7.991978577975524800e-01
4.206525835247690304e-01
3.352678644714124356e-01
2.515544610615935150e-01
6.120207429343942351e-01
3.415171203937216737e-01
6.108972144719848618e-01
7.191299116883057563e-01
3.343104203545100295e-01
7.858996101397529577e-01
4.180079313363916360e-01
5.782637241498274072e-01
3.410729155515545008e-01
5.885427683360652251e-01
4.148731892936008969e-01
2.888770485045018543e-01
5.737744683332688389e-01
5.051013712981657910e-01
3.666948314347910354e-01
4.098542796194937221e-01
5.731875098749487085e-01
4.776576503462223733e-01
3.254737729778106048e-01
3.954362140835769313e-01
3.494544256007166561e-01
3.174377142884282632e-01
2.627571770152413166e-01
2.888248671866208706e-01
2.918789764980616042e-01
2.918062204747556287e-01
3.323831927852358148e-01
3.107816966801979497e-01
2.127756453363419675e-01
2.457871779103169008e-01
2.344572865041223420e-01
7.169357160916189908e-01
3.172441584532705305e-01
2.919244674391947014e-01
3.042888660494130204e-01
3.426183854887511204e-01
4.161901132546385051e-01
5.569236940959090276e-01
3.716065724909453638e-01
3.364482336548693664e-01
3.496296159497054856e-01
2.788135853365102390e-01
3.424143756694435492e-01
2.747725208182310030e-01
3.612133003439177426e-01
2.359942325989065059e-01
2.679169638294071620e-01
2.935874152104509527e-01
3.040320274153973101e-01
2.421484284262773456e-01
2.322239961155286858e-01
5.814384329742847690e-01
