3.462228377348460784e-01
5.142020934617621414e-02
3.402656549488881632e-01
1.423355042564292128e-01
7.510758250051285945e-02
4.650525791993646574e-01
2.091773564923569417e-01
1.377277149993962890e-01
5.698096643147990692e-01
2.705451291487359078e-01
3.412433534749058084e-01
2.268276798069914779e-01
1.447836787018653981e-01
7.113655310497161155e-01
7.471544531211229967e-02
5.289851598852378656e-01
1.389052316324915215e-01
1.286248278394531985e-01
5.249904052102764007e-01
1.084363447306858630e-01
7.522134060581518733e-02
3.782599020224777786e-01
1.062016865485216482e-01
3.048321935450791775e-01
3.150638805397004694e-01
2.536068189550270691e-01
7.671260988447768658e-02
2.508815440937511299e-01
1.067811880094890337e-01
3.321625729210522793e-01
1.255152247356263184e-01
2.439987266425644175e-01
2.171999823720210943e-01
4.696334425530130363e-01
3.162615993333733888e-01
3.078092661186490608e-01
2.950806917355012771e-01
2.668688581744736998e-01
1.236191628674827431e-01
4.063308202619199117e-01
3.005418922807601145e-01
5.493355165950295493e-01
1.788193434933706971e-01
1.086217640509230392e-01
1.532415968233157011e-01
2.269973299056355365e-01
5.336660252960522266e-01
6.442320444364066367e-02
6.796726482834954119e-02
4.397086469298458478e-01
2.291203499174049030e-01
9.836849566039448933e-02
6.077990884341375466e-01
1.917807392524891741e-01
6.403262539501625161e-01
2.285269145852685257e-01
1.317005883830235646e+00
2.683743265912222342e-01
3.427097317640723229e-01
4.420569382087380372e-01
1.770694563108373698e-01
4.790713446950667920e-01
3.442050314474458528e-01
2.988743845513581188e-01
4.179253221265675222e-01
2.694974486831417382e-01
3.817022723957055885e-01
1.933440938794327713e-01
5.988544978479732883e-01
1.652028019389343572e-01
1.538713991837014350e-01
5.970546619254794019e-01
3.138060863127196676e-01
5.478114972793317605e-01
2.834132483081981957e-01
3.107787500861257657e-01
4.481399578867262257e-01
4.195568817001871231e-01
5.721469879509307743e-01
6.783729162381013644e-01
6.557561880887221584e-01
4.148101865313695291e-01
7.187199399144600376e-01
3.869974963070263452e-01
2.703978299384092732e-01
2.434279291193572892e-01
4.539427894375805406e-01
4.277560038328926950e-01
4.766886157383576905e-01
5.686432166908179653e-01
4.807929672640290919e-01
5.123490803608953259e-01
7.460720149246906630e-01
4.613250897534755257e-01
4.995588008703688576e-01
4.862600088965690071e-01
6.387104500181961519e-01
7.411377877701136319e-01
4.261820526151332000e-01
2.629184087695520256e-01
5.176938047209049820e-01
5.369794721619347566e-01
5.405036102451820090e-01
