4.394757785038388431e-01
3.558951687789363993e-01
3.705249104410109906e-01
4.858815908289738084e-01
2.708010520291206369e-01
4.078374157309081482e-01
3.938279579443568212e-01
3.426989826154245855e-01
7.396910860055924131e-01
4.524827230395607192e-01
4.000451683890429710e-01
7.287143669484631436e-01
2.899631196952382473e-01
3.663034837480311223e-01
3.178162905261869842e-01
2.623733365861588007e-01
3.115719222808173150e-01
1.652498585357075889e-01
4.991252056022600359e-01
8.713577707106751058e-01
1.740827437229445773e-01
3.801991676443807200e-01
2.523057456006528865e-01
2.098200686188720909e-01
2.097220682797088787e-01
2.863433934910617484e-01
1.428139507432279465e-01
2.602557509713157025e-01
2.298046484900941322e-01
2.426269985729478385e-01
2.289914975318831647e-01
4.003456603323214957e-01
1.252344482873313514e-01
4.517748856336797347e-01
2.486859546584284375e-01
2.816658584010794386e-01
2.570474161765455290e-01
6.916931521299222174e-01
2.046603600767286091e-01
6.491781062288842774e-01
4.227221849048738433e-01
3.060046578947209217e-01
3.739723321396573041e-01
2.436604554539048284e-01
3.177793165132510311e-01
8.034094203217926333e-01
4.635694568504327151e-01
6.277323656990791978e-01
4.624771739135359327e-01
4.762591946139647647e-01
4.375603337232443213e-01
4.625652809645340868e-01
4.359019494219654178e-01
4.628200011254651192e-01
3.553376689346235406e-01
2.514058976814604884e-01
2.394639246921350106e-01
2.308387948978236626e-01
3.501300605090802431e-01
3.303631455639425840e-01
6.846642493933957629e-01
3.402356335863485071e-01
2.186079920749415817e-01
8.165790822278672367e-01
4.383297798837766379e-01
4.394757785038388431e-01
5.669760162544228432e-01
1.930008593029046704e-01
1.873961867627792904e-02
1.504213481797238988e-02
7.722899168227698175e-01
5.974682100490106285e-01
1.485703372409122487e-02
1.433836307584277110e-02
6.256356111564517208e-01
3.013126896144580624e-01
2.568500228395922402e-01
2.186772671243837618e-01
2.602774499722781409e-01
2.707428960560083198e-01
3.775736461095552388e-01
5.608785089185472916e-01
3.599044846523065666e-01
2.725302304713306256e-01
2.635292963588687920e-01
2.228459607226132011e-01
3.208855739842957355e-01
2.190060095458217226e-01
1.784668961033006596e-01
4.297779008195943828e-01
3.404335189617051505e-01
5.310290791515538400e-01
2.034200981761296045e-01
1.177700882951692035e-01
2.880456691144098191e-01
2.170626219034611781e-01
1.418805161277718607e-01
2.294611858655561110e-01
1.828248457214583234e-01
2.851936201343282518e-01
2.611463063944232110e-01
2.660263275808351646e-01
2.143661609576269500e-01
