1.401014597613094770e+00
2.428518996317127865e+00
2.126774523535563066e+00
2.174849803147692828e+00
1.974822389798868594e+00
2.025040221128308282e+00
1.964394142734254167e+00
2.178851557174178222e+00
1.599236966466074605e+00
1.183873869593269124e+00
1.944379063387869921e+00
1.678666344455185033e+00
2.202011646054629068e+00
1.404422137693674077e+00
9.736969984905502473e-01
1.237430535495482431e+00
1.607297750753503784e+00
1.019913000232649969e+00
1.039828990714682044e+00
1.470283353686483663e+00
1.201259559206670158e+00
2.072923954817240233e+00
1.789485404176047512e+00
5.164059142861152640e-01
1.825999113108733640e+00
2.119808848295823722e+00
1.683677110070290528e+00
1.108792459442369038e+00
1.317014239164891132e+00
9.287960004528761360e-01
9.287960004528761360e-01
9.677057210098964912e-01
9.287960004528761360e-01
9.497065571857893351e-01
9.749297865144691544e-01
9.195487983772976381e-01
9.749297865144691544e-01
9.749297865144691544e-01
9.497065571857893351e-01
9.750320875198479342e-01
1.824402204598025934e+00
1.114483178647741601e+00
1.368103719194311507e+00
1.716443373127346073e+00
1.616627623813024606e+00
1.532137238106448640e+00
1.511004127671231378e+00
1.328888137219846222e+00
9.587849526645155773e-01
1.436364530905113845e+00
1.507939338823790720e+00
1.087457615480859952e+00
6.054723240785748750e-01
1.447584584163571719e+00
1.641419596414269710e+00
1.366821431151988842e+00
1.092125010555373921e+00
1.735116389206403209e+00
1.735893675764285105e+00
2.179474027993893781e+00
1.901190510905931053e+00
1.985903879153265050e+00
1.209737240185756235e+00
9.427315189720124611e-01
1.141840634471795513e+00
1.415154923812974364e+00
1.784117481406628070e+00
1.318516148459111914e+00
1.544732236432104111e+00
1.975511322509619472e+00
1.327256127756491155e+00
1.885976639072396210e+00
2.384013121085247100e+00
1.724116433414788485e+00
2.332929753472584355e+00
1.145926329583678127e+00
1.546449930782308746e+00
1.579735145362113347e+00
1.391024662508086651e+00
1.496796911560773991e+00
1.868835289398051769e+00
1.503662813655218145e+00
1.798103733557106620e+00
9.297065403173033760e-01
7.251810428918741280e-01
1.667377319528687618e+00
1.345368422883406856e+00
-0.000000000000000000e+00
1.438862008232985490e+00
1.609387861492566296e+00
1.461412975528890268e+00
1.368128580349857515e+00
8.336607775297982803e-01
1.350496909883583507e+00
1.981980307092234384e+00
1.202551544494651514e+00
1.603413406758275705e+00
1.142148424370736048e+00
1.433770614392219755e+00
1.570693905139810109e+00
1.073721524115348824e+00
2.029751366536636237e+00
1.708658139861456871e+00
