2.272375174983817026e+00
1.516846773792317471e+00
2.121605623362071036e+00
1.366568406755809262e+00
2.192020459142486111e+00
1.086957279164757262e+00
1.380132194895917985e+00
2.047738097002527180e+00
1.675433317495210073e+00
1.909565551008178375e+00
1.231019211100449207e+00
1.040821791692236431e+00
1.312228508062042387e+00
9.618349417758645936e-01
8.864235346593701825e-01
6.132656369628274318e-01
8.911442979150742127e-01
1.001694284395204360e+00
9.843913119119371835e-01
1.935909795877743367e+00
8.665686621211301510e-01
8.769643482204130258e-01
6.854316008065262089e-01
1.424241398609379150e+00
4.451155306193576022e-01
1.004907998221749699e+00
1.942520782719665773e+00
1.156339448441363604e+00
8.956868827636256247e-01
1.501935544192906091e+00
1.469622515509149796e+00
1.655890434017621260e+00
1.765020486334594851e+00
9.440407387801502681e-01
1.888721053367857505e-01
2.210810514778648983e+00
1.657829351763107084e+00
2.326049425488844413e+00
1.910916030895065232e+00
1.688714805327113488e+00
9.287960004528761360e-01
1.176670228942329866e+00
3.601320656420894939e-01
9.427048323871426438e-01
1.077434569189525959e+00
1.332288847431422063e+00
1.325365188486436807e+00
2.242548970923892160e+00
1.529001915237476084e+00
2.318965200993538200e+00
1.559418604454772650e+00
1.396671783277018353e+00
2.000649193303260631e+00
6.525771340415016386e-01
1.415940834512973812e+00
7.763842108480287774e-01
1.311619583509924913e+00
1.680786173767793379e+00
2.159331415664607956e+00
1.500845369367192372e+00
1.867015846999483974e+00
2.121676486079115964e+00
2.296143965296198797e+00
1.543700383463940229e+00
1.932566783241205677e+00
2.325542609901798397e+00
2.247887162070023148e+00
2.342102924801878761e+00
2.357996374087658165e+00
2.417561756442346166e+00
2.286877152468531182e+00
2.222588923703103791e+00
2.555428779995322586e+00
2.054299330640662724e+00
2.000652863969298423e+00
2.140299297598044159e+00
2.178219503322568862e+00
2.126628866702257259e+00
9.497065571857893351e-01
2.112261982764477963e+00
1.698164934398570747e+00
2.438707152743984530e+00
2.021717863188734920e+00
2.089914650407023622e+00
1.686947278133493544e+00
1.591383932957753711e+00
2.008098734808439367e+00
1.970489734769670154e+00
1.764429617393188154e+00
2.261521504728219778e+00
1.912323270006757170e+00
2.141817951587599023e+00
1.947459847600299110e+00
1.629536653160669424e+00
1.831442013175845762e+00
1.751233756765156580e+00
2.058723187960882495e+00
1.705260635196717667e+00
1.725395683920954770e+00
1.892539564046380907e+00
1.862357917298980148e+00
1.795645133224901713e+00
1.405929448646599633e+00
