7.842839973326458658e-01
9.759410206201594162e-01
8.168574739367810977e-01
1.625064947922287839e+00
1.694859876225022655e+00
9.829527442596488473e-01
1.617067910928974728e+00
9.828684316369884488e-01
1.436533449761969727e+00
1.332101525195779068e+00
1.109694819342854855e+00
1.319420430721452764e+00
1.216390463141613143e+00
1.255985259362351725e+00
9.828684316369884488e-01
1.794054806206485386e+00
1.741459661708799844e+00
1.706213245524677902e+00
9.828684316369884488e-01
1.471641200488212453e+00
9.828684316369884488e-01
1.613984910556334196e+00
1.197135872503158227e+00
1.867450016534885071e+00
1.651521076158450674e+00
1.096312531930899725e+00
1.063346366234211082e+00
1.639591438862250339e+00
1.363290244677662910e+00
1.702402891125091466e+00
1.691293011074219699e+00
7.794002632830316912e-01
1.692680695077351860e+00
1.796832002442342757e+00
1.570718673090234496e+00
1.383805641959898525e+00
9.826991748791035208e-01
9.826991748791035208e-01
1.508015079276335824e+00
1.614588078488707890e+00
2.449863290161202745e+00
2.662166136675753414e+00
1.730007711437512752e+00
1.779673729161648232e+00
1.821006855757413279e+00
2.004271936569834267e+00
1.453111644407545588e+00
2.002343686889150653e+00
8.137364362057792899e-01
9.826142306936831439e-01
9.826142306936831439e-01
1.696158418222972752e+00
1.822393497404577012e+00
2.063682043966720503e+00
1.937337663063724458e+00
9.826142306936831439e-01
1.171664684656477551e+00
9.825290759370344240e-01
9.825290759370344240e-01
1.342358707818406716e+00
1.723180751768501606e+00
3.546035041232747376e-01
2.052801213062378061e+00
9.825290759370344240e-01
1.773765472113329800e+00
1.591555688622847020e+00
1.542421293401091464e+00
1.558955362797670663e+00
9.825290759370344240e-01
1.498133612321683739e+00
1.892029474035509473e+00
9.222609278714757330e-01
9.824437105838906836e-01
9.824437105838906836e-01
3.392374318200618299e-01
1.034582236246309517e+00
1.659290554381836591e+00
2.517750754855437201e+00
1.934594637304322129e+00
1.870537054411049782e+00
1.019083093402820994e+00
1.772787725684194182e+00
9.580707865753562702e-01
9.611891072837056571e-01
1.071644242990271723e+00
9.823581346089178545e-01
1.189342219988652527e+00
1.117603489828398411e+00
1.539706718056892853e+00
1.376702877367583566e+00
7.476450653767845456e-01
9.823581346089178545e-01
1.225375378474548915e+00
1.344677862215955866e+00
1.330469289291905666e+00
1.394652308619223513e+00
8.388851204928947647e-01
9.822723479867139229e-01
1.336945732652774499e+00
1.235128505311566594e+00
9.822723479867139229e-01
1.493990457407816219e+00
