1.426281589963841023e+00
1.536779496588642324e+00
1.075301673598958674e+00
1.202813818057494100e+00
1.361609433555277526e+00
1.575335187978492257e+00
1.514187328341952465e+00
1.091170822449012645e+00
1.180138317691977079e+00
1.032977919177579640e+00
1.182452623663352131e+00
1.623640418489459503e+00
1.849190916822784025e+00
1.627283399602935665e+00
1.599747209629035494e+00
1.462617287046277026e+00
1.159109840981587869e+00
8.188748861392911582e-01
9.806023449104008805e-01
7.287443579081016587e-01
1.455054514297446477e+00
1.528555900480387031e+00
1.500123378868248869e+00
1.437393654290964218e+00
1.875013743474818639e+00
1.767678351874849785e+00
1.850603537635686191e+00
1.696602711692018373e+00
9.806023449104008805e-01
1.420261274029531062e+00
1.656447697924836815e+00
1.407376093153848595e+00
1.421907474247774861e+00
1.502836057857725560e+00
1.721732142275964161e+00
1.877136879380938650e+00
1.653183845797982388e+00
1.078946810093306619e+00
9.675252032375892819e-01
9.805123399046606902e-01
1.002020640604684987e+00
1.413268592968506487e+00
1.199320329694997023e+00
9.805123399046606902e-01
9.805123399046606902e-01
9.805123399046606902e-01
1.393773390562878189e+00
1.643051699146458766e+00
1.501261847799276739e+00
9.804221237025499969e-01
1.389227041971274446e+00
9.804221237025499969e-01
1.229077254767533933e+00
9.804221237025499969e-01
9.804221237025499969e-01
1.415517045497356907e+00
9.804221237025499969e-01
8.594797456413698633e-01
8.758882180142035789e-01
8.587033720149500615e-01
7.508314801101576563e-01
9.804221237025499969e-01
8.213456790830767629e-01
8.325780948798228165e-01
9.803316962771673193e-01
1.006742398059232046e+00
9.803316962771673193e-01
1.347968742930117259e+00
1.886798466842567690e+00
1.943578064663575855e+00
1.554439254896980760e+00
1.572747533523264130e+00
1.821649262537594627e+00
1.535666022974518929e+00
1.565779402099888973e+00
1.415638912549307182e+00
1.393326975784467736e+00
1.185035800751745194e+00
1.825606324119168455e+00
1.263261456844609332e-01
1.978363569136413869e+00
1.784536168160720360e+00
9.918802673574902418e-01
1.531115538072844506e+00
1.393374057716049719e-01
1.751521278930878944e+00
9.651047250528169696e-01
1.544008811506314638e+00
1.027073349909373601e+00
7.342651093435711429e-01
1.358465199405153978e+00
8.465820389845778171e-02
1.304198325065003772e+00
8.626107121193994365e-01
9.723408157910704563e-01
1.194461490020320760e+00
9.671203925951610270e-01
1.378262223235936723e+00
2.070643852038118293e+00
1.839201120842178128e+00
1.792464646233225878e+00
2.224062292729354962e+00
