1.779051546839870879e+00
2.345767292279419713e+00
1.368725512176509618e+00
1.672044951881522579e+00
1.154624224633086893e+00
2.207869001202342307e+00
1.355901014401049709e+00
9.564082938153974922e-01
1.158733370151505238e+00
9.663464561326751134e-01
1.023247094877160368e+00
1.107745984137416206e+00
1.830878915821639863e-01
1.668283631244202869e+00
5.775406948486161429e-01
1.489693757752267533e+00
9.441749582295614340e-01
1.026357159372494054e+00
6.929886346094094041e-01
1.712293038074121032e+00
1.718519182483381424e+00
8.675881825908452472e-01
1.025473129109337966e+00
2.100479444344458102e+00
2.561928080210518655e+00
1.225209996281468428e+00
9.727322437774117425e-01
9.958048956032858889e-01
8.727687688264482713e-01
9.772875623919422550e-01
6.477535344196385658e-01
9.913517771960528302e-01
8.134394497845607308e-01
8.934586212163581065e-01
8.074311892961815174e-01
1.066268027602750301e+00
1.058460004808741584e+00
1.369261983894655366e+00
1.329378578738119376e+00
9.956405511182254697e-01
1.626181426516434048e+00
1.368569472433929679e+00
1.764678003358701064e+00
2.211866037824105291e+00
1.798730895210897796e+00
2.217790541148833672e+00
2.091706542279632597e+00
1.224286587641300050e+00
1.867824162229001050e+00
8.742111815640887240e-01
1.140296995526391299e+00
9.245761366385792934e-01
1.094256053656150529e+00
1.048386141993997267e+00
1.175275826439587279e+00
1.012040500433654788e+00
1.032036025364969412e+00
1.095521106364845565e+00
1.026448140760249705e+00
8.011869246353195972e-01
9.948147433839893417e-01
9.796006695854601043e-01
9.772562181457717934e-01
7.667410461293375779e-01
2.313774623491272608e-01
1.067081782598999551e+00
1.102311228811371668e+00
2.107245189622782622e+00
8.667743599872719251e-01
8.735849563870401457e-01
8.548018056089623506e-01
9.993339983664353277e-01
1.604292125746352715e+00
1.513413445216304831e+00
1.550370358120045644e+00
1.499514457489979913e+00
9.796006695854601043e-01
9.796006695854601043e-01
1.042090453443852427e+00
2.009474317474291727e+00
3.804632256318116745e-01
1.336129105605548650e+00
2.047129649131932627e+00
1.684449042510579142e+00
1.398102998676261421e+00
1.604281745551490612e+00
1.188665511634794170e+00
1.524553072359110528e+00
1.772798306793647694e+00
1.551334420911327117e+00
9.796006695854601043e-01
7.404751207892394937e-01
8.369490678411930507e-01
7.089823768931775572e-01
7.453253318674158967e-01
1.026897273301396796e+00
1.205653750970382410e+00
1.342640945071932101e+00
1.213631318151299432e+00
9.796006695854601043e-01
1.399145280963376869e+00
1.345764137808707739e+00
