1.618578053930225469e+00
1.734147669152805937e+00
1.154072161929073248e+00
1.772969063692941383e+00
2.052252815212306292e+00
9.738647552526715767e-01
1.700520709471732062e+00
1.225414889534023555e+00
1.134446314875761530e+00
2.203163738060070820e+00
1.987214177754148325e+00
2.388062281051910762e+00
9.241562219770647069e-01
1.573730439546369375e+00
1.733774299672479202e+00
8.066342591032299447e-01
1.471448756047813777e+00
5.273047393010958928e-01
1.395188254033659980e+00
3.915564488072434401e-01
1.325426272153858998e+00
9.978859521436083124e-01
2.028462239746137374e+00
1.766943711867479117e+00
1.501651582501606352e+00
1.266026278662609972e+00
1.399874117645651728e+00
1.360435939384790460e+00
7.928514234752207512e-01
1.283456607883030953e+00
1.179672578966689755e+00
1.390015022727185023e+00
1.159038254547264835e+00
9.418527079872109908e-01
1.436165875774278122e+00
4.180817055007689520e-01
1.337574147590856688e+00
5.226842893161760539e-01
7.085974717374929899e-01
1.122420222274117085e+00
9.486156200591265852e-01
9.154724709797203985e-01
9.497065571857893351e-01
2.019497466686203779e+00
1.124321427076488078e+00
1.075953746602776206e+00
1.552860553253801346e+00
1.942678707287588957e-01
1.490211472845582863e+00
1.526815365102318856e+00
1.964183915017565507e+00
2.044860655338753830e+00
1.112030160240121024e+00
1.540313331959025422e+00
1.213881140377192303e+00
1.465690087205483882e+00
1.650522241019224179e+00
1.872360319960350017e+00
2.093666685390614290e+00
1.418743632903696872e+00
9.497065571857893351e-01
1.544923607755869455e+00
1.336174203357908485e+00
1.254452658663270714e+00
1.075933160374980213e+00
1.820118287110727540e+00
1.792279239998705087e+00
1.513942098088635335e+00
1.350135590714279354e+00
2.033434662774680213e+00
9.796006695854601043e-01
1.296117318212268055e+00
1.070681780173407649e+00
1.278696399623480584e+00
1.249421885031371859e+00
1.312376182278721215e+00
9.110860114745438221e-01
9.719601141377556264e-01
9.270386574442017746e-01
2.435241482117978418e+00
9.796006695854601043e-01
9.779516744505805104e-01
1.076492697482569705e+00
7.302283137833394111e-01
3.275198798045060589e-02
1.138313190508229544e+00
9.912524010228370708e-01
9.459657749480441247e-01
9.580780403574956638e-01
8.636532390812795557e-01
1.315690981519981317e+00
1.058559189324526750e+00
3.352486913492641052e-01
8.886174013565641960e-01
7.442453342582416864e-01
8.229985555626059268e-01
3.504587555809583754e-02
8.216523562205408915e-01
6.624804553991009426e-01
8.942475909106786247e-01
9.398206731892821963e-01
1.018908380143333847e+00
