9.796927877737215962e-01
9.796927877737215962e-01
9.796927877737215962e-01
9.796927877737215962e-01
9.796927877737215962e-01
9.796927877737215962e-01
8.946515022234383663e-01
1.434362209333527982e+00
7.210447891599245374e-01
9.895836821992047838e-01
9.135048358777808630e-01
1.016676766074100291e+00
9.465739247158925229e-01
1.855223591688718754e+00
1.677629044427940030e+00
4.390820612836401349e-01
1.146049320662418713e+00
9.796927877737215962e-01
2.746952199367520553e+00
1.207381646234672035e+00
9.796927877737215962e-01
9.796927877737215962e-01
1.038826380061601107e+00
8.903897150408899286e-01
1.436130239970681011e+00
1.583729993316525642e+00
1.342887279914716014e+00
1.582551912877230516e+00
1.508115760537388272e+00
1.259921287956391467e+00
1.533484326638240081e+00
1.147926455155642733e+00
1.496880838232366173e+00
2.539896464668193743e-01
2.893344776852916148e-02
7.322719369939396927e-02
7.112373626795700510e-01
5.013797131052504241e-01
1.343657822660303536e-01
1.063627352328945452e+00
7.552279988739025729e-01
8.167270200723825146e-01
1.435325510901873436e+00
7.628434865760308492e-01
2.132918876299599586e-01
1.311818371124439109e+00
8.917648461904296303e-03
4.545330524671876149e-01
4.249780119580795490e-01
1.791630808625468974e-01
6.640791262625729274e-01
8.785751315405546658e-01
1.287591300118822835e+00
8.020998578125276834e-01
1.252837412393098093e+00
1.773962637850913016e+00
1.348182207361931839e+00
1.553146060573618259e+00
6.620890614744729952e-01
2.965675923448472528e-01
8.332982213283269823e-01
3.030377660772080040e-01
3.275198798045060589e-02
4.301964535864206129e-01
1.000747314952347811e+00
7.433472971631620574e-01
1.262683206038133443e+00
1.280865258863680189e+00
1.477695736765284096e+00
1.572344062801042552e+00
1.425300738634609266e+00
1.170094948895156639e+00
1.850452354588939530e+00
1.352055695235095056e+00
1.389863514400820454e+00
1.246171919386787952e+00
1.383452665541484272e+00
1.142379379047153032e+00
1.202799735553536031e+00
1.066399500387864574e+00
1.192819414220683383e+00
9.726484790617457854e-01
1.123900490877739466e+00
9.863046496551910458e-01
1.099932807241365884e+00
1.229531221869096358e+00
1.208909479977334112e+00
9.504037155995486152e-01
7.080899519899950256e-01
9.917857311142022070e-01
7.494753532680219488e-01
9.924294549438308355e-01
9.551870631589213234e-01
2.231927680663321478e+00
9.175521816602015823e-01
1.628920147694061127e+00
8.071565747968065807e-01
1.226921710934041787e+00
1.103878391274581983e+00
8.965179411751029726e-01
9.261955566315059896e-01
9.636383105995407483e-01
