1.971537779740165419e+00
2.023550249012246116e+00
1.830572735367423043e+00
1.481712604297209968e+00
2.127361003350925817e+00
1.815107686801007869e+00
1.860846811661432731e+00
1.529708954283852673e+00
9.497065571857893351e-01
9.497065571857893351e-01
9.789499196002044989e-01
9.497065571857893351e-01
9.789499196002044989e-01
9.497065571857893351e-01
9.497065571857893351e-01
9.497065571857893351e-01
1.518307227689914551e+00
9.863461696116163635e-01
1.629065626371231090e+00
9.497065571857893351e-01
9.495600841533127223e-01
1.508068975208579854e+00
9.495600841533127223e-01
9.495600841533127223e-01
9.495600841533127223e-01
9.495600841533127223e-01
1.743654040864426324e+00
1.711122619322017702e+00
1.388249928048755466e+00
1.711122619322017702e+00
1.727819542736208192e+00
1.235066976144197026e+00
1.438176785773329192e+00
2.017651644101605246e+00
1.968734180334708928e+00
2.202785717046472413e+00
2.055261527190023418e+00
1.959625664523066080e+00
1.839707167932068010e+00
1.938007988244602409e+00
2.240543671946071846e+00
8.702531531413038035e-01
2.097434414709288486e+00
2.126653785109351880e+00
2.000209869263303908e+00
8.253342096820017737e-01
2.163406256768755309e+00
1.912010021635715429e+00
2.068292509869997797e+00
1.983040795133441891e+00
1.877962766014162899e+00
2.138719123812753864e+00
1.155969546824125782e+00
1.112745861475181952e+00
2.137051678884654304e+00
9.853063548792442283e-01
1.101183790989245459e+00
9.346751675041199414e-01
9.793230460993516129e-01
9.857712634760233961e-01
9.287960004528761360e-01
9.614822845998461931e-01
9.793230460993516129e-01
9.492664757216219273e-01
9.853843639492021467e-01
9.793230460993516129e-01
9.492664757216219273e-01
9.492664757216219273e-01
9.793230460993516129e-01
9.794157987759004591e-01
9.492664757216219273e-01
9.492664757216219273e-01
9.794157987759004591e-01
9.492664757216219273e-01
9.794157987759004591e-01
9.492664757216219273e-01
1.382875448664121265e+00
9.492664757216219273e-01
1.206252999542979154e+00
1.382809024459023206e+00
9.492664757216219273e-01
1.382809024459023206e+00
9.492664757216219273e-01
1.382809024459023206e+00
9.492664757216219273e-01
1.382742373603471631e+00
1.382742373603471631e+00
1.382742373603471631e+00
9.492664757216219273e-01
1.382742373603471631e+00
9.492664757216219273e-01
1.382742373603471631e+00
9.492664757216219273e-01
9.492664757216219273e-01
1.382675496074484478e+00
1.382675496074484478e+00
9.195487983772976381e-01
1.382675496074484478e+00
9.860008873532970508e-01
1.448753452738823277e+00
1.178255402678128227e+00
1.701152319475513375e+00
9.860008873532970508e-01
