2.290676503460708169e+00
1.634461858168921644e+00
1.559767817622508046e+00
1.097059974914107006e+00
1.645509493869460549e+00
1.468543750003653114e+00
1.534086972625839707e+00
1.024316555171096654e+00
1.138694256132033678e+00
9.371111102206065580e-01
1.213697726659873632e+00
9.724072512216723752e-01
1.524267407804647423e+00
9.796927877737215962e-01
8.740931870094910128e-01
1.306921695267976080e+00
9.796927877737215962e-01
9.796927877737215962e-01
9.796927877737215962e-01
9.796927877737215962e-01
1.556449955127891416e+00
9.796927877737215962e-01
9.796927877737215962e-01
2.146869031712741904e+00
8.053171602179094446e-01
1.501587003629138994e+00
9.796927877737215962e-01
1.301940380533300967e+00
1.935786641260855312e+00
2.129732911742771684e+00
1.973973983596394755e+00
1.246053872927060935e+00
1.066527852600403836e+00
9.505534891270814857e-01
1.878689306904126166e+00
2.000376147360937829e+00
1.987281145604741450e+00
2.166556562958090293e+00
1.578986676373393738e+00
1.399346930081865725e+00
1.280080110290568784e+00
1.564128611093980492e+00
1.646954646564911418e+00
1.445599494058950718e+00
1.758246129198198782e+00
1.544428859650364139e+00
1.768085843654122247e+00
1.952265907064050898e+00
2.040240509799366109e+00
1.918606934611834181e+00
1.719934087567767333e+00
2.006554818047637578e+00
2.261999172381253143e+00
2.409451857782460849e+00
1.125359470628301883e+00
1.608781327250833337e+00
7.737866132722377444e-01
1.434199265970330650e+00
1.473482421943752785e+00
1.437464881499783909e+00
1.932248548739834870e+00
1.005580247427946272e+00
1.278823618246425209e+00
1.459818880477092851e+00
1.794627186984710132e+00
1.781384458961939421e+00
9.574014301712969743e-01
4.608889469212418266e-01
9.888225187861845455e-01
9.602652695757666335e-01
9.196081761555937595e-01
6.595018043401387198e-01
1.277823330135185120e+00
1.398880555551818672e+00
1.254036578035434335e+00
1.204083573432537912e+00
7.316411580070747434e-01
6.273693191871730912e-01
9.829684838574223038e-01
1.029971089625461023e+00
1.013200292830823912e+00
9.981125095737284347e-01
4.622957844871636857e-01
9.751587998286710413e-01
9.521456783988559991e-01
1.027281149665422610e+00
1.014391893627806018e+00
8.524317932913418883e-01
7.153827179741929498e-01
1.299931930060848728e+00
9.280551261693374965e-01
8.759878919044716827e-01
6.203828747372311936e-01
1.155110194677838820e+00
5.986381009297950806e-01
8.780654620027957824e-01
1.714435678471862401e+00
8.615333475811585151e-01
9.501554842054356076e-01
1.085939445262498637e+00
1.068476812050619618e+00
1.386233573796498364e+00
