1.262985067398560979e+00
1.640984494160177443e+00
1.515384721951006153e+00
1.186365047397706762e+00
1.575052539465432222e+00
1.541368116663422771e+00
1.626705615817951589e+00
1.335993059035964325e+00
1.329697311252102221e+00
1.715921568045847723e+00
1.061240263498713032e+00
1.490859119896391416e+00
1.905463791555768394e+00
2.205311532965273269e+00
2.184412028867520394e+00
1.584955266696521203e+00
9.805123399046606902e-01
1.341304685941556052e+00
8.306726635999340802e-01
9.805123399046606902e-01
9.805123399046606902e-01
2.064098679773494371e+00
1.722286475810698159e+00
2.055187708555325177e+00
1.135398923179512298e+00
1.097470352466530574e+00
8.588480589951484889e-01
9.937436286391134743e-01
1.308112977253750753e+00
1.127468539973633943e+00
1.323752410073600227e+00
1.133985372931148206e+00
1.742057531092671974e-01
1.382001336521070933e-01
9.473939236110645590e-01
1.965625501849553425e+00
5.933220139748697219e-01
1.153125169597469357e+00
1.119978407319285552e+00
1.275622882855253160e+00
1.084542163389742520e+00
1.384599771946340097e+00
9.889188667276244127e-01
1.845069853470097776e+00
2.039229700919950261e+00
1.907830465197421610e+00
1.850979784911513271e+00
2.047901101319391959e+00
5.228858472444812833e-01
1.473849897460516090e+00
9.046060258124012377e-01
1.212209501183457716e+00
1.413097348910561379e+00
1.233743019458126033e+00
6.990086478358017441e-01
1.070934519549536335e+00
1.204859719816922414e+00
1.997283843894140709e+00
2.176674396520244414e+00
2.107300206327975989e+00
2.443830841286255051e+00
1.795678653428199434e+00
1.882412285211145342e+00
2.248497188850848705e+00
1.836529450780023165e+00
2.478725113241609268e+00
7.794002632830316912e-01
7.790723718721156432e-01
7.399062156908747800e-01
6.370833452876173419e-01
9.195487983772976381e-01
1.921399642715948541e+00
2.372828763261880081e+00
9.805123399046606902e-01
1.711486592711732868e+00
2.452705621658551660e+00
1.866002205385086210e+00
1.842495684921537258e+00
9.805123399046606902e-01
9.805123399046606902e-01
9.805123399046606902e-01
1.019981285046842601e+00
1.099069437863835486e+00
1.509569290153804699e+00
1.280086822474037378e+00
1.678450669413924734e+00
2.076215774020124805e+00
1.199288919764257111e+00
1.805962657256767745e+00
2.122553454492520419e+00
1.365154535352172127e+00
1.586828713273357616e+00
2.039119902081147462e+00
1.414130234548697018e+00
1.711044275504305157e+00
1.235247932771293300e+00
1.648613446167288998e+00
1.405470974583105770e+00
9.805123399046606902e-01
1.263093553601837726e+00
1.839457495375717233e+00
1.718085492951634263e+00
