1.545054657355497518e+00
1.287075681841400421e+00
1.774719530651025723e+00
1.578635305810195177e+00
2.155540747486809128e+00
1.451285692965014418e+00
1.213345545974509054e+00
1.396829648910699495e+00
1.346449800312657485e+00
1.319882052743154954e+00
1.205244563567033467e+00
1.542907766030224614e+00
1.175267682721298224e+00
1.362856097451536908e+00
1.184614094353766411e+00
1.539448093354181646e+00
7.699765143292993663e-01
1.352527501259869203e+00
1.385871079796243022e+00
1.508766840641712070e+00
1.358115325949099672e+00
1.762762930913738479e+00
2.002575515715927956e+00
1.074264374463819838e+00
1.139496790940290216e+00
2.383996131611440195e+00
1.584964999379372852e+00
3.841681623769817033e-01
1.823590327298225899e+00
1.639839967285698696e+00
1.802873730608055114e+00
1.271279052760453165e+00
9.497065571857893351e-01
9.805123399046606902e-01
9.805123399046606902e-01
1.552495072399026732e+00
1.594252567127706577e+00
1.836204411311580964e+00
1.989102385202320633e+00
1.933381844863382604e+00
2.200319888893566223e+00
1.611494565332147300e+00
1.950135953990198345e+00
2.147930998541711656e+00
1.671319427016244585e+00
1.498899454835450396e+00
1.634974027179444844e+00
1.477558397226879539e+00
1.685130582189649617e+00
1.431059266946483666e+00
1.552904929242633125e+00
1.242539735171661164e+00
1.967406560283751160e+00
1.524136834974010979e+00
1.972368610314013671e+00
1.740193622615489932e+00
1.627612720943994118e+00
1.891343965073650546e+00
1.918268995445235880e+00
1.247807479013383736e+00
1.816952731876662508e+00
1.997859072016850535e+00
1.734808834294303992e+00
1.375248344274610846e+00
1.607319031911426777e+00
1.472272945295517665e+00
1.580165580184881291e+00
1.526388670529591263e+00
1.763685526654688474e+00
1.315147158466453137e+00
1.763390773279731594e+00
9.805123399046606902e-01
1.162914191366171357e+00
8.114559827259134606e-01
2.075896628589410930e+00
1.481495383473524274e+00
1.519124522925137555e+00
1.660815975827025559e+00
1.246571805039918601e+00
9.806023449104008805e-01
1.692866809251256210e+00
9.806023449104008805e-01
1.683954105762645259e+00
1.509622240736236520e+00
1.506471640615921093e+00
1.364987491636495909e+00
1.948488834548686377e+00
1.474133925401732492e+00
9.806023449104008805e-01
9.806023449104008805e-01
1.694200981429568209e+00
2.023814347133941371e+00
1.669989169238693671e+00
1.687542323740560013e+00
1.693866290243416284e+00
9.806023449104008805e-01
1.558337672215896141e+00
9.806023449104008805e-01
1.859131685867825956e+00
1.781928488215375861e+00
1.512610811635018315e+00
2.572178724964483187e+00
