1.364802223615937393e+00
9.806023449104008805e-01
1.054981283556659433e+00
9.829718696584907045e-01
1.472928501792494682e+00
1.485008990450546573e+00
7.746564380068646782e-01
2.261309731081074581e+00
1.621377744895290629e+00
1.573218264737570538e+00
9.806023449104008805e-01
1.039006025454202176e+00
1.387592161611213237e+00
1.006920748651814579e+00
4.952903099598248149e-01
1.225678349784925292e+00
4.585315741070587481e-01
1.323338053718705609e+00
1.322916419718244807e+00
1.194001583172322745e+00
7.576272021394035994e-01
6.505526606360589881e-01
9.558484124493539236e-01
1.185253330844886932e+00
6.045177779877914936e-01
1.113091795071472934e+00
5.493387536102419810e-01
9.732639986234444818e-01
6.765049045704415454e-01
1.421178418890843176e+00
8.270342053312338404e-01
9.806921387466027706e-01
9.806921387466027706e-01
4.810770888387430055e-01
9.807817214400307293e-01
8.703896742933339148e-01
9.807817214400307293e-01
1.569412642781225609e+00
1.137092977693721974e+00
1.423284985329379859e+00
1.027748669006926407e+00
1.731527826646082735e+00
1.794567907909009108e+00
1.958376191262528598e+00
1.452545652803938214e+00
1.710947142110855967e+00
1.455810839789189348e+00
1.072618112651442912e+00
7.866855682603691724e-01
8.177309922098310313e-01
8.400441190139888992e-01
9.768597704843345886e-01
9.743778521490146227e-01
5.133301541260293366e-01
9.506391081774476781e-01
9.552821011625076686e-01
1.038141948839008899e+00
9.521863813371753693e-01
9.399774499786858195e-01
9.092447303891656452e-01
2.724073891633285172e-01
1.086090333395944851e+00
9.809602535052772687e-01
1.063907435700838011e+00
7.340260322978727769e-01
1.016985931984621949e+00
9.809602535052772687e-01
9.809602535052772687e-01
1.356937466884849064e+00
1.517648706597088726e+00
1.366649180863812152e+00
1.241138943149778573e+00
1.219276543197211016e+00
9.810492029302813055e-01
9.810492029302813055e-01
9.810492029302813055e-01
1.862534804380258535e+00
1.901614014221691740e+00
2.164005275416132079e+00
1.015048914199449204e+00
1.861958201922425227e+00
1.759893573955513491e+00
8.208839390007722780e-01
9.811379413188822118e-01
1.555650650204753127e+00
8.369839724388872249e-01
9.811379413188822118e-01
9.811379413188822118e-01
9.497065571857893351e-01
1.227357105246530633e+00
9.812264686975011863e-01
9.813147850924919258e-01
1.389632783546748573e+00
1.393098049370039337e+00
8.987200718037284819e-01
5.375075456694766718e-01
1.673289379073755523e+00
8.934586212163581065e-01
9.997052365438922061e-01
6.772358723356407539e-01
9.926017402424480718e-01
1.004609328657389833e+00
