1.320529223710607214e+00
7.803401383739171082e-02
7.670224844331327008e-01
5.442796998414395349e-01
3.230763811060772261e-01
8.216418342911917527e-01
9.954458000412714780e-01
1.167795440877027913e+00
1.149267082742084778e+00
1.031846334324508341e+00
1.367314136519480083e+00
6.269034669714425023e-01
8.463888673120659734e-01
1.288624017321728932e+00
4.134864743791244468e-01
8.742147697482970381e-01
7.257456640307141660e-01
5.917182518016353976e-01
8.953664209508269689e-01
7.561852076511819121e-01
2.684373292244319198e-01
9.553849745049971531e-01
4.034855232306190920e-01
9.922997421664323525e-01
9.197358579290237923e-01
8.220421656356026174e-01
1.271445607431865299e-01
8.000997788996062621e-01
3.281050763935195458e-01
9.824274435397215566e-01
3.657372221562859016e-01
8.735796008693066383e-01
1.346806329666768276e+00
1.376729001180077017e+00
1.438567437221818901e+00
1.147981836405961298e+00
1.611491465505822118e+00
1.362408555714924585e+00
6.451415934295492427e-01
1.458309507493099400e+00
1.134806847973800492e+00
8.623006423964365563e-01
7.890020759590382626e-01
8.831057618041237012e-01
7.548988302924147797e-01
8.206476778157973939e-01
8.276702458934078743e-01
3.763913432884424259e-01
2.121692778591273976e-01
1.206636544149679358e+00
8.220598347620365898e-01
3.269151921547961415e-01
9.028315299434488406e-01
9.139565437426520056e-01
9.717857860087284472e-01
1.354150004031110077e+00
2.057423168582742878e+00
1.211876831273001054e+00
8.822867934713490845e-01
1.010690922494853039e+00
3.059877845654800366e-01
9.979672084568659285e-01
6.705539150068858811e-01
1.126389008382337353e+00
1.032049595922835961e+00
8.641937535148910277e-01
1.106593967945511015e+00
4.672583745505182740e-01
1.027241926176415410e+00
5.986595852757713443e-01
8.655472679094120547e-01
9.905147836414673890e-01
1.250360716429294250e+00
1.619376827775060868e+00
1.312990708866359046e+00
1.544982696047693116e+00
1.600752397350917455e+00
1.573104846302888715e+00
1.745865008270561347e+00
1.785960941562882986e+00
1.414001769680833354e+00
1.505938432432260665e+00
9.047163271988480915e-01
1.527679569442144336e+00
1.224357215504074725e+00
1.494911170126015154e+00
1.363055334318318934e+00
1.970955788193138325e+00
1.686268772447182540e+00
1.922270214923513354e+00
1.545064148758370504e+00
1.531524488925896987e+00
1.793529203140283856e+00
1.652038892269210413e+00
1.565244814060748446e+00
1.929140972903686801e+00
2.319751618415769379e+00
1.760186396176541601e+00
1.449495649015479781e+00
1.324957085915868138e+00
1.587814738407280490e+00
1.623491404246588665e+00
1.798759130436254905e+00
