1.737948602623293759e+00
1.619365105325593079e+00
1.558481311825076876e+00
1.553903672675616576e+00
1.453319447734030323e+00
1.600101147629128695e+00
1.363106900523856968e+00
1.542532162940485341e+00
1.436882635967297039e+00
1.219630828333946759e+00
1.513236379268802390e+00
1.408679841248223541e+00
1.452237536884317670e+00
1.665625886191917315e+00
1.699069882787057173e+00
1.520310859367797640e+00
1.505873279284669852e+00
8.869993136812139856e-01
1.152465906321305189e+00
1.492343183044114951e+00
1.135914000519588019e+00
1.762164576461621168e+00
1.328430658234681205e+00
1.152907159336556076e+00
1.292744598750906082e+00
1.424274111292865852e+00
9.298762449717374867e-01
1.301554239195622964e+00
9.281589883114570450e-01
1.158381319962695111e+00
1.437813372603186091e+00
1.148657469103398165e+00
7.224075048179539049e-01
1.092461084373820945e+00
1.530955582504569756e+00
1.169529127099138810e+00
1.263028653087852504e+00
1.629123797668789786e+00
1.172024390711009278e+00
1.749394474315143722e+00
1.549983604859685560e+00
1.581847376702710806e+00
1.488775877806302272e+00
1.427430153490243159e+00
1.324161283032313285e+00
1.595636085948122895e+00
1.558826769864444906e+00
1.647091351154382544e+00
1.614362947020328232e+00
1.353128233778420952e+00
1.704652438806967485e+00
1.392792056264537059e+00
1.365528773431992082e+00
1.380938556414372353e+00
1.824615285947066123e+00
8.073324903735643598e-01
1.296678846525787909e+00
8.008180676299994083e-01
1.878540265863125613e+00
1.876865473629895753e+00
2.261600124238268616e+00
2.154463191871835548e+00
1.655162313598246504e+00
2.404385107156896684e+00
2.280515685972551498e+00
1.693215877381672119e+00
2.426525780707565083e+00
1.003426829729432423e+00
4.614116166385617140e-02
1.663225957391690768e+00
2.377890834758003891e+00
2.287267956939194047e+00
1.362688765527970025e+00
9.195487983772976381e-01
2.058166531333339488e+00
1.716843169141296421e+00
1.306008578665872610e+00
1.735358633230974945e+00
1.430501568230312825e+00
1.538385929081955261e+00
1.392897389017359044e+00
1.285250368060132153e+00
1.505350220380781812e+00
1.100197629334721983e+00
1.516190001912353980e+00
9.843988811129459338e-01
1.517592421461394947e+00
8.623521352297092157e-01
6.031151360973494580e-01
1.004478833144944350e+00
1.034333110124765254e+00
9.606299281503588583e-01
8.890038845725741767e-01
4.002144639851114016e-01
1.240597097554026806e+00
8.347243969780498984e-01
7.176692406311812045e-01
1.193106767036307359e+00
1.007791991977883939e+00
1.024959871484001805e+00
1.053946524191216261e+00
1.202808331753015381e+00
1.221164442379323978e+00
