1.675154975419014536e-01
1.303607036227003357e+00
1.306409634488511440e+00
1.313348889209988046e+00
1.081192790689483596e+00
1.008106771098843613e+00
1.384608034639684959e+00
1.600230556879649768e+00
1.213323244807399837e+00
1.106061416427174038e+00
9.328278310226867376e-01
1.020227476200939565e+00
2.037619883368515072e+00
1.808627138686160762e+00
2.010648831729293651e+00
1.726997168285807849e+00
1.624131232424464555e+00
1.506279318594588412e+00
2.360783867890134946e+00
2.184993501782924064e+00
2.164901001485189713e+00
1.484253333170035383e+00
1.804781547070502201e+00
1.413893620350333613e+00
1.559261929170731920e+00
2.231434269763427736e+00
2.271917494659437153e+00
1.515772480733238226e+00
2.087968320745676287e+00
1.448729750854695686e+00
1.853850121207098578e+00
1.754267032250176550e+00
1.643230994096268383e+00
1.986844941327068792e+00
9.854621632671209941e-01
1.647189186022558482e+00
1.621064051440695319e+00
1.918547313851190150e+00
1.577140672624742113e+00
1.686537711887841295e+00
1.553914489427754342e+00
1.658262475433637029e+00
1.573114328930691252e+00
1.255857490369306495e+00
1.595475645447175905e+00
1.483414244321596742e+00
1.310713480591952251e+00
1.541507079292547377e+00
1.699243721648134864e+00
1.380931416057445071e+00
1.032594697818143503e+00
1.331350409294546511e+00
1.111834910094799955e+00
1.769772824793797383e+00
1.732170563243965011e+00
1.597779858135377484e+00
7.626476342597774405e-01
1.226081598249265436e+00
9.071014528044254455e-01
9.263991884022289014e-01
3.854313465830413454e-01
1.076292804293018435e+00
1.455629674867719991e+00
1.656998249324722838e+00
1.501361371900880481e+00
1.400284818022412558e+00
1.325280898660731621e+00
1.522937012071282625e+00
1.241206327199767756e+00
1.641936646029761082e+00
1.712581500197924989e+00
1.046876147228765097e+00
9.785734064905030616e-01
2.220226524083331210e+00
9.784787488442137082e-01
9.784787488442137082e-01
1.959490800026898905e+00
1.678969334294157401e+00
1.741986648796344239e+00
1.730619044870618684e+00
1.582083384845142326e+00
1.783744568117183515e+00
1.102869126002499867e+00
1.419785726030012407e+00
5.469987763769944555e-01
9.750077931369877104e-01
9.655733427095143373e-01
1.882788658831195505e+00
2.234164423774112507e+00
1.817453753469576272e+00
1.139650593408320978e+00
8.762115120637378185e-01
5.555015064101385125e-01
1.008777726084369553e+00
1.023789532135994662e+00
1.049824765444962171e+00
6.410991328595049277e-01
1.495026834621353995e+00
1.251530627225790893e+00
3.349437956585766263e-01
8.787863579629939803e-01
2.400834568972657124e+00
2.058057462434754292e+00
