1.834633774036564802e+00
1.958508004314604811e+00
1.770347630349097923e+00
9.780979999329446617e-01
2.327464398532507417e+00
1.803333823222985632e+00
1.882183386285928961e+00
1.027038724692314497e+00
5.310084948139119909e-01
1.884478388712008678e+00
1.564143305736270362e+00
1.350232568183654447e+00
1.195560910298036683e+00
1.970648134192008127e+00
1.567977773356452165e+00
1.418042778111011204e+00
1.649783051173106641e+00
1.508532379886033281e+00
1.416166935761900891e+00
1.593696109539093353e+00
1.711904352395269724e+00
1.421175216971583666e+00
7.307067332662139370e-01
7.700165588517207116e-01
1.964831148503974889e+00
9.768590034225083096e-01
1.769562288359417979e+00
1.775326869389983742e+00
1.997371761632526166e+00
1.821847575394565100e+00
1.424259324587394016e+00
1.495860260617202231e+00
1.445311191655749283e+00
1.859987464320332462e+00
1.569970521564662880e+00
1.286497401061479584e+00
1.044411212069888961e+00
1.939314237692171705e+00
1.600795751263789146e+00
1.493905339110048081e+00
1.131186714477965483e+00
1.478320448431622580e+00
1.788772007218150328e+00
1.692025727779097766e+00
1.468401776734564734e+00
1.169641648326332550e+00
2.015565413648137572e+00
1.347594626467756740e+00
1.457005800176341070e+00
1.117060539888799608e+00
1.055289631057787503e+00
1.570821105364229586e+00
1.803173096230011208e+00
1.340220684417812391e+00
9.841921909374493627e-01
1.025191515921968444e+00
9.812286664935885305e-01
1.657169501333249695e+00
1.528136515355017266e+00
1.483877548661346024e+00
1.469018123086172078e+00
1.494576551529572139e+00
1.663814203176376072e+00
1.460345713814084512e+00
1.726953141536621050e+00
1.603728096053357310e+00
1.734098159016031371e+00
1.697118403889321447e+00
1.523995840718830097e+00
1.732539036547878331e+00
1.633835997499388126e+00
1.794295352720695291e+00
2.063998201494550599e+00
1.955078589216922680e+00
2.069707582725454742e+00
1.512433021068062988e+00
1.104740759103263859e+00
1.573868959136315970e+00
1.104740759103263859e+00
1.447264973159518409e+00
1.447264973159518409e+00
1.749678689418204147e+00
9.839480860881218982e-01
1.749678689418204147e+00
1.749678689418204147e+00
1.419251400236379634e+00
1.909067249823353185e+00
1.918151136450424232e+00
1.338456777317970747e+00
9.839480860881218982e-01
9.770334516064083097e-01
2.177748035893531497e+00
1.025331537817620653e+00
1.535381217268661169e+00
2.355147838237511504e+00
2.190357984222899734e+00
1.724994371561251016e+00
1.904647268076705258e+00
1.752022204581894504e+00
1.896080901097264348e+00
1.725812295989556322e+00
1.187912546904451583e+00
