8.358239008019371363e-01
7.579697305479201619e-01
8.539644076036690956e-01
6.946446991966412909e-01
7.009724149425164974e-01
7.994096805783229565e-01
7.705966023589553293e-01
7.839870860019726440e-01
7.503635655641270885e-01
4.451827444499726893e-01
8.457504040314640648e-01
7.647814077261908539e-01
9.277522013478556318e-01
7.708850489352827573e-01
8.444516918979544373e-01
4.944817550014758978e-01
6.494562254360582987e-01
6.274701564152556088e-01
7.442259246700168029e-01
7.934245719647856632e-01
8.608175982537799031e-01
4.591554129314920907e-01
8.077200169602659630e-01
8.134871354412774869e-01
5.878728981159719869e-01
6.320349275606630401e-01
5.773281467349611340e-01
8.016642736456495166e-01
8.141862016593328644e-01
7.255147001534476559e-01
8.070269079281999769e-01
8.355468620794116452e-01
6.531081504164001350e-01
8.206058232901202176e-01
7.512607666026204223e-01
8.410748464550824588e-01
8.056670003909213174e-01
7.436516494089450147e-01
7.493416951102715995e-01
9.346657850215197572e-01
8.534743112229574713e-01
8.585146211888217138e-01
8.561243781884187998e-01
7.856995941846341980e-01
8.847548482479195009e-01
7.957885589709687846e-01
7.937233344589207373e-01
9.221432035492330703e-01
8.018713914976978163e-01
9.933449074074074403e-01
7.244549379088242036e-01
7.666037011903260590e-01
7.603422527161807221e-01
8.772335481486557285e-01
8.894844238446049101e-01
7.391685644563597002e-01
7.906998261574530451e-01
8.135810334600285243e-01
8.155877005384806200e-01
7.943817696478321366e-01
8.875016206777555094e-01
8.361892655505100969e-01
7.540525008344622915e-01
8.181415002633012357e-01
7.889825674323215354e-01
7.779619056683627631e-01
4.469069916657369967e-01
5.797167274277101878e-01
7.346619890874780401e-01
7.371826033467271388e-01
7.797218657414953791e-01
8.575217988576364636e-01
7.636997871106735447e-01
7.272011030184416525e-01
9.562855821648128529e-01
8.955711214566607348e-01
7.453464072400931562e-01
9.011568057790979580e-01
7.534274143207688734e-01
7.255147001534476559e-01
7.498578974574298117e-01
9.027836674887540491e-01
8.208643748847405108e-01
8.133448178192145273e-01
5.120937353141448156e-01
8.095808151125550856e-01
5.366636068726043929e-01
6.771757869289539711e-01
7.138124440245063873e-01
5.101247093742458105e-01
9.524452033098841364e-01
6.485578341414631742e-01
8.177933047059360305e-01
7.358191945651726407e-01
8.821848256247646347e-01
8.126664381710321239e-01
7.473291180454703087e-01
7.419880920300100380e-01
8.429526767254215125e-01
7.558790808884029433e-01
7.547356311247138683e-01
7.023595572002506726e-01
6.979524533177871026e-01
6.386834954154537725e-01
9.387821539668406157e-01
8.230764878639719173e-01
7.569516497908328478e-01
8.091507816786409624e-01
7.660424650834753990e-01
8.773220415134803662e-01
7.721392109019727945e-01
8.182275061697995566e-01
8.348699034188360457e-01
8.466821867799776413e-01
7.797352292408143981e-01
7.393711379241812987e-01
7.982264947714982073e-01
8.754825704437534384e-01
7.320741226464407836e-01
8.779711879990004242e-01
8.102276729456263649e-01
6.974714751909633081e-01
7.217328082363504427e-01
6.461893296611683768e-01
8.677934445997474988e-01
8.576018384307245723e-01
7.791184564400901458e-01
7.604422125798641074e-01
7.904791106082680319e-01
7.981636763367720988e-01
7.860804115044024432e-01
7.696385415291032706e-01
8.759916118547081965e-01
9.510995370370370905e-01
7.393998003722548340e-01
7.884485252217751095e-01
8.332346679673090506e-01
8.768905022425265150e-01
7.199685243398199486e-01
8.393738102806197476e-01
8.063868150641568810e-01
7.367626797838089381e-01
8.678853708009097723e-01
6.468600145556262504e-01
7.708609414790348335e-01
9.051925990661272570e-01
8.212694290732340807e-01
9.239190786074981121e-01
7.839004384604886244e-01
7.983206552426468372e-01
8.044322507164906044e-01
7.921437565363661504e-01
3.993780717781323375e-01
9.317299753300124499e-01
8.269737054387140684e-01
8.265041184337561520e-01
8.656515204379436890e-01
7.639608984998149666e-01
6.812153764728849925e-01
8.942985261242478723e-01
9.387366179335452365e-01
8.576681625901949602e-01
6.098152779259059519e-01
8.484257013954870086e-01
8.167169773283782241e-01
7.661325519051487287e-01
6.082869108668506053e-01
9.005530071732694708e-01
9.692119882597043379e-01
7.771299291023455735e-01
7.778399544091253448e-01
9.030069103675603115e-01
9.728827758614092547e-01
5.803897491837957112e-01
7.571209297428248552e-01
8.813406169376767352e-01
8.353546159299286566e-01
5.622195675412769988e-01
6.121194253924900908e-01
6.147125212221427049e-01
7.269747023504278260e-01
7.603439734733451472e-01
8.358103475640512592e-01
7.835042286579800841e-01
7.121609812378241200e-01
5.967286642467704016e-01
7.947237754240334962e-01
8.488032185285067088e-01
7.960594935911146086e-01
8.208033181160001579e-01
6.337962616629142509e-01
9.591397936590104756e-01
8.785163324229988691e-01
8.905628329437805801e-01
8.832377337457925082e-01
8.053908509915510550e-01
7.503635655641270885e-01
6.196984976487990293e-01
7.999163666575962450e-01
8.424452293524027358e-01
7.287141232230391896e-01
6.980937101337072459e-01
8.499652368147878612e-01
7.286272296524599623e-01
8.038054138043273511e-01
7.885174824668379490e-01
7.576823434918155131e-01
6.297958904587672713e-01
8.217180918292046332e-01
7.817814575403747579e-01
4.363369075416006493e-01
9.179192474280879477e-01
8.196693437812577754e-01
8.470970562752507815e-01
7.913956987418533373e-01
6.893637262928142828e-01
8.183061281024980316e-01
6.047986697640819198e-01
9.890952537816602996e-01
7.501230812251558078e-01
8.156528893283578885e-01
9.047330195012595055e-01
5.727595999333587873e-01
4.970088135329473467e-01
8.090364756904956378e-01
6.769952526190432529e-01
9.135547905858096840e-01
6.221111999898186751e-01
8.632217483136596092e-01
8.836316237838859333e-01
7.404513888888888395e-01
7.256619418496308427e-01
7.230435978758683602e-01
6.855985470792728131e-01
8.011397813018245051e-01
7.152346399740574512e-01
7.871159764795002678e-01
8.603270431102622018e-01
8.379360856813071745e-01
6.502488301218651845e-01
8.780346102546477960e-01
8.058651418921285448e-01
9.238878447792411297e-01
8.086882453179591312e-01
7.781985411164710209e-01
7.743351326363560050e-01
9.327463762179358797e-01
7.199809667606957841e-01
7.313492101230454345e-01
7.754668743524677499e-01
7.435033959065677767e-01
7.745233994344182804e-01
6.941417531404131536e-01
7.555199063052283615e-01
7.766769947988502176e-01
5.704974127011369633e-01
6.833625317478082550e-01
8.480143671980943099e-01
7.580322662606586714e-01
7.588720806321470613e-01
6.905429664357494168e-01
6.282889319686248975e-01
7.394156124280665265e-01
8.413811791313160482e-01
7.134775777886206427e-01
7.541166614154142245e-01
6.987860751362925393e-01
7.652174665025643918e-01
6.994422579363609449e-01
6.038903285705918833e-01
8.158308155841872411e-01
7.947933953349051173e-01
4.633269067873365676e-01
6.421926414178836806e-01
7.992218783642180968e-01
8.287069580189392326e-01
8.112336830511847063e-01
5.587455823022934309e-01
8.666033359066942499e-01
7.682730511862742029e-01
7.550473560609041179e-01
8.060171506340572112e-01
6.792956251500305020e-01
8.655531837917325166e-01
7.683103606805090635e-01
7.589735098513347156e-01
7.027090020255752911e-01
8.034269203323142206e-01
6.830936323889673645e-01
6.947103887499224140e-01
8.211599404180849326e-01
8.525450130252378855e-01
7.338762640877772858e-01
6.158189488802922051e-01
5.008570270435186433e-01
8.702916423737953044e-01
7.754066811072863885e-01
7.138343571326801751e-01
8.981828937698705939e-01
6.742291218963060162e-01
7.240281486321660243e-01
8.283258544282807723e-01
8.080270994187084277e-01
8.673845572829408379e-01
8.294555657796349735e-01
6.918749375893348263e-01
5.108024585182180388e-01
7.825890787658524861e-01
8.097430608649998085e-01
7.620752301503126436e-01
7.964080097051090545e-01
7.429407959916479731e-01
7.332705113901250016e-01
8.227909144388905194e-01
7.725351122892832878e-01
7.933386441031666791e-01
7.355867062793749467e-01
8.101880659462146195e-01
7.868047954251777831e-01
8.476315042884923212e-01
8.153838665770000160e-01
7.804455344824410279e-01
8.242026709180289012e-01
8.726988342782551200e-01
7.857904856863556775e-01
7.569545362796783472e-01
8.545079750048847345e-01
7.426933547099349164e-01
8.546173852386592662e-01
8.290330509702371620e-01
8.455179075121014298e-01
8.177101430589668318e-01
7.728921674649340545e-01
8.752474714887459317e-01
7.532663551811783487e-01
5.959359559095664949e-01
7.001720046748810544e-01
8.319831198839029440e-01
5.619860067207832488e-01
6.349972879279842664e-01
6.890174815550585974e-01
8.004377189706243234e-01
9.239190786074981121e-01
7.397522681523315269e-01
7.948837245373331362e-01
7.684367422978498618e-01
8.826527274178056492e-01
7.319362234200950112e-01
6.561902980895917281e-01
8.318566511056658674e-01
7.637657034348060980e-01
8.486772469766665772e-01
8.321560429564268668e-01
8.147792550937703604e-01
8.518804501113645955e-01
8.570966384338041255e-01
7.796725189975927117e-01
6.390286146432724301e-01
7.295176228624202786e-01
8.010999287224995768e-01
7.821558166108767418e-01
8.600233979155401665e-01
7.701896363422536806e-01
8.044514780306920576e-01
8.069821293835023335e-01
5.108024585182180388e-01
8.020193948376223014e-01
8.603573238030680637e-01
7.681059196384905086e-01
9.892628733960429077e-01
9.161969085014177727e-01
7.973273579806602340e-01
7.925836171670430641e-01
7.833357709643342659e-01
8.282352585241294918e-01
7.863051549739232815e-01
6.642119573799846188e-01
8.011636416678944439e-01
7.255137304680197019e-01
7.299365762091444276e-01
8.544988037682518245e-01
8.072583253589417085e-01
7.790262911970016191e-01
7.501512134100970508e-01
9.260742766408982529e-01
8.295951384353664748e-01
6.883438330457041232e-01
6.904752005354090061e-01
9.672253166067014130e-01
8.085354964079113360e-01
7.588023939601535872e-01
7.829623158913795455e-01
8.701920234751699956e-01
7.874024546760653998e-01
9.810133375381036025e-01
7.846965064496788100e-01
8.673115574864687094e-01
8.012645206730153458e-01
7.752504920745989514e-01
6.251115869018448734e-01
6.771744920507810628e-01
8.735090017589453026e-01
7.089365151516546781e-01
9.828865282043549589e-01
7.755196188440349747e-01
9.777253340024797401e-01
6.856111458868483499e-01
7.822970612776630750e-01
7.422413584688259958e-01
6.025356056616291145e-01
9.065144351804698131e-01
7.679860833910768791e-01
7.389801957413015820e-01
7.107140031082116449e-01
7.569545362796783472e-01
9.233229976266114081e-01
7.817671817290314795e-01
6.884544642214853738e-01
8.262125597438501057e-01
3.746564985070993115e-01
7.645540983957895831e-01
9.825365141423308968e-01
9.590177079520202374e-01
7.670649446051821529e-01
8.189037995930125158e-01
7.590448644867018313e-01
6.896666703137327437e-01
5.106994949664885874e-01
9.801678000723912376e-01
7.511301292019321174e-01
7.846815629300883943e-01
7.845833050378409057e-01
7.733780066067893477e-01
7.974196749941615536e-01
8.006778238372221912e-01
7.168067802582109849e-01
7.723119118540744399e-01
6.094627029974490906e-01
7.578800976524671107e-01
9.579716670718673166e-01
8.089860779533665225e-01
9.613167570620244629e-01
8.939083035437470626e-01
6.421375944838316752e-01
8.455668419884102560e-01
6.386028814289944622e-01
7.619807153701334546e-01
8.179663716278092744e-01
6.483158556537367279e-01
8.554403026262147325e-01
7.375168922449332198e-01
7.389739444641734156e-01
9.664200327983177852e-01
6.805749959828496509e-01
6.264367987625757417e-01
9.741376187432915223e-01
7.505635096142262430e-01
8.274957587761643252e-01
8.273354887889012854e-01
7.775944731606283522e-01
8.441477025737679218e-01
7.335491904533046892e-01
6.697523314841036246e-01
8.336934382192402460e-01
9.625161173315470720e-01
7.517469754998955533e-01
6.571572160257956874e-01
9.049755418435340149e-01
8.085737100460391735e-01
8.814016661355780213e-01
7.656247546418889494e-01
7.311246541322530268e-01
8.057938026665785181e-01
7.287978342588586900e-01
6.760849992360419281e-01
9.053520702958411936e-01
8.741235919937190291e-01
8.439567061635044887e-01
8.738136455917685508e-01
7.489272815433182240e-01
7.697397286585957454e-01
8.274902869748120837e-01
7.721779656788063662e-01
7.457295400413362918e-01
8.573625301434624202e-01
8.076452206975217596e-01
7.255120123850598013e-01
7.767219826528857229e-01
9.138037665844146451e-01
9.070371478576999547e-01
6.250886247768441262e-01
7.964012745199331444e-01
8.045734110048361476e-01
7.795660196018256993e-01
9.348618727534141470e-01
6.146057161490887655e-01
7.599535644173038840e-01
6.657927130480461031e-01
8.607298094303694747e-01
7.580322662606586714e-01
7.932691054181858492e-01
9.682145446673600109e-01
7.635354934243513414e-01
7.636780789196263575e-01
8.691917263702780838e-01
9.529297358195618628e-01
7.173982498040726297e-01
8.827205480957478478e-01
8.196354174258020375e-01
7.542209093954647114e-01
8.461228967414620161e-01
7.727985082467081490e-01
7.505685595216383676e-01
6.486729615937083526e-01
9.256872578901401694e-01
4.948510057705816645e-01
7.931207024768837099e-01
6.932536191118361391e-01
6.992376389856916896e-01
8.163360407922856110e-01
8.041347012838385711e-01
8.254999070517197168e-01
6.620339288646767129e-01
8.327761403261998430e-01
7.678526792348127072e-01
9.642381627898688468e-01
7.915580994306177232e-01
7.607475191485603139e-01
8.813738938117308130e-01
8.485969915529733010e-01
6.206843151614249710e-01
7.978904760790939132e-01
9.093668707116060457e-01
8.261531646915226679e-01
6.468404168914845265e-01
6.876802003017044029e-01
7.896747211818756496e-01
7.824613243106889326e-01
6.315168679529261642e-01
5.911627100435719040e-01
7.963158025705729948e-01
8.346195918077757847e-01
8.290407801756296546e-01
7.565972253028006023e-01
8.789882411368622472e-01
9.050694517934604333e-01
7.428903517431166836e-01
8.098892006016586986e-01
8.731650078662903658e-01
5.796557322701824111e-01
5.795544893306012746e-01
8.518637294574321617e-01
8.542741863873689612e-01
8.260007954631113369e-01
7.317795857232629597e-01
8.841039004543137514e-01
7.513494572163861296e-01
7.869619718212662596e-01
6.537322778128392686e-01
7.672967275361654016e-01
6.628708494182269373e-01
7.862656662414113651e-01
7.679166560548298381e-01
8.060171506340572112e-01
6.434947107239261666e-01
8.209693288789725596e-01
6.619596039888874239e-01
7.791184564400901458e-01
7.087784448410171523e-01
8.332792276100567941e-01
8.132295939062061940e-01
7.351033896152092684e-01
7.563872761294472280e-01
6.436746454745527757e-01
7.752592573510462826e-01
7.895100733949468319e-01
7.930915581676054593e-01
7.692448941194047762e-01
8.053520816672412597e-01
4.683195059282073691e-01
9.230803602414675568e-01
7.896514652396023903e-01
8.287698516029239348e-01
7.554509945086946843e-01
7.494718006929601550e-01
7.255120123850598013e-01
8.552482437138045901e-01
7.389643907814374968e-01
8.975936534046755622e-01
8.291820201809464441e-01
7.942841156331186259e-01
7.790065467117732734e-01
8.649051023550700101e-01
8.933828670884303991e-01
7.874477188814982265e-01
8.202957945349178548e-01
8.875607308590177658e-01
8.778855765770918751e-01
9.741058319014593847e-01
7.802758505625633223e-01
9.437091547581293316e-01
6.103543960640547272e-01
7.504346272917437055e-01
7.020139723923991548e-01
8.692655227947365670e-01
8.671875000000000000e-01
7.911258713662637776e-01
7.827210393250649823e-01
8.523601396044737655e-01
8.481514472212285938e-01
8.006192511209225815e-01
5.863916765467770409e-01
8.073973904105479216e-01
7.336350284492858531e-01
8.992661338632395029e-01
7.851517789121812418e-01
7.454326552488652613e-01
7.905385412679740709e-01
7.013081301721467709e-01
8.228987496080785169e-01
8.900667399952085779e-01
7.946554890167140117e-01
7.923188489001378176e-01
6.159133780047495454e-01
8.528960421428827265e-01
8.200039040395235013e-01
7.667360538632213007e-01
9.766419771942796979e-01
7.586983535516940158e-01
8.121749604680070789e-01
9.057876218996600004e-01
8.872739268200059426e-01
7.952191114822881879e-01
6.742291218963060162e-01
7.841777451164435586e-01
7.632912276836919530e-01
8.680472921768258576e-01
7.630096687544679623e-01
8.396078857123505657e-01
9.676760224271325761e-01
7.961153216884607753e-01
5.746025446883972210e-01
6.660022718670525199e-01
8.466105364239648878e-01
5.882156866755141600e-01
7.844061132462707420e-01
9.228828646850946171e-01
7.874477188814982265e-01
8.980257794974408903e-01
6.176541861652203869e-01
6.543683829277555652e-01
9.034965764588813730e-01
7.146288195138341681e-01
7.271248978552407038e-01
8.693710900146942588e-01
8.278454616408469358e-01
8.300566680266467934e-01
7.954895596232361976e-01
9.844886345502266156e-01
3.977877457810010675e-01
7.845029675377496181e-01
7.833423322961586832e-01
5.872304820756275578e-01
7.841207161458573216e-01
8.447339032238662115e-01
7.832623985270782407e-01
7.727178584863568789e-01
4.129863845005821710e-01
6.891473106994396858e-01
7.645257342667228784e-01
7.923939790859380050e-01
6.790718920077931653e-01
9.231631354131691891e-01
5.927097918562143075e-01
7.078974799696607922e-01
8.312129785648343372e-01
7.823561550200198722e-01
7.845275964016377168e-01
8.866862363964453930e-01
4.623139401206532439e-01
7.939923794604683005e-01
8.115136029181212463e-01
7.802951282295839119e-01
9.179483916978425917e-01
7.364695276539735547e-01
7.934170518096823610e-01
7.244433141537244270e-01
8.963630348575390983e-01
8.363917568060157404e-01
8.611368345908455568e-01
6.536609945218818662e-01
6.731366330982484492e-01
7.369009274795451647e-01
5.795544893306012746e-01
6.781245488750252681e-01
8.725678081375249917e-01
6.486124717688759311e-01
7.577347103825746721e-01
6.891968944895174864e-01
8.161488521259586681e-01
6.441407599616910673e-01
8.787329727099935095e-01
8.513821497334103094e-01
7.447691082112393168e-01
9.231593322595100792e-01
8.090394053835033850e-01
7.461609486136897562e-01
8.539935491654622179e-01
8.394875347245904784e-01
7.010902909813869766e-01
7.677735778670764510e-01
7.959484185455364402e-01
7.856676971743791205e-01
7.529794180380640078e-01
8.720546577501061547e-01
6.732249956071123531e-01
7.511622658657620688e-01
8.075638405670172437e-01
7.892944525338827511e-01
7.453743965071284450e-01
5.452741528163049800e-01
9.788773148148147696e-01
7.617811747016269841e-01
7.352770751128597793e-01
8.550730761058972229e-01
9.723891991293588388e-01
7.412247440134008825e-01
6.674717118959831996e-01
7.429688228512265624e-01
9.118724669280106054e-01
8.525450130252378855e-01
8.114156269703710622e-01
9.133427289599087562e-01
8.473140932385579971e-01
8.912538508143525995e-01
6.732796737975782486e-01
8.544704315174037612e-01
7.963952358133471465e-01
7.564286343422224057e-01
6.985223170013864502e-01
3.323821784093854426e-01
7.754760405863131423e-01
7.544579006682006206e-01
7.757217981372518389e-01
9.067155194700361465e-01
8.409211400348310939e-01
7.955533188060421868e-01
8.047583587977437114e-01
6.416910556915500496e-01
7.998377929552146215e-01
4.684306224418277043e-01
8.094718755528934606e-01
7.949417141282005828e-01
9.419604710444832163e-01
6.346507068391087358e-01
7.102351946000311500e-01
8.441989041899840007e-01
7.532837740973894469e-01
7.369363680978539000e-01
8.454048268918744613e-01
7.869466914797871304e-01
8.276268709277607716e-01
6.249490086739728500e-01
7.818172836130417025e-01
7.879042017859387848e-01
8.254999070517197168e-01
7.747281406853060437e-01
7.165831925429342331e-01
9.113570401547305133e-01
9.632819115805535404e-01
7.843572163586489676e-01
7.975108790945256709e-01
7.647928577254475835e-01
7.825392945185668525e-01
8.099101380228476144e-01
4.805394297185828223e-01
8.532857818918690995e-01
7.485792108608789741e-01
8.945177173887881583e-01
8.406527308674762722e-01
7.801025610169837199e-01
8.791228944591026329e-01
8.668183636829769334e-01
9.423334278129905650e-01
7.979502595030262269e-01
8.495622651227244804e-01
8.387467922315502422e-01
7.695681752286971378e-01
8.464654429566086380e-01
7.820202278766041903e-01
8.904722425387008311e-01
7.954440234546674704e-01
8.756581626234166693e-01
7.287141232230391896e-01
8.735691863415643299e-01
6.464316996722755393e-01
7.799907505709879896e-01
5.431205487182541036e-01
7.268521295197519771e-01
9.235193171341053997e-01
7.402888764341069017e-01
7.965580942303656098e-01
8.371743903179617030e-01
9.676191057046713562e-01
5.830962349364779973e-01
7.845334644780986855e-01
8.034477091571226026e-01
7.749945415678592964e-01
7.053284440964335822e-01
8.131568922143077582e-01
7.672967275361654016e-01
7.494334393714214837e-01
8.677073153135171912e-01
8.195308594942918301e-01
7.737369599150472066e-01
5.992987873947659416e-01
7.576899455227804614e-01
8.187764311865640687e-01
9.762863560881301916e-01
8.533948653967650122e-01
8.901953063582428438e-01
4.132152836989467226e-01
9.015810370778172267e-01
8.369814960389929670e-01
6.087755017785753120e-01
7.682571051585708188e-01
7.702933902686153189e-01
7.680632731135926816e-01
8.217180918292046332e-01
7.962757942335613182e-01
7.073176694943461573e-01
7.214168467728190315e-01
6.768175204351998264e-01
5.361365979495092970e-01
8.539250074524182832e-01
7.761627511139336244e-01
7.793300008771074650e-01
6.323703177724198099e-01
7.938626415919677326e-01
6.591026908125833250e-01
8.215964757084872616e-01
9.316406829137411361e-01
7.843572163586489676e-01
8.099433636970662098e-01
5.657107017068967458e-01
8.122747202176293646e-01
7.949412432555493790e-01
7.606825823640384066e-01
6.368894966351182907e-01
7.823761425971621497e-01
7.391938532803086215e-01
7.489603337014947293e-01
7.444060517193235027e-01
8.012503504886114847e-01
8.467389410296906060e-01
9.015810370778172267e-01
8.331889536711079014e-01
8.859757621673798322e-01
8.152299070360042865e-01
7.697560533214441447e-01
8.692509216557863239e-01
7.493404301602190065e-01
7.090594002370866900e-01
7.973029489411685988e-01
9.356000920250030495e-01
8.330979923254112629e-01
5.078747944423973593e-01
7.122657293762043595e-01
5.626561281046222884e-01
7.903755280485991186e-01
9.260742766408982529e-01
4.838702986979203091e-01
8.049738874182639226e-01
7.682597622204799803e-01
8.613503099988893963e-01
6.984776064810606089e-01
8.647514846903127106e-01
6.830146481108407830e-01
8.141097181971099772e-01
8.516800806076830765e-01
6.355871689554388748e-01
6.657658872038493270e-01
7.151908433693037193e-01
8.813973279729603316e-01
8.331696377295076950e-01
7.702886263027237668e-01
7.573007921572812995e-01
6.792003920379371396e-01
7.953428957718359227e-01
7.722355271704703927e-01
5.259438244381242633e-01
9.544648937480485484e-01
8.147761714896029073e-01
8.058186472845751958e-01
7.451430736879446348e-01
7.860449488766980686e-01
8.128895226884018665e-01
7.503593602242054628e-01
6.776261451908603961e-01
6.505959172729121054e-01
7.872008773014118610e-01
5.995179275004385300e-01
4.632651662514173374e-01
7.670315605130390013e-01
7.325519960464222935e-01
8.343430711852347637e-01
8.226554663800150768e-01
7.950243566146980578e-01
7.861326064089817489e-01
7.082848855366985497e-01
7.714396775440418574e-01
9.850803403319267071e-01
4.474769394386711174e-01
7.792872314136050083e-01
8.236482622884767624e-01
8.177638047913656782e-01
7.753009034878122208e-01
7.802364550673872579e-01
9.482880264581526886e-01
8.912538508143525995e-01
7.891686860094621059e-01
9.337664035584468669e-01
9.063677433453721788e-01
8.544583461488317599e-01
5.365536457258898162e-01
8.289161033309854210e-01
8.186247615041960524e-01
8.106021514576217113e-01
8.301254810058399380e-01
7.920529485390839231e-01
7.960794050983580616e-01
9.359008427541330999e-01
6.675599964457052948e-01
7.789822277999178812e-01
7.456634861762544420e-01
8.410811082214588730e-01
8.439325740722448677e-01
7.983798527104625231e-01
8.727252944806627166e-01
6.871023718076377795e-01
8.008274901255324485e-01
8.022778898240237044e-01
5.749246778600811680e-01
7.459076158316122473e-01
7.915789405806248347e-01
8.267433400317538705e-01
7.807629615615572227e-01
8.131844781720918292e-01
7.775920030638738822e-01
5.676296000361849003e-01
9.442776008326979609e-01
7.747768619910888610e-01
7.585768617838225536e-01
7.603631207430170402e-01
7.961623543897560218e-01
8.293359940179965140e-01
6.187565269446432259e-01
9.047943198326471315e-01
9.843750000000000000e-01
8.263214971170652623e-01
6.925887604341096626e-01
9.474085785765130607e-01
7.821559447300152623e-01
9.529297358195618628e-01
7.948837245373331362e-01
4.231771469807950048e-01
7.651398881609886571e-01
7.378318369010142819e-01
8.459705656657354744e-01
5.959359559095664949e-01
6.778442575949376048e-01
6.320407912854792976e-01
8.417063822414108110e-01
9.426548053934269422e-01
6.805625062914907319e-01
8.107812108285894492e-01
7.794893973904816198e-01
8.254780731733448729e-01
7.746270897499109021e-01
8.270157475450239382e-01
6.516069452279898977e-01
8.368666421950859968e-01
7.173424868331887971e-01
8.779711879990004242e-01
6.212714542275179497e-01
6.944977896691237884e-01
8.085737100460391735e-01
7.271517814914182365e-01
7.598714544957047012e-01
6.994051546168564837e-01
7.685836264863191714e-01
7.414407223616602538e-01
7.430643675933450432e-01
8.622890472423527797e-01
9.313754528222650819e-01
8.568156592062274868e-01
7.357032131166678646e-01
8.865224284306035818e-01
7.724142186672209309e-01
8.044600166663191665e-01
8.499913874955479232e-01
8.670855168156531567e-01
7.127507577217057078e-01
8.063447159030702194e-01
7.962419412255010709e-01
8.731752708236858451e-01
7.957731142902013666e-01
7.232507983394366180e-01
7.975942625657547191e-01
7.699723992590271626e-01
7.706382010936109195e-01
9.238153260384623922e-01
8.587991664266286795e-01
8.022598521629894508e-01
7.311436886440516592e-01
7.526219404490049891e-01
4.897091396275704001e-01
7.710196962119075792e-01
5.348535369747723367e-01
7.838325816989394346e-01
8.165487850581301110e-01
5.167474649105935347e-01
8.869382061627034686e-01
8.414210706491401792e-01
7.772084250746542633e-01
6.635079083485799778e-01
7.065925162542958660e-01
8.886635953171372337e-01
6.215155207535867365e-01
8.831931379223737499e-01
7.541166614154142245e-01
8.124219948981817874e-01
7.586983535516940158e-01
7.913065781448528346e-01
8.290876272758993526e-01
5.550928416196327930e-01
8.376452904556465073e-01
7.841001268821340409e-01
8.130140625238750918e-01
8.598072310869199208e-01
8.190133739925860024e-01
9.882913066231875376e-01
9.150830019117568437e-01
8.723958333333332593e-01
8.740133402807767071e-01
6.947233717168058709e-01
9.529974378617451780e-01
7.407796668543672469e-01
7.342709972358637538e-01
7.463180805528004669e-01
7.049093123350789192e-01
6.373902538383006133e-01
9.296114068589863555e-01
9.116405844655665058e-01
8.263740275571263005e-01
6.765122004458374860e-01
7.858281877810080474e-01
7.791713887422335727e-01
7.206344602079282069e-01
7.634093335038955042e-01
8.620602640839541975e-01
6.304632537396529512e-01
7.581852048516231068e-01
8.014215290101907030e-01
5.613439242965750919e-01
6.331880842899777484e-01
8.004816315231901847e-01
6.696834054528100211e-01
6.234094467629724967e-01
8.085354964079113360e-01
8.869945504654513924e-01
8.072488819212988442e-01
5.581575483432307250e-01
8.871452092914048349e-01
8.830007072573703431e-01
6.989206660893962919e-01
6.145276608090153303e-01
7.617541520164115010e-01
8.270905518655558009e-01
3.824268159901396680e-01
8.941903309673229217e-01
7.297988186606282346e-01
7.078974799696607922e-01
8.287561371104962271e-01
8.738414623627376310e-01
8.348017326147705308e-01
8.791451957081602986e-01
8.935265886925194412e-01
8.418554602279648691e-01
7.559733766443463843e-01
7.223413992964961006e-01
7.236265734049537324e-01
8.209290866945665455e-01
7.178638942173926063e-01
8.183398801992000093e-01
7.784507106470340831e-01
8.280948231768120449e-01
7.913913631459664755e-01
8.274150203396354319e-01
8.010446458124079738e-01
9.319205306211274520e-01
7.876572555591393465e-01
8.389659664343014356e-01
7.539213769540151766e-01
8.241742264247773342e-01
7.882933004966654611e-01
8.493745068506163287e-01
5.075678610934311052e-01
8.129578887907640272e-01
9.570608397788672450e-01
5.671160622018518449e-01
8.697679087404083242e-01
7.570084506905038202e-01
7.618625635814150199e-01
8.083849460276192334e-01
7.030343203986584300e-01
7.838826033006235372e-01
8.188127884163840520e-01
8.765680522506840155e-01
7.998025112153274163e-01
7.690339406269974809e-01
9.584802187510247373e-01
8.652212996043622262e-01
8.253939373213652342e-01
7.635915813262721397e-01
6.385150209060755921e-01
5.069054651613716933e-01
6.628140743084348641e-01
8.131953092471098099e-01
7.640048044015019801e-01
6.961521159540030590e-01
7.666235471794751177e-01
5.982794726273692465e-01
7.088003143786966165e-01
9.299768518518518601e-01
8.910420085663933731e-01
7.554148515886225379e-01
9.638780442512996371e-01
9.376051747547673454e-01
7.407350985528594611e-01
8.689639322731448345e-01
7.715289017596262955e-01
8.677073153135171912e-01
5.664981670414771520e-01
6.032268980125524704e-01
5.377691205451344825e-01
8.223767335794295308e-01
7.941436650922411022e-01
7.928197299374248885e-01
6.682204587820281816e-01
8.671579286087975902e-01
8.571646469389884171e-01
8.208301856239282879e-01
9.359681120821794487e-01
9.433261520386437837e-01
7.284161566371398777e-01
7.813660783101322727e-01
7.646116313329075487e-01
5.323654330128384515e-01
7.681818878485421331e-01
6.605951321661028830e-01
6.906571913524913731e-01
8.043723626750614031e-01
8.046470218491961202e-01
8.311932757666123939e-01
8.600273443663152273e-01
7.573426961221682019e-01
7.922949439291240292e-01
7.903592737151465819e-01
6.778463478579358492e-01
8.367552856852491505e-01
7.240198035471444582e-01
8.850608944389388721e-01
6.674022024443020396e-01
7.696199957367434452e-01
7.914306908067139101e-01
6.670173103634964296e-01
6.019743518081349665e-01
8.176034523430222301e-01
5.850000317321006893e-01
7.726510524706293737e-01
7.529807421256552447e-01
8.310951818194404206e-01
6.069622790734914286e-01
7.595223014677487949e-01
8.022920910809185902e-01
9.067986678376036558e-01
7.159232766310290597e-01
9.860368136012207518e-01
8.401253260160403968e-01
8.341992905091772936e-01
8.028477510742176859e-01
7.639360432941028067e-01
7.731465928209865224e-01
3.536904895129566184e-01
8.590843624616556484e-01
8.938319751227425947e-01
7.946098738994075150e-01
8.072038279504520908e-01
9.015810370778172267e-01
7.120359652161172281e-01
8.194786954060712114e-01
8.000460442411951867e-01
7.530992148774918737e-01
5.980394339612440380e-01
6.952511358908188832e-01
7.817745025208837628e-01
5.384005715749204946e-01
7.753906683125714183e-01
8.647514257345872979e-01
8.134044928973741539e-01
7.888693165655500383e-01
9.324034490353190208e-01
6.946048555575025096e-01
7.336474443023509595e-01
8.002739172545202395e-01
8.276423801488822507e-01
8.246790236852301614e-01
9.340832102522318436e-01
9.772174749004417516e-01
6.151869294867193805e-01
8.071209067357790756e-01
8.293023155428225213e-01
5.289626330738208537e-01
8.107460685457642535e-01
7.666235471794751177e-01
7.774788932813770925e-01
8.615329514840986969e-01
6.986177996068759777e-01
8.153047609716983501e-01
7.989665500537502796e-01
6.355247966896180323e-01
8.077068682714182435e-01
7.271694045489383029e-01
8.435545715459470406e-01
7.447156520449783601e-01
7.870580001031538542e-01
8.357288934993548635e-01
7.818240287805600097e-01
7.652172016587430736e-01
8.089190451026455619e-01
4.633269067873365676e-01
7.828367216434709563e-01
8.262820152530222506e-01
8.400404602296142054e-01
8.680550442693916180e-01
8.821860219844077644e-01
9.684427787723038916e-01
7.514224690571706944e-01
8.414828358095696181e-01
4.647114255884048362e-01
6.765921865330702945e-01
8.654538384156172937e-01
8.411546030554678532e-01
5.581575483432307250e-01
7.406377258711539513e-01
7.493942662869351734e-01
7.867566696710250884e-01
9.145061903400868442e-01
7.186029801982413145e-01
8.563948310905971084e-01
6.660974797733065778e-01
7.874138487415577314e-01
5.846509945846021239e-01
8.105409465400902347e-01
5.167474649105935347e-01
7.034944053899729877e-01
7.879085682272228830e-01
8.240512842573988195e-01
8.002855004593506516e-01
9.843327877106198276e-01
7.170346642269117554e-01
7.466543536916577795e-01
8.536579662880353636e-01
7.349352284577244099e-01
8.990317764371438258e-01
8.177816940661968292e-01
7.309435298645376999e-01
7.722283684401540782e-01
6.249767147110124599e-01
6.956318724564022338e-01
9.033018491969216912e-01
8.005076807532669481e-01
7.656136822760650773e-01
6.619593080592992562e-01
7.872552351317088082e-01
6.505002972610043344e-01
4.720387821524681948e-01
8.911811449415598663e-01
5.816176193111103343e-01
8.083181956117426736e-01
8.650651357546458309e-01
7.670315605130390013e-01
8.525118755490710409e-01
8.379518678571842294e-01
8.269086570313103346e-01
7.630373377581690653e-01
7.858190511701023118e-01
6.988934836059992328e-01
7.500550582426879220e-01
8.715713905555327878e-01
8.336571848765016446e-01
7.300296050185761665e-01
8.192694272259802846e-01
6.161053252742918485e-01
6.389209634768078239e-01
6.994051546168564837e-01
8.161203498464459916e-01
6.604439136007637101e-01
9.677206190242808592e-01
6.761066248139141477e-01
8.017473124662672923e-01
7.291008297997830789e-01
7.224299780949946514e-01
8.695352394228882398e-01
7.453909193722191295e-01
9.074656013864715876e-01
8.254916767684860046e-01
8.660514553510246794e-01
8.651261980150553033e-01
7.355855711862320234e-01
6.000899386774873889e-01
7.646260374166355955e-01
6.962055428164072302e-01
8.592196180221916002e-01
7.128388532187661664e-01
6.870040109962932684e-01
8.479112706757170326e-01
8.200519257195870715e-01
8.234328446615514219e-01
8.379360856813071745e-01
8.561196774428769807e-01
8.108629736290443590e-01
6.934954050082892119e-01
7.304772098242401368e-01
5.328267439536441552e-01
8.224540106341583501e-01
7.997110956714753582e-01
8.564326387940073282e-01
6.628140743084348641e-01
6.999256283313303184e-01
8.089200080189434816e-01
7.667721247667442785e-01
7.798782626590704536e-01
8.998562692638705229e-01
8.662049430430753816e-01
5.629271029309940166e-01
7.893640911205725974e-01
9.156193358240285463e-01
8.301491360086309390e-01
6.787926652225326762e-01
6.506795615225040574e-01
7.000616901857654728e-01
7.735634200685235218e-01
9.479120282150667043e-01
8.831467957507748157e-01
8.209842965471044751e-01
8.190480064498982804e-01
5.025063878788129657e-01
7.091039115631471157e-01
7.605783950126068227e-01
8.114243554556094251e-01
7.135164949401495704e-01
9.507167974938693922e-01
5.039642997772991739e-01
7.979375312882587279e-01
8.064590341816667562e-01
7.942518177365944787e-01
7.615155107908242460e-01
5.630934648158105738e-01
7.725400800265722623e-01
7.242214665130052298e-01
6.598456420567445635e-01
7.996371575222233075e-01
6.175187211341857108e-01
4.897091396275704001e-01
7.958502409972465497e-01
6.397825928250369110e-01
6.677794911926852039e-01
6.090374719120994484e-01
7.809830060553513142e-01
8.084115706688811409e-01
8.948407446264343701e-01
8.304018926732531503e-01
8.245687928361323804e-01
8.346320040734034329e-01
4.780824727960324427e-01
7.358018966238366598e-01
7.469137275877930637e-01
9.851560051789113315e-01
8.822133762394205325e-01
8.446427133084688510e-01
3.950840248638517460e-01
8.407555594725852899e-01
7.873502967803261976e-01
8.734643517345499486e-01
8.960811173482636782e-01
9.380493266915344019e-01
7.723191686320698413e-01
7.939745570387335416e-01
8.159302522324637374e-01
7.797840247338357900e-01
8.843861063686939694e-01
8.067240908279166289e-01
7.694208263419677341e-01
8.449775883823564815e-01
4.617048848074025158e-01
7.578534368570504220e-01
6.063159270819655777e-01
7.355855711862320234e-01
8.787383855644791408e-01
7.436104818152918794e-01
7.735634200685235218e-01
8.345853334693180692e-01
8.111050511593951295e-01
6.105631578854197050e-01
8.531982226534341462e-01
8.664070654983114794e-01
9.137531944767555148e-01
7.011110029401148580e-01
6.438434189890973602e-01
7.754760405863131423e-01
9.850598707145276078e-01
8.307883437431039519e-01
5.286226680968455494e-01
8.678002119960664951e-01
7.254621305911894691e-01
6.359816837677564338e-01
7.739211824829516084e-01
7.869986165223795682e-01
8.675456908141897516e-01
9.234145646448110867e-01
9.177802163602440944e-01
8.897566850780023184e-01
7.710862390593836713e-01
8.588898907717471554e-01
6.378129142926235451e-01
7.973026048551757894e-01
9.754945616492285421e-01
7.503635655641270885e-01
8.338324328075593650e-01
7.923147387808989750e-01
7.354377611410176652e-01
6.614447561645077078e-01
8.087756735894165994e-01
7.639640425268796609e-01
8.029543159713193878e-01
7.555868270297522171e-01
8.022518204550067589e-01
7.640887839809092918e-01
8.012579018836355482e-01
8.052350286642334654e-01
5.849953692707804409e-01
7.241196903184355937e-01
7.846338324539139375e-01
7.348457511398092112e-01
7.592430621674246538e-01
5.441126765649945130e-01
9.192418750612618705e-01
7.095500766777134150e-01
8.191717250888503887e-01
7.319362234200950112e-01
8.300375509736249713e-01
7.396049790426849624e-01
8.747835263281824592e-01
8.476916561969298769e-01
8.168799969681714845e-01
7.350985572856080230e-01
8.458088531277143662e-01
7.617541520164115010e-01
6.937283703010789226e-01
6.271663623612103722e-01
6.558433371713514592e-01
6.291334002324177055e-01
7.641565307429367682e-01
7.517469754998955533e-01
8.215784176915935655e-01
9.497448131549015571e-01
7.089365151516546781e-01
7.492187273725160468e-01
7.348169441842489213e-01
6.778508151474419430e-01
8.104921012581279838e-01
7.350832151279674820e-01
9.286993198642045089e-01
7.265123630657688292e-01
7.772793140619493890e-01
7.552938102324139313e-01
7.611476677734752005e-01
7.639998404611429983e-01
9.912028220130657541e-01
9.325345881632197687e-01
8.753228781376930501e-01
9.817773971545205036e-01
8.687107535798316293e-01
8.942985261242478723e-01
7.756125261496551460e-01
8.077933622211062037e-01
9.253830853891844566e-01
7.168581818190317145e-01
6.886764544831828205e-01
6.723810214068650648e-01
7.286855584686526832e-01
7.973026048551757894e-01
8.512313264398201351e-01
7.957468031004050202e-01
7.192797378941078179e-01
7.880892564582439030e-01
7.746270897499109021e-01
7.528228037436376363e-01
8.298864438316172487e-01
8.324104967479974970e-01
7.946565077950519251e-01
8.898302121053177638e-01
7.878617040733317811e-01
8.072217428960344332e-01
7.962757942335613182e-01
7.821451247451921551e-01
8.270666387868623737e-01
7.852860651515356505e-01
7.209385087238562306e-01
8.067644465390348962e-01
5.913997155249695048e-01
7.564110710947891114e-01
7.794413419124600617e-01
8.250171776283803382e-01
7.308685306974744833e-01
8.050201877032311382e-01
9.767675471856152036e-01
8.030803277386949768e-01
7.781066696639150626e-01
6.053399237259874388e-01
5.736358000861992990e-01
7.636866784712467160e-01
9.364031973636610662e-01
7.651376467902860634e-01
6.331893788868703243e-01
8.999103474604049913e-01
9.400449246315856211e-01
7.699030432088543874e-01
7.764702131619435344e-01
7.569111792167787511e-01
7.678491186688484182e-01
7.660285988020083536e-01
6.634996925777011390e-01
8.165401069840101389e-01
7.425749946211800401e-01
8.292860173025877746e-01
9.483238627424710465e-01
8.742473854465272476e-01
7.860855099914493271e-01
7.877506132431635333e-01
7.996371575222233075e-01
4.672905651496983004e-01
7.805821347824709600e-01
7.881923286244310045e-01
7.808502733641594640e-01
7.540290863430162416e-01
6.197564825324033411e-01
8.203826253067063590e-01
7.984034929883825349e-01
7.774163619279157444e-01
7.918438419110284121e-01
7.963490977653056024e-01
9.674414759507783401e-01
7.291806083712839559e-01
7.740756310776817362e-01
8.799255853761652757e-01
8.639773969128241582e-01
8.202572249347124256e-01
7.482274830367978691e-01
5.610018345341161172e-01
8.057353975366535748e-01
7.389346188160776929e-01
8.917863492551582061e-01
7.924333713460336437e-01
7.679857066988979852e-01
7.753213355042252175e-01
8.310184183546147629e-01
6.687863562942694129e-01
6.132208431638411783e-01
8.100837545262057349e-01
8.483369472946525880e-01
8.449775234616468955e-01
8.485564390984854377e-01
7.533238120715277653e-01
7.104351697212002437e-01
7.611180887826858310e-01
9.003445420448655812e-01
8.510486711937054194e-01
7.957004858414308268e-01
8.116155945325319587e-01
9.265785387082615676e-01
7.853682916406423686e-01
9.025463237691784268e-01
7.409928266677900943e-01
6.748586939623341108e-01
6.874900175866689445e-01
9.263159514421858143e-01
7.038850939398014761e-01
6.018601793615089290e-01
8.822359637861533210e-01
9.835069444444444198e-01
4.920258520256367007e-01
9.058187004082751681e-01
8.068595487493893659e-01
7.934321006243973962e-01
6.946829214126505336e-01
7.911389347654333992e-01
9.069878368562508397e-01
7.932691054181858492e-01
7.193045966129421043e-01
6.567659157105336654e-01
7.750844754123612512e-01
6.609522851513440767e-01
8.574689111311942780e-01
6.842730109294035135e-01
8.959709035525074139e-01
7.248776000471365277e-01
9.585948445179769406e-01
7.473763617458678565e-01
8.841182219023133726e-01
6.626501041083990851e-01
7.378502663140419360e-01
7.558152669345948871e-01
7.967634847089740679e-01
7.939416466829832819e-01
7.921875421397689410e-01
8.587478872235585481e-01
8.031956330129229604e-01
7.210284258159299631e-01
7.649391735078471255e-01
7.528055302648709590e-01
7.461784946426104348e-01
8.008244046407101413e-01
6.436746454745527757e-01
9.178801266681240190e-01
7.755686335037222934e-01
7.649391735078471255e-01
7.940956941540968650e-01
8.185328609765947228e-01
7.205822161147588112e-01
7.861294928249233926e-01
8.699213379677025459e-01
7.655896180889627534e-01
8.004200351475506681e-01
8.030964429467895016e-01
7.393981286072579540e-01
8.307080306996249552e-01
8.326022490204648685e-01
7.991816909679893000e-01
7.849363302299932066e-01
9.224919381209568670e-01
8.847650851148177731e-01
9.510725922689660106e-01
8.453396763349350085e-01
8.668496436670348748e-01
7.931400542632724981e-01
5.893863942716581761e-01
7.697360499816257029e-01
6.213442892694049924e-01
7.623083191357921118e-01
8.211702437401713350e-01
7.515723316150376698e-01
8.533333430394617336e-01
8.488032185285067088e-01
7.866668851611380298e-01
8.479254809228631284e-01
8.126668220820223443e-01
6.772919697517962856e-01
7.228349299376404247e-01
7.813660783101322727e-01
7.728122823836425237e-01
8.169880439456161936e-01
9.143090571113456910e-01
8.059985897352046624e-01
7.485792108608789741e-01
7.223813273364880772e-01
6.777505392925929906e-01
7.888256556008117482e-01
9.262626263580677755e-01
7.981120671651404930e-01
8.183494240426715249e-01
9.050634529022615338e-01
6.372275762440923197e-01
9.051925990661272570e-01
7.627859413790571974e-01
4.543106599111475519e-01
9.505703772973035370e-01
8.281607401435121529e-01
8.464526019238999277e-01
8.481133417297164190e-01
8.088780787370304370e-01
7.925362961733187772e-01
7.415085036552556685e-01
8.378705745367514002e-01
6.931071708701139755e-01
8.235714816732333521e-01
7.704300059515817312e-01
7.534935306649682696e-01
7.894967495983933325e-01
8.342895697851604453e-01
7.696342190040533771e-01
5.450342649288469898e-01
7.918113321056775566e-01
7.983897716328652860e-01
7.220106065374759519e-01
7.755346124066972990e-01
7.780780064844899924e-01
7.373688963275081276e-01
7.477109960631252994e-01
9.040004362092064483e-01
7.517469754998955533e-01
7.773877179758673650e-01
7.622354790364064270e-01
6.981281361814262176e-01
8.238964783371545142e-01
8.843861063686939694e-01
8.284386700702291995e-01
8.106220608644276737e-01
8.410970894083945604e-01
7.262169018512997232e-01
6.766696859913290396e-01
8.864146752897442694e-01
8.367381339298546328e-01
8.008626430423585463e-01
8.953690687590309949e-01
7.230113584236755875e-01
8.132646402672203401e-01
8.436821741874866998e-01
9.853138895929245411e-01
7.908421397053334578e-01
6.267573918431529334e-01
7.703764771304628667e-01
6.645432204422561107e-01
8.492703688271613371e-01
8.090586837162885292e-01
7.950243566146980578e-01
9.059947092773245059e-01
8.532047141277304680e-01
8.484020167596566520e-01
8.246516858277090911e-01
7.942939312347987446e-01
6.125472363328774428e-01
7.726174390925328872e-01
8.018600061491555353e-01
8.099457602562452063e-01
9.367249713669955069e-01
9.224133101037323978e-01
8.559836814423781304e-01
8.134948962108928816e-01
8.452745596042741116e-01
