9.548440887639215724e-01
7.424988162097156952e-01
7.950233015834556882e-01
6.417995787402852592e-01
8.922114269634413564e-01
6.632398969207196071e-01
7.141727010083112059e-01
9.637133285589513099e-01
8.002095001903026805e-01
7.880529477610830336e-01
7.407192683611319994e-01
7.248584364845742645e-01
8.077164000414499556e-01
7.930915581676054593e-01
7.565375144143622332e-01
6.469133673111531202e-01
8.130647170197494722e-01
6.674747297430376758e-01
7.444491761257014950e-01
7.979494655570710249e-01
6.011800830346258895e-01
7.778032195398382198e-01
8.487073321812165227e-01
7.686333512059418949e-01
7.843401917747119256e-01
7.744652790973756140e-01
7.382528102002960946e-01
9.033611440607507426e-01
8.428584692017613289e-01
7.329372033094152528e-01
7.101266026144030796e-01
9.479120282150667043e-01
7.504329532825002591e-01
7.991762291274706609e-01
7.424382408502854247e-01
9.628775631987265271e-01
7.876397402828889671e-01
7.569111792167787511e-01
7.979454074640842665e-01
8.691234876411148003e-01
9.176111429967591659e-01
7.557238739901935842e-01
8.252247459496209192e-01
7.940626478169313662e-01
8.441546783510984753e-01
7.313905293029180354e-01
5.573040719316093572e-01
6.741931818947417554e-01
7.471560604649587489e-01
8.052609639877053027e-01
9.264894355493468181e-01
8.032035884458487152e-01
7.264207381004051944e-01
7.733384482108180968e-01
8.975243689648593204e-01
8.731774822456124241e-01
8.253990639277104524e-01
8.191277146357842653e-01
7.324697076945716478e-01
8.858927260536764159e-01
6.722046737328877253e-01
7.201621340068627974e-01
8.021292840420294334e-01
4.474769394386711174e-01
9.129781348264733865e-01
5.970297093023364532e-01
8.863897291209272833e-01
7.779537527591696700e-01
8.924426647206531449e-01
7.573398101674725380e-01
7.338731970821626982e-01
8.745523304757580885e-01
6.876336435792138602e-01
9.315364164878046083e-01
5.995666058507947982e-01
7.257918729363982413e-01
6.974714751909633081e-01
8.090893885405725516e-01
8.796175819511983240e-01
7.719279674618673148e-01
8.481343315891880508e-01
6.332416894561080367e-01
7.225003122267887878e-01
7.125480807769295488e-01
8.415180488837493700e-01
8.636968493091188304e-01
9.521672494037816126e-01
7.697029523701113263e-01
7.542946860579328172e-01
7.758415487467612559e-01
8.655838103041585407e-01
6.466730993460514387e-01
8.363618595618397267e-01
7.002534556463182458e-01
7.790146440147820428e-01
9.320224238232076575e-01
8.603573238030680637e-01
7.228378049276873440e-01
9.010264693845597694e-01
7.125460908940233207e-01
9.646770525193529844e-01
7.874186948901221728e-01
7.795917094654923885e-01
7.838325816989394346e-01
8.765101176177828579e-01
7.767237035031516745e-01
7.441107496738949001e-01
8.069804337297846741e-01
8.480752199165190186e-01
8.201102047056191280e-01
5.138419168640558921e-01
7.859121431219463494e-01
8.455759747282068917e-01
7.950226488564704486e-01
8.040059432838391196e-01
7.824948077900281129e-01
6.106701620984282819e-01
6.949104940073755898e-01
7.188134962716278276e-01
6.980412887563998137e-01
7.380685713376882173e-01
7.277704896409907809e-01
8.336637388777300428e-01
7.895157344493394236e-01
8.287284390718553384e-01
7.869506956575993417e-01
9.453633555797351651e-01
6.975488928806123923e-01
5.892836500392645283e-01
9.796380241258326738e-01
6.993394551683034255e-01
7.157006858563047524e-01
6.937747212175234823e-01
9.713963762142848735e-01
8.633049540712109948e-01
6.411263299811447158e-01
7.384690185400241136e-01
7.579808452930132390e-01
7.388498624491846023e-01
8.401387325014368912e-01
7.879076864672364122e-01
6.730765384331579559e-01
7.413088949470624245e-01
8.185802150536446442e-01
8.315502287690530459e-01
7.645933207871423720e-01
8.295191343327273925e-01
9.257864166535404449e-01
7.877371920291107443e-01
8.167179005253409896e-01
6.789118834447793738e-01
8.885718093034176146e-01
9.262879645587915878e-01
8.151320324106561266e-01
7.958038522000236981e-01
8.145019509318156548e-01
6.178132645951963653e-01
8.024083093503450170e-01
8.662315045894848353e-01
7.674444256751458138e-01
7.703976025760469470e-01
7.903017063630956018e-01
8.501727074073487378e-01
7.951767465266998958e-01
6.790646341639744454e-01
7.666571450620202066e-01
7.976745519121981598e-01
8.442376095967157879e-01
8.206313459276219913e-01
7.438755548246347438e-01
7.280250051207630690e-01
8.951213629598315791e-01
6.988927068379150453e-01
8.131953092471098099e-01
7.983011379901674420e-01
7.781085440759070160e-01
7.820636379474822375e-01
8.310560385251407611e-01
7.430372323630195508e-01
7.572923550756016642e-01
6.042102590680802354e-01
7.689456258386982990e-01
8.541377683556204969e-01
8.991338048855922471e-01
9.604466304587865322e-01
8.390749156730371583e-01
7.095572216476758731e-01
9.262452462703992806e-01
6.979831916026741911e-01
5.521219088710532796e-01
8.128513342744366765e-01
9.631335650380470348e-01
7.897393460273417487e-01
7.954669621717562755e-01
7.365526619316407064e-01
8.957765888840057977e-01
8.251611078522006482e-01
7.634857884550986240e-01
5.796557322701824111e-01
7.770487914356697390e-01
8.740257271761875391e-01
8.249225393303590836e-01
7.925955705795582062e-01
4.970555307962815084e-01
7.360106142051300315e-01
8.106729559435736920e-01
7.969804931261349479e-01
8.762679031224842596e-01
8.286753344181766456e-01
6.446203470836225913e-01
8.241742264247773342e-01
8.654544439565825531e-01
9.456904994350472382e-01
5.527504508360662205e-01
7.125909291622605224e-01
7.424255822135580329e-01
6.090327282706762269e-01
7.144301733801978749e-01
8.060543316240745826e-01
6.170279156646907293e-01
7.190546109822564258e-01
7.800786744858008159e-01
9.022462404111489809e-01
8.200039040395235013e-01
7.382157948466694375e-01
9.610364302090488309e-01
8.604678674832223484e-01
6.511172804971187000e-01
7.702248198418554237e-01
6.893258340338411783e-01
8.372202560650121583e-01
8.115888228157861484e-01
7.183399375646353224e-01
7.218720453699778439e-01
7.748641736653786305e-01
8.268185941899321989e-01
8.250111387133600704e-01
9.087388755509188121e-01
9.020374619502932179e-01
7.969749316906813430e-01
8.737267544849832701e-01
8.578031435379277481e-01
8.498116374470501277e-01
7.190546109822564258e-01
7.492837257253092131e-01
7.609883216128668915e-01
8.653597850012383352e-01
5.180680425986463611e-01
9.167433453248132746e-01
7.696121860593396757e-01
6.106084386229084782e-01
7.427368157820358752e-01
9.353430647846132651e-01
9.298088668472330731e-01
7.457295400413362918e-01
6.795916778697395078e-01
8.295481738395829030e-01
7.453909193722191295e-01
5.753211287937788354e-01
8.270899773469952976e-01
8.175432941810821807e-01
6.906452430126808206e-01
7.840268151669652630e-01
7.516177861839221652e-01
7.782664723158472242e-01
8.822986414650192399e-01
8.071586198540739998e-01
8.072383400448411850e-01
7.477109515525911521e-01
5.190466197956976613e-01
8.316832645148646286e-01
9.055645492400500318e-01
9.481598571140609222e-01
7.084949119355359315e-01
8.013358611706421497e-01
8.066265830777185064e-01
8.273643004566600956e-01
8.147374227932704382e-01
8.408447882004418394e-01
9.153882319964784520e-01
5.199586851964549394e-01
7.809652100234912853e-01
7.135342659432865053e-01
7.841281669255710796e-01
6.874430426283331119e-01
7.824331396549912832e-01
6.352027058178021379e-01
7.178705710001267448e-01
7.969228502554097648e-01
7.867561905886166773e-01
8.824772089007049125e-01
7.318969854686270260e-01
8.431230853638695955e-01
8.078722516262611952e-01
8.671579286087975902e-01
7.670726173489080812e-01
7.787215006614812696e-01
9.450142061563586715e-01
7.942301065908343727e-01
7.926246802519220092e-01
8.192655570196786252e-01
4.756959897950673866e-01
8.302217119337149676e-01
7.123563753707065072e-01
6.835967154353695951e-01
6.144603564122474992e-01
7.399383015971344735e-01
7.673469388466566121e-01
7.600945022121545769e-01
8.059332317745905305e-01
7.900629425063196987e-01
7.245074294156824690e-01
8.467613317846189869e-01
6.635857079663542990e-01
8.768668534909455081e-01
8.050518947684724980e-01
8.912538508143525995e-01
9.723604190839030270e-01
6.989819138268814624e-01
9.098279312947367137e-01
5.958470468551954058e-01
8.466105364239648878e-01
8.793775709279681996e-01
7.467208207651770957e-01
8.239906121222444479e-01
9.655163909383015497e-01
8.293603955816815088e-01
7.879841685125936745e-01
7.864868516630549866e-01
6.840847243165379954e-01
8.175432941810821807e-01
8.430385890185861930e-01
9.023004477667734280e-01
5.875259449643235321e-01
7.436771701841801141e-01
8.060750539141349202e-01
8.902651533100187642e-01
5.875776745982005389e-01
8.660300578462654109e-01
8.588140428410523386e-01
8.387725464381383667e-01
7.785547505805042734e-01
7.769269122304003350e-01
7.257458873776342356e-01
8.023805679749553832e-01
8.882030806501065578e-01
9.142947512448655889e-01
8.546479550635607270e-01
8.698381296828241460e-01
7.256978217563085920e-01
8.674452511414488809e-01
8.263818485415895809e-01
9.884820519633726876e-01
6.486124717688759311e-01
8.933828670884303991e-01
8.149847097607632040e-01
6.511601202232550900e-01
8.274336922793033011e-01
7.990352891892366083e-01
6.666144294858440400e-01
7.224594022432598850e-01
9.700810552754532967e-01
8.167179005253409896e-01
7.094157158810463493e-01
7.521359972439093378e-01
9.220502960130071424e-01
7.906122767939934848e-01
7.086479471240170191e-01
7.771447213442645996e-01
8.084891160644989139e-01
8.371339962603272511e-01
7.189037726971684306e-01
8.837338699194519087e-01
7.404724824763487812e-01
8.549442598539171989e-01
7.878669582268758020e-01
8.129591813193582928e-01
8.235719978492310744e-01
6.812813748270380998e-01
5.386054022509728645e-01
8.034880095541416800e-01
8.847650851148177731e-01
7.473385407912976897e-01
7.697441049931423862e-01
6.147125212221427049e-01
7.186029801982413145e-01
8.354083910907018629e-01
6.060169085765857444e-01
8.842348664814667636e-01
7.615282809425416577e-01
7.757002834638648814e-01
8.476215216577716038e-01
8.232138814321267040e-01
7.798240539983785080e-01
7.309655908123668944e-01
7.341098309860175641e-01
7.864801105427909889e-01
8.284451591568516848e-01
6.670015599247167692e-01
4.743396878460653387e-01
6.345554745520681772e-01
6.939328330774443554e-01
9.503236907784315957e-01
8.588163840557960782e-01
6.307112842290772958e-01
7.773253583587422799e-01
7.938626415919677326e-01
8.118238255877330278e-01
8.376329158612193515e-01
8.852788951114031191e-01
7.964492936813787338e-01
7.962746845764657744e-01
7.525627190853257931e-01
7.732303731080790721e-01
8.358286273170030256e-01
7.349524310383799275e-01
8.732939952335273537e-01
5.137521286982752455e-01
7.755830888431874959e-01
7.013862768537848513e-01
8.429982632956011246e-01
7.554647534087054472e-01
7.692641367508725736e-01
8.076724011053317831e-01
7.424255822135580329e-01
5.708809004159531852e-01
8.245488904413427189e-01
7.425533289919034052e-01
8.480688603037528361e-01
8.208968637789066936e-01
9.450350280313328799e-01
6.544761733408263060e-01
9.355728583065080484e-01
8.745037004204038178e-01
8.493905342953496085e-01
8.983049770300584047e-01
8.152299070360042865e-01
6.056700097967738783e-01
7.212012545701388389e-01
6.959263278375298345e-01
6.743106059377063088e-01
7.019857414259803585e-01
7.969228502554097648e-01
7.320470268041645578e-01
7.608186154376339605e-01
6.296007717881748622e-01
7.724971360464546466e-01
9.297030001760697715e-01
8.283684814408813768e-01
7.764605234431960490e-01
7.863331187116550103e-01
7.771459877116168036e-01
7.831079514321452884e-01
7.136928055036144691e-01
7.956799107614608291e-01
8.648313600231883891e-01
7.950082011411166993e-01
9.371508401432943058e-01
6.219063611480939446e-01
7.993013021309317567e-01
8.221984915250227788e-01
9.236446248110322665e-01
6.994379705100081113e-01
8.877987566619965909e-01
8.184573493229670982e-01
7.616892919039717214e-01
7.631028093183449545e-01
8.995289197393940839e-01
7.334785125152658569e-01
7.962051172793516152e-01
7.929617696462519794e-01
9.708751118131595526e-01
6.709150007068642729e-01
7.691060002400277318e-01
7.983799380538745272e-01
7.441107496738949001e-01
8.898908145224373456e-01
7.957943755659314666e-01
8.034522531897732023e-01
8.120640336623152766e-01
7.162823387749545079e-01
7.799279130945383498e-01
8.020193948376223014e-01
7.023455728279995869e-01
7.307273390440131022e-01
9.267585524664135876e-01
8.792927919207191856e-01
5.301474750799016755e-01
8.580323264577742748e-01
7.311246541322530268e-01
7.791433239119501808e-01
8.015272006591080967e-01
6.033479063616412619e-01
9.682339123739130970e-01
8.306934009705807531e-01
7.283305619120314933e-01
7.846865796461569564e-01
9.037970071680275774e-01
7.735156332528757561e-01
7.438018706732933971e-01
8.445767068261766930e-01
7.868752158906126004e-01
8.001155111683935228e-01
9.485019812310354625e-01
6.147543431778200729e-01
7.635649856619479703e-01
6.289902193897132232e-01
8.223818477766668966e-01
8.062760383921468987e-01
7.264564785978768757e-01
9.103472335464457554e-01
8.170304467302195173e-01
7.753906683125714183e-01
6.549051282924240880e-01
7.983839181358100001e-01
8.069263737467424757e-01
6.677794911926852039e-01
7.500997015578266813e-01
7.374749580272161875e-01
6.898693236682797991e-01
7.259323938819163269e-01
7.000580345876663557e-01
8.197787165307983681e-01
7.783758808738487911e-01
7.848649823181726992e-01
7.920756739423995274e-01
9.027540407479774931e-01
8.688271938480001122e-01
7.927077812991556449e-01
8.026829144653259140e-01
6.342353905357239752e-01
9.417007165966065907e-01
7.798233162787058248e-01
7.678950478512055478e-01
8.197267650449754361e-01
9.396230862762579017e-01
8.111805638074991442e-01
8.069821293835023335e-01
9.214780613049899927e-01
8.313002850143854650e-01
7.424354762032325805e-01
7.794283807658480834e-01
5.629271029309940166e-01
8.181891579234024103e-01
7.622777861541679689e-01
7.697674963494381961e-01
8.310184183546147629e-01
7.942317368042968173e-01
7.426137070775802318e-01
8.426101866239252836e-01
6.706322595949896215e-01
7.374213689453430476e-01
7.667149521125674605e-01
6.268923134802367736e-01
5.598030020678876895e-01
6.832083136876448970e-01
6.717519852006099690e-01
8.096927081423304084e-01
5.629105373673849444e-01
6.930294660834954712e-01
7.878301901542724694e-01
7.480051959767326508e-01
8.169561471598529856e-01
7.127329613986443935e-01
7.555007398728444956e-01
7.879164740484129181e-01
9.192418750612618705e-01
6.365357768891933832e-01
7.681346347395880958e-01
9.002927625673938783e-01
7.361594142947628372e-01
7.153889668598025775e-01
7.670546359978406281e-01
8.049668769940580004e-01
8.850636316903248701e-01
7.960794050983580616e-01
8.931607959995675472e-01
9.103472335464457554e-01
8.825566360708434477e-01
9.615884451375740216e-01
7.288818698780069605e-01
9.368873668966646306e-01
7.076481822703087898e-01
9.041976715200434889e-01
6.189135574425606023e-01
7.405401525999172341e-01
8.040215421990771771e-01
7.255162315047660737e-01
7.550682363291424393e-01
8.399169821888886611e-01
7.745266255436398239e-01
9.526077305301439146e-01
8.464361369754073161e-01
9.644255817858505830e-01
7.145554367274541407e-01
7.469128605223223083e-01
8.221528362285621672e-01
7.664223672763977868e-01
7.233707515389455889e-01
5.019846924694201240e-01
8.190652382413620147e-01
7.882631371960683309e-01
7.331803241200962606e-01
8.559532456668728084e-01
7.926712978998063930e-01
9.923130387052770951e-01
5.418720886068896236e-01
7.319598903351921537e-01
7.805322619801623452e-01
8.791071497230456000e-01
8.968766801653259568e-01
9.815705490780521902e-01
8.030829833885828606e-01
8.321414565048989020e-01
7.974850067157600586e-01
7.975713745052345205e-01
7.637904139901977585e-01
6.502190191470904601e-01
9.672253166067014130e-01
7.082481277268429798e-01
8.280641753221965606e-01
7.864763679047243050e-01
5.348644945353460134e-01
8.833481145579061833e-01
6.417327978253594134e-01
8.425556969152788733e-01
7.974121296810217085e-01
7.772092377951970166e-01
6.747123601484890099e-01
7.591298646382357296e-01
7.348530112203353060e-01
7.721392109019727945e-01
8.829864191325623723e-01
7.660950883308860204e-01
8.362401418549122445e-01
8.277622563532408551e-01
9.477476452210464863e-01
8.094381549699166678e-01
6.358539191144986225e-01
7.870536878873790609e-01
7.217320061799082920e-01
8.711344601748725047e-01
7.017707281587791668e-01
7.309074915143080053e-01
9.933449074074074403e-01
8.086584215178599377e-01
8.829809276254624306e-01
9.470692524882177166e-01
7.611741059762511252e-01
9.646394601301978566e-01
6.386195241458030303e-01
7.766206854435939722e-01
8.141776498966751818e-01
8.480390160526221077e-01
8.289161033309854210e-01
6.635936666332068468e-01
7.892944525338827511e-01
5.474729621850320527e-01
9.193002752798352661e-01
8.581782475750867611e-01
8.680472921768258576e-01
9.801678000723912376e-01
8.091937395216824980e-01
8.188539117802015044e-01
7.799159659449114157e-01
9.666013731716455171e-01
8.957554054952812095e-01
8.371651849007452073e-01
7.414607093479390620e-01
9.230828410919502680e-01
8.576038433085135804e-01
8.367862615725710773e-01
9.023370929055366529e-01
8.036896052434641113e-01
6.771757869289539711e-01
8.197585583360560424e-01
7.013081301721467709e-01
5.830350117051479319e-01
8.660300578462654109e-01
8.004200351475506681e-01
6.355276535258664872e-01
7.376519497211931897e-01
8.401669324432171626e-01
9.796380241258326738e-01
8.765101176177828579e-01
6.594460930424311806e-01
7.001049169772497471e-01
9.699847217242671960e-01
6.359430001532877519e-01
9.383944507458197304e-01
5.276233232346470015e-01
7.778790768063313932e-01
8.691730694699172366e-01
7.780558555522302244e-01
6.065774811260594701e-01
7.689123938597589580e-01
8.476916561969298769e-01
6.355871689554388748e-01
7.762591543073832367e-01
8.170304467302195173e-01
7.556450268146230886e-01
9.240886892418386234e-01
7.604550619476414530e-01
8.516596357708600129e-01
8.360252513450625589e-01
8.669445471003744963e-01
5.733760285156854763e-01
7.639254218821170950e-01
8.105448160018183801e-01
7.526214754777137417e-01
7.524541159540175661e-01
8.362427092467435985e-01
9.047249003966011394e-01
8.087456649261653974e-01
8.259762243973265416e-01
7.564965947053794437e-01
8.008031161566290246e-01
7.923188489001378176e-01
8.809199881301259527e-01
6.316610935434315843e-01
7.300624001399338425e-01
8.692509216557863239e-01
7.490572615317399041e-01
8.516938534827334095e-01
8.354644452110604469e-01
8.909352688134419829e-01
8.446933712961357532e-01
6.994181245601159835e-01
7.790741081279783931e-01
7.815746694994293309e-01
9.137703598366814228e-01
8.121184902519360538e-01
7.589490003574290711e-01
8.177101430589668318e-01
7.394909384656505047e-01
6.257321876639719838e-01
7.956401312690855043e-01
9.526369300000628870e-01
8.080737177202479415e-01
7.882662099763618757e-01
7.680556933644491213e-01
8.406527308674762722e-01
9.380415188664061876e-01
7.938947055579412826e-01
8.228908904786479406e-01
8.029543159713193878e-01
7.336240997933162200e-01
8.326110804867549176e-01
8.695352394228882398e-01
7.137182917777753488e-01
7.795571111112846729e-01
6.888483152303287449e-01
5.167474649105935347e-01
7.753009034878122208e-01
8.576038433085135804e-01
7.868131615672452339e-01
8.499447875900223437e-01
7.616868986121146934e-01
7.261795901341461246e-01
8.194929277558357095e-01
7.476446720131015855e-01
7.724482358475327493e-01
9.047943198326471315e-01
7.483432021655810340e-01
8.217177370072036302e-01
8.690164238014485010e-01
6.957784925079141258e-01
8.072289471181162135e-01
7.186073167457619482e-01
8.551722594913908626e-01
7.817620774335701794e-01
7.810849635681246239e-01
8.151320324106561266e-01
8.032650673701505761e-01
7.036925397771895963e-01
9.492977439848855337e-01
7.835659131464967064e-01
7.515390489049945666e-01
7.328602492303445404e-01
8.824772089007049125e-01
8.340703830924965922e-01
8.515495607198825256e-01
8.272732054185512052e-01
3.323821784093854426e-01
9.621321343710272922e-01
7.869619718212662596e-01
7.212501505370408905e-01
8.171393392418311308e-01
5.628131788301206084e-01
9.639117112537658461e-01
6.198137585593771481e-01
8.272856538738740939e-01
8.354027747239358703e-01
8.485603874235070343e-01
8.153248197983055112e-01
7.415085036552556685e-01
8.798099858984775867e-01
7.749945214120750325e-01
8.896646793818036025e-01
8.836654275627996435e-01
7.436989873696107090e-01
7.505367058869137908e-01
6.276190732638746717e-01
7.468165959870409765e-01
7.753161864865429909e-01
7.423318668384020214e-01
8.571727504369466288e-01
7.904454670465427268e-01
9.855418373514076569e-01
8.885732602441273054e-01
6.829579370360527868e-01
6.793544748208193429e-01
8.284234976921888149e-01
8.038080595657255412e-01
7.340487375445317042e-01
5.842080715438288108e-01
7.371375343781885192e-01
7.622716274936811587e-01
6.319914453413398858e-01
6.194780903410634920e-01
8.871421890949847677e-01
9.016912093846914944e-01
7.384204610672175928e-01
8.720382816640893653e-01
7.782398328208203209e-01
7.174153355424806033e-01
8.907326030015688678e-01
8.900592976929118105e-01
8.085495907038117158e-01
6.984218775915581601e-01
7.898149811926720165e-01
7.847240097031682460e-01
7.653486323089963017e-01
7.929472826665315832e-01
8.520905965147178573e-01
7.598285307859901083e-01
7.644104782877307880e-01
8.223163046864699899e-01
8.056875767906613861e-01
7.975940336673437159e-01
5.980394339612440380e-01
7.027090020255752911e-01
7.647202132716662826e-01
9.730438100389658951e-01
8.083963066460198021e-01
7.178819444444445308e-01
6.430405677774260198e-01
7.668880259929422571e-01
9.095610932649389468e-01
7.783100173870413085e-01
7.722355271704703927e-01
5.055281762006688107e-01
9.650299574123579749e-01
7.704033827511652666e-01
8.102549072525223606e-01
7.740262140189733131e-01
8.851070571923801422e-01
7.667080440207959535e-01
9.514845780982392753e-01
7.128258826370151846e-01
9.942641109592532667e-01
8.519077829044804373e-01
7.306331669255911043e-01
8.198874624469972838e-01
7.872264358002656337e-01
7.805017806317460227e-01
8.546547818457262968e-01
7.451652780538807752e-01
9.971064814814815103e-01
6.659309674431901360e-01
8.381568788800721759e-01
7.461743838934805639e-01
7.326062600364777744e-01
7.940410463379348194e-01
9.337507710825952989e-01
8.640398212568695113e-01
7.994096805783229565e-01
8.367455318153916854e-01
8.298797994411256651e-01
6.154686260109946128e-01
8.002466740939675471e-01
7.783480027916985788e-01
8.083181956117426736e-01
7.745545253630495841e-01
9.079910522827772112e-01
7.903096866984525848e-01
7.328234727490843259e-01
7.869619718212662596e-01
6.599420661644175290e-01
9.192317616950702597e-01
8.704834007722200839e-01
7.459286950851261588e-01
9.167788998479571294e-01
9.172604278717960691e-01
5.745244906711630684e-01
8.130939505671412881e-01
8.319316687309986635e-01
7.260714902132578974e-01
7.616868986121146934e-01
9.623172840767582059e-01
9.394157883728656566e-01
7.379594696420391786e-01
9.505703772973035370e-01
9.028895036036680422e-01
8.120029467832563519e-01
7.894637024097077571e-01
7.510895821477503453e-01
7.841307581870006205e-01
6.261120436185368954e-01
8.960811173482636782e-01
8.053601009920585696e-01
8.769887808881797753e-01
7.892897294100855721e-01
9.595041861025022101e-01
8.369212226039856040e-01
8.899083127866309617e-01
5.639157911966875547e-01
7.342240245481027605e-01
9.081639588373576766e-01
7.235502869547962845e-01
7.526604831164508402e-01
9.782986111111111605e-01
7.960555893478689082e-01
9.803432157323194174e-01
8.122043092609960713e-01
7.409151497293481325e-01
9.156269728802854946e-01
6.906390802578193933e-01
7.256619418496308427e-01
8.029659058628444424e-01
8.126105336993305617e-01
8.080142810301736978e-01
7.481299140750692356e-01
7.906998261574530451e-01
6.614338000786613714e-01
7.456699863213613888e-01
7.885526801724335177e-01
9.034965764588813730e-01
6.363344177330433338e-01
7.269516282171837318e-01
9.794960953089388855e-01
8.045499640288136245e-01
6.659346543830035881e-01
7.993300180910964947e-01
8.194428483084185144e-01
8.191495483899922103e-01
8.131073523609169129e-01
8.396399175478634902e-01
6.348192213619308077e-01
7.859071265127366424e-01
8.085354964079113360e-01
7.456608317626387539e-01
6.366031293602918417e-01
8.597714704763556037e-01
7.569191265055174034e-01
7.316455757544146898e-01
7.904047058218074406e-01
9.140430435517137298e-01
7.839506480972932012e-01
7.740210941037144465e-01
7.717995042809059347e-01
7.025617916503661409e-01
8.267375026705656715e-01
8.136152246363010931e-01
8.702399771374699222e-01
7.170992368841143660e-01
8.010185142252057577e-01
6.959936442271558166e-01
7.981655895971304648e-01
8.472964328255417898e-01
5.318949651466264861e-01
8.223958997028527618e-01
7.400752927578675422e-01
6.260227420112360885e-01
8.444635731386366251e-01
8.794937073284185836e-01
6.391271152565137781e-01
7.480094869311920691e-01
9.112805139310056202e-01
6.308225381173145907e-01
8.044062386728929592e-01
8.098885873589011242e-01
7.957468031004050202e-01
8.612632423486094035e-01
7.670479172566995185e-01
6.741989379665650484e-01
6.653692861122327828e-01
7.891354200911963046e-01
6.290547887722756082e-01
6.695090843165361072e-01
8.661460578263041610e-01
6.408403729676090954e-01
7.911945479386363056e-01
6.809698763166222024e-01
7.547046102347221286e-01
8.118238255877330278e-01
8.207458220681580485e-01
8.054379326226061009e-01
7.865898423270835105e-01
7.433615145553064130e-01
6.992252847816177175e-01
6.561352630330004043e-01
8.176913048099601067e-01
8.509224107726175435e-01
6.047608030661455469e-01
9.481889477037408476e-01
8.303683329171516192e-01
6.673592513124978476e-01
6.860994002286692206e-01
8.195495554718157383e-01
8.406527308674762722e-01
5.513842703169018478e-01
8.120275555474654183e-01
7.965228859494152269e-01
8.744378191896121644e-01
6.572774636910251322e-01
7.244433141537244270e-01
6.894223340487768414e-01
7.118895993123632859e-01
7.256402674027710997e-01
8.499597724605972848e-01
8.535717133038331905e-01
7.607082588884109819e-01
9.474510804844192835e-01
9.901830781286464767e-01
7.747261492241779290e-01
8.111583773815572718e-01
7.821764954271320791e-01
8.039417561735744400e-01
8.328452616012794740e-01
6.674717118959831996e-01
6.815070389776021198e-01
7.268036818818285338e-01
8.186302960053531974e-01
6.632527941940422611e-01
8.328482187850861918e-01
8.612045948535267392e-01
7.037988483230214198e-01
7.047635971780935593e-01
8.122208389392178152e-01
7.814082082674066454e-01
6.189443296642621606e-01
8.105672179575813541e-01
8.697042431788388761e-01
8.047152284055683058e-01
7.876282075796745552e-01
7.064137338159124369e-01
7.913422130069652782e-01
7.987316207383591271e-01
7.135164949401495704e-01
7.468238753752443060e-01
6.181205573431196587e-01
8.030779717770146764e-01
8.387202415047347870e-01
5.942201783989243813e-01
9.583686407506673000e-01
7.885988471150441326e-01
5.237006091386879891e-01
9.702513617732091422e-01
7.910795100377788769e-01
7.691470353439443519e-01
5.356741633853990825e-01
6.808362883799063958e-01
7.858138959901713738e-01
8.374217060724192807e-01
8.209943048082544159e-01
7.240131697322471638e-01
8.442479119903488760e-01
6.617824170560132613e-01
7.346849131817638767e-01
6.861024157440305249e-01
8.944871930517575009e-01
5.365536457258898162e-01
6.510504783204902335e-01
8.252247459496209192e-01
8.302107981728290564e-01
7.945349522863838221e-01
8.520905965147178573e-01
6.986875258303972824e-01
7.730592449792572651e-01
7.983206552426468372e-01
9.298373683001117662e-01
8.661116754984411470e-01
8.373467397859670758e-01
5.023229085128166904e-01
7.987636481252460285e-01
8.131073523609169129e-01
9.780023853250103816e-01
9.942413562806391436e-01
8.742758644525070455e-01
7.347870620573425660e-01
7.864127926370965138e-01
6.365569655420615369e-01
7.948855964574935706e-01
8.076115704555942854e-01
8.316525599287211135e-01
7.611013309918709391e-01
7.968328293991017164e-01
5.741645131913388767e-01
4.903855620907702217e-01
7.814573444510105604e-01
7.858190511701023118e-01
8.060524753639791706e-01
5.429268059646146227e-01
7.635538388546876387e-01
8.152574517096192741e-01
7.891929426484660670e-01
8.413189717276204904e-01
8.239401663833851863e-01
7.429407959916479731e-01
7.987171742707346311e-01
7.912376562454560558e-01
5.842190771540144434e-01
9.477476452210464863e-01
7.123716036239959859e-01
9.880308822727595919e-01
5.452489100454214199e-01
9.315807688776851503e-01
9.340120260670082830e-01
8.382254517157156082e-01
7.654839699831439415e-01
8.089606728977304373e-01
7.978540780414284939e-01
8.155617083873031303e-01
7.635354934243513414e-01
7.893908596039380665e-01
6.899293241090637130e-01
8.342398538122310914e-01
8.052747725006681456e-01
8.869919257081094743e-01
7.921899681439996677e-01
7.929873253563944902e-01
8.421642957903807680e-01
8.480341136776278210e-01
9.142086809502321110e-01
8.550412881650977237e-01
6.764595355205124116e-01
6.939323655195818175e-01
8.105807176048969165e-01
8.982080451366986074e-01
7.585390497124765430e-01
8.259924874870773204e-01
7.979241038270769026e-01
7.250087476527545816e-01
8.315943163334422739e-01
8.623066425687030412e-01
7.798567200663167887e-01
8.696838127229891136e-01
8.550117394238229140e-01
8.297811559829564310e-01
7.474282128872177244e-01
8.525941169138557818e-01
9.833530772395479014e-01
7.620059969923239640e-01
6.600488046734641623e-01
7.688636614057643426e-01
8.010504987113463704e-01
8.727749167872247416e-01
7.257513133806550165e-01
6.296007717881748622e-01
8.065855741801213341e-01
7.988824146060951037e-01
9.520851398245984143e-01
7.770103762616108467e-01
6.986875258303972824e-01
7.798013409673957286e-01
7.642455311131544082e-01
7.941536499442768404e-01
7.179045717577953178e-01
7.212866121795443730e-01
7.222516151035235366e-01
8.563040844081142300e-01
8.493164630269253168e-01
7.590512494477584804e-01
6.421424857271678110e-01
6.854022798188310617e-01
5.992987873947659416e-01
7.456666898813477662e-01
7.642228899197338610e-01
6.899911553733868441e-01
8.879330794867912324e-01
6.014150254570733711e-01
6.974447522583823167e-01
7.802371520474479238e-01
9.216774854805093176e-01
7.667080440207959535e-01
8.052586683285272162e-01
7.692214407020386835e-01
5.231153491734519267e-01
7.956740242049308298e-01
8.297858007397062030e-01
9.396230862762579017e-01
7.822589274389463165e-01
8.174946235122909632e-01
8.764077009044070055e-01
8.853155592079128278e-01
8.907069782870499219e-01
8.396078857123505657e-01
9.529416353995732170e-01
7.960127379233001843e-01
8.218222793981768692e-01
7.653581860320470831e-01
8.241827212765564514e-01
8.333908318219667155e-01
6.829630299727169618e-01
7.781714258655483274e-01
9.119052773750317975e-01
8.459229575083579977e-01
9.262452462703992806e-01
7.905385412679740709e-01
8.716294105688767724e-01
8.042204452160743866e-01
8.270905518655558009e-01
8.211526008392199261e-01
7.505683857102110057e-01
6.386195241458030303e-01
8.001707004646614330e-01
6.833443934008955889e-01
6.675828284807107105e-01
8.961195592099435725e-01
9.741983179346244137e-01
9.479033889705122951e-01
7.565409020712036137e-01
7.910306528331908504e-01
7.454993546994661546e-01
8.068633594171154000e-01
8.567387848924508109e-01
6.626501041083990851e-01
6.543619521053983812e-01
5.075678610934311052e-01
8.664748324841828886e-01
8.984742578038618088e-01
7.968504542681270619e-01
8.031788404647872692e-01
8.854095268524647677e-01
6.678449648500384139e-01
7.845833050378409057e-01
6.428414385093542682e-01
7.617383751203683495e-01
7.351915330325912157e-01
7.839273476436147137e-01
9.610364302090488309e-01
7.605296968663743939e-01
7.634093335038955042e-01
7.162557428023121897e-01
9.136700308909756485e-01
9.120306998259485320e-01
6.951519227316461658e-01
7.750844754123612512e-01
7.435619934582550217e-01
9.781540763734914989e-01
7.910355234162922411e-01
7.290347637900189692e-01
7.958502409972465497e-01
7.751149608636428434e-01
8.174866387951403857e-01
5.332290302540593219e-01
7.748627634986950952e-01
7.695517696413149977e-01
7.730126767275430355e-01
9.281291433073597386e-01
8.076179739633759791e-01
7.530245696941073597e-01
8.581924965571732233e-01
6.899911553733868441e-01
8.239220063056370558e-01
7.548632634956996545e-01
8.680555555555554692e-01
8.438471655479030664e-01
9.484665148057767059e-01
7.315091266107177637e-01
7.966611068895878001e-01
7.814711591506617872e-01
7.306090066547785700e-01
7.991032199580829776e-01
7.873978300590636081e-01
8.787923805991816328e-01
9.043798819588363402e-01
8.006044395046719719e-01
8.435935079184664342e-01
7.714391414221353216e-01
5.293250619843374860e-01
7.512607666026204223e-01
7.669393561507049650e-01
8.193124144076342485e-01
8.228987496080785169e-01
8.095496058713341769e-01
8.269292134652640458e-01
7.036744861943713403e-01
6.779350777512830328e-01
4.104142315880405789e-01
7.420640928197242969e-01
7.609784335708024150e-01
9.760144343944612277e-01
9.510995370370370905e-01
8.147163168659004029e-01
8.117257103595311163e-01
7.559114137844074044e-01
8.005411935958594016e-01
8.431734718673590256e-01
7.692641367508725736e-01
7.930915581676054593e-01
9.655163909383015497e-01
9.205500226729751434e-01
7.219663893220709117e-01
7.825434445852301746e-01
8.290330509702371620e-01
8.377074092044184406e-01
7.827574982375227197e-01
8.061395685664806132e-01
8.257737855818648720e-01
8.132312815572523279e-01
7.507069244364055205e-01
8.256315671437360892e-01
7.609296300168525429e-01
7.934384186337274381e-01
9.195386364393133283e-01
6.675828284807107105e-01
8.097137565498604417e-01
8.997394000001983638e-01
8.733031919739199234e-01
7.856544484562942854e-01
7.033056561718868949e-01
9.161905581094768047e-01
7.655160364723792021e-01
8.470284861047001623e-01
7.433767464343881137e-01
7.831696068393794175e-01
7.388498624491846023e-01
7.357459230554469487e-01
8.280601473454372030e-01
7.960047569420594105e-01
8.229312920360838390e-01
4.754486967530830999e-01
9.291790182963931555e-01
7.929297966936530440e-01
7.879640665565040836e-01
7.652169781039229735e-01
8.689115195992486163e-01
6.484055611751239345e-01
7.460873710207341913e-01
8.739459641664916179e-01
7.455831437560085373e-01
7.573007921572812995e-01
8.096447368869327255e-01
8.411658655680666064e-01
8.544710430663914336e-01
7.888851054929788553e-01
7.274195919738556393e-01
6.960449009145549537e-01
5.694904568198775330e-01
7.775475038401756800e-01
7.980207455057598542e-01
6.772919697517962856e-01
6.498487655545992503e-01
7.477720950344889372e-01
7.852625084258740840e-01
7.983147274875231902e-01
7.820193041323398875e-01
7.085061709182234324e-01
6.543619521053983812e-01
7.875253776498211122e-01
8.773694756724997879e-01
8.890668214191054242e-01
8.513821497334103094e-01
7.850810154039761235e-01
9.172935977592160395e-01
6.633882961782302523e-01
8.366301487245408897e-01
8.646756654430177713e-01
8.656515204379436890e-01
7.758558369027089840e-01
6.177272669734152899e-01
6.480444580296860213e-01
6.068927007531005335e-01
7.448649720428844878e-01
8.092679738322718919e-01
8.836937927703908402e-01
8.335192197929294222e-01
6.724252415892014723e-01
7.573638466192652574e-01
8.036927816932520896e-01
8.897082565925208408e-01
7.137820189019918882e-01
7.293865441374733916e-01
7.629321616320373645e-01
8.672291970282901552e-01
7.576823434918155131e-01
5.300101309850687725e-01
8.551244006133520426e-01
8.352645349628997629e-01
5.948131830072662662e-01
8.267484272844684012e-01
8.588624261078234845e-01
7.021987380220079400e-01
7.780935305365768162e-01
8.546922562423311387e-01
6.756993822508591263e-01
7.461442668066037287e-01
7.668230060022928063e-01
8.300341208789066005e-01
7.620059969923239640e-01
8.808347533506267757e-01
8.315421922378443131e-01
9.241811081185857812e-01
7.820267597384891189e-01
9.843790795333903221e-01
7.109721227326262216e-01
8.105515399603717697e-01
7.587782136079287421e-01
8.039588748258317263e-01
7.320937148728560162e-01
7.499074911082238559e-01
5.858605809117919394e-01
9.335474716344922541e-01
5.008083188674757880e-01
7.868283662291034597e-01
7.783594883864143332e-01
8.358232782856392928e-01
9.166556866929892466e-01
7.162823387749545079e-01
7.643725671499951302e-01
8.332483343844404589e-01
9.120951313722480691e-01
7.597666014217248076e-01
7.541166614154142245e-01
8.065275023462247228e-01
6.177272669734152899e-01
8.891308629505350059e-01
6.957207329509241811e-01
7.480310392352149673e-01
8.046966676266624763e-01
7.985277328844562206e-01
6.494010692017861963e-01
7.528411492430446827e-01
8.337509224433307109e-01
8.664737674315262650e-01
8.585345904233230296e-01
8.941832760559651483e-01
8.570542227343050934e-01
8.497172849191841904e-01
7.761186877965248199e-01
7.504850605133858155e-01
9.135447567111871781e-01
8.176238392307298986e-01
6.570176461243394384e-01
7.358651978555541540e-01
6.471521624228352421e-01
8.251227948339872054e-01
6.505002972610043344e-01
8.014112194485443208e-01
8.369618007667307680e-01
9.013047881295054298e-01
8.581679872387414365e-01
6.121194253924900908e-01
7.916073662795466426e-01
7.329148084131859031e-01
6.765122679677998407e-01
7.920015976021494986e-01
8.270724744099857695e-01
7.542929324685512249e-01
6.403245616245087923e-01
7.766502334996445711e-01
7.474770554862527616e-01
8.134613440360337622e-01
8.177852925740357604e-01
6.778238309357276226e-01
9.772346994825543698e-01
8.502085602775777406e-01
7.608606094020807786e-01
8.005614227813256933e-01
7.138851870480857897e-01
7.408919072049270360e-01
7.497197619853273043e-01
9.257666767534366015e-01
7.818508843817314480e-01
9.034965764588813730e-01
9.427420907027966868e-01
8.825092638635930742e-01
8.263523622867753327e-01
7.170025328942515319e-01
6.545754986892292626e-01
6.684761464332127368e-01
8.948056414268317216e-01
7.552213938355827327e-01
8.447266017630661317e-01
7.775904352498296257e-01
9.132670321569201777e-01
9.033611440607507426e-01
8.554906067164098626e-01
8.584064590377809001e-01
7.047338724272486088e-01
7.221814044472274485e-01
8.125927487583608499e-01
8.499146431289233972e-01
7.518355602014701322e-01
7.529734278948380100e-01
8.734678632820094268e-01
8.465090411368871859e-01
6.194780903410634920e-01
8.244104181467737380e-01
7.023455728279995869e-01
7.089365151516546781e-01
8.818347756814625127e-01
7.925665262758034846e-01
7.930218879593832204e-01
8.378024236723984330e-01
7.863743168182287802e-01
8.256731062762446838e-01
9.139828501239242176e-01
8.748774981252268601e-01
8.003849871857398046e-01
6.813530648568510983e-01
6.542157176224693282e-01
8.331027104283931228e-01
7.803208440549213032e-01
8.554906067164098626e-01
8.211980733057259174e-01
6.823369319766159347e-01
7.785081474404843549e-01
7.393527040593833588e-01
7.892429658042012797e-01
9.271234646437326310e-01
8.326392429167693843e-01
8.247182100914625114e-01
8.105382770511777579e-01
6.488625557008845801e-01
5.818667086736785121e-01
7.691470353439443519e-01
8.380925751842319693e-01
8.575358009296112360e-01
8.032836564519479916e-01
9.609347473259497452e-01
8.054300447218406545e-01
7.684913734001511676e-01
7.635715737508280698e-01
8.072658845914916226e-01
8.344596554450431913e-01
7.646217246841193749e-01
7.773907397120100038e-01
5.509976157125584528e-01
8.323844938999689358e-01
6.213798813307730429e-01
9.016912093846914944e-01
9.435646594802207243e-01
7.813663571922699891e-01
7.784939644843918982e-01
3.656390702159898476e-01
7.392516592732285563e-01
7.576869151463745400e-01
8.050759004112543193e-01
8.153325108315483405e-01
7.250742351231594940e-01
7.459076158316122473e-01
8.469347239967494057e-01
8.677934445997474988e-01
3.868753986893816998e-01
8.508365427943400672e-01
7.302378143812736644e-01
8.469142917567128448e-01
8.339726017296096305e-01
4.286504077894277565e-01
8.478308655665710569e-01
8.126950186645617302e-01
9.725617757284119591e-01
7.632404777504180338e-01
7.363447320276295116e-01
8.296072921015285040e-01
7.138625279164484416e-01
8.374405576342620616e-01
8.479252774088874567e-01
7.787403407081698870e-01
7.940512000859472064e-01
7.600734889572852149e-01
7.241877825077549513e-01
8.931607959995675472e-01
8.285171339191672590e-01
5.928185429383192595e-01
8.738871372714913655e-01
9.644136430861612874e-01
7.472937775791762549e-01
7.984417517561054334e-01
8.734393727175004951e-01
6.932915303859347178e-01
8.594586212417570925e-01
8.510005923763066527e-01
7.394717123015276394e-01
9.101720512093779414e-01
8.043451378637990201e-01
8.199590372124968551e-01
7.523805504623664042e-01
9.209292272391986778e-01
7.405686069269974414e-01
9.235324861703373411e-01
5.713534253979425381e-01
7.846828015830190628e-01
7.895461622189479112e-01
7.958516400775896837e-01
7.947891329287354312e-01
8.219661186113831342e-01
8.793775709279681996e-01
7.500744657595573850e-01
5.628179191273990911e-01
6.959735782330525034e-01
8.073467677413276311e-01
7.577692989089798159e-01
7.748627634986950952e-01
8.655561228407558927e-01
7.283043189582592003e-01
8.922480990917981414e-01
9.620994806098741581e-01
9.311540171280089373e-01
8.161624536166233179e-01
8.145117545551378013e-01
6.135696511120272145e-01
8.133135401758221361e-01
7.950678051853488082e-01
6.601216173175914470e-01
8.229179024599772019e-01
7.679134424173018614e-01
8.008353771006039290e-01
7.202948104985648081e-01
7.392194079363620940e-01
8.460293520870026951e-01
9.786386300485506728e-01
6.921449809795744423e-01
7.528411492430446827e-01
9.308185940500606215e-01
7.839506480972932012e-01
5.086854723904952191e-01
7.784303003984249791e-01
7.642228899197338610e-01
7.996497868182357305e-01
7.880892564582439030e-01
7.241877825077549513e-01
8.244719141895000547e-01
8.568567479081978799e-01
7.516632283235459289e-01
6.474265322501024933e-01
8.473140932385579971e-01
5.808227494910358502e-01
7.857233216040848678e-01
8.053601009920585696e-01
7.809989673557553580e-01
8.993631502474815909e-01
7.474329798307342010e-01
8.828605215009108775e-01
7.222721048066880201e-01
7.308506139814645586e-01
7.890733541819284769e-01
4.754486967530830999e-01
8.026728265442513166e-01
7.872008773014118610e-01
8.326110804867549176e-01
7.238876905609167300e-01
8.014918391910899054e-01
7.903150136552677951e-01
8.943865740740740700e-01
8.004805171315254597e-01
8.019274663303734840e-01
7.728600660915113663e-01
7.298874794947620703e-01
8.002680193022491117e-01
9.038926270105561711e-01
7.128257843946297356e-01
9.867806502113325440e-01
6.056265272929308718e-01
7.739136097402702363e-01
8.353950878488162202e-01
7.532660027787441148e-01
7.949696314974364908e-01
5.585267030944047750e-01
7.295607542403559354e-01
5.046452549559100609e-01
8.766912223540318516e-01
8.828931763989520398e-01
6.420953017102019045e-01
8.458522310700894442e-01
7.056597497777687966e-01
8.852341429388548288e-01
7.170391408163333535e-01
7.407889854861779977e-01
8.546547818457262968e-01
6.575630959951344057e-01
8.016920527805058150e-01
6.600093081816963414e-01
9.022219117863709004e-01
8.505691277700702102e-01
7.800474513968954637e-01
8.045583413037658005e-01
8.387934575598089415e-01
7.234252990925699178e-01
7.571808166111162475e-01
8.036244093142834721e-01
7.039724011455390507e-01
8.015272006591080967e-01
7.848340854608556461e-01
9.224005663771659425e-01
7.790146440147820428e-01
7.827210393250649823e-01
7.560441472585091027e-01
8.071207165194813626e-01
7.785083121211034962e-01
7.826116305413117757e-01
8.328175478877694049e-01
8.826011633966249770e-01
6.326459451460805239e-01
8.179903694212600218e-01
6.893957637715645292e-01
4.921534813584164114e-01
7.781985411164710209e-01
7.496408063604126371e-01
8.532047141277304680e-01
6.760984009484236612e-01
8.185922751522207719e-01
7.641680990808075169e-01
8.524778519750120243e-01
6.792003920379371396e-01
8.412922671049261059e-01
8.570994138011537311e-01
7.921858104023321578e-01
7.868526303063674288e-01
6.354133600223039746e-01
7.845579598961122114e-01
7.139891511485515485e-01
8.387416986862877843e-01
9.727031531682255316e-01
7.312237489430120085e-01
7.244439021880195728e-01
6.042102590680802354e-01
8.259762243973265416e-01
7.267310255275749586e-01
7.938681814080027488e-01
5.468198701925917060e-01
7.475464114156901152e-01
7.648345918696758394e-01
6.836155185014869407e-01
7.746270897499109021e-01
7.913469403785153844e-01
7.723644073843025648e-01
8.552482437138045901e-01
9.720765711307738366e-01
7.527575472734200357e-01
7.705609277924355682e-01
5.830350117051479319e-01
9.154544443835369583e-01
7.886718551120620591e-01
9.709963388415226992e-01
4.124998829383449417e-01
6.515254218730106572e-01
8.719454834775165475e-01
