9.302221082323095525e-01
7.175135451524401464e-01
7.622354790364064270e-01
8.627274382351149962e-01
4.103032484668841517e-01
7.630729997288201449e-01
6.664345565573813746e-01
7.871725945845711170e-01
8.005224703790572161e-01
8.359702550778069785e-01
7.968446321350868278e-01
6.770282527265648609e-01
7.853194490699525465e-01
7.840677388786818636e-01
8.769756319838081238e-01
8.450782872136736179e-01
6.187565269446432259e-01
6.984713220924161359e-01
7.879917895374775050e-01
5.361325687616708136e-01
6.134668400757573581e-01
7.101246268273309070e-01
8.329484751442739476e-01
7.999248820951584404e-01
8.393465911294999415e-01
7.464385628562941744e-01
7.180801067243474112e-01
6.959756859196694068e-01
7.699629160424065200e-01
8.215577641955320587e-01
5.170325060660487804e-01
8.030021420100169616e-01
7.079976146314714835e-01
8.809078873611549954e-01
4.743396878460653387e-01
7.573525602885702313e-01
6.831553214798782303e-01
7.853756256531949642e-01
7.825213131643912190e-01
7.188790453723437057e-01
7.590109575478277693e-01
8.070269079281999769e-01
8.353950878488162202e-01
9.039615906841627080e-01
5.969655684701546949e-01
4.848167526004034666e-01
8.217167495108642639e-01
9.033043939217160201e-01
7.813107018178278018e-01
6.875637996571173360e-01
8.021251077798844387e-01
6.309215025103599439e-01
7.530758245351837354e-01
8.722157312785254746e-01
8.126668220820223443e-01
8.010859394710639902e-01
9.132707785866905903e-01
6.497561548980804735e-01
7.744843183419323207e-01
6.858508119180087848e-01
6.798569898149094959e-01
8.912781117376985529e-01
8.588140428410523386e-01
7.055223908119030440e-01
7.528176526631933374e-01
8.719768744280605999e-01
8.432320932941057556e-01
8.021758221154633439e-01
7.973707062838683024e-01
5.785131713841652479e-01
7.786256449445858596e-01
7.209747137100653847e-01
8.128145474514258950e-01
7.749431663554812166e-01
7.396783386137144589e-01
9.007846157668092379e-01
7.334730872283281577e-01
8.758705853163178956e-01
6.790422223239220845e-01
7.820193041323398875e-01
8.003385812660080978e-01
7.083880714873291851e-01
6.914227713445882939e-01
7.987011251963553882e-01
8.355598724710664449e-01
8.116730569190643285e-01
9.101720512093779414e-01
5.986427472729055621e-01
7.598177190251403923e-01
6.230202233140069712e-01
7.589978988022534345e-01
8.499060639615770851e-01
8.043899688860370878e-01
8.540761155420854012e-01
7.175222954158685384e-01
6.911381804210317004e-01
7.743264538528845664e-01
7.283944506471362601e-01
8.018778762576038721e-01
6.620339288646767129e-01
7.719734923079178968e-01
8.317434332950460751e-01
6.027986244562432150e-01
8.734485828200441171e-01
6.430405677774260198e-01
7.042586430158676025e-01
8.058388712353072858e-01
8.190417181770750510e-01
6.857074332143232587e-01
8.345947584024379085e-01
8.306934009705807531e-01
7.780223427888701693e-01
7.433978100922918886e-01
8.251582591086458196e-01
8.544710430663914336e-01
8.575398757736554245e-01
7.819518924520928449e-01
6.792012626147722054e-01
7.915641937188802046e-01
7.581887079013645003e-01
7.393838147186068133e-01
8.063575936572272562e-01
9.890952537816602996e-01
9.285282885025948341e-01
7.406377258711539513e-01
7.882662099763618757e-01
7.775562558689229631e-01
7.692214407020386835e-01
7.787225007487651451e-01
7.250087476527545816e-01
8.684668393833101518e-01
8.284897952757912520e-01
4.378469216508628081e-01
8.169827107255036580e-01
8.770466189837882176e-01
8.296072921015285040e-01
7.984034929883825349e-01
8.593393655169215828e-01
6.317745429294324699e-01
6.598894914987698535e-01
7.250087476527545816e-01
8.326382981207379741e-01
8.341306380628347172e-01
8.357089584673076388e-01
6.134407538008959104e-01
8.245488904413427189e-01
9.793892300267013074e-01
8.220961380397567853e-01
6.619430488200890306e-01
9.676191057046713562e-01
8.861004638487322005e-01
7.528597658278199933e-01
7.056254634535330528e-01
7.983092065341780286e-01
8.107104885091179769e-01
9.161969085014177727e-01
8.801288128542528177e-01
7.755378600759793573e-01
8.393562159726645211e-01
7.273764191316657302e-01
8.102130415208458336e-01
8.246334763739044948e-01
7.993841192092113745e-01
6.480444580296860213e-01
7.678526792348127072e-01
8.780247378638188493e-01
6.336505538181819164e-01
8.289161033309854210e-01
7.321734769451990754e-01
7.686333512059418949e-01
7.236162072643780308e-01
7.186029801982413145e-01
9.191629027885079850e-01
7.945625571841579138e-01
7.469128605223223083e-01
6.421104751619617357e-01
6.957207329509241811e-01
8.605912837341787025e-01
9.320718882674399186e-01
8.498461517682704969e-01
7.387808457962388164e-01
8.973701671977908356e-01
7.782498417249615885e-01
8.090284032814095694e-01
8.027880103754423402e-01
7.395882302769176686e-01
7.738295866412637780e-01
6.147125212221427049e-01
7.678526792348127072e-01
8.385779901458780827e-01
9.060123270397488771e-01
7.630140111097459821e-01
6.607383167840884530e-01
8.050194613037757740e-01
5.607419762854628509e-01
8.695198154885032116e-01
7.678526792348127072e-01
6.666914568347062087e-01
8.740321740201743017e-01
8.135313180604121230e-01
6.659553416383041657e-01
8.212106347992533806e-01
7.472852276729272658e-01
8.069821293835023335e-01
7.862107451714884787e-01
6.984218775915581601e-01
8.983149027657689745e-01
8.218953864709757084e-01
9.132707785866905903e-01
7.629321616320373645e-01
9.479576093989654506e-01
7.572709900611032108e-01
9.127527206071504029e-01
9.704380551454663273e-01
7.724587921536938406e-01
7.156969895601048570e-01
8.273601125632920050e-01
8.762973523511563556e-01
4.712801567217532184e-01
8.351095176499059303e-01
8.231502742805906214e-01
7.479741219610368530e-01
8.570966384338041255e-01
8.087019907816791475e-01
9.111151606303077299e-01
8.438471655479030664e-01
7.912291162906338604e-01
9.171357038483048951e-01
8.133478227401970129e-01
6.496204671922315432e-01
8.687375123458184190e-01
9.054809683382947227e-01
7.773823099159661298e-01
4.217569424178838067e-01
7.112846430742711945e-01
7.957228525579613798e-01
7.964567850042642005e-01
7.787910590274599310e-01
9.609930395266395031e-01
8.733031919739199234e-01
7.955814631871136466e-01
6.908106102019117012e-01
6.761479581969023211e-01
5.144840407587226716e-01
7.992730636007983058e-01
4.686622316980823544e-01
7.048783361907670075e-01
9.632819115805535404e-01
8.179501311292083354e-01
5.980394339612440380e-01
7.288818698780069605e-01
8.836813233943444645e-01
6.808145432134244945e-01
8.198214010487958614e-01
7.695577324067705005e-01
8.235456796975546556e-01
7.378763641562653408e-01
9.316598579739806540e-01
7.302241692204320955e-01
8.535905282255843440e-01
7.651376467902860634e-01
7.107069871358454582e-01
8.590843624616556484e-01
8.665051231714335778e-01
5.138953845444159674e-01
8.010999287224995768e-01
6.140626352534809262e-01
8.475826151103329487e-01
7.796521061308961942e-01
5.664064522446280447e-01
8.186247615041960524e-01
7.860046058325412810e-01
8.137122198244421956e-01
7.302378143812736644e-01
8.412576425497739763e-01
7.125578700236518959e-01
6.732356968564896516e-01
7.705609277924355682e-01
7.947616908994402651e-01
4.933831288196079967e-01
8.612045948535267392e-01
8.346201009874048005e-01
7.537029851976909667e-01
8.046813385367906912e-01
8.865493605686260992e-01
6.973022211062477327e-01
7.711799951108093687e-01
9.504972550522057251e-01
6.552384932994126387e-01
6.900845659092055273e-01
7.956116480573837135e-01
7.727457530166957911e-01
7.811609586470100730e-01
8.183212957212928629e-01
8.207681519106773127e-01
8.166000613030731659e-01
7.155946268046421421e-01
8.351666523153903343e-01
8.917079153496548782e-01
8.659204878957799112e-01
7.938626415919677326e-01
6.943531340040449695e-01
7.819417705087926551e-01
8.030921584018009263e-01
7.625108456820924863e-01
8.971697588937314061e-01
7.739689895184722612e-01
8.608175982537799031e-01
8.085354964079113360e-01
7.549766122537016066e-01
7.575724159279977332e-01
8.679809578699625439e-01
7.590531684220269693e-01
8.620764473068950329e-01
8.153119949200474670e-01
9.014858079339562735e-01
7.437732635180340779e-01
6.350703161477556646e-01
7.657675757590014509e-01
8.176548852050352645e-01
7.858190511701023118e-01
6.631524834687329006e-01
7.320470268041645578e-01
7.315537969015807329e-01
7.717019501220750977e-01
8.131644996427457306e-01
9.208845625255708267e-01
6.883768270689268887e-01
7.917981802201954356e-01
6.098497743170968599e-01
6.552007130015665703e-01
7.321734769451990754e-01
8.660630168847542887e-01
8.587294002762727585e-01
8.631252093284613736e-01
8.093780669667561822e-01
7.513806240598540631e-01
6.848972651550585544e-01
8.765101176177828579e-01
7.608186154376339605e-01
7.878555094317833962e-01
8.151669762181873446e-01
5.453258026780113399e-01
7.532518449138552175e-01
7.594776265090875667e-01
7.325923163585938980e-01
8.607254076070340876e-01
8.107104885091179769e-01
8.895637891670639119e-01
8.160779257504592321e-01
7.472800000234425255e-01
7.841156982059090952e-01
6.521181939308198228e-01
8.371941398081405028e-01
7.913956987418533373e-01
8.033157801777806029e-01
7.337348582081004711e-01
7.156969895601048570e-01
5.676296000361849003e-01
7.172025415074266830e-01
8.208528942054429400e-01
7.484617210057438186e-01
7.519889705555434789e-01
8.413587988951636287e-01
7.746053431177504223e-01
8.997394000001983638e-01
7.903975670996533642e-01
7.654172558996211739e-01
8.059001699998337154e-01
8.123231384161174740e-01
8.334838084238087585e-01
7.741528301099847020e-01
7.183904439088939498e-01
8.098436373881119366e-01
8.211729731148396105e-01
6.383224540899162802e-01
8.125822182601021293e-01
9.080559718188283558e-01
8.163829242372365735e-01
6.002745424280827580e-01
7.123716036239959859e-01
7.045309411779354658e-01
6.271239218616789790e-01
7.583293126103965998e-01
7.634035538030703449e-01
6.270945646584359379e-01
7.614134100215088630e-01
8.288453061213116868e-01
6.980448788688865536e-01
7.979474628938829639e-01
8.373930341335201755e-01
7.971038873242576317e-01
7.740511052131903158e-01
7.285823479807215231e-01
3.786960529064527514e-01
8.047433638569887471e-01
9.295930012054420821e-01
8.272906106602037068e-01
8.239380883391798083e-01
5.238361006500433792e-01
7.404959413439696769e-01
7.811648904665686732e-01
6.910970958727097324e-01
6.746120014222038996e-01
8.029659058628444424e-01
7.911998014166420345e-01
8.026081908675556376e-01
5.923196585609490361e-01
7.465260123663439717e-01
8.231223446318939319e-01
7.287333734316008282e-01
7.141794574848110422e-01
6.553604824086183278e-01
8.018823626240619840e-01
7.880413835890885954e-01
8.288453061213116868e-01
9.841962130128203423e-01
6.809070688205958177e-01
8.319027937660501415e-01
7.712040193203120175e-01
7.627927258417085410e-01
7.398861840024714143e-01
7.149927736275321077e-01
8.142700290897905147e-01
8.319027937660501415e-01
7.465849124155418126e-01
9.642381627898688468e-01
7.545247250332589584e-01
7.429379554584724099e-01
6.677335494168755714e-01
8.017281806723510762e-01
6.919071830292113923e-01
7.508306538173694644e-01
7.462209228980598574e-01
7.591872517858124780e-01
4.758189820480961396e-01
8.954198100012230599e-01
8.182751577316925706e-01
8.822359637861533210e-01
7.740122487266818396e-01
7.633173661962688872e-01
8.757174702956618262e-01
9.840172720454918309e-01
5.615743080188581038e-01
8.449066169125361014e-01
7.742093238989949944e-01
7.539150325174888145e-01
8.370746826651702666e-01
9.920419032646564661e-01
7.852016794234708552e-01
7.262561884110771970e-01
8.488032185285067088e-01
7.726723201664036367e-01
7.523335058637574679e-01
7.238389197753728466e-01
7.797754561004150986e-01
7.378763641562653408e-01
8.257168311282266915e-01
6.524497942975646669e-01
8.273736806020316470e-01
6.703903477761299357e-01
7.554205186586502307e-01
6.087587433130435821e-01
7.794691544377276848e-01
9.885382026839778513e-01
8.043730318153593517e-01
6.187068461387097429e-01
7.960555893478689082e-01
6.361512106922234677e-01
8.106220608644276737e-01
7.372902446319362646e-01
8.182220372093640393e-01
6.542371964006057361e-01
7.324449747435900493e-01
6.123841004340799810e-01
8.169790747583038915e-01
7.493224550364274705e-01
6.684447857080885180e-01
8.634325928531128014e-01
7.784303003984249791e-01
7.811668105394855566e-01
7.494718006929601550e-01
8.715713905555327878e-01
7.616203303912020273e-01
6.562914425931649642e-01
8.043772809645124422e-01
7.501984554403391403e-01
8.668103289767212782e-01
7.713999392242271158e-01
8.018914904280540767e-01
6.658026239068356444e-01
7.991980294718870059e-01
5.938141013607052265e-01
6.613484275549467162e-01
7.913288151613480093e-01
8.280671597611374279e-01
8.107812108285894492e-01
8.664501304043705776e-01
5.959359559095664949e-01
6.876867648698880009e-01
7.670726173489080812e-01
8.526720872868635004e-01
8.417733400618986339e-01
6.617276755564058810e-01
7.323020060176360646e-01
9.272174031108180170e-01
9.065259397244728179e-01
8.448041605697063083e-01
7.311692947574610635e-01
6.319161023909490860e-01
8.296072921015285040e-01
6.499650180278609968e-01
7.775475038401756800e-01
7.215273223751214049e-01
9.812502843622266102e-01
7.815334913624020219e-01
7.172960377552003441e-01
9.838059437830294351e-01
8.323519924504149126e-01
6.155838220638747416e-01
9.501732666778309744e-01
7.023455728279995869e-01
6.727330898032587436e-01
8.815349821814407738e-01
7.252754743599320042e-01
8.326318992830693544e-01
8.032295855885940306e-01
7.985849799787141379e-01
7.296289492575194213e-01
7.597335837407893644e-01
7.282968514746752664e-01
8.914807305752192601e-01
8.408447882004418394e-01
8.202635596504793680e-01
8.725248965813862112e-01
7.635101525446521542e-01
8.260138939064386454e-01
7.166595246777863748e-01
8.816388071737005783e-01
7.477451659746566781e-01
8.203104360962433228e-01
5.449868947858647061e-01
8.660925918895892028e-01
8.537055440173274556e-01
8.714095688343030943e-01
7.595845151612029555e-01
7.861294928249233926e-01
7.187474604153442082e-01
5.421719899212744664e-01
7.885640434175232860e-01
8.610277398469561305e-01
8.780247378638188493e-01
7.737482788147826973e-01
5.422673955200554285e-01
7.480416400237442920e-01
6.942931781061727481e-01
7.627927258417085410e-01
6.401235586659634880e-01
8.248897238769361540e-01
8.827621360973911813e-01
4.608871637531690157e-01
7.845538683245786293e-01
8.475826151103329487e-01
7.867013436896461709e-01
7.330501766231565242e-01
7.823413564061000303e-01
7.416429131174513412e-01
7.995370448348112502e-01
8.498642531184403826e-01
5.361325687616708136e-01
8.908561421080986031e-01
7.477109515525911521e-01
6.580141934053674868e-01
7.826479489037512227e-01
6.379739157463275578e-01
8.449704702014996238e-01
8.947580354513442469e-01
8.280485758324872547e-01
7.865898423270835105e-01
8.208033181160001579e-01
7.349356624391216730e-01
6.127359863385137828e-01
7.718920130175854766e-01
7.819839648837643153e-01
5.884746764658738138e-01
6.791567214825812160e-01
7.882679060051434039e-01
9.442776008326979609e-01
7.954439189600855942e-01
7.026206652515025741e-01
8.809968951193520859e-01
8.064029929337999114e-01
8.907688725582348921e-01
8.251655916035091076e-01
8.266504743063649574e-01
7.668923202263092653e-01
8.038489037160093664e-01
8.061006945337525487e-01
7.099435457388052484e-01
9.313191994116571948e-01
7.175098287974571720e-01
7.742254326087822935e-01
7.343736182093815179e-01
7.718696716564155125e-01
7.714217220255470409e-01
7.469074149594717715e-01
8.108064016182753297e-01
9.185008047945932841e-01
6.963303147415075278e-01
8.128765671988373853e-01
7.292614862616867422e-01
7.394661956515776735e-01
7.119269051875063425e-01
8.078722516262611952e-01
8.469983786756442035e-01
8.921152642064639204e-01
7.103772083061860032e-01
6.845682708662285121e-01
8.216714226481002248e-01
6.159133780047495454e-01
8.163987693783956168e-01
6.980936645875631674e-01
8.108822417196451804e-01
8.823984463399229261e-01
7.518241142237925834e-01
7.978595307096426614e-01
9.381755517548228118e-01
7.014008734863802497e-01
7.097514091262848712e-01
7.957885589709687846e-01
6.725052328775178445e-01
6.969617918131807421e-01
7.009174357867261618e-01
6.323703177724198099e-01
7.587794418954977305e-01
7.849360908182270169e-01
7.845112108991980637e-01
7.820636379474822375e-01
4.513939958506888450e-01
6.778442575949376048e-01
7.265123630657688292e-01
7.718966383334512349e-01
7.532126658892602800e-01
9.867806502113325440e-01
7.892027337581490887e-01
7.817100407563680742e-01
7.149763046342849648e-01
6.587447751044896993e-01
8.461516911208922798e-01
7.805568110545696436e-01
6.671576749665122374e-01
8.719454834775165475e-01
8.037649951905629919e-01
5.730314132413829586e-01
5.175873518106152149e-01
6.776266712830647521e-01
7.117204909898060539e-01
7.026911552711675446e-01
7.462994324431794224e-01
7.576853057547219272e-01
8.687376197865075422e-01
7.407872181469166151e-01
7.157450221027442661e-01
8.706887646999809105e-01
7.835659131464967064e-01
7.592454846956173675e-01
7.819251612951098052e-01
8.063017825118816706e-01
8.031840789788053936e-01
8.830264930204603235e-01
7.126532390413371498e-01
7.911389347654333992e-01
8.809199881301259527e-01
7.486860872058960226e-01
8.076724011053317831e-01
7.953428957718359227e-01
8.799937404498275884e-01
7.552607919654433788e-01
5.994591205080505025e-01
8.479147021363195869e-01
7.324449747435900493e-01
6.759677097791414457e-01
6.607865003241252255e-01
7.329637085593886381e-01
7.178589402009654119e-01
7.669061333510358569e-01
8.409577019116275531e-01
8.494434645975501574e-01
7.859535565862151296e-01
6.745854139254120474e-01
7.874413484179257905e-01
9.699392353407988443e-01
8.014459654303505154e-01
8.367498726552625721e-01
7.450439875919171451e-01
6.818153087357250453e-01
9.074078956572427801e-01
7.367932529683725029e-01
5.892836500392645283e-01
7.972912694638947251e-01
9.207611458851675534e-01
8.141927289352686170e-01
7.316226540594332750e-01
8.049158567444667511e-01
8.022920910809185902e-01
6.772919697517962856e-01
7.526604831164508402e-01
7.825809735098242514e-01
6.575630959951344057e-01
9.040004362092064483e-01
6.404599836755052733e-01
8.922047547436525727e-01
6.385150209060755921e-01
7.163839989978452172e-01
7.468850531258043324e-01
7.571570970125415245e-01
8.256477736521629085e-01
8.657130246323027079e-01
9.610364302090488309e-01
7.708609414790348335e-01
8.318679550619455521e-01
8.522744435321842893e-01
7.393342864384684354e-01
8.006044395046719719e-01
8.045023361254214356e-01
7.938947055579412826e-01
8.252792353598452646e-01
7.929404511597312188e-01
7.287772590379839599e-01
7.966152371353703021e-01
7.708323557312559693e-01
8.041633177443642255e-01
8.343709509104780819e-01
7.139295095618710674e-01
9.488273862044580564e-01
7.790779017892830449e-01
5.328267439536441552e-01
7.738605221093155517e-01
5.136332100049418870e-01
8.246294213698559528e-01
7.390381428832141220e-01
7.845112108991980637e-01
7.706132048789176014e-01
5.895738730732660304e-01
7.438337348130703575e-01
8.949314863252540997e-01
8.326283352457465314e-01
8.298797994411256651e-01
8.030643521629881043e-01
7.560075984191619858e-01
9.685250712959810881e-01
8.116730569190643285e-01
7.262992163694932390e-01
7.914072531013472966e-01
7.755097462599054303e-01
7.034937940229712972e-01
5.348644945353460134e-01
7.938626415919677326e-01
6.681044568080344304e-01
6.984713220924161359e-01
7.780701213377894110e-01
7.692688949596560022e-01
5.374475540445093902e-01
8.337235757320069496e-01
8.191699502478418937e-01
9.796380241258326738e-01
7.535441720794762155e-01
9.089510753820128075e-01
9.569683761191929428e-01
9.571764963849194174e-01
5.941233964290713043e-01
8.544906090806301258e-01
8.572989003120133900e-01
8.095299949127208183e-01
9.210264068980705821e-01
6.741989379665650484e-01
8.745522302438362150e-01
8.664070654983114794e-01
9.324034490353190208e-01
7.527911615971175641e-01
7.268745866081925966e-01
7.604584224373509560e-01
8.256823440820498794e-01
7.454993546994661546e-01
7.704382480114532195e-01
7.917545558480835188e-01
9.556773989393066993e-01
9.068103997911353131e-01
8.655431906085958582e-01
7.107248704049705657e-01
8.018935049407468485e-01
7.708904063594318457e-01
8.000194635529987996e-01
5.410521755084790607e-01
7.889611730438589321e-01
6.667162043355651102e-01
7.230314348320613371e-01
8.160595113439377268e-01
8.294703950632426048e-01
6.552955575990918602e-01
8.882521702256982454e-01
9.556773989393066993e-01
7.677527823824296105e-01
4.848167526004034666e-01
6.505002972610043344e-01
8.183797267371231143e-01
8.679809578699625439e-01
8.622814988293763250e-01
8.463434647999111826e-01
9.988425925925925597e-01
8.307591548258100866e-01
5.818667086736785121e-01
8.101789409216721971e-01
8.340569516720146570e-01
7.514011618975340312e-01
8.155244795462556207e-01
5.620104554524375517e-01
8.931308838912278558e-01
9.071505982051292216e-01
6.098497743170968599e-01
7.854234624723298586e-01
8.431174435106101317e-01
6.897021518977498600e-01
8.104884440709287929e-01
8.163674641954813405e-01
8.074056938902174352e-01
5.781701078267068583e-01
5.253834736434898067e-01
7.772385604283107430e-01
8.679535274957886903e-01
7.057267189519033090e-01
5.170908106158765838e-01
9.266429512818928904e-01
7.288116211053323745e-01
7.861510519576550005e-01
8.907069782870499219e-01
9.530396710948650929e-01
8.842993472003986000e-01
9.788773148148147696e-01
8.022778898240237044e-01
7.587190426372431018e-01
8.478366102687371342e-01
8.570994138011537311e-01
7.697286664634797049e-01
9.341948320128570238e-01
7.207690417907320901e-01
8.802779451047441084e-01
7.354503614735188322e-01
7.804187284521607593e-01
8.090874988798439915e-01
8.041202398871150070e-01
8.590876538529658157e-01
6.619814755824396935e-01
7.912183926321867400e-01
7.900241087003303520e-01
8.091454503035165891e-01
7.642228899197338610e-01
8.073736013101118214e-01
8.742174350774795100e-01
6.473339366346312351e-01
7.931068911965878376e-01
7.625425060073589556e-01
7.295176228624202786e-01
7.056597497777687966e-01
8.871421890949847677e-01
7.492187273725160468e-01
7.877946380302677243e-01
8.116400989541368016e-01
8.226273148148147696e-01
8.547034674603163351e-01
5.697662616258030166e-01
9.699392353407988443e-01
7.905385412679740709e-01
7.535343180816667097e-01
4.439192211688653411e-01
7.321347211723067128e-01
3.236433109431322563e-01
8.728587864448015265e-01
9.063677433453721788e-01
8.567096848210575821e-01
9.473915294836370293e-01
8.481133417297164190e-01
5.687587725620789625e-01
8.266504743063649574e-01
7.950233015834556882e-01
8.135313180604121230e-01
8.229554987530938170e-01
7.348530112203353060e-01
8.004805171315254597e-01
7.979494655570710249e-01
6.511172804971187000e-01
7.516177861839221652e-01
8.570205286335820238e-01
9.007856088129821970e-01
8.787503312514945986e-01
8.798155737358100970e-01
6.886325402990336464e-01
5.639157911966875547e-01
7.799355331944884950e-01
6.777014480949467012e-01
7.920438057046508273e-01
8.286277598886924167e-01
7.006288376037855814e-01
7.966152371353703021e-01
7.807413808429385371e-01
8.671520110905797107e-01
6.430405677774260198e-01
5.077522867199343315e-01
7.766123983096516747e-01
8.062643907380164787e-01
9.350652115396146380e-01
7.852259885868611011e-01
8.767718346261873519e-01
8.719540995698711328e-01
8.540008903235550841e-01
7.742093238989949944e-01
7.857323499900481512e-01
7.913650659671992438e-01
6.833625317478082550e-01
6.121194253924900908e-01
8.854095268524647677e-01
8.927165898763276264e-01
6.893957637715645292e-01
8.749235339636852737e-01
7.289208637317676764e-01
7.851218451195413062e-01
8.196216447493942514e-01
8.248968204284806705e-01
8.283615359286555790e-01
8.619560507028664054e-01
8.499060639615770851e-01
8.142628185207914093e-01
7.896955967249255082e-01
8.012958495966795436e-01
8.276005243694311009e-01
8.477128022674959018e-01
5.512994377939768320e-01
7.683510608581558543e-01
5.987955676609537647e-01
8.491704702356305257e-01
6.904752005354090061e-01
8.684697638697987943e-01
8.287494293130804879e-01
8.091194398802075138e-01
9.394157883728656566e-01
6.442503019395625641e-01
7.112680123490323636e-01
7.795518279652594584e-01
8.084891160644989139e-01
7.935528823649130592e-01
7.886718551120620591e-01
4.568269556864578695e-01
6.773825226586850379e-01
6.577800330729446365e-01
7.241196903184355937e-01
9.474510804844192835e-01
6.994422579363609449e-01
8.948655010811811250e-01
8.078284512342057688e-01
7.697175395546526078e-01
6.386282952090345244e-01
9.086302488835883429e-01
9.322850229352417362e-01
7.622354790364064270e-01
7.786489056814049903e-01
8.476281912273037067e-01
6.767322489470569691e-01
7.942209631984454843e-01
6.598940951272695976e-01
9.219712070335166487e-01
7.365338359866966389e-01
7.904363988860985124e-01
7.470875150722164904e-01
6.829126349828752440e-01
7.486473320412929677e-01
7.541564430122621454e-01
7.756898410980512804e-01
8.468221034834018113e-01
8.891434678745429032e-01
3.461079134666328327e-01
7.001720046748810544e-01
7.104595636340008680e-01
8.034721591714428790e-01
7.721686038778472483e-01
9.305325549132446028e-01
7.962472384596718245e-01
7.630729997288201449e-01
9.785056625947653464e-01
7.022179271958955971e-01
7.635996467492087714e-01
8.035675422708654647e-01
7.328409055435397557e-01
7.979494655570710249e-01
7.868131615672452339e-01
5.617615762066570095e-01
6.591026908125833250e-01
7.137182917777753488e-01
7.758454166970376598e-01
3.703790491024986364e-01
8.622447178915733090e-01
7.828183482983971375e-01
7.014792601706777431e-01
9.426211512970638084e-01
7.265123630657688292e-01
7.709395407761325814e-01
8.023675615957026608e-01
6.930294660834954712e-01
5.922591871815316988e-01
9.126555022358886493e-01
8.896819909865320009e-01
7.459351914940545170e-01
9.399106726775183773e-01
7.676729695520707608e-01
7.793951914522991853e-01
9.086229627295049349e-01
9.882107551670107348e-01
8.559561592987255940e-01
8.521006309294872905e-01
8.326766970042003280e-01
7.971585401953616978e-01
6.807964598375375598e-01
7.800786744858008159e-01
7.347830718067377420e-01
7.705581446363151121e-01
7.830528073436578973e-01
8.003357772208480325e-01
8.457575720784825668e-01
8.332743158034983111e-01
8.159651467068551600e-01
5.892836500392645283e-01
9.153659380563877734e-01
8.440124992986497432e-01
5.039642997772991739e-01
8.140974067987203355e-01
8.083115543999453978e-01
7.097905035926230788e-01
7.775587837905785227e-01
6.845443710407504989e-01
7.930719752736987704e-01
8.758179132743718620e-01
8.427883911933451433e-01
7.749945415678592964e-01
6.637235745614099569e-01
8.630743013553546783e-01
5.658136811337336480e-01
8.280671597611374279e-01
7.245074294156824690e-01
8.751495150714652116e-01
7.979264258698596235e-01
8.024698419475992939e-01
9.266429512818928904e-01
7.979264258698596235e-01
7.511600760703402990e-01
6.479911249236567361e-01
7.987518961330010159e-01
7.150751434573719978e-01
8.587303939557463517e-01
8.212979715022147298e-01
8.058581266917855812e-01
7.172658418271138370e-01
8.230296196099132766e-01
6.818335373765477270e-01
7.036040182862765002e-01
8.541494528687466614e-01
8.914250945183140873e-01
4.851547207485293334e-01
8.089860779533665225e-01
8.431174435106101317e-01
8.083963066460198021e-01
8.992533159275374333e-01
9.922735390617460904e-01
6.800297721106427495e-01
7.666323931052266838e-01
7.465849124155418126e-01
5.046452549559100609e-01
9.949063888291308499e-01
6.948251132754619253e-01
8.720382816640893653e-01
7.870126558676707740e-01
4.525683839778807949e-01
7.371408853894768631e-01
5.086854723904952191e-01
7.396994981468898445e-01
8.094650134270917619e-01
8.342949195782500826e-01
6.673135788723835171e-01
7.907894426989677816e-01
8.729306788678246054e-01
6.948155282773439412e-01
7.805322619801623452e-01
7.844569093727564724e-01
8.147195986754661723e-01
5.362322732458126850e-01
7.607082588884109819e-01
5.221366747299924782e-01
8.336637388777300428e-01
7.090594002370866900e-01
7.230113584236755875e-01
7.586599940583640400e-01
9.555395733731942842e-01
8.439567061635044887e-01
7.323020060176360646e-01
9.313754528222650819e-01
7.835112892190685407e-01
8.147163168659004029e-01
7.184553154903002836e-01
6.623275077522657872e-01
9.137703598366814228e-01
7.647814077261908539e-01
6.782248599554967505e-01
7.102835495439266955e-01
5.138953845444159674e-01
7.824347804289286668e-01
8.124711324233694354e-01
7.942317368042968173e-01
7.892205975693565856e-01
7.835555659932105232e-01
8.001707004646614330e-01
7.931366539883787370e-01
8.071209067357790756e-01
6.338348720837975181e-01
7.931356568936696050e-01
7.732127383010054533e-01
6.855023072652083327e-01
8.077210443851621235e-01
9.456062067742565524e-01
8.741174036637514577e-01
9.563975823253735298e-01
8.816314483819754910e-01
9.271234646437326310e-01
7.052658354593140944e-01
7.660370785369482460e-01
9.100901667604416323e-01
7.937551930178593507e-01
8.440460259827187173e-01
5.639157911966875547e-01
7.923602567149470310e-01
8.167549633768321771e-01
7.275393052923720960e-01
9.058187004082751681e-01
8.874070291582755177e-01
8.280948231768120449e-01
4.852831547435406123e-01
8.195480884513609565e-01
7.186029801982413145e-01
7.573265490138051392e-01
9.319971905233248588e-01
6.476828491076598304e-01
7.874044972299597545e-01
8.035880930383092480e-01
7.587190426372431018e-01
6.463824388951870947e-01
6.766644429598973609e-01
5.241306961598446446e-01
7.063176121159545628e-01
7.304772098242401368e-01
7.649391735078471255e-01
6.009162349398532443e-01
7.426066203195895721e-01
8.032335256602932683e-01
7.333098379571938441e-01
7.406494469617082022e-01
4.709273128802486941e-01
7.753213355042252175e-01
8.093753715992508813e-01
8.859757621673798322e-01
6.602746817431064397e-01
8.438471655479030664e-01
7.843572163586489676e-01
6.939596100614900953e-01
6.786821748047419112e-01
9.021962576282295254e-01
6.187068461387097429e-01
7.753474882792630307e-01
7.160153738511184640e-01
8.010847536914956768e-01
8.385779901458780827e-01
5.390980634518267589e-01
5.258014548242810893e-01
8.309966148751237736e-01
7.377166759556481601e-01
7.712107744571257140e-01
8.998983191226221923e-01
7.022179271958955971e-01
9.464329593250406791e-01
7.915931060618569548e-01
9.108889575735935606e-01
8.646287096090700119e-01
8.603445647708689581e-01
7.454326552488652613e-01
8.522275481595372737e-01
7.862578755411396836e-01
7.986239830727267508e-01
7.829825679864789167e-01
7.431477532646361128e-01
5.252875088176444107e-01
7.508743778919352296e-01
6.714339310638680614e-01
7.227762300728599598e-01
6.760849992360419281e-01
5.000186754173394643e-01
7.343731637399772971e-01
7.414185831215280853e-01
8.012958495966795436e-01
7.758173233275799108e-01
6.657783467699016633e-01
7.286160747318454201e-01
8.832971147736550233e-01
8.425065038386304606e-01
8.677545390746013165e-01
7.990863883778022148e-01
7.434639065487856913e-01
6.871023718076377795e-01
7.469968826785660099e-01
8.180878333588306184e-01
7.673760826249816924e-01
8.205241985461524390e-01
7.443262772807510697e-01
9.069112353951858108e-01
6.812776780828401213e-01
8.975077456103384144e-01
7.189159888159294409e-01
7.860855099914493271e-01
8.110304535447070418e-01
8.218222793981768692e-01
8.720382816640893653e-01
7.730126767275430355e-01
6.249767147110124599e-01
8.203069264043822972e-01
9.692119882597043379e-01
7.149218641664778495e-01
8.244547727438382712e-01
9.528017754715368826e-01
8.033300597749534200e-01
7.945115236752942067e-01
6.713738447508335039e-01
6.623393891797811905e-01
5.235456003406740999e-01
8.523601396044737655e-01
8.943865740740740700e-01
9.089752766805533346e-01
7.609594695197920977e-01
6.997886406320479313e-01
7.431619767473020000e-01
8.111676156149113526e-01
6.619430488200890306e-01
7.723644073843025648e-01
7.505683857102110057e-01
7.439547521488796278e-01
5.389518075577544032e-01
6.016534225124136048e-01
8.316525599287211135e-01
7.900496509946022261e-01
8.468312899152544704e-01
8.028142521688051980e-01
7.637708204011134372e-01
6.152010485194358003e-01
8.550117394238229140e-01
6.980937101337072459e-01
7.698214830448865120e-01
7.454601337029430619e-01
7.996371575222233075e-01
7.624552592799136441e-01
7.605575571350328135e-01
6.724095972961687817e-01
8.141450051587963976e-01
9.938064551723385653e-01
7.332413795776532295e-01
6.728770644332219275e-01
8.047046462288199864e-01
8.705250625579762369e-01
7.834680532389211027e-01
7.346537293989320316e-01
7.611652593150955992e-01
8.116438850802608629e-01
6.171522536091343936e-01
8.746034737300709683e-01
8.476035486482595971e-01
6.626493761693840190e-01
7.570523408231348839e-01
9.426028021441112958e-01
8.046355372925156901e-01
8.701549880206962406e-01
7.443262772807510697e-01
8.877987566619965909e-01
7.235751367391318745e-01
7.910230569996373751e-01
6.741172040858369741e-01
5.150750709184096499e-01
9.109802112486998782e-01
9.100217676585825588e-01
7.701499228870423153e-01
9.485821027448672060e-01
8.242758209458156404e-01
7.450614225528171541e-01
8.553916201771242234e-01
5.684569109286783384e-01
8.696815498544004930e-01
7.572715400422548315e-01
7.974196749941615536e-01
5.425498783766562472e-01
8.610302113205577923e-01
7.542546631892036446e-01
7.744828546318580642e-01
5.781701078267068583e-01
7.962142677868152552e-01
7.899285147521316608e-01
8.217373421707362402e-01
8.462940492284769523e-01
8.072163132141337849e-01
8.476281912273037067e-01
7.889611122817686839e-01
6.658861682932731840e-01
6.759677097791414457e-01
8.352047563578113287e-01
7.967142504828733651e-01
8.536660402704108197e-01
8.393680658440448861e-01
9.311127647944328345e-01
8.715399445583392746e-01
7.537750755565512106e-01
6.664906561467813795e-01
7.755196188440349747e-01
5.221149812634762188e-01
6.151243438004845299e-01
8.757122357790512179e-01
7.369156613959810809e-01
8.251655916035091076e-01
5.931963584731620998e-01
7.938626415919677326e-01
8.509470574634298012e-01
9.402037299166642326e-01
8.177292810875496087e-01
9.451515496451136089e-01
8.729582902908551434e-01
9.020679887384401852e-01
7.375112316714362848e-01
6.946009773287971090e-01
6.946586435461087339e-01
8.096014489304742545e-01
8.258267789770389333e-01
7.544579006682006206e-01
8.032614452550798090e-01
7.921559351226046264e-01
7.533799727302613602e-01
8.159651467068551600e-01
7.863331187116550103e-01
7.698108409940219721e-01
6.959735782330525034e-01
7.292998202919653838e-01
9.355140503282308728e-01
7.517315291432187241e-01
6.043641128116937766e-01
8.211359299913477683e-01
9.116372032297768158e-01
8.361572717205330019e-01
7.778454809478416720e-01
7.948586656998979372e-01
9.008648881516028162e-01
8.197976941593261291e-01
7.911258713662637776e-01
7.670315605130390013e-01
7.531601730194468214e-01
8.756983041668910950e-01
9.023004477667734280e-01
7.788360022488680645e-01
7.272650770729300884e-01
9.835069444444444198e-01
8.978751514953455803e-01
9.018682158305971752e-01
7.534153117440310909e-01
8.131571860944992736e-01
8.535888214806441887e-01
9.916317254266745485e-01
8.211548217690686213e-01
7.350832151279674820e-01
9.271234646437326310e-01
8.288761344714882240e-01
7.763130914762134127e-01
8.592384226704697925e-01
7.814573444510105604e-01
7.649652810567734162e-01
6.084019599770569275e-01
7.285706193479487558e-01
7.568013628679912674e-01
8.116231674680927100e-01
6.467553235507292886e-01
8.927165898763276264e-01
8.386842789151758293e-01
8.124520677319939654e-01
7.399315962306552974e-01
7.733780066067893477e-01
8.769585106116096762e-01
5.286980503775272622e-01
7.283077047241898194e-01
8.446427133084688510e-01
8.283771841426154081e-01
5.978604317788739353e-01
5.077544468516028697e-01
6.658749384556701401e-01
9.487816008884579766e-01
7.149779036893764150e-01
6.349972879279842664e-01
7.888938336258096706e-01
7.959424175319211869e-01
8.042745076703048390e-01
7.389728966305536551e-01
5.313769654582454205e-01
9.611860049648109916e-01
7.214552534603401179e-01
7.345132126072499990e-01
7.996846060310949245e-01
8.708689697115148398e-01
7.299700312702669391e-01
7.340487375445317042e-01
7.904047058218074406e-01
7.567788877580368112e-01
8.552368514770596342e-01
7.758454166970376598e-01
9.506312194107751079e-01
7.954439189600855942e-01
8.757174702956618262e-01
7.772502221754024054e-01
9.482880264581526886e-01
6.824036094165369937e-01
7.817020946141980398e-01
7.851737434594924236e-01
6.592249839211778983e-01
8.758480724104416026e-01
6.613427546573412696e-01
8.912538508143525995e-01
8.108304650961598581e-01
7.603600687275400283e-01
7.224399534472437656e-01
7.328034968511379921e-01
3.595031824497100237e-01
8.358113438901301206e-01
8.352894265790805628e-01
7.647247315790911548e-01
9.375064657188962869e-01
8.986778753920996454e-01
7.709275977578020633e-01
8.760431322308727120e-01
8.480390160526221077e-01
7.647202132716662826e-01
7.509867375992422822e-01
7.818240287805600097e-01
7.730248948976887746e-01
6.054168372342748627e-01
6.110084679898161175e-01
7.804180802128314332e-01
8.349758305360033273e-01
8.138699525011390268e-01
7.215383262713396251e-01
8.461373592987196934e-01
8.302447495145403034e-01
9.595373073390730534e-01
8.700325511912636589e-01
7.319966902107338802e-01
7.847080557649792620e-01
8.328559940085010771e-01
9.440895071009188788e-01
6.479416530343586889e-01
7.318447304584507762e-01
6.456310024760532063e-01
8.744852515664983672e-01
7.234280051459722749e-01
7.348457511398092112e-01
6.881532964344944103e-01
9.289072147777028832e-01
6.329300706123613951e-01
5.704769100124074122e-01
7.993448137186156544e-01
8.196380431590568616e-01
8.900993211931097493e-01
8.324590613620618251e-01
8.401285065158642373e-01
6.848686460034167922e-01
9.616427905767546136e-01
7.900989634508069903e-01
6.527488442403820423e-01
8.027140537808123977e-01
7.569982628772887745e-01
8.724847480603088457e-01
8.260557750451197334e-01
9.134307043284470851e-01
8.855743864912514196e-01
9.850598707145276078e-01
8.662466504588970384e-01
7.859016577132921233e-01
8.418526482945059009e-01
7.882003843620323247e-01
6.478674015010456033e-01
8.131174370653968531e-01
5.417010116553722110e-01
8.646287096090700119e-01
7.797968030115659532e-01
6.916896564804873027e-01
8.429294876094501898e-01
8.674452511414488809e-01
8.227644950364503273e-01
7.882933004966654611e-01
8.287002183327270011e-01
7.126518932128611539e-01
8.106729559435736920e-01
9.587255448552823855e-01
7.912146111154100270e-01
8.036068268682723392e-01
6.876802003017044029e-01
8.035031100054039754e-01
7.592447258997584436e-01
6.444539688331877292e-01
6.172567078115354100e-01
6.058396274568075279e-01
7.501160258009004211e-01
8.020880769612338534e-01
7.987846543574341762e-01
8.515982960990832185e-01
8.564912622935043629e-01
6.696543477612113549e-01
9.582568610080186566e-01
8.285398587881396271e-01
7.192480045462488203e-01
7.735260822896045108e-01
9.356560573000634040e-01
8.270666387868623737e-01
9.014577688091068852e-01
8.479204983038890475e-01
8.288481395798702467e-01
8.006399226376206268e-01
8.262396858076983541e-01
5.652227490228538542e-01
7.834645613516397766e-01
7.984101532682835733e-01
7.579733309748943881e-01
9.226217570865192785e-01
7.966744624806200159e-01
7.492187273725160468e-01
8.270899773469952976e-01
7.861294928249233926e-01
7.558494444440212456e-01
7.874138487415577314e-01
6.766236566525015705e-01
6.631524834687329006e-01
7.148250028577921578e-01
5.928459660861308267e-01
7.158862361576636690e-01
6.170762361765185222e-01
9.154544443835369583e-01
6.641942733109797992e-01
7.863171084974182046e-01
7.859665577428973648e-01
8.286989896471307349e-01
8.999677488426520711e-01
9.172479100480036562e-01
8.591924490663334080e-01
7.250820952472649683e-01
7.879902512644096912e-01
9.395876057508399937e-01
8.520751518348006481e-01
9.490846760063569310e-01
7.941895591079454197e-01
7.190291424639255746e-01
6.709150007068642729e-01
8.203069264043822972e-01
8.533490479033785103e-01
8.019569105894029937e-01
7.735156332528757561e-01
9.708889962968810794e-01
7.887091763299290958e-01
7.453909193722191295e-01
8.122045988138031358e-01
8.836258663026440585e-01
8.038489037160093664e-01
7.279004531601377392e-01
6.352027058178021379e-01
8.239864212249303765e-01
7.850717818500417833e-01
9.014942629635714910e-01
9.630978320460982234e-01
8.046130241934986715e-01
8.136152246363010931e-01
8.890577028821882166e-01
7.763922054827763208e-01
5.470182836970907125e-01
7.700675307385340673e-01
7.987634112197412595e-01
5.961231739990584533e-01
8.311465474388308738e-01
8.185328609765947228e-01
8.447930651080919340e-01
7.029795896002584144e-01
8.476591307079218707e-01
7.675983847636010937e-01
9.416944475971713580e-01
8.400273229782129203e-01
7.068378178728733641e-01
8.226693133086880882e-01
6.594474593400362350e-01
4.669591812692829857e-01
6.922977629929516485e-01
8.009669344676253466e-01
7.002004914474351249e-01
8.419899955684796433e-01
8.836937927703908402e-01
8.714095688343030943e-01
7.268036818818285338e-01
8.732318207312648184e-01
7.839004384604886244e-01
6.457173186096030193e-01
7.870866624752751450e-01
8.218841663094974548e-01
5.910271775239530623e-01
7.612985660883756500e-01
7.350167972223843327e-01
7.566511743413023572e-01
7.707036911788834876e-01
8.402602102091852876e-01
7.839702958656051823e-01
9.018601029013503245e-01
9.625561231174505350e-01
7.985699515394605319e-01
7.913065781448528346e-01
7.918913003580489995e-01
7.763922054827763208e-01
7.644182621201642824e-01
8.275043764841505389e-01
8.090918454687942019e-01
7.617049907713637769e-01
9.761082352321281963e-01
7.961825203203698464e-01
9.396230862762579017e-01
7.350832151279674820e-01
8.325368341011855078e-01
5.686995007111658174e-01
8.211980733057259174e-01
8.130647170197494722e-01
7.918113321056775566e-01
8.499597724605972848e-01
8.537650751315336572e-01
7.608432823183332028e-01
8.774854778124137056e-01
6.607916788888013038e-01
8.108869908920666170e-01
8.879320330379678605e-01
5.911105200663498982e-01
8.378705745367514002e-01
7.776905389178560002e-01
7.507913082058716991e-01
7.745107779677296023e-01
9.070659532579787854e-01
8.437161264198937971e-01
7.893519457503603842e-01
7.495407376451164172e-01
7.532748491851735118e-01
7.815524396989290690e-01
9.241811081185857812e-01
8.095406346755028570e-01
8.231686799816735345e-01
8.986678844899788077e-01
6.977378358908741252e-01
8.394021593197670272e-01
7.243668846755703106e-01
7.598458500722867770e-01
8.218815265006921278e-01
7.292779782640850250e-01
7.424571915633436658e-01
8.431896515373686896e-01
7.285823479807215231e-01
8.972477432128873609e-01
7.548776720551226838e-01
8.923336490780303665e-01
7.979650146451093828e-01
9.208845625255708267e-01
7.335948294585873386e-01
7.547165685496525223e-01
9.018239558670525513e-01
7.501160258009004211e-01
6.696923202292680566e-01
7.879991007775188905e-01
6.987516973110275975e-01
8.184489280274506173e-01
8.483716335153861365e-01
8.167109802704027866e-01
7.874094101761364151e-01
7.213897491506972015e-01
7.062469603457468548e-01
7.883811376576642660e-01
8.784492639047466467e-01
7.573265490138051392e-01
8.535717133038331905e-01
8.417551458973834277e-01
8.183734946736871407e-01
7.937514348807543918e-01
7.614924272305108044e-01
7.780558555522302244e-01
9.027014920607054904e-01
8.572989003120133900e-01
6.415539330677346719e-01
7.921858104023321578e-01
8.800951419083536953e-01
7.077971649510191865e-01
7.948935297624811769e-01
7.795811978166115042e-01
8.107812108285894492e-01
9.571525297595701032e-01
9.084281535513685224e-01
7.814049154629326699e-01
8.411493200626697364e-01
5.598410070949911832e-01
9.520725734583737054e-01
8.232254657592790181e-01
8.667975333593368470e-01
9.809027777777777901e-01
5.221149812634762188e-01
8.596018465360611982e-01
7.883730887464923676e-01
7.122556068149989983e-01
8.216393346485886262e-01
7.699592261127943260e-01
8.293023155428225213e-01
7.339677105860029638e-01
7.855771459801770273e-01
7.374749580272161875e-01
7.205048626495214048e-01
7.571855196740941985e-01
7.905012317443386172e-01
8.229994407311073124e-01
8.653011177513033614e-01
6.198275120860854415e-01
8.657611033198143735e-01
8.019663960008077686e-01
8.176181803900887113e-01
7.893925536192892833e-01
8.414587492564731264e-01
7.987639403920773207e-01
7.451875619989913879e-01
9.535565714704177243e-01
9.528907872643601618e-01
7.277490203990601980e-01
8.431733356157139481e-01
4.883413968408840122e-01
7.252536654682997241e-01
6.597505634016023190e-01
7.983825468404037728e-01
9.118909799347226786e-01
7.744193182963915456e-01
7.707036911788834876e-01
8.492171425582136779e-01
8.455384754561040550e-01
9.215300753321040705e-01
