8.373472768518966936e-01
6.593881384863155004e-01
9.687405552877782489e-01
8.227296261864855964e-01
8.044062386728929592e-01
8.404354873218320421e-01
7.678746023111610031e-01
7.991980294718870059e-01
8.732263526162515888e-01
8.824160928878825860e-01
7.224399534472437656e-01
8.012958495966795436e-01
7.634148526013951885e-01
7.858138959901713738e-01
7.249306713621377352e-01
8.060176296748332581e-01
7.423178768879328260e-01
8.605149519412977899e-01
8.409577019116275531e-01
9.000505900315347585e-01
8.020051865149094850e-01
8.154513491562502825e-01
7.927635491369403598e-01
8.759916118547081965e-01
8.076923860262530397e-01
8.093400168305560083e-01
9.129781348264733865e-01
6.715426564718111058e-01
6.289231608447013455e-01
7.774693019438472241e-01
8.546926061569907196e-01
7.330639881332676744e-01
7.891207039969413417e-01
8.047046462288199864e-01
8.545295703837144652e-01
8.105515399603717697e-01
8.275267851807799335e-01
7.511755584950656761e-01
7.677048080899386839e-01
9.316953179456579637e-01
7.961241581829613390e-01
8.412922671049261059e-01
8.032338143961429422e-01
9.077553226653661822e-01
8.011837142773138298e-01
7.029795896002584144e-01
8.118251793066117994e-01
7.380174525046161449e-01
9.278894471521661469e-01
7.955106013828591172e-01
8.061567714759236836e-01
7.126902808829854719e-01
6.743360438873186036e-01
8.756039971611110362e-01
7.974337718720359014e-01
8.509582630235652534e-01
7.662806522030040091e-01
8.172908822276465646e-01
8.445675941077096516e-01
8.347522648195038197e-01
7.535689917915869840e-01
8.391301236807781061e-01
6.909461279278685808e-01
8.081091801798422347e-01
7.720198994933525904e-01
9.071505982051292216e-01
9.631335650380470348e-01
8.284790173405024438e-01
4.871892022560320168e-01
9.167433453248132746e-01
8.812840973531214095e-01
7.691714010585559702e-01
7.089241153308381005e-01
9.180786440472898935e-01
5.928459660861308267e-01
6.459597088628780126e-01
8.010847536914956768e-01
9.608375890935081376e-01
7.845353900459643981e-01
6.958038627501659246e-01
9.717523909016798633e-01
7.527209964270121789e-01
8.321184411788437041e-01
8.597776306500920507e-01
8.612045948535267392e-01
6.523871058435867232e-01
7.911258713662637776e-01
8.617158753199170018e-01
9.238153260384623922e-01
8.314764113379391475e-01
7.006363225267574490e-01
8.790713671813238372e-01
7.903046845656245267e-01
7.917524511599656201e-01
7.729200348890451489e-01
8.068802039578659713e-01
7.521359972439093378e-01
7.917311125353556633e-01
8.451365084866369060e-01
5.075783302519245588e-01
9.572222483128303150e-01
8.409211400348310939e-01
6.878588129922064143e-01
6.609522851513440767e-01
7.868283662291034597e-01
8.779711879990004242e-01
7.781131545785510140e-01
7.129702578708339011e-01
6.223217075661345854e-01
8.569090195997899340e-01
8.519842190844236773e-01
8.843550889946842908e-01
9.830510145542966649e-01
8.280601473454372030e-01
7.970028715517442075e-01
8.200039040395235013e-01
7.686183219885618367e-01
7.836536556230822015e-01
7.575720979206925776e-01
7.684367422978498618e-01
8.462244752264015402e-01
8.053601009920585696e-01
7.903241059817193159e-01
9.048931545496832207e-01
7.685916363584193167e-01
6.510504783204902335e-01
8.098967936593809425e-01
8.226273148148147696e-01
8.226926693403231461e-01
6.505002972610043344e-01
8.498944583196906821e-01
8.623381058778367692e-01
8.008274901255324485e-01
7.477109960631252994e-01
8.101047953408250235e-01
8.179918416422898853e-01
7.795216756458023255e-01
7.603234768991721237e-01
8.072723510967805272e-01
6.894223340487768414e-01
7.548964053618368863e-01
7.064362310934684253e-01
9.142614147170978756e-01
7.128197784976175733e-01
8.122747202176293646e-01
7.656876781090986572e-01
5.874468706024025266e-01
5.254961317673988441e-01
7.708323557312559693e-01
7.540210558167045329e-01
8.546547818457262968e-01
8.256477736521629085e-01
8.059588617609738659e-01
6.885668424066376803e-01
8.194760495006807588e-01
6.700996438279596124e-01
8.182954595193936420e-01
9.732541731972286225e-01
6.765122679677998407e-01
8.069123371788273769e-01
8.381962158140214836e-01
7.770120361237227158e-01
7.468805788965288128e-01
7.880577969817735839e-01
7.680068941709506936e-01
7.074308591521568657e-01
7.266286320168201529e-01
7.801330043457203045e-01
7.216968107643132457e-01
9.459184760803344139e-01
7.583714073786135268e-01
7.834711794214870295e-01
7.378318369010142819e-01
8.398892651418862210e-01
7.880768183486064338e-01
6.835967154353695951e-01
7.690527396418475048e-01
8.409276074282701074e-01
4.307705754025983325e-01
7.642228899197338610e-01
8.726988342782551200e-01
8.182275061697995566e-01
9.939988794681955397e-01
8.904722425387008311e-01
6.792636457616900714e-01
8.525450130252378855e-01
7.927793759177780286e-01
8.012989267254346792e-01
7.311246541322530268e-01
7.242281798140878246e-01
6.183367977100340251e-01
6.626501041083990851e-01
8.080142810301736978e-01
9.162975631562894074e-01
6.375426900032157285e-01
7.477109960631252994e-01
7.406377258711539513e-01
6.572114893263696356e-01
8.353950878488162202e-01
7.933306861977215130e-01
7.927145714679091348e-01
8.205309361515266131e-01
8.409276074282701074e-01
8.147761714896029073e-01
7.291957659644147105e-01
6.816086772464052812e-01
4.966799027385831455e-01
9.245073360901839843e-01
6.638681871599906303e-01
7.903309313087004684e-01
7.433978100922918886e-01
8.029659058628444424e-01
7.958422637947405454e-01
8.493268860875915482e-01
5.210061357263776616e-01
7.630705036746391334e-01
7.612035066146648488e-01
8.507251634614658720e-01
8.448735399162700110e-01
8.058936025428856675e-01
7.754879787981493466e-01
8.833481145579061833e-01
8.076226925681609936e-01
9.656186140934636120e-01
8.133036028912506987e-01
9.523642202096581633e-01
7.805762641446146732e-01
7.245095251621096466e-01
7.430615882057252097e-01
8.720382816640893653e-01
8.672372007605451127e-01
7.854234624723298586e-01
8.141927289352686170e-01
8.537218019019692239e-01
7.270964196485398823e-01
7.105937661604265765e-01
7.578615703740979592e-01
7.308506139814645586e-01
6.078446881456447404e-01
7.710442559619917757e-01
7.291542488615975204e-01
4.870524545903523461e-01
8.119628139034446024e-01
8.053428443162651273e-01
7.409569897655899906e-01
7.311436886440516592e-01
7.387724074596414559e-01
7.725400800265722623e-01
7.927793759177780286e-01
9.454456243951340211e-01
9.942862632231317388e-01
8.655072002108229468e-01
7.374533003840509915e-01
5.928459660861308267e-01
5.241960697115488621e-01
7.533238120715277653e-01
7.999163666575962450e-01
7.547131666890174451e-01
5.834070869709985230e-01
7.834645613516397766e-01
7.570919728766540846e-01
7.945305852013447856e-01
7.710196962119075792e-01
5.317999641123640764e-01
8.392170625584945975e-01
9.172889004765746312e-01
7.255120123850598013e-01
7.145577249485652871e-01
7.729185250073823399e-01
6.339897181280553795e-01
9.861927845861154784e-01
7.062347569386742130e-01
8.804241501004589354e-01
9.520459471754153524e-01
7.289266757881425196e-01
7.285855821931006560e-01
8.551355902764942174e-01
6.124369606834043633e-01
7.430734888764680690e-01
9.270619637195491869e-01
7.987215898875540399e-01
4.124998829383449417e-01
6.990254330457519316e-01
7.406354285356219203e-01
7.666402511976528888e-01
6.777518235069546204e-01
6.499650180278609968e-01
5.697662616258030166e-01
9.265785387082615676e-01
7.374101140543595223e-01
7.903990431352408974e-01
8.402388290648297176e-01
8.246934287599588798e-01
8.698021231396751984e-01
8.272856538738740939e-01
8.180274445888934265e-01
9.121069065239153506e-01
7.928623504939260602e-01
7.844561368855597072e-01
9.291412781688119793e-01
8.691976203116645872e-01
7.568663038442782209e-01
8.002852853076943829e-01
4.438566039861719381e-01
7.587022890259250696e-01
4.439192211688653411e-01
7.508971264846185933e-01
9.453617152955646752e-01
7.542929324685512249e-01
7.095572216476758731e-01
9.018239558670525513e-01
7.273573937822738200e-01
7.245003135921005422e-01
7.820254912775060907e-01
6.315022546016503258e-01
8.555097656997496802e-01
8.683724076337896447e-01
5.569132040963303831e-01
6.785751101319618117e-01
7.914072531013472966e-01
8.544583461488317599e-01
7.614925757320373245e-01
7.945379006480630668e-01
7.931683788835911519e-01
8.754825704437534384e-01
8.626646082785510705e-01
8.371056472640148183e-01
8.191776317628046700e-01
8.461105374641265664e-01
5.596099953387416726e-01
7.923870094235193617e-01
9.726299875610581180e-01
7.965534680916777077e-01
7.404724824763487812e-01
6.359795541279056330e-01
5.129187537654695817e-01
8.408528251664248998e-01
7.742093238989949944e-01
6.643153688935519163e-01
7.796342775306545070e-01
8.049738874182639226e-01
7.589735098513347156e-01
7.870536878873790609e-01
8.980635871395775682e-01
7.858775765374298450e-01
4.994612813402076745e-01
7.800409541734693031e-01
6.239460252369801729e-01
7.832489000488823683e-01
7.508743778919352296e-01
8.033524182295020966e-01
5.051259376010240887e-01
7.995351237997777583e-01
6.904752005354090061e-01
6.658454449624835458e-01
6.869099929443038821e-01
8.527630899247763407e-01
6.892850494244546766e-01
5.923196585609490361e-01
6.763888113831648674e-01
7.654363945654074630e-01
9.399735604058645499e-01
6.558450819695583744e-01
7.676729695520707608e-01
6.936729604494386026e-01
7.681082471736376815e-01
8.037649951905629919e-01
8.872739268200059426e-01
7.181162206657337732e-01
7.753009034878122208e-01
9.153402002676296334e-01
7.907908319409130415e-01
7.659132013017511120e-01
7.025413363899946084e-01
8.181415002633012357e-01
8.431174435106101317e-01
7.934970418586748675e-01
7.015477481676088978e-01
7.794413419124600617e-01
8.213666217403037262e-01
6.970345329326953498e-01
7.481271961211849453e-01
9.248935804675130212e-01
8.610897972179574200e-01
4.322565440261011971e-01
8.089200080189434816e-01
8.021419522102196664e-01
7.900629425063196987e-01
9.126748453485578061e-01
9.482258011045470170e-01
8.499622131576772821e-01
7.682728723709074670e-01
7.954439189600855942e-01
6.620181132774182187e-01
7.385734411984909986e-01
7.584001967949708378e-01
6.012965158587826320e-01
5.237006091386879891e-01
7.414029013149908698e-01
9.632010988822073960e-01
7.759807318437894619e-01
8.836654275627996435e-01
4.666810399431621237e-01
7.666229648066564817e-01
7.959471828658216674e-01
7.408806371788428935e-01
7.199330343826628731e-01
7.788428861675678050e-01
6.960449009145549537e-01
8.315502287690530459e-01
8.233661826740172884e-01
8.341992905091772936e-01
7.436104818152918794e-01
7.740262140189733131e-01
9.223410594871874757e-01
8.006778238372221912e-01
8.046470218491961202e-01
9.655163909383015497e-01
8.341229096021104406e-01
7.251063912162931668e-01
6.945797610166866143e-01
9.304245755156900222e-01
8.026728265442513166e-01
9.381662378787936074e-01
7.850493227063153334e-01
7.769153683468241756e-01
9.631720300842107063e-01
8.952937771300227832e-01
8.933828670884303991e-01
9.798628348587905545e-01
4.421268179498863415e-01
8.022920910809185902e-01
8.416584594938758546e-01
9.801678000723912376e-01
8.183529544169703129e-01
8.480143671980943099e-01
8.337326542897850468e-01
6.549387824528355440e-01
5.582431395267055674e-01
8.534470754830824069e-01
7.750568416250395165e-01
7.722856286233746870e-01
7.198993313901023150e-01
8.814853211170058378e-01
7.278839068645091004e-01
7.250701093340788939e-01
8.211547216703066754e-01
8.165041393756842236e-01
9.057876218996600004e-01
7.697441049931423862e-01
8.013358611706421497e-01
7.006288376037855814e-01
8.316708099706718871e-01
8.629091371297750168e-01
7.927555785480412398e-01
7.419256355736347786e-01
6.178132645951963653e-01
7.351326859504972999e-01
5.665533856061192308e-01
8.383209258841115563e-01
8.208352377430505609e-01
7.424808595181223714e-01
7.893679760760204944e-01
7.612028730924645936e-01
8.321480241143254242e-01
7.727457530166957911e-01
4.469069916657369967e-01
8.444516918979544373e-01
8.212401183216916367e-01
9.532424879486888214e-01
7.260972230253022186e-01
9.232746102922387843e-01
6.885482320111085963e-01
4.860343370246069661e-01
4.928021771959089081e-01
7.590881011540548950e-01
7.474329798307342010e-01
7.645462554838847735e-01
6.703903477761299357e-01
4.385586415052701859e-01
6.380015686503521799e-01
6.801305261124870327e-01
7.767737863673505050e-01
8.210919277649351145e-01
7.835112892190685407e-01
7.667194203181438850e-01
6.615395908198349328e-01
7.991816909679893000e-01
7.030343203986584300e-01
6.230531430406538451e-01
7.886302647060845494e-01
9.838017789813994218e-01
7.046431376213045938e-01
7.665155272207060388e-01
9.159687239193018415e-01
6.509902497320159132e-01
8.027679100007076851e-01
6.246179217121472504e-01
8.212403966391547128e-01
6.859822248816507262e-01
8.116599529186334649e-01
9.511416887829304834e-01
8.884996491305898747e-01
7.992803680625880647e-01
4.628125471549994208e-01
7.388245313599698383e-01
7.900545924374704487e-01
9.210280708013798279e-01
7.238957210431018474e-01
9.158313990753346179e-01
8.613890200586736823e-01
8.254780731733448729e-01
8.859216184445255493e-01
8.628537880873120569e-01
7.803777934968019192e-01
7.857689206653453162e-01
8.570994138011537311e-01
7.821752838453887025e-01
8.950652555241747077e-01
9.542624668429759982e-01
8.227117949321663959e-01
7.039937039534397423e-01
8.541957671117634820e-01
7.209861194936366680e-01
8.082639661352333249e-01
7.977955965609375699e-01
5.987467915869426616e-01
9.635258766633186811e-01
8.117896419029877464e-01
8.557709173325285246e-01
7.496704940494294256e-01
7.136138784422660919e-01
7.337663046245606058e-01
8.664501304043705776e-01
7.771476392365809227e-01
7.740756310776817362e-01
6.785751101319618117e-01
7.471288694128284114e-01
9.503236907784315957e-01
8.137161198075371082e-01
9.684427787723038916e-01
8.017546097046532871e-01
9.194803456797682184e-01
8.618505550460925368e-01
6.314514881571753335e-01
8.471522850542800853e-01
8.052215249622979298e-01
7.407107771047762856e-01
8.386740464717400423e-01
8.118480255529761935e-01
8.251655916035091076e-01
7.531484688836332930e-01
7.589841500327910717e-01
8.814340467510695110e-01
7.313492101230454345e-01
6.562914425931649642e-01
8.575358009296112360e-01
7.027902883288951186e-01
8.120275555474654183e-01
6.331510411946675854e-01
4.633651488290732035e-01
9.849397164281976647e-01
5.628131788301206084e-01
7.122657293762043595e-01
7.653486323089963017e-01
8.078369550380670727e-01
8.041404147387855028e-01
4.479559952422622060e-01
9.482880264581526886e-01
8.239838227506968149e-01
7.791057305076313222e-01
6.790646341639744454e-01
7.728791299680254356e-01
8.796020706968646907e-01
7.630944793051580577e-01
8.153248197983055112e-01
8.636975907818236209e-01
8.094227466175470953e-01
9.620596248968541486e-01
8.021208944162714349e-01
8.162536125233836870e-01
8.051069941975187438e-01
7.010638005591242061e-01
8.327032282310157241e-01
8.673115574864687094e-01
8.400714137716959184e-01
7.416116191239100486e-01
7.400324381691800735e-01
8.328791257671959158e-01
6.593484219806499125e-01
7.332413795776532295e-01
6.899218868825864881e-01
9.662065885251220898e-01
7.532660027787441148e-01
6.919071830292113923e-01
7.200163371783724342e-01
8.614684036959746605e-01
7.493404301602190065e-01
8.566401505544911643e-01
7.373492733210076366e-01
9.619955911525553960e-01
7.309820547415918357e-01
6.216208198323162071e-01
7.431264527109820994e-01
8.212759730505132527e-01
6.657927130480461031e-01
7.076481822703087898e-01
7.020980910304022160e-01
6.804958786001293891e-01
8.685854438739705197e-01
7.637589245036954244e-01
7.735644807361394815e-01
7.955497512490523615e-01
7.922639701093426856e-01
7.817020946141980398e-01
7.606687315462089538e-01
8.882443522307673645e-01
8.515495607198825256e-01
7.957468031004050202e-01
8.666623903359325087e-01
7.467879783875560618e-01
6.414030618880400825e-01
8.071927720936423745e-01
9.159473212847137891e-01
7.218441757037590278e-01
8.042700253152148537e-01
7.831696068393794175e-01
9.273402590967089187e-01
8.489916344171650753e-01
9.352229232915841850e-01
7.934321006243973962e-01
8.273601125632920050e-01
8.358322010545989889e-01
5.470864786621910669e-01
8.738136455917685508e-01
8.722157312785254746e-01
7.934920201705975007e-01
5.832091533496904789e-01
5.879932562430295606e-01
7.114666428211005034e-01
8.200840032513102562e-01
7.359614759074059043e-01
8.987854089677711489e-01
9.214429302608801997e-01
7.076481822703087898e-01
7.941113230002971868e-01
8.066837823466573854e-01
8.647990636628867245e-01
8.126668220820223443e-01
9.837173806103004514e-01
6.002745424280827580e-01
8.105235426189213443e-01
7.756941657629372600e-01
8.457575720784825668e-01
8.655531837917325166e-01
9.207795753590651833e-01
6.948251132754619253e-01
7.597471810275487902e-01
6.228119671878191710e-01
7.973707062838683024e-01
6.714339310638680614e-01
8.877380246416842757e-01
8.419160651229202763e-01
6.649974306816888170e-01
8.231223446318939319e-01
7.831421140116808788e-01
7.275393052923720960e-01
8.287494293130804879e-01
8.679645490871868985e-01
7.853948589261261493e-01
4.683195059282073691e-01
8.158945131201083001e-01
8.304493165471402705e-01
9.305534663287649000e-01
8.442943330139034419e-01
7.756495428962834060e-01
8.326110804867549176e-01
8.321756262820056982e-01
8.127487754509632456e-01
7.548748321261852245e-01
8.265807460931428041e-01
7.829412632439401998e-01
8.570966384338041255e-01
6.850555781960068202e-01
7.737817324925224671e-01
7.364695276539735547e-01
7.977664654723151116e-01
6.992129231314443416e-01
8.651152381829525506e-01
7.695062019026249756e-01
7.169971682886908670e-01
7.076430915277369671e-01
7.738531115376100500e-01
7.570865742955248390e-01
8.282453055467157155e-01
7.799942018259505838e-01
9.888132144305550320e-01
8.063517659274327398e-01
8.316257115352737594e-01
7.664343217578047929e-01
8.058561989094136235e-01
6.766755304034226537e-01
9.556773989393066993e-01
8.192703334281654648e-01
9.112805139310056202e-01
7.845275964016377168e-01
7.734875519896906582e-01
7.320959470987268292e-01
8.409126757572993327e-01
7.615829293755171925e-01
4.919743308501902668e-01
7.672787892047586711e-01
8.719768744280605999e-01
7.752924450701402792e-01
9.172479100480036562e-01
5.995766118748887541e-01
7.562784654692664699e-01
6.770527993891068963e-01
9.027709922495232853e-01
6.575193142011890313e-01
5.170325060660487804e-01
7.612077648154468301e-01
7.477857158765521817e-01
6.818731587738572353e-01
8.625507595057967380e-01
9.158192812420432594e-01
6.732294420217846964e-01
7.445600654864460433e-01
9.265785387082615676e-01
6.171522536091343936e-01
8.655561228407558927e-01
7.823413564061000303e-01
8.539349434363077140e-01
7.382229366682053762e-01
7.852787126059496137e-01
6.774006729051120779e-01
9.435646594802207243e-01
7.868928822594520867e-01
7.570084506905038202e-01
6.745594091342507204e-01
8.095763374821814962e-01
8.105402692800508513e-01
8.390102691539881308e-01
7.931418121778820440e-01
7.623274923276881498e-01
8.203069264043822972e-01
8.073529619455486195e-01
7.793987980039096541e-01
6.804846338043901710e-01
7.883524881654584426e-01
7.505002555060336089e-01
8.781346049359032291e-01
7.444019332788014420e-01
5.329599505583473285e-01
6.929779583034307855e-01
8.312614148845548501e-01
6.767499645980149525e-01
8.553644246701130882e-01
8.822986414650192399e-01
8.202519732138894293e-01
7.033148092102399218e-01
7.367626797838089381e-01
7.602413718753139316e-01
3.879146200813742285e-01
7.979474628938829639e-01
8.689639322731448345e-01
9.217670872267407223e-01
5.608864609186924310e-01
7.685663726852786093e-01
7.686587854076384341e-01
6.859732230589957735e-01
9.346167653197996472e-01
6.988813689816457675e-01
5.766389328252595758e-01
5.925028808237988720e-01
6.748859084770546524e-01
6.654948299302356762e-01
8.048916366685370249e-01
7.155360369281652533e-01
7.717771010524682174e-01
8.418769183752803364e-01
7.862578755411396836e-01
8.146131323056647888e-01
7.456699863213613888e-01
8.081966575825126897e-01
7.606242472672011257e-01
7.889981294990640048e-01
6.720971851031110056e-01
8.374635649987347552e-01
8.515982960990832185e-01
7.632890523734916499e-01
7.345189194052801351e-01
7.686815325475799821e-01
7.962923810291928639e-01
7.614925757320373245e-01
7.642080798956389920e-01
8.385898383168417514e-01
6.876766159718893379e-01
7.837366392471127874e-01
8.995295908854489264e-01
7.989161278536093258e-01
6.216049683780401347e-01
8.432332671720055295e-01
7.059622861377341518e-01
7.330639881332676744e-01
8.098892006016586986e-01
8.794993232544368045e-01
6.680379749092481001e-01
8.900595036555880579e-01
7.984417517561054334e-01
8.411927631069581190e-01
8.022920910809185902e-01
7.822710113501493145e-01
7.927318294226670670e-01
8.381264352526900385e-01
7.120092515336161609e-01
9.863266257869561793e-01
8.681520405351057512e-01
7.506459623522895308e-01
8.941274017247869965e-01
8.747904202664695816e-01
8.278719713342913566e-01
7.437875263624428301e-01
7.714553481080580477e-01
8.191776317628046700e-01
8.679740264975790431e-01
8.016186848342937710e-01
6.777653629455538953e-01
7.342175593348149176e-01
7.202654703516105927e-01
7.532518449138552175e-01
8.631766268415063115e-01
7.027585154855917615e-01
7.703224269124141488e-01
8.358239008019371363e-01
8.360098071403213593e-01
8.687303569691522398e-01
8.780346102546477960e-01
8.241742264247773342e-01
8.404226913108049368e-01
5.180680425986463611e-01
8.064111841397366698e-01
8.650154020080357276e-01
8.126666282874952518e-01
7.590109575478277693e-01
8.143688685895817958e-01
7.809989673557553580e-01
7.996493919744241952e-01
5.180680425986463611e-01
5.258014548242810893e-01
9.279246659743484171e-01
8.105402692800508513e-01
9.327414644809809419e-01
8.147374227932704382e-01
8.162083285934362831e-01
6.441920064329863527e-01
5.115112869787887817e-01
8.186584272249379790e-01
7.395971493579510669e-01
6.134830817670640091e-01
6.642119573799846188e-01
7.264407127093808203e-01
8.292399521132096663e-01
7.654363945654074630e-01
8.314777637334154203e-01
7.486894760960387529e-01
7.668613827208548006e-01
8.618428355779071959e-01
7.793628086859559767e-01
7.977211871031900658e-01
7.437004427512855509e-01
8.159232475343280999e-01
6.939547863040056441e-01
8.198738861443214399e-01
7.805322619801623452e-01
6.986313460208459780e-01
8.496360255302229936e-01
6.648621579993718722e-01
8.276216368658744216e-01
8.482390004299295017e-01
8.171691048080002018e-01
7.841774847100556611e-01
9.180095506949769169e-01
7.501160258009004211e-01
7.767737863673505050e-01
6.653339971962414223e-01
5.039207029593152365e-01
9.011568057790979580e-01
8.261920664418451743e-01
6.574069456082184404e-01
8.095603330855013491e-01
7.631943213428873385e-01
9.045794528947214141e-01
9.128469522704323325e-01
8.113223294951180664e-01
8.807845027418315098e-01
9.738995539656888356e-01
8.684292895847351978e-01
8.640828300111424998e-01
8.583976677487525908e-01
8.237418992312993682e-01
9.291790182963931555e-01
7.984333115246945445e-01
6.806648780813995270e-01
7.863172054676554890e-01
3.426136156888297535e-01
6.065774811260594701e-01
7.217320061799082920e-01
8.807168449550034639e-01
8.211980733057259174e-01
7.440379950857279878e-01
8.378705745367514002e-01
7.385958699267654026e-01
9.778042993384911119e-01
8.365710975879421252e-01
7.250410513344495156e-01
7.781131545785510140e-01
8.820272153300642293e-01
6.768274190672634028e-01
8.501250052422734127e-01
8.048916366685370249e-01
8.494847107970980860e-01
7.617541520164115010e-01
7.862088259636073051e-01
7.966461368850146219e-01
7.206233009800119271e-01
7.680210231745984162e-01
7.915514766747873132e-01
6.260227420112360885e-01
9.684299491719352559e-01
7.966545541785234885e-01
7.218500831095627790e-01
6.187068461387097429e-01
7.828579951605733056e-01
8.314110993480807732e-01
6.660888935162037061e-01
7.927145714679091348e-01
7.692641367508725736e-01
8.508409249708014377e-01
7.492929787607617298e-01
7.688752281511862519e-01
6.073324705898680564e-01
7.178210934323393522e-01
7.783480027916985788e-01
7.497197619853273043e-01
8.740017203870013018e-01
7.966545541785234885e-01
5.293250619843374860e-01
6.618280179385077622e-01
6.343614094376663903e-01
9.573261487173659878e-01
8.594586212417570925e-01
7.414598774579020946e-01
5.675843355670028290e-01
6.544853657632515587e-01
7.910950472175283243e-01
8.627470218224807530e-01
7.961829504984389017e-01
7.680336444517966710e-01
7.453065797699989226e-01
8.494537912666698665e-01
7.972666136151477234e-01
7.776392958585375270e-01
8.935265886925194412e-01
6.503505351763242404e-01
8.514588375986066326e-01
8.274407521443478686e-01
8.733982176361504424e-01
5.463145441789991619e-01
9.454174800493977404e-01
8.206274294915525402e-01
8.183212957212928629e-01
7.503450741346865405e-01
9.891154026856660009e-01
6.412452413549780683e-01
7.387072898547110134e-01
7.270284857367255160e-01
8.106259435932144930e-01
8.108498299218183103e-01
8.696838127229891136e-01
7.902583049395586201e-01
8.398000732196770901e-01
7.672791489643682183e-01
6.949104940073755898e-01
5.816176193111103343e-01
7.099288704751558488e-01
9.741376187432915223e-01
5.167474649105935347e-01
9.631253177397942622e-01
8.133562401557240529e-01
7.742343373234441550e-01
7.702649947249734508e-01
7.330692838004179146e-01
8.241742264247773342e-01
7.166298906739121399e-01
8.503880461609669705e-01
6.558433371713514592e-01
7.956799107614608291e-01
7.776679430125295056e-01
7.868283662291034597e-01
6.190195717055768654e-01
7.031147951988669931e-01
6.947337962962962798e-01
9.116405844655665058e-01
7.509467372889231385e-01
7.424807290894007705e-01
5.857241867613849351e-01
4.635279226782110240e-01
8.063091346885865596e-01
8.083646250323837101e-01
8.126105336993305617e-01
8.133448178192145273e-01
9.930914336606310178e-01
8.013830138997012353e-01
7.590112863747024985e-01
8.108559417955475412e-01
8.821803827697021205e-01
7.881614671107822767e-01
8.254924991606746865e-01
8.118238255877330278e-01
9.521591223218432987e-01
8.203022688089577352e-01
8.418850215484684485e-01
8.266826636499474690e-01
9.099040064200969447e-01
8.183734946736871407e-01
7.841761498914429085e-01
8.712167670631428829e-01
8.463979224399773571e-01
5.796557322701824111e-01
6.892850494244546766e-01
5.834485648126073176e-01
7.203924927926552702e-01
6.993421800858837800e-01
7.546246650137484746e-01
7.755378600759793573e-01
7.706443438029645376e-01
7.776679430125295056e-01
7.836536556230822015e-01
8.160948399827993027e-01
5.667108660430407729e-01
9.338580780942806747e-01
7.957187858008364367e-01
7.698706112938318302e-01
9.484817728402172854e-01
8.943027951850329726e-01
8.185664977150507449e-01
7.770390063622946153e-01
8.389089051131431996e-01
7.693785995896513796e-01
7.398396403945877164e-01
8.422762211943798372e-01
6.876636557333634103e-01
7.336240997933162200e-01
7.969552412522570295e-01
7.089365151516546781e-01
9.127610992566419501e-01
7.783202699061723129e-01
7.721098201648738391e-01
8.840280825902713246e-01
7.690168193943476282e-01
7.906524155988622349e-01
6.172064365572074163e-01
8.467695782290090012e-01
7.896972140413682784e-01
7.037988483230214198e-01
7.789822277999178812e-01
7.947583454305330308e-01
8.263818485415895809e-01
7.603753756402221731e-01
7.608233118294424058e-01
7.012090288367871516e-01
8.394000917601077694e-01
8.699213379677025459e-01
8.030921584018009263e-01
8.220482465672521721e-01
7.244549379088242036e-01
8.257099795280939958e-01
7.158862361576636690e-01
6.883768270689268887e-01
9.049551109095350654e-01
9.196741680256810270e-01
7.491308814405386318e-01
8.150500920589949239e-01
7.720622960816707625e-01
7.217320061799082920e-01
7.267166035694286874e-01
8.145835315700434842e-01
8.725358436901323733e-01
8.131844781720918292e-01
8.017209647833359876e-01
8.355958304122134139e-01
8.772192808699986744e-01
8.272545282797080235e-01
5.843757864392865597e-01
8.656420029114172410e-01
6.078446881456447404e-01
9.592885567610692776e-01
8.834020365443402412e-01
7.479970307504092419e-01
8.829809276254624306e-01
8.865493605686260992e-01
7.877371920291107443e-01
7.729188817259567967e-01
6.187565269446432259e-01
9.009835915304134080e-01
8.552521719312018433e-01
8.197015154770470602e-01
8.614881486099970065e-01
8.402424433468939080e-01
6.984165135490404408e-01
6.687863562942694129e-01
8.227293063185524558e-01
8.170920906492468161e-01
6.941640670192170681e-01
8.163987693783956168e-01
8.125260961182236841e-01
9.453617152955646752e-01
8.239906121222444479e-01
9.639786352202762698e-01
7.667593707148556703e-01
7.406494469617082022e-01
6.505685776500542694e-01
6.938181350630170385e-01
7.030951329241694747e-01
7.955208482360183186e-01
7.744320483230137109e-01
7.533151872777553715e-01
8.071512958769838653e-01
8.855808061044653234e-01
7.718072988984644445e-01
9.910300925925925597e-01
6.045606942183082699e-01
8.119456671294386085e-01
8.193810815773969747e-01
7.429385106770455272e-01
8.101079309151026919e-01
7.471013336201520749e-01
5.384283416662446475e-01
6.955339169596767013e-01
9.302329396675208528e-01
8.023352534694800919e-01
7.521132738443839783e-01
7.975942625657547191e-01
8.183318761463787006e-01
6.282317491197904058e-01
9.625161173315470720e-01
7.733507079340244950e-01
6.942397978102350375e-01
7.080514027213704598e-01
6.864103103668888206e-01
9.236446248110322665e-01
5.574745634125738425e-01
8.715373581092024091e-01
7.243847624041390709e-01
7.498472230922005322e-01
7.465886535309624872e-01
8.131073523609169129e-01
8.011681802508908712e-01
8.747948194678240030e-01
7.435147177856584744e-01
8.135164778047839773e-01
7.350985572856080230e-01
6.802454332729402919e-01
6.995047658768438481e-01
7.960437705920565543e-01
7.660394507095535932e-01
7.912765940709063361e-01
8.310951818194404206e-01
7.861986472975104334e-01
6.556545511447405827e-01
6.338773856644466242e-01
7.552945000234534412e-01
8.336934382192402460e-01
7.671133158077856340e-01
6.153128584725352512e-01
7.434690924488821517e-01
6.365569655420615369e-01
6.229948407105967423e-01
4.862318913739304138e-01
7.532400277845364700e-01
8.411333750535927578e-01
8.551247091652182108e-01
7.950645332464464365e-01
5.512994377939768320e-01
5.822400238964452468e-01
7.893908596039380665e-01
7.011645222593373417e-01
8.671338486528568090e-01
5.908014988993870453e-01
8.652471958011526132e-01
5.737843254839267715e-01
7.614425349387001773e-01
8.847548482479195009e-01
7.186029801982413145e-01
8.001756107333997114e-01
6.526767886985076483e-01
8.063517659274327398e-01
6.833625317478082550e-01
7.545554272397752005e-01
7.632404777504180338e-01
8.052965572315555765e-01
4.896956450047170728e-01
7.227720116528691952e-01
7.791433239119501808e-01
7.389387933395399344e-01
5.834485648126073176e-01
8.064059925057674993e-01
9.270364293982918946e-01
8.088316360781862002e-01
9.452144038492596989e-01
7.367042936882389759e-01
8.275487589071816030e-01
8.576273989228707650e-01
8.204839859949718539e-01
9.385162723280754404e-01
6.911381804210317004e-01
7.742461389882014933e-01
6.980448788688865536e-01
6.320271481377655043e-01
5.474729621850320527e-01
4.948510057705816645e-01
7.918044535699539921e-01
7.324449747435900493e-01
8.998797454593875367e-01
7.583292695261686367e-01
9.148860292255209803e-01
8.107104885091179769e-01
9.947287789695935523e-01
7.474982014846137668e-01
8.511191181062983668e-01
8.843956511856589930e-01
8.561690422721813798e-01
6.483889369929222157e-01
7.724388314381686049e-01
8.097003391233748015e-01
7.389265142840595324e-01
8.549496332304257207e-01
8.401748391826352469e-01
8.348692307867301432e-01
8.059307061791910476e-01
7.904454670465427268e-01
8.066659866005497781e-01
8.149712127336690148e-01
5.658136811337336480e-01
7.666948135493861782e-01
7.929680304115830358e-01
7.780780064844899924e-01
8.906921010295129060e-01
5.259438244381242633e-01
9.806978723630338513e-01
9.111699091365752512e-01
6.628518090419072140e-01
7.861929334363934041e-01
7.525503683623349094e-01
7.443103046607899564e-01
8.575358009296112360e-01
9.453876786827302148e-01
7.652814959009728302e-01
8.467389410296906060e-01
7.609594695197920977e-01
6.845682708662285121e-01
8.474065202686481557e-01
8.698256159549815347e-01
7.538597752477178560e-01
8.546757590611119282e-01
7.166355238645369941e-01
8.545810980194221695e-01
7.752919184806842390e-01
7.825654598952906937e-01
8.276951161591931116e-01
8.646252116219700357e-01
9.041021702578133645e-01
9.471431981562576929e-01
8.237210935708830783e-01
8.498240728298226410e-01
7.140110059757884819e-01
7.706132048789176014e-01
6.984781699217623707e-01
7.797662579745773259e-01
7.326389613686226099e-01
6.832272182585978904e-01
9.311127647944328345e-01
7.579830372479620104e-01
9.268446934606003884e-01
8.447257702715098571e-01
9.385984166706216048e-01
6.944548395175117461e-01
8.885651211467459065e-01
7.154959748316374046e-01
7.781085440759070160e-01
8.059158848756736715e-01
8.157652377082947881e-01
8.535888214806441887e-01
7.650555141216828225e-01
8.426905403616907764e-01
7.528922373909332499e-01
8.096927081423304084e-01
6.350087423945696141e-01
8.643416836661558245e-01
8.816996669520644758e-01
7.890468390154963263e-01
6.478674015010456033e-01
8.134893389599544555e-01
6.578162690905866583e-01
6.383775809334711893e-01
6.544873798864727643e-01
8.488549622837859854e-01
7.486894760960387529e-01
7.373865751273853686e-01
7.261922450838653731e-01
8.429195013237924528e-01
9.232982763808093019e-01
9.445767361941332929e-01
8.279260999775684970e-01
7.952170839595441576e-01
4.586717988577869720e-01
7.899008924012898003e-01
6.438292591589027669e-01
8.056803081442917014e-01
5.435522031909504337e-01
7.310443547006434395e-01
8.078961128615114173e-01
8.066265830777185064e-01
7.636780789196263575e-01
7.573265490138051392e-01
8.135313180604121230e-01
8.208976267532860360e-01
4.652850890560560337e-01
9.196741680256810270e-01
8.698304637631601999e-01
8.682697259687134350e-01
8.575217988576364636e-01
7.333048696904397312e-01
9.885382026839778513e-01
8.081966575825126897e-01
9.338800480542589488e-01
7.866350349323101288e-01
8.107096101566360069e-01
7.375743048388010425e-01
6.599317472934586037e-01
7.463894519788586424e-01
6.811772141594132357e-01
7.781029945165820472e-01
6.824369545941130211e-01
7.866064735546418607e-01
7.668322931011408716e-01
8.978751514953455803e-01
6.447295967780221071e-01
8.153047609716983501e-01
8.009394039574728730e-01
8.791331111883011751e-01
7.617931217906768193e-01
7.615829293755171925e-01
9.473915294836370293e-01
7.671938384535993416e-01
7.309655908123668944e-01
8.612045948535267392e-01
5.489915976418954235e-01
7.517469754998955533e-01
7.786338250088102875e-01
5.939631618470028185e-01
7.864796922189735140e-01
8.878759664170563504e-01
9.252177839328912246e-01
7.970558279802298918e-01
7.652555937912350892e-01
7.820193041323398875e-01
7.890301823417061877e-01
8.870285689390625672e-01
8.634687527170502586e-01
8.843861063686939694e-01
7.783219144899639064e-01
7.564482138089599905e-01
7.054645144535764967e-01
7.341098309860175641e-01
9.630978320460982234e-01
7.539069503941365769e-01
6.864973382201375873e-01
8.418554602279648691e-01
8.045023361254214356e-01
8.857494034778866654e-01
9.962384259259259300e-01
7.987106600897305730e-01
7.666536038803533071e-01
8.132295939062061940e-01
6.927994182473226070e-01
8.228145108473297054e-01
8.666589077009657638e-01
6.213921186680857467e-01
7.773253583587422799e-01
6.769300151470902804e-01
7.126532390413371498e-01
8.618428355779071959e-01
5.926457981677021314e-01
8.962033030060585492e-01
7.945379006480630668e-01
7.037752081093171519e-01
6.415148563110012470e-01
7.781465260713043008e-01
8.228987496080785169e-01
7.768693971899446327e-01
5.926457981677021314e-01
7.775838457174073515e-01
6.508316352829369711e-01
8.073577177455033560e-01
7.700396746400508530e-01
7.849360908182270169e-01
5.618169642062198488e-01
4.919743308501902668e-01
5.980394339612440380e-01
8.153119949200474670e-01
5.842190771540144434e-01
7.665975900281242206e-01
7.716798718710793370e-01
7.026911552711675446e-01
7.996507613285772642e-01
8.511570538940195219e-01
6.343445624698028640e-01
7.013493085405825278e-01
8.535905282255843440e-01
8.089190451026455619e-01
9.591514072376978728e-01
6.997733668682845076e-01
7.445096468940116674e-01
7.745548164791623558e-01
8.017198026744546402e-01
8.026365002200122056e-01
8.333908318219667155e-01
7.429688228512265624e-01
7.472312077387367468e-01
8.242948640711452724e-01
7.347441108262395826e-01
9.732541731972286225e-01
8.570268720514526706e-01
7.998703079490868673e-01
9.379929683477661317e-01
4.860128175347441792e-01
7.511600760703402990e-01
8.942985261242478723e-01
8.121738928130779467e-01
8.507292158703838592e-01
6.765769662076063229e-01
8.581679872387414365e-01
6.573218179132321870e-01
7.984034929883825349e-01
6.511172804971187000e-01
7.365800511279062546e-01
8.131953092471098099e-01
7.232982360556802215e-01
8.184655997117263881e-01
8.367756363241539708e-01
6.404973989345948970e-01
6.497561548980804735e-01
8.288640701923766230e-01
8.519848311096172022e-01
5.138976781171014085e-01
7.703460362404612738e-01
7.364695276539735547e-01
8.180581172617837904e-01
8.264047502458247152e-01
7.918938457147627341e-01
9.101262742222604452e-01
7.970258663248022124e-01
8.935950913388729377e-01
4.557191169692327848e-01
5.845241846337091429e-01
6.536823764416402893e-01
5.580166982472145598e-01
8.011649740090387439e-01
6.667498762783233834e-01
7.393723078651180947e-01
8.429294876094501898e-01
8.222792687296449632e-01
8.485603874235070343e-01
8.206008304607943504e-01
6.651416039548291304e-01
8.306890155604114145e-01
8.039417561735744400e-01
7.785645844936842641e-01
7.609778609820870843e-01
8.127596948700019919e-01
7.757424002960359166e-01
7.843670763787522482e-01
8.017281806723510762e-01
8.675287941865992281e-01
8.069170655596229480e-01
9.277950306321480767e-01
9.619955911525553960e-01
8.284234976921888149e-01
6.625938398954254183e-01
8.973378050392808447e-01
8.133944512933801718e-01
7.678950478512055478e-01
7.537029851976909667e-01
8.001707004646614330e-01
8.140974067987203355e-01
8.557077745093030208e-01
8.203302091309209176e-01
5.374475540445093902e-01
7.935146760353128936e-01
8.767838186800211986e-01
8.061836160949337193e-01
7.443188616462431684e-01
8.481626478932927649e-01
7.306611594820996425e-01
8.320123833008596925e-01
7.683510608581558543e-01
6.986511350276888299e-01
7.150453617662737571e-01
7.996712021869051279e-01
8.470970562752507815e-01
9.839028570701643384e-01
8.280641753221965606e-01
9.482787932088547755e-01
6.715426564718111058e-01
9.119052773750317975e-01
8.877987566619965909e-01
7.727283840582248597e-01
7.022179271958955971e-01
6.096029956530759630e-01
8.870285689390625672e-01
8.385779901458780827e-01
9.657812873258641018e-01
9.100404784279862991e-01
7.818920581710565587e-01
6.808145432134244945e-01
8.377865433375397686e-01
8.218117891682462650e-01
8.320123833008596925e-01
7.799355331944884950e-01
7.660682203707802618e-01
7.101246268273309070e-01
7.755378600759793573e-01
7.562287061217005668e-01
8.108166582467839500e-01
8.849893510517676809e-01
7.280540480587049945e-01
9.233021891781789670e-01
7.957461564177529256e-01
7.914364568699339131e-01
6.492110504346255695e-01
7.710877535881431877e-01
7.409928266677900943e-01
7.644039084443372545e-01
6.808259408165112658e-01
7.774727920133231995e-01
7.882003843620323247e-01
8.438297607482900808e-01
7.874094101761364151e-01
8.738136455917685508e-01
8.350369977429488166e-01
8.958277369564507930e-01
6.555531400839570422e-01
8.212106347992533806e-01
8.171696793872682552e-01
9.618212395974937712e-01
8.161206456192249270e-01
9.051925990661272570e-01
7.795571111112846729e-01
8.095603330855013491e-01
7.773907397120100038e-01
8.268071992095271661e-01
7.530992148774918737e-01
8.567096848210575821e-01
7.532887975162265715e-01
7.957466512115132229e-01
8.380536365106581176e-01
8.994323392424677932e-01
6.963303147415075278e-01
7.237432710597946350e-01
7.535056955087547914e-01
6.778574618948148833e-01
7.775838457174073515e-01
7.844986927310426683e-01
8.086882453179591312e-01
9.648075163530035470e-01
8.371599453999408746e-01
7.590512494477584804e-01
8.964872903516389879e-01
5.290039219551665450e-01
8.030964429467895016e-01
9.433742299974403611e-01
7.673734500432759509e-01
8.550470438984948407e-01
8.399070781859383494e-01
8.890282749117984773e-01
7.807629615615572227e-01
6.780320567998324721e-01
6.474265322501024933e-01
7.762411392128559795e-01
8.325368341011855078e-01
8.063017825118816706e-01
7.878714297601648875e-01
8.217414386143641059e-01
9.231631354131691891e-01
7.755196188440349747e-01
6.972973146957731627e-01
8.708689697115148398e-01
6.260227420112360885e-01
8.223163046864699899e-01
5.401797994755179744e-01
7.903978640862570071e-01
8.205934129919854048e-01
7.937091255351625962e-01
8.381942717066207527e-01
9.065310646440259967e-01
4.983552388438309277e-01
8.707128515751337838e-01
7.872244677913747823e-01
6.483830085669359811e-01
8.819786708391563756e-01
9.801270323154267494e-01
7.719734923079178968e-01
7.855199631417113526e-01
6.651896722761404535e-01
5.348184354166408694e-01
7.579377283292709766e-01
8.657427809330902058e-01
7.666515010026832000e-01
8.057943478758857747e-01
7.669130543337084882e-01
8.772107780704558877e-01
9.110945130716892049e-01
6.009274030799405253e-01
7.945701291959909041e-01
7.649870028355495455e-01
7.677502762248672452e-01
8.267832528026252126e-01
5.642171692894033530e-01
7.360369672719740963e-01
7.091039115631471157e-01
8.040261002718537275e-01
7.581978834450950888e-01
9.150358530930443601e-01
4.965706274637386453e-01
8.218026822520334562e-01
7.839803431218499430e-01
8.442376095967157879e-01
7.749220418657700726e-01
7.978529189006819955e-01
7.968945629870235470e-01
8.528299854534209246e-01
6.917613627394650910e-01
8.523021386498725871e-01
8.564326387940073282e-01
7.416429131174513412e-01
7.449481216504209025e-01
8.010797521124547460e-01
8.501075909285522592e-01
7.811643617536206952e-01
7.879296122418613102e-01
9.011800523639845739e-01
8.291832435197127316e-01
9.657812873258641018e-01
7.600591597701628066e-01
8.819528373305924873e-01
8.688271938480001122e-01
7.090867678180889921e-01
7.831038487606257759e-01
7.187805441198208412e-01
6.668915633173917445e-01
7.938266385182572993e-01
7.630375324679850024e-01
9.082393760366412883e-01
4.217569424178838067e-01
7.466864471632804756e-01
7.710862390593836713e-01
5.626550096228927211e-01
8.195147155985703646e-01
7.387486613873612828e-01
7.800786744858008159e-01
7.724684144887994375e-01
7.810557450700967852e-01
6.828756901836940951e-01
8.106021514576217113e-01
8.733868172752148329e-01
5.316250207789824378e-01
8.842523655959065865e-01
7.414365084699399144e-01
8.568156592062274868e-01
7.552212907510903461e-01
6.840306466922714268e-01
6.873053779189467472e-01
8.487152137481404068e-01
7.284466827273649026e-01
7.866820381678889529e-01
6.955339169596767013e-01
6.289924498777087480e-01
7.615829293755171925e-01
4.368150296418918388e-01
7.656876781090986572e-01
9.232210651816384894e-01
7.328809906329122326e-01
6.900552022919507200e-01
8.186788146067373040e-01
6.876867648698880009e-01
4.872449395860973809e-01
7.313492101230454345e-01
8.296958150269458931e-01
9.385984166706216048e-01
6.151869294867193805e-01
7.230352233413911422e-01
8.837224555051401698e-01
7.634407843326979082e-01
7.659132013017511120e-01
7.453760059652485559e-01
4.064402528699598838e-01
8.499622131576772821e-01
5.882156866755141600e-01
7.591711036528980827e-01
8.109659885396818257e-01
7.725612633683294206e-01
7.854829688858691039e-01
8.636489594936251901e-01
8.170728531055998500e-01
9.470559676333712984e-01
8.278145590106149587e-01
7.698235395408762338e-01
8.004056171624204241e-01
6.769574523283876655e-01
7.984183806930259530e-01
7.552089614244901217e-01
7.630285074559070013e-01
8.799670296925914403e-01
9.209083395179519238e-01
7.717859213828534015e-01
7.245110990879967128e-01
7.573525602885702313e-01
8.573127592012090847e-01
8.297858007397062030e-01
7.430084613395124826e-01
8.273147488323653320e-01
7.965534680916777077e-01
7.858213529835765820e-01
6.855985470792728131e-01
7.913306364243641866e-01
9.648125133652545315e-01
7.550020766726477373e-01
7.916943959769920935e-01
8.217470176774457347e-01
7.736750768906794917e-01
8.319378510493983248e-01
8.889805058909218127e-01
7.398789115701914776e-01
7.583417510398398065e-01
8.183040348278717291e-01
7.274195919738556393e-01
8.941832760559651483e-01
7.504995965813479053e-01
8.850864862976322023e-01
