5.650218350670090928e-01
7.268521295197519771e-01
5.686931593462080103e-01
7.493404301602190065e-01
8.127713928881336036e-01
7.062099299015227594e-01
7.444163017964979812e-01
7.326062600364777744e-01
6.417670218015416594e-01
8.452230549735720855e-01
8.410995735885884450e-01
8.442338686644070833e-01
9.155159163150651258e-01
8.513748157096493463e-01
8.040185504454725463e-01
6.098497743170968599e-01
8.516596357708600129e-01
7.892897294100855721e-01
7.340217006632514529e-01
8.382048131697729110e-01
9.433052226489467840e-01
8.048576273905743150e-01
8.520423353856241278e-01
7.663041190351056464e-01
7.653764246541611138e-01
8.126649812007744611e-01
4.269761465019448199e-01
8.267484272844684012e-01
9.411341585674630750e-01
4.441044569639332473e-01
6.620958845319639963e-01
7.546431430327737999e-01
8.127713928881336036e-01
8.024240507308063597e-01
8.544704315174037612e-01
8.635294404529780810e-01
7.924647199599870184e-01
6.427950995434786874e-01
5.671160622018518449e-01
7.724581231009348681e-01
7.535740188653197169e-01
6.689010214358409590e-01
7.779173578434439573e-01
7.419835929737115254e-01
4.851547207485293334e-01
9.014484478967910164e-01
7.038746356749474575e-01
7.852321019409915781e-01
7.114754844992667859e-01
7.695320025511824813e-01
7.178733999291345702e-01
7.895939015812805106e-01
6.928812728456358316e-01
8.656420029114172410e-01
8.022778898240237044e-01
3.934809559866589979e-01
8.572575030648720285e-01
7.870955272618023191e-01
8.130161306948331390e-01
7.655544309902209132e-01
8.908456702531514226e-01
6.809070688205958177e-01
7.971082577841813732e-01
7.616892919039717214e-01
7.973707062838683024e-01
7.743336568721120861e-01
8.823713199152114495e-01
8.389197255688882748e-01
7.625425060073589556e-01
7.062347569386742130e-01
7.438644356578663075e-01
8.295465171796625459e-01
6.115844612766556665e-01
7.152346399740574512e-01
8.120448731516002328e-01
8.364317182806337847e-01
8.945177173887881583e-01
8.008654960446113247e-01
8.147483647080622227e-01
7.600945022121545769e-01
8.433484072928437714e-01
4.418140269912401163e-01
5.913206655341115558e-01
9.022060336651336332e-01
6.766236566525015705e-01
5.534870455646414555e-01
7.930367857508444640e-01
6.546272762985965166e-01
9.410475982809537454e-01
7.806602242891036436e-01
8.337404694891342727e-01
8.386010838656331456e-01
8.922047547436525727e-01
7.318028167305504761e-01
7.612028730924645936e-01
7.925955705795582062e-01
8.361753846957651337e-01
7.927824556211305884e-01
8.483249013148160822e-01
9.211043683894768463e-01
7.392056488146093729e-01
7.056254634535330528e-01
7.646073983701660026e-01
8.021021380944833856e-01
7.622716274936811587e-01
7.707036911788834876e-01
8.018895349042668430e-01
7.944940203780415100e-01
7.828369470781404438e-01
8.474355457522824153e-01
9.451131524886334789e-01
7.968504542681270619e-01
5.995192660925235950e-01
7.725093268673146607e-01
7.740262140189733131e-01
7.869619718212662596e-01
8.022434187949925022e-01
8.792927919207191856e-01
7.699232470822509056e-01
7.859815801647127564e-01
9.743106184279521909e-01
7.618832816921552453e-01
7.843953491954585022e-01
8.762063967598047176e-01
7.735634200685235218e-01
7.127183660297927714e-01
6.728630840983240713e-01
8.326283352457465314e-01
6.110827359027934946e-01
8.850910671103249250e-01
7.484617210057438186e-01
6.832272182585978904e-01
6.332745473267309411e-01
7.766614981362349734e-01
6.892341078163204404e-01
8.012993487568139672e-01
9.247524881866140412e-01
8.261920664418451743e-01
7.795917094654923885e-01
5.868464184952200124e-01
9.492977617213685937e-01
5.692211125207905509e-01
7.741490725667564687e-01
8.032068030831035488e-01
8.996650160366479465e-01
8.074656093714044358e-01
8.337245338737163669e-01
8.015272006591080967e-01
7.880932097684187898e-01
7.661185016913385493e-01
7.635611761156307908e-01
9.138285529851017941e-01
6.716814584466408444e-01
8.294703950632426048e-01
8.427570891554820864e-01
7.877371920291107443e-01
8.199122398652489707e-01
8.959709035525074139e-01
6.457173186096030193e-01
7.757162240728057157e-01
7.122758954091940042e-01
7.373405304339325506e-01
7.857081274678034966e-01
8.968328233452004250e-01
8.260386708858405980e-01
7.386602811412689151e-01
8.986043673216083105e-01
8.303683329171516192e-01
8.572383506375430562e-01
9.542549627253920086e-01
8.180379484226999454e-01
7.786749722892588599e-01
7.140110059757884819e-01
7.986070796803860228e-01
8.032627295061355310e-01
9.212736628213030743e-01
5.201827349748707752e-01
6.198137585593771481e-01
8.412521581519935010e-01
5.354970131295672120e-01
5.782095583032071939e-01
6.781722215948327026e-01
7.563951166517868252e-01
5.894204643870936122e-01
7.942627741420597021e-01
7.614811116655694212e-01
7.160291102452296386e-01
8.384314065353732914e-01
7.768005751948313664e-01
8.810115185382705327e-01
9.624936219715800600e-01
7.516469158044163379e-01
7.698684452832083025e-01
8.535888214806441887e-01
8.049668769940580004e-01
8.082672295164846643e-01
8.321880545222489767e-01
6.361424363972614238e-01
6.633882961782302523e-01
7.179348576722359709e-01
7.820193041323398875e-01
7.731147714607354837e-01
9.453633555797351651e-01
5.189878806807884937e-01
8.406285850731991527e-01
9.868640490339027904e-01
6.436746454745527757e-01
8.865493605686260992e-01
8.606198205370947374e-01
9.234196661943612217e-01
9.279481179407607083e-01
8.946166440037587320e-01
8.532980640883887080e-01
6.646940924444659782e-01
8.373467397859670758e-01
8.266430362661212339e-01
8.798155737358100970e-01
9.459565597562521466e-01
8.822986414650192399e-01
7.137182917777753488e-01
8.316607701911676864e-01
7.918938457147627341e-01
9.217670872267407223e-01
6.495226257135556791e-01
8.011523490947172199e-01
7.324697076945716478e-01
9.268183763451931512e-01
7.903113302028916820e-01
6.651491406910100546e-01
8.692222676014935701e-01
6.575193142011890313e-01
8.267483538503344054e-01
8.269643638012980080e-01
6.068458970090804261e-01
7.120611866362702713e-01
7.513806240598540631e-01
7.133025096305277701e-01
8.417063822414108110e-01
6.665779443441889329e-01
6.251115869018448734e-01
8.828931763989520398e-01
7.902743259751503491e-01
7.681059196384905086e-01
8.401079550708367982e-01
7.360224044353768091e-01
9.271234646437326310e-01
8.114243554556094251e-01
8.832270331191977020e-01
7.963479563982938103e-01
7.665256442530958836e-01
7.718518195360969392e-01
5.816176193111103343e-01
8.554829086696433826e-01
6.182670866052432102e-01
8.343636641781939645e-01
7.285745728620246497e-01
6.646272836714192112e-01
8.292423140602477316e-01
7.482915386665296431e-01
8.177292810875496087e-01
9.707359792602404669e-01
4.474769394386711174e-01
8.083339370319534423e-01
8.742473854465272476e-01
7.090507805598932345e-01
8.180581172617837904e-01
7.727178584863568789e-01
8.813970273309299497e-01
8.082560646047829422e-01
6.245333814138168682e-01
7.978263451699937336e-01
7.463879993388868872e-01
7.360677910789940048e-01
8.854141131550271604e-01
7.886488823342967525e-01
7.992505023519643759e-01
8.107005430224338838e-01
5.068242169747420034e-01
8.015373158669226727e-01
8.594396678513848142e-01
7.469074149594717715e-01
7.682067551161675389e-01
7.424808595181223714e-01
8.585502207220147008e-01
7.831696068393794175e-01
9.000505900315347585e-01
7.335776826369492243e-01
8.524013464495170389e-01
8.526595763571369613e-01
7.162207195606844490e-01
7.401188583688358413e-01
8.288346259043629649e-01
8.038080595657255412e-01
7.567864336811811476e-01
6.021328521997630911e-01
5.171817446648354633e-01
5.881712349349167424e-01
8.724691328116050970e-01
8.776264347510576158e-01
7.122758954091940042e-01
8.298835076019460688e-01
7.491153518200891481e-01
7.106877054770326385e-01
7.622777861541679689e-01
7.413267134061332087e-01
9.026923785787993593e-01
7.420988628714206836e-01
6.752580237825299703e-01
7.388498624491846023e-01
8.810115185382705327e-01
9.138285529851017941e-01
5.413767187290817740e-01
8.499008855001299878e-01
8.131073523609169129e-01
6.756773294944871111e-01
5.730314132413829586e-01
6.400977264401540578e-01
7.218858274719400780e-01
6.672107898307423346e-01
8.020642048597025342e-01
8.246294213698559528e-01
8.197585583360560424e-01
8.331381455061698249e-01
7.920381367806406114e-01
8.154647804828448754e-01
6.768274190672634028e-01
6.251651109390075067e-01
7.083880714873291851e-01
7.911242352384785237e-01
7.479741219610368530e-01
8.131727823772776365e-01
8.090937354245939517e-01
7.923560859401380663e-01
6.724741031904671873e-01
8.439019452525707843e-01
8.401929546226120094e-01
8.190609168650995198e-01
7.962419412255010709e-01
8.323734894786266603e-01
8.341229096021104406e-01
6.724741031904671873e-01
7.245095251621096466e-01
8.288464882250174970e-01
9.180797754679894673e-01
7.217328082363504427e-01
9.035283094810757643e-01
6.389209634768078239e-01
3.977825380030439728e-01
7.297737910015843488e-01
7.302241692204320955e-01
7.611652593150955992e-01
7.843768099946408778e-01
9.294825283881499312e-01
6.680437120507639603e-01
8.104380838659590580e-01
7.230321833627523231e-01
8.084442090673401582e-01
7.906179297618749491e-01
7.387451411445152827e-01
8.829556010563747170e-01
8.899543212379593671e-01
6.505820405007247675e-01
6.626694972846682852e-01
8.986961129632510259e-01
5.204695683172360088e-01
8.617159211006847341e-01
7.740262140189733131e-01
9.911066697028227956e-01
4.800283094672432305e-01
8.565543187129577296e-01
8.470517947246295476e-01
8.031714974062902357e-01
8.671637667432304797e-01
8.326392429167693843e-01
6.027889850590673060e-01
9.420126726465523070e-01
8.189290928714808571e-01
9.574128512475862385e-01
7.461609486136897562e-01
8.275267851807799335e-01
6.144826223629934470e-01
7.787017928715405102e-01
9.743818310818318507e-01
9.837555847783867602e-01
8.022434187949925022e-01
7.940022247662079646e-01
7.819368757492941580e-01
8.806981283055944631e-01
7.686532376710296655e-01
9.420126726465523070e-01
8.020051865149094850e-01
7.184553154903002836e-01
8.926516751008353179e-01
7.809047833584290554e-01
7.265441944210115910e-01
6.505002972610043344e-01
7.570883636458688448e-01
8.457504040314640648e-01
6.025786967501962632e-01
7.274195919738556393e-01
7.819624793707069532e-01
7.751885343637020531e-01
8.148078372184256457e-01
9.221749376964972766e-01
9.245464578364912533e-01
7.639360432941028067e-01
8.634060226278722494e-01
5.127573089535079065e-01
6.906390802578193933e-01
8.811375155114746782e-01
9.222755202299278698e-01
7.689570757824614189e-01
6.554927782383235257e-01
9.625161173315470720e-01
8.056279813772609932e-01
6.925940689627438918e-01
9.773335478895839312e-01
7.843401917747119256e-01
7.797374512105550437e-01
8.142453422076908476e-01
8.093116635566588446e-01
8.331491363493134239e-01
9.211402895975335792e-01
7.904106254077428728e-01
7.489069596885136182e-01
7.526272920569312408e-01
8.022518866429994011e-01
8.742918521104737772e-01
8.192992855690899301e-01
8.561196774428769807e-01
6.927994182473226070e-01
8.239864212249303765e-01
8.028798214498904517e-01
8.314980179805027127e-01
8.350938945847995454e-01
9.074483689179480006e-01
8.017130137840703386e-01
7.620752301503126436e-01
7.847984540604745485e-01
7.754668743524677499e-01
7.517945800393400768e-01
8.308061520619230977e-01
7.865607828323465389e-01
8.246294213698559528e-01
7.618625635814150199e-01
7.152045606852328596e-01
7.106520151118920214e-01
8.550730761058972229e-01
6.068490179536614182e-01
8.660925918895892028e-01
7.781438580087204349e-01
8.143765432335189347e-01
7.874820100287671654e-01
6.474680686550685627e-01
6.892603324533719267e-01
7.637741150665606771e-01
9.137689054605536709e-01
7.605683102888040059e-01
7.599411987415637393e-01
8.449704702014996238e-01
9.431686336783530189e-01
7.791009820199056302e-01
5.699190432384450000e-01
7.636965855094222100e-01
7.297300795140364560e-01
6.276730895292992329e-01
9.255409638304927800e-01
7.983799380538745272e-01
6.789846174504771126e-01
7.511622658657620688e-01
7.761938777007381107e-01
8.915914607711213913e-01
7.519818368598845115e-01
8.115273615691820375e-01
8.462940492284769523e-01
8.027679100007076851e-01
8.242219517109524718e-01
9.643470087088323872e-01
6.433648323698458737e-01
6.162119088623622121e-01
8.944168415735807010e-01
6.947103887499224140e-01
8.630375145368062162e-01
8.576467367377362816e-01
8.404468414556027778e-01
9.375355362527277858e-01
8.071918411098041313e-01
6.110827359027934946e-01
5.284476188881706005e-01
7.081616346496110159e-01
8.673043071516517433e-01
5.809221405241523639e-01
8.715399445583392746e-01
7.049476912572703036e-01
7.839506480972932012e-01
8.140588464431963711e-01
8.523706857204909060e-01
8.533088729712317022e-01
7.931807523576720476e-01
8.270899773469952976e-01
7.163876722682546161e-01
8.125052127330060214e-01
7.697463424896487938e-01
9.870057609460975989e-01
7.782689696926319289e-01
7.168361819476974928e-01
7.542027810497469176e-01
9.161781211096591271e-01
9.305453303128358167e-01
7.134043715836193567e-01
4.842393302257664289e-01
7.561219735340884984e-01
8.034512615896635124e-01
8.301206693065235065e-01
8.516798161165127778e-01
6.934598102064973846e-01
8.263214971170652623e-01
8.362427092467435985e-01
8.614881486099970065e-01
7.312492420050127340e-01
8.337404694891342727e-01
7.108059660034778959e-01
6.609029151682885850e-01
7.184564894780429700e-01
8.875366780181617177e-01
7.781985411164710209e-01
6.572774636910251322e-01
6.272204266240637427e-01
7.949101157578191135e-01
7.068569562927004002e-01
8.043706630986965367e-01
7.516177861839221652e-01
7.977759109766705548e-01
8.552944395445780668e-01
6.524497942975646669e-01
4.754486967530830999e-01
7.817671817290314795e-01
6.904752005354090061e-01
4.213948514185614780e-01
8.688751703184980357e-01
7.854829688858691039e-01
6.599317472934586037e-01
5.919834125610777820e-01
7.468165959870409765e-01
5.289626330738208537e-01
6.087755017785753120e-01
6.932917005335424987e-01
7.973029489411685988e-01
8.442034415139481052e-01
8.290407801756296546e-01
6.635079083485799778e-01
9.385671307000300612e-01
8.769306088600428151e-01
8.468221034834018113e-01
7.965046416778905902e-01
6.970423432430841171e-01
6.788659471274431922e-01
8.472146056349261212e-01
8.123975377911749618e-01
7.532837740973894469e-01
7.577741419111994059e-01
8.181453331058153866e-01
9.762863560881301916e-01
5.608076713722829343e-01
7.843530382486627595e-01
5.039642997772991739e-01
8.697549880038670800e-01
7.258880892741444990e-01
8.337509224433307109e-01
7.571209297428248552e-01
6.860834817053889090e-01
5.895738730732660304e-01
6.870334356263306796e-01
8.675422813699058544e-01
8.842200883517653542e-01
7.600105006329809232e-01
7.341098309860175641e-01
5.587078824543052491e-01
6.688836752720981327e-01
9.885382026839778513e-01
6.657927130480461031e-01
8.766747226761834044e-01
8.784156966447655979e-01
6.770429598305952590e-01
6.561226407595632804e-01
9.838017789813994218e-01
8.377188131307394814e-01
7.758893824894962377e-01
7.718173149942159084e-01
8.292953140168990434e-01
6.375505259780093192e-01
9.111476858559619529e-01
6.695656990004393849e-01
7.271694045489383029e-01
9.942641109592532667e-01
7.562129594997432092e-01
6.378973456879524218e-01
9.835069444444444198e-01
8.007488890104754731e-01
9.103368059532003231e-01
7.683647372472987014e-01
7.997110956714753582e-01
6.671952676696878415e-01
7.409928266677900943e-01
8.180581172617837904e-01
7.335120028042877438e-01
9.399824808428237644e-01
7.606825823640384066e-01
6.296701769545599570e-01
8.029384081245364291e-01
5.651340515733040970e-01
9.639117112537658461e-01
7.791433239119501808e-01
9.644382647390257191e-01
8.546479550635607270e-01
9.237553502346587120e-01
8.100615349895986528e-01
9.463246948612220599e-01
6.929779583034307855e-01
7.385958699267654026e-01
6.829700528483411137e-01
7.063220809897916563e-01
6.757946711442711640e-01
8.180614397670636917e-01
7.784311955413351081e-01
7.317322629667165623e-01
8.118863575889777584e-01
9.170149135021491427e-01
8.651152381829525506e-01
9.648125133652545315e-01
7.677187003317712533e-01
8.235714816732333521e-01
8.493268860875915482e-01
6.750243291992880090e-01
7.088787098295749045e-01
8.399169821888886611e-01
7.824583809680444313e-01
8.213531918929218856e-01
6.801348931539046294e-01
7.201621340068627974e-01
6.922888280180972131e-01
7.112846430742711945e-01
6.439440915686711620e-01
8.842419390373569277e-01
9.297559405891766549e-01
7.181540369925796252e-01
7.835659131464967064e-01
8.289098110309058853e-01
8.478495887030437217e-01
8.182934410774478362e-01
8.716294105688767724e-01
8.381942717066207527e-01
8.800150925279415226e-01
6.779350777512830328e-01
7.977922582102298099e-01
9.252281295773716607e-01
7.919806105269635577e-01
7.980938132613794034e-01
8.007828697187444611e-01
7.313935398053850179e-01
6.416296826900695915e-01
7.184579931946694087e-01
6.363733190163746167e-01
7.915580994306177232e-01
7.896955967249255082e-01
6.744360839392122831e-01
7.710965955683086737e-01
7.103415267264692190e-01
8.222530323575015787e-01
7.717127689297506032e-01
8.129106234923872965e-01
7.741528301099847020e-01
7.409327190814901654e-01
6.906390802578193933e-01
7.688262152791216497e-01
9.156193358240285463e-01
8.769410020571259956e-01
7.895639552197396549e-01
8.136302538335020706e-01
7.568617673145339175e-01
7.857081274678034966e-01
8.207888455658191029e-01
5.685169172409202387e-01
7.834614493849593186e-01
7.284466827273649026e-01
7.302378143812736644e-01
7.847984540604745485e-01
9.831737792818507904e-01
8.291669250721745987e-01
7.670726173489080812e-01
8.335192197929294222e-01
6.064486915135798295e-01
8.295531010186650844e-01
6.567659157105336654e-01
7.862578755411396836e-01
8.258267789770389333e-01
7.807629615615572227e-01
8.190698772255539106e-01
7.816913305748856011e-01
8.655561228407558927e-01
8.094718755528934606e-01
7.686338903206259010e-01
8.946166440037587320e-01
7.892951946981932032e-01
8.186036290552709538e-01
6.056700097967738783e-01
7.714391414221353216e-01
5.941233964290713043e-01
7.338264340081073200e-01
8.226821572930465010e-01
7.572923550756016642e-01
7.359452997482102132e-01
9.731289153833366790e-01
7.932001554697315493e-01
8.823984463399229261e-01
8.674452511414488809e-01
6.127359863385137828e-01
8.882743301059361496e-01
6.421424857271678110e-01
9.214132918231058289e-01
8.453262600568183238e-01
7.204661102673755035e-01
9.052246834283148580e-01
6.528113661162933123e-01
9.557693069873469671e-01
6.994693887686971312e-01
8.071209067357790756e-01
8.159232475343280999e-01
6.829579370360527868e-01
7.082353890474719638e-01
7.772042773486923517e-01
8.191038038639792962e-01
8.037649951905629919e-01
7.290603836022105932e-01
4.620072907971482512e-01
7.054274421298418751e-01
7.678054354665051484e-01
6.169187278919636697e-01
7.499176218650778214e-01
7.696342190040533771e-01
7.680210231745984162e-01
7.342240245481027605e-01
5.253506172628717996e-01
7.206234206588476576e-01
6.047192043837185116e-01
8.191566798695687490e-01
7.104351697212002437e-01
7.693460803373936008e-01
7.888609499614427367e-01
7.860494455042267292e-01
9.156950224264275295e-01
8.116414497942060491e-01
8.206008304607943504e-01
8.665729404804406455e-01
8.669672312222946875e-01
7.975108790945256709e-01
8.530431294539586595e-01
6.620339288646767129e-01
5.596099953387416726e-01
8.657808616366257093e-01
7.526214754777137417e-01
4.944817550014758978e-01
9.249918816865416726e-01
8.111784737577737436e-01
9.237872028726488161e-01
8.027880103754423402e-01
8.715399445583392746e-01
8.162622205484086901e-01
9.891374537385084764e-01
6.974714751909633081e-01
8.662378871203759712e-01
8.074388504413076983e-01
8.045023361254214356e-01
8.429982632956011246e-01
9.490846760063569310e-01
6.832272182585978904e-01
7.095572216476758731e-01
5.536307912639369944e-01
7.990079623787639251e-01
9.306463295858203866e-01
6.267573918431529334e-01
8.320088226431359146e-01
5.604942424138396051e-01
9.327385855411440829e-01
8.611368345908455568e-01
8.528299854534209246e-01
8.775331887026786015e-01
7.538585810107661933e-01
6.473796601633481362e-01
9.290015905562369891e-01
8.636038756873016808e-01
6.760907987621586068e-01
7.454326552488652613e-01
8.069491539177383599e-01
7.413267134061332087e-01
8.126664381710321239e-01
8.589617313607353921e-01
9.058187004082751681e-01
7.858022254020733399e-01
7.155198199614378751e-01
8.791031646849031267e-01
8.694424966628127027e-01
7.661066575044025440e-01
9.308185940500606215e-01
7.977971383283567475e-01
7.615647824102265151e-01
7.863051549739232815e-01
8.634687527170502586e-01
8.044322507164906044e-01
8.863553230314538123e-01
8.603270431102622018e-01
9.127862668279046465e-01
7.636808237861679727e-01
7.962410966440268689e-01
6.778508151474419430e-01
8.052466278364718288e-01
8.840280825902713246e-01
9.809635771696689766e-01
7.065090351721120543e-01
7.623156671208628499e-01
7.317456267474021780e-01
9.719374426327545002e-01
8.253889383654013923e-01
7.538597752477178560e-01
7.277338719920581900e-01
7.813712974912910836e-01
7.799355331944884950e-01
7.465586302693872911e-01
6.754630489885727895e-01
9.313754528222650819e-01
7.188527270064453134e-01
8.324001498351619732e-01
6.643852902408513561e-01
8.631508942795602657e-01
7.932070276020667388e-01
7.369363680978539000e-01
7.029048618325005604e-01
7.905875259970917002e-01
8.283957910275867587e-01
8.245983625669307537e-01
7.868738793407047405e-01
8.022598521629894508e-01
7.489749283090906262e-01
9.727031531682255316e-01
8.295882718578682091e-01
8.494388905184691030e-01
5.336053499618166329e-01
7.603422527161807221e-01
7.991748972835718279e-01
7.688021622820588874e-01
7.529082531071753515e-01
8.572383506375430562e-01
7.133275429505386844e-01
7.678498009105785282e-01
7.313304731489596033e-01
6.934723809364826685e-01
7.185538551132877316e-01
7.984949107431158488e-01
7.255162315047660737e-01
7.798240539983785080e-01
7.671957861718617933e-01
7.976009908009397131e-01
8.535888214806441887e-01
5.261985645052617011e-01
6.780617364422006910e-01
8.502177222543461088e-01
9.094674457973088710e-01
8.542849026752865615e-01
7.786553170145626979e-01
8.429469356034460237e-01
7.696363731371904660e-01
8.487338653127147747e-01
7.849513506764942417e-01
7.974630727755300796e-01
7.695098420512420656e-01
7.461022708477574872e-01
9.631720300842107063e-01
7.403908771074213524e-01
9.136978823922763393e-01
6.493042981387642243e-01
8.658723151102983850e-01
7.841281669255710796e-01
8.508702091659554601e-01
8.020322882769911343e-01
8.572383506375430562e-01
6.497988535648517860e-01
6.774256126067921269e-01
8.922047547436525727e-01
8.495998472440382532e-01
5.874468706024025266e-01
8.042629077458938180e-01
7.413267134061332087e-01
9.396619344934080686e-01
6.776266712830647521e-01
6.259971997898623464e-01
7.358651978555541540e-01
7.461609486136897562e-01
9.121410664246081268e-01
7.283942283066984213e-01
8.432439850024449068e-01
8.727067595050832516e-01
8.234059782737256361e-01
8.045699016844956031e-01
9.604377617754842333e-01
7.794653202929235913e-01
8.252664085675053274e-01
7.840803912172031875e-01
8.506962881469949389e-01
7.791861960027606226e-01
7.818920962528603802e-01
7.411950691764653820e-01
6.805749959828496509e-01
8.674038763245678352e-01
6.614447561645077078e-01
8.872431966897581512e-01
8.698187477545903379e-01
8.356443857893252058e-01
7.611345953643836593e-01
8.275061371666383447e-01
8.136308889618684148e-01
6.701541727420409211e-01
8.148867059884872255e-01
7.736610227019949937e-01
6.863953451219884094e-01
8.564326387940073282e-01
8.227604432320502204e-01
8.048884685816811713e-01
8.096927081423304084e-01
7.412675197131793903e-01
5.713714650098868919e-01
8.091536824364240488e-01
8.031281912908355691e-01
7.820193041323398875e-01
8.295481738395829030e-01
7.798080284712890498e-01
7.738491913219894824e-01
9.798628348587905545e-01
7.822564199990580391e-01
8.022518204550067589e-01
6.905558845799056877e-01
7.400206090931551461e-01
7.945578150285881325e-01
8.203022688089577352e-01
9.098279312947367137e-01
6.607916788888013038e-01
9.402037299166642326e-01
8.185961014802517477e-01
7.397079175405898432e-01
6.628110238259179443e-01
7.287376111679959578e-01
7.017614969828034344e-01
7.685482778378468494e-01
6.018245827103033685e-01
8.842231155795494679e-01
8.063320812378944602e-01
6.361302050361624660e-01
7.308446340874494851e-01
7.418212934579866413e-01
7.926566177449867467e-01
7.679857066988979852e-01
9.839028570701643384e-01
8.323097945611005466e-01
7.774693019438472241e-01
8.180274445888934265e-01
6.975488928806123923e-01
8.058963230519620158e-01
8.956260648198678398e-01
7.788651793043860350e-01
9.483238627424710465e-01
5.362322732458126850e-01
8.792927919207191856e-01
9.542549627253920086e-01
7.245898361475200389e-01
9.000505900315347585e-01
6.657927130480461031e-01
7.606825823640384066e-01
7.487359022825871291e-01
7.544505584842322587e-01
6.114135722353775115e-01
8.099101380228476144e-01
7.862578755411396836e-01
7.992505023519643759e-01
6.627653066229286516e-01
9.481959329068553322e-01
6.802454332729402919e-01
9.702513617732091422e-01
8.692150535598252015e-01
6.094627029974490906e-01
6.386379864501909864e-01
8.348017326147705308e-01
7.613572470261560365e-01
4.785751384336137670e-01
8.745455400367881937e-01
7.120239809197448366e-01
7.913650659671992438e-01
6.824594599065538780e-01
5.936604672501777369e-01
7.432698337682870360e-01
7.789461332831476570e-01
5.568994041532477901e-01
8.070269079281999769e-01
5.603555946734704030e-01
7.153413297914335001e-01
9.645193151085115213e-01
5.405005634327577635e-01
6.123841004340799810e-01
6.354133600223039746e-01
8.189882550437422859e-01
7.801755688393087196e-01
9.455101901008092780e-01
6.961097366855439894e-01
8.590858126120408667e-01
8.338796948810363041e-01
7.517469754998955533e-01
6.669211992467922734e-01
6.500963065026246213e-01
8.869469895005982485e-01
8.169316916301262443e-01
7.675392909356482107e-01
8.173356347150170231e-01
9.221749376964972766e-01
8.875422614597465731e-01
9.938064551723385653e-01
7.030753488539327467e-01
8.910492215828161866e-01
4.141029003536497166e-01
7.749945214120750325e-01
7.653764246541611138e-01
7.855199631417113526e-01
9.352229232915841850e-01
7.024615824107997009e-01
7.646116313329075487e-01
6.954950609985600662e-01
7.486894760960387529e-01
7.814341865400014076e-01
9.392857851993731133e-01
7.395075088617159009e-01
7.685885497849481718e-01
6.906090697674013290e-01
7.749945214120750325e-01
7.374680945695292200e-01
6.760116103044891966e-01
7.537596862787983021e-01
8.015372263408192532e-01
8.622894604359667703e-01
6.906390802578193933e-01
7.296289492575194213e-01
9.252532473165587801e-01
8.335425105865720274e-01
7.698094617634647641e-01
7.484678062619806171e-01
7.413272632238918636e-01
8.064590341816667562e-01
7.753069066646155472e-01
8.454614677275845702e-01
7.234252990925699178e-01
7.974849777561265896e-01
9.435646594802207243e-01
7.663349361779784319e-01
6.098144247644795568e-01
6.680592573420272018e-01
7.139891511485515485e-01
8.675060368164850821e-01
7.950243566146980578e-01
8.659441322070281499e-01
7.249066843330522758e-01
6.975059177576317104e-01
8.522333787847137243e-01
7.947583454305330308e-01
7.338973955899190660e-01
7.928768631357111518e-01
8.485017345622702933e-01
7.888851054929788553e-01
6.568106422019271973e-01
7.888851054929788553e-01
8.008244046407101413e-01
6.665779443441889329e-01
6.936244761464134267e-01
7.320959470987268292e-01
8.465885658078493581e-01
7.532663551811783487e-01
8.099833393400596160e-01
8.048084654066085530e-01
8.545460841600839297e-01
7.316455757544146898e-01
4.633615403828829082e-01
9.014577688091068852e-01
8.014112194485443208e-01
8.971144437738357569e-01
7.121031173395269143e-01
5.983298460383780215e-01
7.385024768340494594e-01
9.069101074305083721e-01
7.865283560153619735e-01
7.335948294585873386e-01
9.435646594802207243e-01
8.438110006748587022e-01
6.963781383775339284e-01
7.931422999494932569e-01
9.217784705049588689e-01
7.558571174988252261e-01
6.609522851513440767e-01
8.014796425421986115e-01
7.806775078213071817e-01
9.479576093989654506e-01
8.412576425497739763e-01
9.184878165506992209e-01
7.287677246776897988e-01
9.979775453641298588e-01
8.369212226039856040e-01
8.216978978752370599e-01
4.301996585637405390e-01
8.792927919207191856e-01
8.493622950981292163e-01
7.748927194689543274e-01
8.914139793009284718e-01
6.153075412123796273e-01
7.739744029697642747e-01
7.239740991956133964e-01
7.808640144089749047e-01
8.341143791020182441e-01
8.590858126120408667e-01
8.614107696350282728e-01
4.692706294375271758e-01
9.884820519633726876e-01
8.003348460819760257e-01
7.440345592207506797e-01
8.364904725116673045e-01
5.698594452382946818e-01
8.640656275728071378e-01
6.653904417776659308e-01
7.869562935016424232e-01
9.630978320460982234e-01
7.128426044140906415e-01
7.833348448237655859e-01
9.440895071009188788e-01
9.344502347102401352e-01
8.751364008452238163e-01
8.739459641664916179e-01
8.304018926732531503e-01
6.432442729785691204e-01
7.810941361151925166e-01
8.592773204679043930e-01
7.152346399740574512e-01
7.521926319864536969e-01
8.792927919207191856e-01
7.754600420581153619e-01
7.971883161833176468e-01
9.222731389434135618e-01
8.593393655169215828e-01
6.421104751619617357e-01
9.418402777777777901e-01
8.352077814432824487e-01
7.749345464475524414e-01
7.971426564735504261e-01
8.791451957081602986e-01
5.636085653973387233e-01
6.007517474345807074e-01
8.349817285779490561e-01
7.645540983957895831e-01
8.421319579021065982e-01
8.475790089111588932e-01
6.064118753590552746e-01
8.546851323038574533e-01
5.474959496604955289e-01
9.625161173315470720e-01
7.545931247741544112e-01
7.977922582102298099e-01
7.393845550317754700e-01
9.531527774160523103e-01
9.680873331077379795e-01
8.858927260536764159e-01
7.696342190040533771e-01
8.262252736272599485e-01
8.465090411368871859e-01
9.337812661796168756e-01
8.738808306626830724e-01
8.655072002108229468e-01
7.612874252181028867e-01
7.816167838828610437e-01
7.577379264685931703e-01
7.875310165115477767e-01
8.001707004646614330e-01
8.226473097251253419e-01
6.412100823158228824e-01
9.869791666666666297e-01
9.966599678898132586e-01
7.962923810291928639e-01
7.695139678931798288e-01
8.282892348859595133e-01
8.876395568852882834e-01
9.396124568910291242e-01
8.023658612667300405e-01
7.696858772762198431e-01
8.075731612843906060e-01
6.774006729051120779e-01
5.444484015907586905e-01
8.185904672692545514e-01
7.964796828801338213e-01
7.178210934323393522e-01
9.252281295773716607e-01
8.082201884717434837e-01
9.535631646779345605e-01
8.783369184386493611e-01
7.638448775261801327e-01
7.557388103833144744e-01
5.931963584731620998e-01
9.771412037037037202e-01
8.189290928714808571e-01
8.178961314185341225e-01
8.038489037160093664e-01
5.188569525343688094e-01
7.291957659644147105e-01
7.568871335096344355e-01
8.699213379677025459e-01
6.838411585965433748e-01
7.288818698780069605e-01
7.692776568783979974e-01
8.007828697187444611e-01
7.775475038401756800e-01
7.658188516785575661e-01
8.160224962606941190e-01
7.554544737553465783e-01
8.132603434126248754e-01
8.439567061635044887e-01
8.830459594059670847e-01
7.797829400754803242e-01
7.480987401508093493e-01
6.694390606534883492e-01
7.624417343878099329e-01
8.099595371348684569e-01
7.484617210057438186e-01
9.158021517790911892e-01
8.095406346755028570e-01
8.031788404647872692e-01
8.059307061791910476e-01
8.061631464195666563e-01
8.352047563578113287e-01
7.775289474455444605e-01
7.146511806997939420e-01
7.200163371783724342e-01
7.478839441109190744e-01
8.121480126032251112e-01
6.682248444379123020e-01
8.220779624708605127e-01
8.149713971184973094e-01
6.757946711442711640e-01
8.649357979088492243e-01
9.057876218996600004e-01
8.396078857123505657e-01
8.323692299062336319e-01
7.088872918975970272e-01
8.566962875435378821e-01
7.126229713670334531e-01
7.975725256500328930e-01
7.743351326363560050e-01
8.571405975822600221e-01
7.869334832532050017e-01
8.088922207123598884e-01
7.177616532067879751e-01
8.001155111683935228e-01
9.248555369367208456e-01
7.654363945654074630e-01
7.590799562760853769e-01
8.306645303069709607e-01
8.017380201105183124e-01
7.696353917693493640e-01
5.315186357891489299e-01
8.432546868661148221e-01
6.143484117113484633e-01
9.873135853345215152e-01
6.772939220661736703e-01
4.302871775760109263e-01
8.514588375986066326e-01
7.834614493849593186e-01
7.696969324367627374e-01
7.971101286867917635e-01
7.879231655809618706e-01
7.620053463095881607e-01
4.871904881289884082e-01
6.988927068379150453e-01
5.729880235505548924e-01
8.006307558248175749e-01
7.813660783101322727e-01
7.754066811072863885e-01
5.697097874143768337e-01
7.302378143812736644e-01
5.083275139312443125e-01
8.163110005862426188e-01
7.358427940739621365e-01
6.601950347811388342e-01
8.570268720514526706e-01
7.021987380220079400e-01
8.284451591568516848e-01
7.262814909289659893e-01
7.042419745743454529e-01
9.679684027126173040e-01
7.696199957367434452e-01
8.843861063686939694e-01
6.140595329543224734e-01
8.784492639047466467e-01
7.952813929164563866e-01
8.408447882004418394e-01
9.868751555763840555e-01
7.574216045522814689e-01
7.537029851976909667e-01
9.835069444444444198e-01
8.369621353710949840e-01
6.618280179385077622e-01
8.759916118547081965e-01
7.277084192376931382e-01
7.997671659822506163e-01
8.174213573955724232e-01
8.374569926726063152e-01
7.850624819542240118e-01
9.095504276756229967e-01
7.628715203713591908e-01
7.543197209645098322e-01
7.665968880958982101e-01
8.649051023550700101e-01
7.467599171038209471e-01
9.216774854805093176e-01
7.989432495811893409e-01
8.414728268494731100e-01
7.195110201782167758e-01
7.843572163586489676e-01
7.978904760790939132e-01
7.402008483129438599e-01
8.559866115544977339e-01
6.811736830300855194e-01
8.428584692017613289e-01
7.782563668695203773e-01
9.098750210498357527e-01
8.244860854077608048e-01
7.525013795306905173e-01
6.809350283732605869e-01
7.662916484675323936e-01
7.340487375445317042e-01
7.645091323791241011e-01
7.079273721613633663e-01
4.971940541744274134e-01
9.688442007237768605e-01
8.195668555264038480e-01
8.829857652653194666e-01
8.921966588832277445e-01
8.111805638074991442e-01
7.251980766302166259e-01
8.123975377911749618e-01
8.897362398749664170e-01
6.697652179359937508e-01
8.017546097046532871e-01
8.133448178192145273e-01
7.441832619296719908e-01
6.064741700180789064e-01
8.849841771989709338e-01
7.747985085271339445e-01
6.763155865304049108e-01
8.497212399869181754e-01
7.917015232790779455e-01
7.290579031942583388e-01
8.022778898240237044e-01
8.050110774120576851e-01
5.967421721545587143e-01
7.374213689453430476e-01
7.772793140619493890e-01
8.177816940661968292e-01
7.384811993197935021e-01
7.317322629667165623e-01
8.772455965256723553e-01
6.599557665135697970e-01
7.473763617458678565e-01
9.346181073849508802e-01
8.013190747535390290e-01
8.037125048468831690e-01
9.558592144533375468e-01
7.755378600759793573e-01
7.993841192092113745e-01
7.572781758879764125e-01
9.108724728205035426e-01
8.764875306263935073e-01
9.648408323464362502e-01
7.285707901749313153e-01
7.532837740973894469e-01
7.245110990879967128e-01
6.426474536329835896e-01
9.849397164281976647e-01
8.575970313760368224e-01
8.461516911208922798e-01
5.022613491936294139e-01
6.680604630039591596e-01
8.062774824317439082e-01
7.076648529265709975e-01
7.255925440895232281e-01
7.908953791641242237e-01
8.319593388535050371e-01
7.500064382045829037e-01
7.714271948102047194e-01
9.469102393863180200e-01
7.437590676794337829e-01
9.040235084828600609e-01
8.236634035296639400e-01
7.557388103833144744e-01
7.923927703976646475e-01
8.503543210164851152e-01
8.791960201080178949e-01
9.163969395930374739e-01
7.803777934968019192e-01
9.281291433073597386e-01
7.402153911706024214e-01
8.015174635598194541e-01
9.018682158305971752e-01
7.457640383157246866e-01
8.832536810598052845e-01
5.984800324142955930e-01
7.384811993197935021e-01
6.912370939114146351e-01
7.945379006480630668e-01
6.922888280180972131e-01
8.478366102687371342e-01
8.075638405670172437e-01
8.637076068959040898e-01
7.214168467728190315e-01
8.839733722354656820e-01
9.066596924871955787e-01
7.725469770701872685e-01
8.730352877311678972e-01
8.022920910809185902e-01
8.254289407348612828e-01
7.422413584688259958e-01
8.793342867611246838e-01
7.354691195041760388e-01
8.986778753920996454e-01
7.662545833881275748e-01
9.757363107719176920e-01
7.034944053899729877e-01
7.010524294145703550e-01
8.695274244651357565e-01
7.703414402045101195e-01
7.961153216884607753e-01
7.803777934968019192e-01
8.770409463427449870e-01
7.256436782663131524e-01
7.387787749611880450e-01
7.276555782042080089e-01
7.908702471739359474e-01
5.923196585609490361e-01
8.464772973941468992e-01
8.158927223777582283e-01
8.014544778036079009e-01
7.922798430905320100e-01
8.276802702349695950e-01
7.855462832527834172e-01
7.674561811971563063e-01
8.231223446318939319e-01
8.070661235784769572e-01
8.732939952335273537e-01
7.792283334382834603e-01
5.613439242965750919e-01
8.003197089902602812e-01
9.518485006586209218e-01
7.528228037436376363e-01
5.808227494910358502e-01
9.154573517207841293e-01
8.427800262944109555e-01
4.368150296418918388e-01
8.356343693750287738e-01
8.227604432320502204e-01
8.122029330456301821e-01
6.140595329543224734e-01
6.874633812632023888e-01
8.162127803028483841e-01
8.289098110309058853e-01
7.401253128262217373e-01
6.058034574273283290e-01
8.628237176603950065e-01
8.086882453179591312e-01
7.095115350293312861e-01
8.831999322965000676e-01
8.870446187855014486e-01
8.051718291429083019e-01
7.790741081279783931e-01
7.639776918549047169e-01
8.429628879437596201e-01
7.631028093183449545e-01
7.528228037436376363e-01
8.083025945076129926e-01
8.370097445614532727e-01
8.334076197315997137e-01
6.177605175820134464e-01
8.076452206975217596e-01
9.518574780013632219e-01
8.050201877032311382e-01
7.830273132037574024e-01
8.000095805686676664e-01
7.746917557397384746e-01
6.666144294858440400e-01
8.235719978492310744e-01
7.297058505782922921e-01
6.206444587581347871e-01
8.198428557443003806e-01
7.645176808125627721e-01
7.982244946226438875e-01
7.067920564095850899e-01
7.419835929737115254e-01
4.848167526004034666e-01
5.864889180858959827e-01
8.293023155428225213e-01
7.874413484179257905e-01
8.274987824291700766e-01
8.196693437812577754e-01
8.841805950949742643e-01
9.604174155474434205e-01
7.669061333510358569e-01
8.291105846646097399e-01
9.129995156639438836e-01
6.049674688555498614e-01
7.184564668342630078e-01
7.501160258009004211e-01
7.137182917777753488e-01
7.780420822136333570e-01
7.781029945165820472e-01
7.606959910316142270e-01
7.782386975788996297e-01
8.774486301409039068e-01
9.113841800365667378e-01
8.005224703790572161e-01
7.573525602885702313e-01
7.512607666026204223e-01
8.918952418809663607e-01
7.555889258518595497e-01
8.684817542208626007e-01
7.793173308445230374e-01
7.841996315403928497e-01
7.555362334498845200e-01
4.388028431978519550e-01
7.352274015118676065e-01
6.619596039888874239e-01
8.534977066779801946e-01
6.089229124069804877e-01
7.263391614232825866e-01
8.556669062483103216e-01
7.273804884836484463e-01
8.021551944464674344e-01
8.342895697851604453e-01
7.962654611682624672e-01
7.866281457576121960e-01
7.962207206711464647e-01
7.738801157530633690e-01
7.927145714679091348e-01
7.807629615615572227e-01
8.301038022244177084e-01
6.918915840563294450e-01
8.205309361515266131e-01
8.984333212457255025e-01
8.120029467832563519e-01
9.056662786088111039e-01
8.050411033912984182e-01
7.746858918226979807e-01
8.370877067469363331e-01
7.196532649099737222e-01
7.734698627787356395e-01
7.010006449249945870e-01
7.569545362796783472e-01
8.136997658519978804e-01
5.700043298135891723e-01
9.052027452030732002e-01
8.164231186048517275e-01
7.308006807608616873e-01
7.714310498555825291e-01
7.586058285860797223e-01
7.928097747864893963e-01
7.800124793444340732e-01
8.229476072032529954e-01
7.852625084258740840e-01
8.397115965515289382e-01
7.316455757544146898e-01
8.869162964136277916e-01
7.861111205862337803e-01
8.090364756904956378e-01
7.876511536110148981e-01
8.861067577646734028e-01
7.374456053935997124e-01
7.073063415929290443e-01
6.990269294539129818e-01
8.508625877719149244e-01
6.361512106922234677e-01
7.094866438607292380e-01
7.404182367486518146e-01
7.448789144075262936e-01
7.721771770411134383e-01
7.769274262302451328e-01
8.072038279504520908e-01
9.083811445323648481e-01
7.343736182093815179e-01
8.740711277135175816e-01
6.497872782213566234e-01
8.561882883390479204e-01
8.136152246363010931e-01
8.184240368512608610e-01
7.393527040593833588e-01
7.095115350293312861e-01
7.004963998628707111e-01
7.839004384604886244e-01
8.191712425776246365e-01
6.312263018343061693e-01
6.206255101210323977e-01
7.998967178298858061e-01
8.651261980150553033e-01
9.806978723630338513e-01
7.970015198413381574e-01
6.144960912973450595e-01
8.149016705712420761e-01
7.571114859790160079e-01
7.802224096123532293e-01
8.257382555575037975e-01
8.378501073435874469e-01
6.741172040858369741e-01
6.467559406354709273e-01
8.307250450506075135e-01
7.709395407761325814e-01
7.064083096890839686e-01
8.342398538122310914e-01
6.116144466610549113e-01
6.651896722761404535e-01
6.954788892328863659e-01
8.547491105173556925e-01
7.823665326722064606e-01
7.562426053721333918e-01
7.501984554403391403e-01
8.360252513450625589e-01
7.876511536110148981e-01
8.847270797644465334e-01
8.301193444253625042e-01
7.912135913458299141e-01
5.629271029309940166e-01
7.739689895184722612e-01
7.448789144075262936e-01
8.199556107307055530e-01
5.548717296548382194e-01
7.398861840024714143e-01
8.079580909357418905e-01
9.542549627253920086e-01
9.874066430000980610e-01
8.212106347992533806e-01
7.866881445845310683e-01
8.305264558609938286e-01
8.127136723105464755e-01
9.067944799782308163e-01
8.592196180221916002e-01
9.463931554134916713e-01
8.305482636976537769e-01
6.658749384556701401e-01
6.447543811959087767e-01
7.664343066720924469e-01
9.272373298119266360e-01
7.068304794500873678e-01
7.302241692204320955e-01
8.792534267265398329e-01
7.657655520674722105e-01
6.319967967211745918e-01
7.502262270343993400e-01
7.607333261391231449e-01
6.987516973110275975e-01
8.241494735975428698e-01
7.796330843186327630e-01
7.500723821053070228e-01
7.572721271735251003e-01
9.142947512448655889e-01
8.031424971208033226e-01
8.469846195233862174e-01
8.757562513475358745e-01
9.140747178626654756e-01
9.262879645587915878e-01
7.627957719165068262e-01
7.522904024074743567e-01
7.280811462561976866e-01
7.303544060730975396e-01
8.218953864709757084e-01
9.228169814240199109e-01
8.091454503035165891e-01
9.604462322720553891e-01
5.934662005483763991e-01
9.329092562040639525e-01
7.674171188501166530e-01
8.138951366777943397e-01
7.533289203617863361e-01
8.314356573019351382e-01
9.545850159360091958e-01
6.576789322754161837e-01
8.248406298064288045e-01
7.020139723923991548e-01
8.441546783510984753e-01
7.702821217559613354e-01
6.861024157440305249e-01
7.892507435844404728e-01
6.666914568347062087e-01
8.028139315515392394e-01
8.314898475156823343e-01
8.012958495966795436e-01
7.885955762152287996e-01
8.196380431590568616e-01
8.327550737107596301e-01
8.428584692017613289e-01
8.820855487429628550e-01
8.712997999826189721e-01
7.641658533574342549e-01
7.825654598952906937e-01
8.770215365501102811e-01
7.423178768879328260e-01
8.609147506825732821e-01
8.877380246416842757e-01
8.482917918855559236e-01
8.228422177001434301e-01
5.795544893306012746e-01
8.369458135262113352e-01
8.556696883390283448e-01
8.387416986862877843e-01
7.393527040593833588e-01
7.438838021892113517e-01
8.961520589866637243e-01
5.984800324142955930e-01
6.187910692960095771e-01
8.447453564011203619e-01
6.903849632420612226e-01
7.311436886440516592e-01
8.799795640323029300e-01
7.995421230246997357e-01
8.047816380956162030e-01
8.208808125973880987e-01
7.532663551811783487e-01
7.466543536916577795e-01
5.850751574030084168e-01
5.282888353656427505e-01
8.950603191991723939e-01
6.626501041083990851e-01
7.779510616568451331e-01
8.022392087935009686e-01
8.131420612214973476e-01
7.020980910304022160e-01
5.768797479538425588e-01
6.810996013602912402e-01
6.850112194494565321e-01
7.533881725915325678e-01
7.912527021317934395e-01
8.980557516887972547e-01
8.612632423486094035e-01
7.350832151279674820e-01
8.464459017467634849e-01
8.448041605697063083e-01
7.964332738960581137e-01
7.891303899838459923e-01
