7.176973399285037081e-01
7.627821747100256289e-01
8.699213379677025459e-01
6.881499800883963402e-01
7.265724029614126778e-01
8.226554663800150768e-01
7.004602687316692222e-01
7.299425538960429005e-01
7.925024879301473257e-01
8.143381234940335611e-01
8.204941054848691184e-01
7.632137100605600466e-01
6.266645289797324603e-01
6.904732535713800079e-01
7.862864135138090127e-01
8.939083035437470626e-01
7.671102852225556434e-01
6.153128584725352512e-01
8.038534005624349277e-01
8.026728265442513166e-01
7.735643491996608834e-01
6.739874258237601445e-01
8.404057080901251586e-01
7.092312049243104655e-01
8.772335481486557285e-01
8.703971627382333098e-01
5.625732768162517994e-01
7.967634847089740679e-01
8.485564390984854377e-01
5.425040375223413314e-01
7.624552592799136441e-01
7.832492622535781601e-01
8.484702906964942670e-01
9.214132918231058289e-01
8.069770916498539837e-01
4.487940246390428323e-01
5.265057735110670878e-01
8.793342867611246838e-01
7.696197876020557382e-01
8.499060639615770851e-01
7.721771770411134383e-01
3.595031824497100237e-01
7.561414615873387479e-01
6.951519227316461658e-01
8.166555161425959053e-01
8.575398757736554245e-01
7.610589277482561199e-01
9.591397936590104756e-01
8.664208489395494039e-01
7.798950849822404718e-01
7.324449747435900493e-01
7.901680464391058756e-01
7.406447175862712617e-01
7.571246435493277360e-01
3.618712191202360651e-01
8.494595940801364931e-01
8.692154782084053899e-01
8.392888065155683641e-01
6.603648227876049992e-01
8.383006856530053064e-01
8.532980640883887080e-01
9.188554905907972969e-01
7.471013336201520749e-01
8.429195013237924528e-01
6.684547006650035650e-01
7.406494469617082022e-01
7.987312158706717513e-01
8.684195215096930376e-01
8.222011344599076121e-01
9.410278911127749613e-01
8.091281981225449949e-01
9.324034490353190208e-01
8.199689021443686832e-01
4.367066065513220963e-01
8.759916118547081965e-01
7.474982014846137668e-01
8.687151733421496491e-01
8.117623150362035522e-01
6.459295312305284309e-01
8.230701771615990259e-01
9.216677475184335000e-01
8.064961751481604102e-01
9.234196661943612217e-01
7.667716671682566210e-01
7.818966291161623117e-01
7.026911552711675446e-01
7.073179566480246594e-01
9.283443577335509511e-01
7.375886099327612078e-01
7.950243566146980578e-01
7.757519253395078751e-01
8.225958148517320545e-01
8.154170723679626809e-01
8.012181002380852624e-01
9.517775211751077213e-01
8.123167538414628464e-01
7.873397689948916645e-01
8.882030806501065578e-01
9.507167974938693922e-01
8.235536013597591909e-01
9.506380470038418018e-01
9.095504276756229967e-01
8.935950913388729377e-01
8.455915815644583500e-01
8.852788951114031191e-01
8.723958333333332593e-01
8.185922751522207719e-01
8.917863492551582061e-01
8.013190747535390290e-01
8.404226913108049368e-01
9.250459068780281235e-01
8.791895317544852206e-01
7.882850336901300325e-01
7.969552412522570295e-01
8.883185282161212282e-01
8.575234333214872828e-01
3.618712191202360651e-01
8.758237996728838182e-01
8.196678819594523935e-01
8.815520070178142209e-01
7.358594739457913203e-01
6.370157661091649937e-01
8.466821867799776413e-01
9.771221296433066916e-01
8.965806588873365124e-01
6.835967154353695951e-01
9.868751555763840555e-01
8.291616660096436942e-01
7.749220418657700726e-01
7.163021815803017889e-01
7.413272632238918636e-01
7.723191686320698413e-01
8.402559993865583721e-01
8.646756654430177713e-01
9.643470087088323872e-01
6.872468116978303065e-01
9.071505982051292216e-01
8.035106339161824929e-01
7.371958457423634092e-01
8.832708854945136023e-01
7.118895993123632859e-01
8.556803837386502964e-01
7.852787126059496137e-01
6.145133750509790271e-01
8.226388041753366354e-01
7.836536556230822015e-01
8.934179351454928364e-01
8.700689498383948894e-01
7.300298970163765500e-01
6.301110366915170236e-01
9.312408561996818879e-01
8.321560429564268668e-01
7.402888764341069017e-01
9.915401385082232011e-01
7.879812532619608900e-01
9.167788998479571294e-01
9.824672075234439639e-01
7.835703758237138050e-01
7.775734445298962960e-01
7.725400800265722623e-01
7.748787662442200297e-01
7.373456834526256332e-01
7.405401525999172341e-01
5.308421961497057362e-01
7.980855852789745519e-01
8.053601009920585696e-01
7.667547628758963896e-01
8.122045988138031358e-01
7.702775693413859148e-01
7.926545617124564069e-01
5.941233964290713043e-01
9.505703772973035370e-01
8.371056472640148183e-01
7.437590676794337829e-01
8.008353771006039290e-01
7.256889771567172076e-01
9.064384965585657872e-01
8.245754821799797796e-01
6.811435827699253709e-01
8.029543159713193878e-01
8.528960421428827265e-01
7.499864316337926384e-01
7.882402244480588571e-01
9.382517144997111203e-01
7.748627634986950952e-01
8.862400138267114702e-01
6.760681009995657131e-01
9.396619344934080686e-01
7.104595636340008680e-01
7.187246794346354717e-01
8.022394051106293000e-01
6.511172804971187000e-01
8.458534036834123304e-01
7.627623553429764280e-01
7.803317733053731775e-01
8.886092965089141815e-01
7.275127818225824994e-01
7.669061333510358569e-01
8.170728531055998500e-01
7.783594883864143332e-01
6.963134568070528108e-01
6.772919697517962856e-01
7.783030503253747234e-01
5.405005634327577635e-01
6.329113744849881318e-01
7.910929327471798445e-01
8.024240507308063597e-01
8.471375395042299861e-01
7.893240248964332739e-01
8.120916566751714694e-01
8.475790089111588932e-01
7.818172836130417025e-01
7.625108456820924863e-01
8.314880357108830333e-01
6.231313712845460984e-01
8.030964429467895016e-01
6.267573918431529334e-01
9.075707612241339373e-01
6.797473284791962778e-01
8.177852925740357604e-01
7.920381367806406114e-01
6.483062401883149528e-01
7.558943677832089536e-01
9.279481179407607083e-01
6.802454332729402919e-01
7.669134863856471584e-01
6.729154582265903795e-01
8.008353771006039290e-01
7.870629226525455158e-01
7.943751739766825581e-01
4.408328094930999974e-01
8.294308941027982440e-01
8.090937354245939517e-01
7.978240026926008976e-01
9.376938672756434112e-01
9.262151434991884313e-01
8.010779523889826059e-01
7.678885831188358990e-01
7.982357434114207839e-01
7.888558911158445319e-01
7.465586302693872911e-01
7.412585636075474937e-01
9.231593322595100792e-01
8.366106008035977259e-01
8.553479121030392873e-01
6.609522851513440767e-01
9.672558859183849611e-01
9.302329396675208528e-01
9.050752454033512695e-01
7.358025597517047212e-01
8.999148782746255737e-01
5.461675759329647217e-01
7.560441472585091027e-01
8.027880103754423402e-01
8.859838470600821525e-01
7.850687245171338313e-01
7.911258713662637776e-01
8.734751789371286712e-01
9.372310057462935884e-01
7.694620646881327186e-01
7.737055049321812650e-01
8.300352070270763383e-01
8.110318244148309041e-01
8.374405576342620616e-01
9.074656013864715876e-01
8.134613440360337622e-01
8.847650851148177731e-01
8.923486628215347993e-01
8.261531646915226679e-01
6.714339310638680614e-01
7.923147387808989750e-01
8.454308193823067974e-01
8.228987496080785169e-01
4.977188882959718841e-01
6.672147428601693520e-01
7.753046197145874174e-01
9.018601029013503245e-01
7.618107737252638456e-01
6.897865179942547220e-01
8.255686149507500682e-01
8.552944395445780668e-01
7.981947762017483905e-01
8.181415002633012357e-01
8.414728268494731100e-01
7.876530617074083418e-01
7.757918066898147336e-01
6.676485021470387471e-01
8.591074913751427511e-01
9.529861128304246698e-01
9.026891743449965144e-01
7.456699863213613888e-01
5.362322732458126850e-01
7.808730763510095541e-01
3.056242312842839537e-01
6.249001781366667618e-01
8.003595127745171123e-01
9.306131650192802640e-01
6.693127802800381554e-01
7.755498914025436008e-01
8.758820559428396324e-01
8.116414497942060491e-01
7.812540305834941856e-01
5.040394238304536367e-01
7.062099299015227594e-01
6.641856233514273899e-01
6.956637012130271192e-01
6.500330618116332282e-01
8.314378254210469388e-01
6.829592959914024819e-01
8.351442481545671148e-01
7.580322662606586714e-01
7.347441108262395826e-01
5.874468706024025266e-01
4.791853288031671654e-01
7.126532390413371498e-01
7.128273233684230270e-01
8.453396763349350085e-01
7.939923794604683005e-01
8.432172113213073361e-01
8.615664412194431465e-01
7.991156663369618496e-01
9.257824229113981174e-01
7.331803241200962606e-01
9.473915294836370293e-01
8.535200008200743982e-01
8.770439689736184707e-01
6.922888280180972131e-01
7.898817186024106318e-01
7.674573878569302954e-01
7.175222954158685384e-01
7.997265293517424878e-01
7.568359142342763191e-01
7.825028184393036934e-01
6.948512383799789749e-01
8.200195322776870910e-01
6.700710985730665703e-01
7.186080042262807943e-01
7.641006122628356545e-01
7.904298348641706218e-01
8.428225802485541651e-01
9.772346994825543698e-01
9.000427773275525567e-01
8.226273148148147696e-01
7.939434581238731248e-01
7.299425538960429005e-01
8.844013155695410466e-01
6.924305857831821731e-01
7.908181820971207365e-01
7.723119118540744399e-01
7.994923863803810038e-01
7.644801493530805070e-01
8.451103174467138324e-01
7.378578180457435742e-01
7.897152932040319984e-01
8.255109781527889545e-01
8.544710430663914336e-01
7.581043295396041604e-01
9.235018488033277517e-01
8.866973334062674406e-01
5.022613491936294139e-01
8.407191630132782034e-01
8.260971235823495462e-01
8.948992402082864839e-01
8.695198154885032116e-01
9.586896679109905284e-01
6.496033757049922697e-01
8.120447830592026905e-01
7.801008933477987517e-01
8.923180375002184306e-01
6.580388882860866984e-01
7.308950592810600222e-01
7.766912042684703810e-01
8.440795875467114184e-01
9.402905385218837120e-01
7.345555314857383777e-01
8.627188663338634100e-01
7.827574982375227197e-01
8.118660812234398394e-01
7.761160077013021796e-01
7.578800976524671107e-01
7.583293126103965998e-01
7.374749580272161875e-01
7.311246541322530268e-01
7.692363547524286860e-01
7.325130686522973722e-01
7.552212907510903461e-01
6.918749375893348263e-01
8.796584883626524798e-01
9.011800523639845739e-01
6.619570114607443712e-01
8.610302113205577923e-01
8.366301487245408897e-01
7.461745608237059235e-01
7.151740705198776915e-01
6.893522963878854215e-01
9.340120260670082830e-01
5.083275139312443125e-01
6.793616168943282796e-01
7.774693019438472241e-01
7.460978571778813517e-01
7.034944053899729877e-01
7.370602707609227311e-01
8.146900929619331766e-01
7.504633193098180222e-01
9.741376187432915223e-01
7.209861194936366680e-01
7.933239898563684278e-01
7.385819805325255505e-01
8.870446187855014486e-01
7.771974471042217836e-01
7.692641367508725736e-01
7.931807523576720476e-01
7.985745627834711646e-01
5.541462001088769407e-01
8.488032944171767236e-01
8.694424966628127027e-01
9.186201912517729662e-01
9.623172840767582059e-01
8.020642048597025342e-01
8.300297172393836798e-01
7.441277507467251029e-01
7.746194238970743884e-01
6.887423081967127825e-01
7.123716036239959859e-01
6.361206343044011335e-01
8.382451580393448509e-01
8.333699379482382152e-01
8.305290553613022819e-01
7.466600242626054706e-01
7.572923550756016642e-01
7.409780219946565660e-01
7.522355672236622492e-01
8.746571084379685113e-01
6.110084679898161175e-01
5.244054748646154174e-01
8.138146981795354451e-01
6.904116748609976373e-01
8.224259321967346548e-01
8.295744147223607090e-01
5.964552388812349726e-01
8.167771741478697667e-01
8.263293546013047441e-01
8.712167670631428829e-01
9.479120282150667043e-01
7.792872314136050083e-01
8.175301685257723161e-01
9.812502843622266102e-01
8.619851004844664155e-01
5.068242169747420034e-01
8.381799968192903405e-01
7.129682621333059966e-01
8.107812108285894492e-01
7.702506345919298836e-01
7.931458129310129390e-01
8.070678234531386552e-01
8.330063319917286879e-01
8.165276442712543492e-01
7.295271362037130114e-01
8.169790747583038915e-01
7.898768316965042446e-01
8.390016768264988434e-01
6.982020540933275843e-01
7.378763641562653408e-01
9.933259686837400126e-01
6.691819268930916387e-01
8.433825395691330051e-01
7.898178878753505661e-01
7.555199063052283615e-01
8.701274678052483003e-01
8.029707718744159006e-01
9.134307043284470851e-01
7.532076267314614659e-01
5.092664444426875381e-01
7.704917896548825196e-01
4.948510057705816645e-01
8.104884440709287929e-01
7.970028715517442075e-01
7.238280649434508662e-01
9.040930848063760683e-01
7.666895907589222903e-01
8.058186472845751958e-01
7.552375172022335326e-01
8.434805467469008722e-01
7.072306182351287829e-01
6.670015599247167692e-01
7.126229713670334531e-01
8.995692817283893472e-01
7.137820189019918882e-01
9.026629246445626586e-01
7.306000637319354230e-01
8.599997308671289975e-01
6.925302107834179210e-01
7.997110956714753582e-01
8.866457458202573472e-01
7.911726906699050321e-01
8.004942574610194317e-01
8.181017877377662062e-01
8.495418507695406962e-01
8.132247695610174132e-01
6.687410271221804203e-01
8.486285347264108658e-01
7.711139730932921044e-01
6.650602180215885451e-01
6.435240521047239648e-01
6.358821098821052509e-01
8.820272153300642293e-01
5.194776067078644699e-01
8.316399478048254190e-01
7.300605545376865901e-01
6.271348085241635895e-01
8.121484555755096313e-01
7.598714544957047012e-01
7.518241142237925834e-01
7.768858110774742309e-01
9.770789746021245614e-01
7.749945415678592964e-01
7.244439021880195728e-01
6.942397978102350375e-01
7.967518303136116309e-01
8.839733722354656820e-01
7.171422773269905404e-01
7.603234768991721237e-01
7.843657933371935842e-01
8.101814582457138592e-01
8.333699379482382152e-01
8.189155526270144314e-01
9.405692501775099190e-01
8.362427092467435985e-01
6.600293097572235146e-01
9.761275262262181229e-01
7.591709893000450071e-01
7.633766011653084771e-01
8.945177173887881583e-01
4.836851573244873581e-01
7.874186948901221728e-01
7.114754844992667859e-01
6.022719539351144569e-01
8.011681802508908712e-01
8.191495483899922103e-01
8.308061520619230977e-01
9.603971209219547278e-01
6.295117329728541211e-01
8.905427550181806984e-01
9.790939968099648949e-01
7.041794820224548390e-01
7.328399358514993134e-01
7.611345953643836593e-01
7.241196903184355937e-01
9.109197241829698477e-01
9.620685725405113686e-01
7.604119288516483222e-01
8.275381703507306286e-01
8.433484072928437714e-01
6.499650180278609968e-01
6.169187278919636697e-01
8.814936183524516577e-01
7.746147220408713396e-01
8.926466065691960328e-01
7.679256646916947648e-01
7.332413795776532295e-01
8.646756654430177713e-01
9.051021682398047163e-01
7.368925399669609133e-01
8.673697187370739137e-01
7.190099175691270217e-01
6.506795615225040574e-01
8.299030650741779924e-01
7.577741419111994059e-01
4.303474241619287821e-01
9.575624854520643492e-01
3.879146200813742285e-01
6.270143786210495840e-01
8.002680193022491117e-01
5.999259412176820572e-01
8.000305625265419218e-01
7.567238490227077286e-01
6.994422579363609449e-01
7.870488218341482600e-01
9.056662786088111039e-01
8.610706115957073026e-01
8.569282408888415636e-01
7.223166786269695772e-01
7.818847626198633938e-01
8.029659058628444424e-01
8.253108222170957298e-01
8.494176394893984128e-01
4.666810399431621237e-01
6.389872049477819393e-01
7.531484688836332930e-01
8.519842190844236773e-01
7.963158025705729948e-01
8.037089976649187673e-01
7.878301901542724694e-01
8.924426647206531449e-01
6.635079083485799778e-01
6.686748617970330599e-01
7.677897540223639350e-01
7.583293126103965998e-01
6.974011336152226015e-01
7.306090066547785700e-01
6.814510555287989213e-01
8.534743112229574713e-01
8.188320132076357671e-01
9.062161302908449123e-01
9.086302488835883429e-01
8.357379582069145441e-01
7.663029325005157322e-01
7.987815856146315285e-01
7.155946268046421421e-01
8.001155111683935228e-01
7.623543207048811832e-01
6.059120954783419055e-01
8.040215421990771771e-01
7.757122395632730649e-01
7.264407127093808203e-01
8.803175294933502926e-01
9.785021260835882195e-01
7.757977878969214425e-01
6.805798671438350045e-01
8.118809058948992519e-01
8.467853056515501908e-01
7.340710225282426338e-01
7.181519676500504046e-01
5.374475540445093902e-01
7.366789729359887184e-01
7.886171491788475096e-01
8.039748727294359076e-01
6.666914568347062087e-01
8.268071992095271661e-01
8.428225802485541651e-01
8.859633207059599558e-01
8.239220063056370558e-01
7.804455344824410279e-01
7.452054831660869239e-01
7.945258333375013748e-01
7.951051189078381931e-01
7.567105390338215720e-01
6.732534585912942626e-01
8.074496392227834551e-01
8.081966575825126897e-01
9.136503670017425138e-01
9.052863134473855267e-01
7.725351122892832878e-01
6.817041066434530450e-01
7.515344450061458570e-01
7.545652963913291877e-01
7.783030503253747234e-01
8.410786830903513867e-01
7.581352165704254853e-01
7.298491122355984517e-01
8.038709146294754637e-01
7.354691195041760388e-01
7.733507079340244950e-01
7.929493198665883424e-01
8.674452511414488809e-01
6.897865179942547220e-01
8.603573238030680637e-01
7.985579635395274600e-01
9.298373683001117662e-01
7.079903899870519934e-01
7.845275964016377168e-01
7.241196903184355937e-01
8.927597700446538997e-01
8.945177173887881583e-01
7.290750105583072571e-01
8.170728531055998500e-01
6.118447454508981753e-01
7.788454624813488936e-01
7.942209631984454843e-01
7.192480045462488203e-01
7.524413628733206405e-01
7.388498624491846023e-01
7.370602707609227311e-01
7.910291695778161047e-01
9.610364302090488309e-01
9.782986111111111605e-01
8.239386913886976860e-01
7.756184393426013290e-01
8.275381703507306286e-01
9.325810185185184897e-01
6.462620520314155126e-01
6.251115869018448734e-01
8.539349434363077140e-01
8.914139793009284718e-01
8.086831646218946013e-01
8.327402354095164716e-01
7.637982923620945108e-01
8.584391332009299047e-01
8.481997301541217560e-01
8.225779681124409937e-01
8.100837545262057349e-01
8.712340826461930643e-01
7.398170558533307961e-01
7.654363945654074630e-01
8.394149312423173637e-01
7.998377929552146215e-01
7.600750204424953083e-01
7.866820381678889529e-01
8.196112619340369942e-01
8.245754821799797796e-01
7.768693971899446327e-01
7.958554533389630148e-01
7.859733268950377383e-01
6.523584410109064535e-01
5.863916765467770409e-01
9.169670024185139212e-01
9.129781348264733865e-01
5.421404822460480499e-01
7.537351628969521933e-01
8.182545906183047446e-01
9.659914961824269675e-01
8.662378871203759712e-01
7.669130543337084882e-01
9.074078956572427801e-01
9.389510315875780888e-01
7.525726572127929836e-01
7.343736182093815179e-01
8.013919455252886959e-01
7.104031087761646379e-01
7.088787098295749045e-01
9.852575675510204523e-01
7.588738597129023322e-01
8.439422489036806363e-01
6.486052691939291348e-01
5.530951503311359874e-01
6.805216987783888616e-01
8.500244797050351409e-01
7.900989634508069903e-01
7.440345592207506797e-01
7.926283014187018860e-01
6.866227574824246283e-01
7.285095717736504994e-01
6.871023718076377795e-01
7.714725690103915179e-01
8.845447493604885469e-01
7.392569243031377191e-01
5.286321421964692568e-01
5.657265428843065713e-01
8.591074913751427511e-01
6.324810430609384415e-01
7.908770869395875813e-01
7.866064735546418607e-01
9.010158833972893300e-01
7.156811953604460541e-01
7.717512536932166212e-01
7.516177861839221652e-01
7.512607666026204223e-01
7.327515908737511907e-01
7.448315683128297060e-01
7.437329371932298594e-01
8.192619457429638485e-01
9.988425925925925597e-01
6.787880476595657964e-01
6.420142285860231945e-01
8.131073523609169129e-01
8.312129785648343372e-01
6.074527307010472166e-01
7.788074068489743151e-01
8.781409387850453996e-01
7.738516029048549960e-01
6.887711692504596694e-01
8.195503495033379382e-01
7.120239809197448366e-01
9.172619031514519516e-01
8.275317376179641693e-01
8.362257627265572424e-01
8.747904202664695816e-01
8.110304535447070418e-01
8.610671276702727139e-01
6.730192233908667276e-01
8.573889597825180564e-01
9.003936386958892868e-01
6.808145432134244945e-01
8.806630575586080756e-01
6.566760404495951553e-01
7.787142360576563282e-01
7.109735009547727413e-01
9.681411326706130804e-01
7.963077423948727862e-01
7.993841192092113745e-01
5.573264619814078946e-01
6.868505066707256690e-01
7.873598011998717006e-01
6.168796818433978091e-01
7.792240406070599645e-01
7.434639065487856913e-01
7.984163654429906609e-01
9.657812873258641018e-01
7.764052447741534024e-01
7.838826033006235372e-01
8.168853164697290614e-01
9.782201504383410962e-01
7.754066811072863885e-01
7.778332874618762993e-01
8.537499380828714735e-01
7.899567479842130036e-01
7.943549268499308091e-01
5.742894373241632655e-01
6.713965530367714818e-01
6.687940640982796836e-01
6.855985470792728131e-01
8.227296261864855964e-01
7.074472851230625414e-01
8.486285347264108658e-01
7.093157955027953321e-01
8.631338545835598453e-01
9.184094458943367068e-01
8.691234876411148003e-01
8.835340810833880454e-01
7.918268443035373361e-01
7.245095251621096466e-01
7.900514581700162076e-01
8.004759807469715716e-01
5.934785083758774560e-01
7.010431159570860160e-01
8.027923941067459657e-01
8.054464844895667941e-01
8.135904019352241390e-01
6.855603367927076697e-01
7.942627741420597021e-01
8.862400138267114702e-01
4.984126826175269143e-01
8.741522584024559173e-01
8.503880461609669705e-01
7.833357709643342659e-01
8.541377683556204969e-01
6.958203395821963566e-01
8.991540208787914823e-01
9.389510315875780888e-01
8.357456372035781955e-01
5.400084991627682740e-01
7.903309313087004684e-01
7.855199631417113526e-01
7.554647534087054472e-01
7.841098584102756952e-01
8.208321442764023868e-01
7.466368811148063056e-01
7.684367422978498618e-01
9.375355362527277858e-01
8.926466065691960328e-01
7.136195879270406106e-01
8.455179075121014298e-01
7.614671852924697060e-01
7.846628262394237385e-01
5.916979417918182271e-01
8.355217458412822484e-01
8.345942166463369283e-01
7.983206552426468372e-01
7.930401979849319716e-01
8.325368341011855078e-01
7.667828743379716538e-01
8.167375594796802973e-01
8.369237653695497103e-01
7.189213923203187084e-01
9.032146563642761139e-01
8.410620164165344415e-01
7.089365151516546781e-01
7.927145714679091348e-01
8.861883292585368554e-01
5.582431395267055674e-01
5.703020156301287225e-01
8.000460442411951867e-01
8.843956511856589930e-01
8.494847107970980860e-01
7.507422087829573876e-01
8.108822417196451804e-01
9.670938989601535196e-01
8.316716230883622885e-01
7.552089614244901217e-01
7.900019537908121725e-01
7.333048696904397312e-01
8.692222676014935701e-01
6.885383973638523614e-01
7.157063805868549844e-01
7.661194546473197864e-01
4.563881097698236355e-01
7.749218879268870985e-01
5.333276596544532788e-01
8.196216447493942514e-01
8.887765199181606457e-01
8.649582445103165540e-01
7.036866531497800725e-01
8.071553162625736411e-01
8.734007295086448908e-01
7.635101525446521542e-01
8.622003596292110439e-01
7.427724626365528326e-01
8.051662007602521376e-01
7.257567077189240878e-01
7.644743584491490163e-01
5.639501914057664100e-01
8.392888065155683641e-01
7.423740641882936586e-01
8.002095001903026805e-01
5.013702491129672367e-01
5.137453179442030837e-01
8.173943153372109638e-01
6.359151222755454747e-01
6.840532441606352876e-01
7.906619471435905044e-01
7.651757894431548968e-01
8.101621063348980467e-01
7.701499228870423153e-01
7.384732442670923769e-01
6.282317491197904058e-01
7.541058955400068431e-01
9.471889610416490690e-01
8.974564212818098019e-01
9.004038180100398803e-01
7.360106142051300315e-01
8.670197570758454431e-01
6.608591062647550807e-01
7.794954060244859706e-01
8.779603977614930388e-01
6.876758735076544671e-01
8.290214117909383562e-01
8.193124144076342485e-01
7.420640928197242969e-01
7.862656662414113651e-01
5.676296000361849003e-01
5.684569109286783384e-01
7.648619855638220111e-01
8.540520458023825867e-01
8.487103487138730751e-01
8.151320324106561266e-01
7.280944359929725218e-01
6.842730109294035135e-01
8.462353501375258213e-01
8.348962441665656042e-01
5.940826973518777976e-01
6.515254218730106572e-01
6.841031507241198684e-01
9.407346694172915580e-01
6.516069452279898977e-01
7.816167838828610437e-01
7.363045118813176249e-01
8.935654549498058818e-01
8.382661692305092282e-01
7.553345321082995945e-01
6.512594308056541825e-01
8.412561438073687947e-01
8.059902792065891663e-01
7.166202549422585610e-01
8.063017825118816706e-01
6.921867842375108992e-01
4.956144276112851577e-01
7.998040319607827575e-01
8.387631070984797876e-01
8.059902792065891663e-01
9.524452033098841364e-01
7.913288151613480093e-01
8.267375026705656715e-01
7.981241955575008040e-01
8.721032274643608639e-01
8.801042575110582522e-01
7.832186277863846247e-01
7.673778947912536230e-01
7.955208482360183186e-01
8.435588878875507346e-01
8.441477025737679218e-01
7.682279313533817433e-01
7.911726906699050321e-01
8.030433197100611542e-01
7.045749422613101220e-01
5.642656062240906101e-01
8.157652377082947881e-01
8.234372748503098194e-01
5.348535369747723367e-01
8.280485758324872547e-01
9.551177040001996854e-01
6.913783691944992427e-01
8.445125325772447900e-01
8.832971147736550233e-01
6.847909125946000097e-01
8.622532518445586991e-01
8.539250074524182832e-01
5.181213394222055069e-01
7.564286343422224057e-01
8.507292158703838592e-01
8.209471712991356362e-01
6.668586343217467460e-01
7.799355331944884950e-01
8.850910671103249250e-01
8.088034982514591409e-01
9.162730736914961316e-01
7.786833942704923794e-01
7.973273579806602340e-01
7.942209631984454843e-01
7.908702471739359474e-01
7.523949596165813158e-01
7.898357159315430032e-01
7.031147951988669931e-01
8.525654687967495482e-01
8.463244266008704830e-01
7.707483668599421911e-01
8.418769183752803364e-01
7.761010357993395337e-01
7.590796819093663661e-01
8.316269005470356968e-01
8.508523036352927393e-01
8.564326387940073282e-01
8.686948697163041633e-01
5.987419493180015095e-01
8.757562513475358745e-01
6.851122812946311980e-01
8.135758777470604164e-01
8.028544958706275159e-01
7.215383262713396251e-01
7.635538388546876387e-01
7.724133689648399193e-01
8.587991664266286795e-01
8.565543187129577296e-01
7.913222526378186350e-01
8.027880103754423402e-01
8.697679087404083242e-01
7.516888893270896599e-01
8.830814663998823866e-01
9.379440182048039976e-01
8.216923488818257404e-01
9.341948320128570238e-01
6.888355175085473237e-01
7.059622861377341518e-01
6.251651109390075067e-01
8.390302497765993461e-01
7.772230728596446481e-01
8.033997764493928662e-01
8.191001962807055170e-01
4.970555307962815084e-01
7.708609414790348335e-01
7.826309372354331995e-01
7.965786285153582114e-01
8.267400638872224317e-01
6.742034970758545853e-01
5.067217958988317061e-01
5.816176193111103343e-01
7.277084192376931382e-01
7.861294928249233926e-01
7.874820100287671654e-01
7.497609707945125379e-01
7.872796056616668814e-01
7.056889608293919203e-01
9.424382504832126140e-01
8.271564986010714327e-01
6.188063689875697992e-01
9.440825003142984118e-01
8.254055025237769794e-01
7.923511468362260945e-01
7.240797162773106033e-01
8.481997301541217560e-01
8.503926767774822038e-01
7.990352891892366083e-01
7.945217036411722500e-01
6.412835676841350807e-01
6.659553416383041657e-01
7.507069244364055205e-01
8.063517659274327398e-01
7.429688228512265624e-01
7.279909265924027206e-01
8.173356347150170231e-01
7.827511044857987654e-01
6.771757869289539711e-01
8.293810473183098608e-01
7.964298325564057590e-01
8.290390934818600011e-01
7.319362234200950112e-01
7.924605652193480454e-01
8.120916566751714694e-01
7.741937917900489907e-01
8.668402609692806848e-01
8.545810980194221695e-01
8.535717133038331905e-01
9.069429081060064179e-01
7.945349522863838221e-01
7.944659977376459237e-01
8.814853211170058378e-01
6.378973456879524218e-01
8.992259832769083916e-01
7.433791584183432333e-01
8.332831903741030333e-01
7.351573987719213221e-01
7.557377526964785819e-01
8.017209647833359876e-01
7.850687245171338313e-01
8.017986051028019867e-01
8.668908198176995539e-01
7.766912042684703810e-01
6.168372429610970986e-01
9.505208333333333703e-01
8.274529347917389810e-01
5.297223816011246145e-01
7.998799858809589880e-01
7.579409444906579640e-01
7.860855099914493271e-01
8.357071052577231818e-01
7.775838457174073515e-01
6.925309730774471539e-01
6.308166153779414254e-01
8.537264991420864257e-01
7.473583958950483774e-01
7.442118591645103809e-01
7.923624762008476541e-01
7.929031359372138432e-01
5.992987873947659416e-01
8.204314593090686891e-01
7.242662204152784389e-01
6.580388882860866984e-01
8.937479550837575948e-01
6.458719014559194393e-01
7.859681686726486260e-01
7.045749422613101220e-01
8.903027677713405419e-01
8.300352070270763383e-01
7.587190426372431018e-01
8.493268860875915482e-01
8.392170625584945975e-01
7.870182997838043315e-01
5.425883819481397419e-01
8.550365344955287439e-01
8.174866387951403857e-01
8.999677488426520711e-01
7.569111792167787511e-01
6.724741031904671873e-01
6.962023889093004181e-01
8.131174370653968531e-01
7.387808457962388164e-01
8.425722249978414569e-01
8.426905403616907764e-01
8.856583350140296851e-01
6.575630959951344057e-01
7.297058505782922921e-01
7.956246412957823644e-01
8.945177173887881583e-01
9.011568057790979580e-01
7.671102852225556434e-01
7.244549379088242036e-01
8.347947270477101833e-01
8.829330347758637121e-01
8.853851499871389086e-01
7.666235471794751177e-01
8.277874961360131012e-01
8.944644864226403147e-01
6.444383071921336859e-01
9.558921581986018490e-01
8.731384898956744411e-01
8.936885115104136190e-01
7.118373227498582256e-01
7.714553481080580477e-01
7.615155107908242460e-01
6.378129142926235451e-01
7.752355117490936642e-01
6.163488717974221487e-01
7.589841500327910717e-01
6.777731756305060973e-01
8.961520589866637243e-01
4.044473969596528717e-01
7.860505018188860271e-01
8.875366780181617177e-01
9.746305302969587858e-01
7.705966023589553293e-01
6.365569655420615369e-01
9.382474384981965843e-01
8.052466278364718288e-01
8.688751703184980357e-01
8.876395568852882834e-01
8.474746405376268887e-01
4.827984828537703610e-01
6.816394746152842909e-01
8.029543159713193878e-01
7.826101513112152519e-01
7.153420504797879387e-01
8.939309932371429790e-01
8.223178322125457296e-01
7.255120123850598013e-01
7.546388256066844935e-01
7.469586685379546731e-01
7.716132319276670648e-01
8.228632902240001767e-01
7.893437568077911193e-01
7.665372577378155583e-01
7.736338931561252963e-01
8.386447564263775911e-01
8.159316444350971365e-01
7.894847150994608320e-01
7.618095953205353821e-01
8.256338278762059835e-01
7.936551406160000655e-01
6.909461279278685808e-01
7.800089058261774344e-01
6.290254751105379682e-01
9.789461258330419691e-01
6.529279621222403573e-01
7.162344316866016136e-01
7.285823479807215231e-01
6.676383131155930739e-01
8.311840401085278662e-01
8.604604793919359285e-01
9.837555847783867602e-01
7.931177862068802265e-01
5.730314132413829586e-01
7.692214407020386835e-01
6.159133780047495454e-01
9.176334449884863131e-01
9.381323043362462810e-01
6.827346282179700410e-01
6.813082536883636742e-01
7.906122767939934848e-01
7.547380221450225024e-01
6.717519852006099690e-01
7.996372042973378669e-01
5.794719085055900498e-01
6.089587737509273291e-01
7.996920658806360160e-01
7.730206700641094608e-01
8.872739268200059426e-01
7.974619849108541825e-01
8.401079550708367982e-01
8.044030482415757133e-01
7.960549462053482239e-01
5.361365979495092970e-01
7.489764954302455813e-01
7.559932346971843797e-01
7.018976221531513238e-01
8.325719447358798098e-01
8.197267650449754361e-01
7.566827593488874015e-01
8.764077009044070055e-01
7.823737416927634136e-01
8.656515204379436890e-01
6.427019654138771410e-01
8.463488594600881987e-01
7.128186475115055876e-01
7.800089058261774344e-01
7.846865796461569564e-01
8.241827212765564514e-01
9.316115305045084005e-01
7.337155251338209894e-01
4.320851344590492249e-01
5.992282352447882987e-01
7.427703346949724450e-01
7.695837248813838238e-01
7.996371575222233075e-01
7.792934131553990174e-01
8.053894963261480910e-01
6.637763410034409617e-01
6.974714751909633081e-01
8.439855003927676513e-01
8.266489595054256068e-01
7.233085590477658089e-01
6.860834817053889090e-01
8.216923488818257404e-01
5.612221581669439852e-01
4.137605231795369876e-01
8.671174887008672449e-01
8.141086228248439749e-01
8.242772782163613199e-01
8.174213573955724232e-01
8.872739268200059426e-01
8.410620164165344415e-01
8.389089051131431996e-01
7.471685388999136368e-01
8.667923578574494581e-01
7.098048823850214850e-01
7.406494469617082022e-01
7.651757894431548968e-01
8.247826657636472270e-01
8.178458668329006143e-01
8.005076807532669481e-01
7.981120671651404930e-01
7.653764246541611138e-01
8.521985881712961231e-01
8.037250983296280182e-01
8.152528629063532373e-01
8.181017877377662062e-01
6.376778071410672544e-01
9.607796908761850885e-01
5.919004635643038137e-01
8.184742437462916298e-01
8.495009103594711730e-01
8.118251793066117994e-01
8.997363399324332933e-01
6.982838260035366673e-01
8.270536350898461952e-01
7.579914292667212505e-01
9.353430647846132651e-01
5.064788658368873930e-01
9.008426075877025152e-01
7.718805492474264396e-01
9.523148800659066993e-01
8.487442522770854980e-01
8.961954479599186785e-01
6.724741031904671873e-01
9.922626415263257060e-01
8.180274445888934265e-01
7.098048823850214850e-01
7.839803431218499430e-01
7.077018471872970062e-01
6.960449009145549537e-01
7.942627741420597021e-01
7.696385415291032706e-01
8.691300042894896105e-01
8.758868792315142038e-01
6.090078477299282200e-01
7.360224044353768091e-01
5.540223799347555600e-01
4.683195059282073691e-01
9.215129662431063018e-01
8.027880103754423402e-01
8.012831041776226071e-01
6.898982641679168859e-01
8.242654249264109723e-01
7.052097755921286071e-01
8.014544778036079009e-01
7.656342592323204244e-01
9.133146086949771592e-01
7.062225245647072436e-01
6.863953451219884094e-01
9.405490263946428842e-01
6.403496440657344690e-01
6.452740745442540060e-01
7.689110501995306546e-01
7.882933004966654611e-01
9.573261487173659878e-01
8.233700372058819772e-01
8.231686799816735345e-01
7.561368227191560543e-01
8.209868115529993515e-01
8.669911373380715380e-01
7.373204236658138511e-01
8.434483570656763352e-01
7.717179088102416040e-01
7.534957994019296779e-01
9.050311372579962210e-01
8.403567048782197846e-01
6.139292318824847161e-01
6.135631690718024167e-01
8.253307171024607536e-01
8.114406188101628281e-01
8.920992166670523860e-01
8.009261564768631603e-01
9.079064400789744749e-01
6.245853416803550662e-01
8.855236159371144833e-01
7.818140332757486100e-01
7.173960329252038193e-01
8.032315476479182648e-01
7.178210934323393522e-01
8.841682979342262438e-01
7.840268151669652630e-01
7.002947602425266815e-01
7.942518279301453710e-01
5.580276230016542049e-01
8.855508107764584746e-01
7.407107771047762856e-01
8.462693194672289421e-01
7.264586598858794320e-01
7.264062232035084499e-01
8.777926402251644555e-01
8.276216368658744216e-01
8.192866081295675507e-01
9.217154707409167536e-01
9.809647135065280299e-01
4.827984828537703610e-01
7.819910380097542246e-01
5.941233964290713043e-01
5.362040654775031001e-01
7.687259410778647384e-01
8.376604745760318771e-01
7.103415267264692190e-01
8.848963854389021444e-01
6.034483527052321161e-01
6.912917978476416092e-01
6.922888280180972131e-01
5.485932764753941315e-01
7.359836982360861146e-01
7.778399544091253448e-01
6.804160074195013674e-01
6.042600067481347370e-01
9.681411326706130804e-01
8.573921468308344229e-01
7.630589733022011822e-01
6.619596039888874239e-01
8.597776306500920507e-01
8.837081163111769611e-01
6.988927068379150453e-01
7.045309411779354658e-01
8.883941730431418327e-01
8.293072087224263589e-01
7.614811116655694212e-01
6.734197426290450261e-01
5.138976781171014085e-01
7.437732635180340779e-01
8.627023431610634230e-01
7.132430408404307753e-01
6.880057269802482001e-01
8.292399521132096663e-01
8.534195316372087392e-01
7.050632648117619583e-01
8.205309361515266131e-01
8.230296196099132766e-01
8.328452616012794740e-01
6.670575810814449724e-01
7.993841192092113745e-01
8.208808125973880987e-01
7.775393517164033153e-01
8.465060171861275018e-01
8.306934009705807531e-01
6.609522851513440767e-01
6.824479488557733120e-01
6.895007984593854999e-01
7.049093123350789192e-01
6.802926925566377125e-01
7.521908619315019751e-01
7.971883161833176468e-01
7.684288049378331653e-01
7.113048879162175986e-01
6.799490268657389924e-01
6.331510411946675854e-01
9.889641543756650943e-01
5.560364075827475272e-01
9.867806502113325440e-01
7.986302925367063654e-01
8.698786660010314753e-01
7.754073019937596234e-01
8.770409463427449870e-01
7.851517789121812418e-01
7.714391414221353216e-01
8.737267544849832701e-01
8.406235265932370249e-01
8.259336357388854521e-01
8.200636106343622833e-01
6.453701986732232054e-01
7.947237754240334962e-01
8.085433483427204582e-01
6.353009076572112557e-01
7.623344132960293562e-01
7.117952452148431641e-01
7.378520317123334893e-01
7.855462832527834172e-01
8.278174241801682376e-01
7.258880892741444990e-01
7.820636379474822375e-01
7.257670556927030558e-01
8.233248298111840446e-01
7.774693019438472241e-01
7.770212184569335045e-01
7.931400542632724981e-01
8.713928038959851685e-01
7.268076019311487945e-01
7.076799721015634148e-01
7.090594002370866900e-01
7.027831875688109742e-01
8.293736304386651881e-01
9.739489374618469641e-01
8.035468136904060366e-01
8.145514119625985039e-01
8.986081956913410940e-01
9.092859403443694921e-01
6.842602576196219477e-01
7.330157529665232152e-01
8.797782834334854085e-01
8.640632118296897035e-01
7.724321788015865442e-01
8.314356573019351382e-01
8.623209132477115402e-01
8.429526767254215125e-01
8.254780731733448729e-01
6.732249956071123531e-01
8.459420311393580638e-01
6.353322343651904847e-01
7.766433104233029239e-01
6.033807770622142685e-01
7.045278450696699224e-01
9.050752454033512695e-01
8.032251135161190270e-01
7.638737589000420547e-01
6.304962124588795458e-01
7.158006350289075614e-01
7.918729950977916321e-01
8.252406289525369143e-01
7.458876285728496258e-01
8.811682450413078627e-01
9.568292923211803025e-01
8.106260393901111305e-01
7.245110990879967128e-01
6.433665662108191130e-01
5.846509945846021239e-01
6.961097366855439894e-01
7.474329798307342010e-01
8.121452902738955926e-01
8.058936025428856675e-01
7.395546633718018681e-01
9.731289153833366790e-01
7.568359142342763191e-01
8.176548852050352645e-01
5.345457322920481591e-01
6.505002972610043344e-01
9.384779039146411428e-01
7.233897443283792139e-01
7.313492101230454345e-01
8.715713905555327878e-01
9.863337831955850676e-01
6.675587751415641424e-01
9.484817728402172854e-01
7.420209069384680056e-01
7.975201578511732503e-01
8.097154463518553280e-01
8.017130137840703386e-01
8.380112079549506543e-01
8.355001043213958756e-01
8.000005081709445909e-01
8.906945380213879826e-01
5.527504508360662205e-01
7.633900667216366731e-01
8.034051510613595681e-01
9.215300753321040705e-01
7.864141630921871462e-01
7.843572163586489676e-01
5.795455813657188759e-01
6.230531430406538451e-01
9.426548053934269422e-01
7.940956941540968650e-01
7.920438057046508273e-01
7.834614493849593186e-01
8.747835263281824592e-01
8.314568178053044489e-01
9.709518272747009737e-01
7.958513052588681580e-01
7.335321771267003799e-01
5.959790299420129056e-01
9.625161173315470720e-01
9.084281535513685224e-01
7.866285416975671296e-01
8.046285857061022950e-01
9.305331914438782492e-01
7.148720887240536115e-01
6.514243706740938666e-01
8.495418507695406962e-01
7.343736182093815179e-01
8.724847480603088457e-01
8.124792273235669215e-01
7.783590901430313957e-01
7.700396746400508530e-01
8.521390654814164911e-01
9.890046296296296502e-01
8.884789091805340711e-01
8.766747226761834044e-01
8.454235205598000791e-01
9.898726851851852304e-01
6.190195717055768654e-01
7.175056990458859030e-01
4.214488393763754503e-01
8.555097656997496802e-01
8.997363399324332933e-01
7.999753639435811525e-01
7.206234206588476576e-01
8.323076349616724823e-01
8.159488964936192357e-01
6.254892089230607022e-01
7.768564352507840720e-01
8.927597700446538997e-01
7.735369339697274471e-01
8.482474063011424814e-01
7.997042835158003626e-01
6.042102590680802354e-01
7.404795178996148586e-01
9.673671508683882037e-01
7.892951946981932032e-01
6.906390802578193933e-01
9.086229627295049349e-01
7.508241068914104366e-01
8.284877287517062872e-01
8.383897896374635783e-01
7.793846149860002015e-01
9.057082045716842167e-01
7.615829293755171925e-01
7.147540758571084840e-01
8.302402727240406621e-01
6.922607769489238505e-01
7.841440091539634283e-01
6.675828284807107105e-01
7.922949439291240292e-01
6.987926845462235637e-01
8.603270431102622018e-01
7.329148084131859031e-01
8.105448160018183801e-01
7.113582630055821365e-01
6.738462326541553304e-01
7.789820616634959283e-01
7.240131697322471638e-01
8.702659412974628195e-01
7.602707326352151629e-01
7.181540369925796252e-01
6.170279156646907293e-01
7.999881183458473766e-01
8.361301033611995281e-01
8.907820743982408640e-01
7.418225831288732808e-01
6.585710361764265386e-01
7.945217535645394680e-01
7.843875652304341806e-01
7.868047954251777831e-01
7.819368291889723377e-01
9.260742766408982529e-01
8.552171193792490467e-01
8.058012292660017284e-01
9.629074180735200938e-01
9.327385855411440829e-01
4.862680703975713059e-01
8.018573049999336844e-01
7.688362603171884357e-01
7.129470517337553881e-01
7.404959413439696769e-01
9.472080999738936580e-01
9.010050806268019574e-01
7.549169026236836055e-01
7.935471561418327990e-01
8.425295785764984613e-01
6.338936036101678884e-01
8.373206655121573361e-01
8.701867149247450861e-01
8.062803930387607565e-01
7.402792992116961068e-01
8.479252774088874567e-01
7.324975486970779492e-01
9.139914885946130996e-01
8.429294876094501898e-01
8.888479159008483288e-01
7.993327968601590117e-01
7.840554323799241443e-01
8.578412082801926131e-01
6.959045352753516767e-01
6.864973382201375873e-01
6.897865179942547220e-01
8.402932564528743375e-01
7.467879783875560618e-01
7.057267189519033090e-01
9.388678654890851849e-01
8.407191630132782034e-01
7.302438956088658228e-01
6.768274190672634028e-01
5.431760492002415397e-01
8.319316687309986635e-01
7.434083805628298736e-01
7.447157889970591471e-01
6.755395566933966034e-01
8.195503495033379382e-01
9.083898441294834258e-01
8.646436905850916066e-01
8.295465171796625459e-01
7.751064284665769577e-01
6.647238295907420547e-01
8.105448160018183801e-01
8.205170101046946884e-01
8.291883548753610222e-01
7.821747718204770106e-01
9.169670024185139212e-01
7.056254634535330528e-01
8.451514721294771659e-01
8.056395031493082115e-01
8.894770978609652934e-01
8.096927081423304084e-01
7.404959413439696769e-01
6.900845659092055273e-01
7.958046244265467584e-01
6.915412442790683789e-01
8.413674749216590865e-01
7.452952511360950716e-01
6.359151222755454747e-01
9.735069942371084029e-01
5.408563154900185577e-01
7.213678743986861042e-01
9.670271239295128440e-01
8.246516858277090911e-01
9.917262589473430090e-01
7.772266073853137947e-01
8.295531010186650844e-01
8.963993668104197621e-01
8.646526711804665144e-01
7.507913082058716991e-01
3.483900586377929320e-01
9.079837798633414447e-01
7.795976502293522348e-01
7.385253018924462509e-01
7.909572717743990067e-01
8.316716230883622885e-01
7.699428220532026357e-01
7.437590676794337829e-01
7.720066203268559635e-01
8.171240506839780871e-01
8.316010029417835181e-01
7.882003843620323247e-01
9.008200190635849980e-01
7.466876094176736478e-01
8.602855089301884028e-01
5.361365979495092970e-01
8.289549609051328760e-01
8.143765432335189347e-01
7.172025415074266830e-01
7.225392707145195104e-01
7.911353203755382424e-01
8.476539761755159663e-01
8.611405836141088344e-01
5.636753825711415811e-01
8.334271054279206448e-01
8.550730761058972229e-01
8.997298545350523868e-01
7.702280947093255170e-01
6.227398884249648603e-01
8.053263720729525454e-01
8.187624300280856859e-01
8.474065202686481557e-01
7.657655520674722105e-01
7.923957241910297711e-01
9.026629246445626586e-01
8.429469356034460237e-01
8.259924874870773204e-01
7.660950883308860204e-01
8.542968657176212011e-01
8.148062804863951403e-01
9.165726596473221521e-01
7.686527546741211969e-01
7.703745671919359772e-01
8.647990636628867245e-01
7.209502735295982845e-01
7.982232153977673050e-01
8.717450227345410196e-01
8.740017203870013018e-01
5.313569236555568676e-01
8.803896948519985832e-01
7.464385628562941744e-01
8.573127592012090847e-01
8.248220240855137497e-01
6.902542494676932039e-01
7.424410137831701784e-01
7.516495302850039195e-01
8.572383506375430562e-01
6.106701620984282819e-01
7.829177061240969460e-01
8.330528298435142531e-01
6.777518235069546204e-01
7.345464290922824047e-01
6.651256079969450896e-01
7.930218879593832204e-01
8.468917616029802975e-01
7.256087015323389178e-01
7.781985411164710209e-01
8.451514721294771659e-01
7.916511784104074412e-01
7.664223672763977868e-01
7.572923550756016642e-01
8.809473660090481051e-01
