8.814016661355780213e-01
5.615408288219461141e-01
8.068688197607585266e-01
6.791075960547202639e-01
8.274336922793033011e-01
9.444359857018309601e-01
7.675971111708670414e-01
9.371508401432943058e-01
7.488877314638416882e-01
7.744756668227066321e-01
8.885623121574058869e-01
6.668586343217467460e-01
8.784787119608445938e-01
7.128974317109251224e-01
8.630119994615963464e-01
7.354018791565366531e-01
7.858746977797248512e-01
8.299076022849549705e-01
7.423715073476427895e-01
8.413811791313160482e-01
8.128202547009143464e-01
7.660976296795289908e-01
6.230764805828196140e-01
9.627484412742410846e-01
7.742076000202495756e-01
7.453458533277516063e-01
9.685845253723280868e-01
9.293821549737052434e-01
9.933449074074074403e-01
8.181415002633012357e-01
6.026926955675291353e-01
8.599272095420498196e-01
7.736055538867390169e-01
8.021021380944833856e-01
7.341098309860175641e-01
8.682790650879633754e-01
6.745854139254120474e-01
9.363473174633852869e-01
7.873285520038539875e-01
8.253578628296448505e-01
7.253613712569519922e-01
6.978042066381665576e-01
7.555889258518595497e-01
9.079963302945687209e-01
7.438827849545393001e-01
9.521591223218432987e-01
8.019663960008077686e-01
7.589728728342028941e-01
8.542460764571481180e-01
8.015055410408559178e-01
8.038534005624349277e-01
8.003904192932107531e-01
8.761769059034446583e-01
8.619491339330438429e-01
8.230701229037593603e-01
7.932712940760443532e-01
6.995630942952112408e-01
7.999130417722097874e-01
5.639725474619211587e-01
6.637867911056922754e-01
8.662378871203759712e-01
7.800124793444340732e-01
7.689110501995306546e-01
7.811289376208581103e-01
7.471013336201520749e-01
8.527396530833160071e-01
7.637551280254557540e-01
7.630608109619216872e-01
8.050201877032311382e-01
7.612286161596382161e-01
5.809194849167975683e-01
7.001136816948326791e-01
8.595993489814734989e-01
6.106701620984282819e-01
7.721576642340443053e-01
7.984350534110592479e-01
9.245073360901839843e-01
9.113570401547305133e-01
7.671586576778925970e-01
7.764458973265145891e-01
8.014401621821500843e-01
7.048000588057430349e-01
8.535274288795698938e-01
9.495557225147118752e-01
8.349873113383814438e-01
6.827205866924787037e-01
7.546777459007161237e-01
7.783539689034346676e-01
6.669211992467922734e-01
7.946355016568510399e-01
7.551908434247095459e-01
8.702916423737953044e-01
6.125272329766083823e-01
8.357901040030863982e-01
7.689427889619566692e-01
7.828183482983971375e-01
7.991386896949043139e-01
7.648619855638220111e-01
7.230435978758683602e-01
9.068287037037037202e-01
7.617723997197662911e-01
8.477921796400716969e-01
7.315450099484994695e-01
8.005096843235912640e-01
8.491366050005599853e-01
7.774693019438472241e-01
7.857081274678034966e-01
8.682870443813810457e-01
7.536547534832295225e-01
7.755363576069419507e-01
5.846509945846021239e-01
8.406527308674762722e-01
7.378763641562653408e-01
7.977759109766705548e-01
8.163674641954813405e-01
8.173871181774551298e-01
8.885732602441273054e-01
8.141207213847158064e-01
6.388242314050230908e-01
7.938365847917637774e-01
8.734485828200441171e-01
7.745751167883783150e-01
6.581791104322574082e-01
8.642488574105855470e-01
8.529248874493547961e-01
8.198428557443003806e-01
8.557462177954526794e-01
8.049668769940580004e-01
8.888764544610733287e-01
8.270403233048919667e-01
9.437637940452238139e-01
6.078446881456447404e-01
8.344596554450431913e-01
6.790646341639744454e-01
7.474770554862527616e-01
6.798919843466609825e-01
9.074255668371902228e-01
7.767219826528857229e-01
6.675587751415641424e-01
8.407665161904217532e-01
7.493665209703701535e-01
7.218350461654520211e-01
8.882459934614602703e-01
6.506795615225040574e-01
7.961314893054186603e-01
9.835069444444444198e-01
8.946929047534190049e-01
7.297058505782922921e-01
7.429983081657433042e-01
7.534491581239576297e-01
8.056875767906613861e-01
7.474843223565180717e-01
9.396230862762579017e-01
8.296913082257558747e-01
9.625161173315470720e-01
7.670726173489080812e-01
6.471883123610503441e-01
7.800966565928322272e-01
8.334571447331592386e-01
8.126701778170307700e-01
8.531982226534341462e-01
7.805615043756418681e-01
7.415634883234952790e-01
7.685663726852786093e-01
8.460700767718183357e-01
3.536904895129566184e-01
7.552213938355827327e-01
8.129921317919021062e-01
8.077210443851621235e-01
7.184553608405889191e-01
7.667080440207959535e-01
8.044030482415757133e-01
7.126725137609825067e-01
8.533948653967650122e-01
9.490276735743944370e-01
7.625206382325386834e-01
5.872936429386665935e-01
4.136454643091853622e-01
8.599997308671289975e-01
8.613503099988893963e-01
8.301193444253625042e-01
9.434314366342583247e-01
5.796557322701824111e-01
8.077933622211062037e-01
8.140974067987203355e-01
7.629966080921983806e-01
7.722497094577246424e-01
7.696385415291032706e-01
5.309360518125599837e-01
7.469021420828586555e-01
7.644039084443372545e-01
9.313754528222650819e-01
7.863743168182287802e-01
8.634687527170502586e-01
6.385386244382587062e-01
7.857689206653453162e-01
7.647631501626486195e-01
7.976009908009397131e-01
7.869466914797871304e-01
7.665155272207060388e-01
6.970345329326953498e-01
8.022434187949925022e-01
7.880510612768505396e-01
7.271855380846550254e-01
6.149939432297234498e-01
6.732796737975782486e-01
6.860834817053889090e-01
8.173135271868554597e-01
8.791862168598117977e-01
8.255158844746263158e-01
9.711059700421448282e-01
7.335720004167929353e-01
5.188329093866167474e-01
7.738801157530633690e-01
7.330501766231565242e-01
4.469647108841282024e-01
8.005096843235912640e-01
6.776099100502189776e-01
8.020642048597025342e-01
8.183061281024980316e-01
3.879146200813742285e-01
6.885383973638523614e-01
7.783408625352364885e-01
8.368940430882879644e-01
6.784788768200442632e-01
8.263293546013047441e-01
6.850555781960068202e-01
8.936211231686163048e-01
7.031147951988669931e-01
8.004783854436119395e-01
7.239740991956133964e-01
8.798099858984775867e-01
9.420126726465523070e-01
6.278194845323659123e-01
4.635279226782110240e-01
8.427800262944109555e-01
8.516938534827334095e-01
5.285010768828014571e-01
9.036946062239259447e-01
8.675503822925212383e-01
8.185149897134349484e-01
7.894637024097077571e-01
8.495120333442663929e-01
7.864796922189735140e-01
4.320851344590492249e-01
7.461711097771489554e-01
8.121697467887843969e-01
8.975519381274901232e-01
7.518241142237925834e-01
9.087388755509188121e-01
8.115585683686912244e-01
5.764721787176040335e-01
7.121609812378241200e-01
8.963628249823499816e-01
7.659042340230560741e-01
8.300297172393836798e-01
8.404057080901251586e-01
8.010477306429759636e-01
7.403300235931211670e-01
8.005224703790572161e-01
5.374475540445093902e-01
9.017908471329868503e-01
9.201380406232921860e-01
5.652832054835965625e-01
7.356899260264684326e-01
7.468040922345429156e-01
6.365357768891933832e-01
8.467613317846189869e-01
4.633269067873365676e-01
7.241331713373514445e-01
7.063047290665187550e-01
7.971585401953616978e-01
6.027889850590673060e-01
8.401273468801412347e-01
5.082263610409308852e-01
8.224317909707955510e-01
9.782986111111111605e-01
7.893240248964332739e-01
8.414828358095696181e-01
7.734828340628072674e-01
8.032035884458487152e-01
8.434884785051074418e-01
8.634060226278722494e-01
7.818696133741142029e-01
7.583289712691471118e-01
6.452620358454571603e-01
7.463174496014731707e-01
7.718604952722970536e-01
8.325526852736457872e-01
8.552369376139147272e-01
7.857336750363304034e-01
7.201142322445351907e-01
8.150589491986577340e-01
9.156193358240285463e-01
7.477109960631252994e-01
9.890952537816602996e-01
7.850810154039761235e-01
7.976976627875661530e-01
8.392888065155683641e-01
7.598177190251403923e-01
8.455738386404001439e-01
6.117416161273913078e-01
7.234264440426904086e-01
5.267510836886314385e-01
8.902225714008479285e-01
8.302336709997240050e-01
6.481533043461696897e-01
7.177852991334663368e-01
7.421783654702619470e-01
5.582350529965828256e-01
8.163599405853703139e-01
7.685967901921888501e-01
6.984639842532447407e-01
7.264407127093808203e-01
8.322265854674337771e-01
8.019491759046329937e-01
7.817020946141980398e-01
5.794719085055900498e-01
6.771643024394102817e-01
7.673728126694143725e-01
6.978618906017490797e-01
7.896514652396023903e-01
9.230803602414675568e-01
7.845538683245786293e-01
8.668402609692806848e-01
9.149353568848883622e-01
7.897393460273417487e-01
8.741174036637514577e-01
7.720879785154407537e-01
8.315979362159766630e-01
7.589735098513347156e-01
9.427310421612459246e-01
7.027090020255752911e-01
7.735156332528757561e-01
7.746738706980931255e-01
8.064906168373555673e-01
7.838355182085174899e-01
8.847650851148177731e-01
8.548194648901774606e-01
7.933239898563684278e-01
7.053099434330160067e-01
7.809387065294629560e-01
7.479446805352454319e-01
8.216186881498417360e-01
6.092784571648058867e-01
7.791713887422335727e-01
8.757174702956618262e-01
5.808227494910358502e-01
8.010999287224995768e-01
9.279246659743484171e-01
8.750992293283237355e-01
8.544103104380733615e-01
8.379518678571842294e-01
8.794920248422930520e-01
6.404941803488601870e-01
7.257567077189240878e-01
7.204309270482590621e-01
7.508723824975624961e-01
7.671938794456264477e-01
7.517315291432187241e-01
8.012026074788841656e-01
8.260007954631113369e-01
8.326110804867549176e-01
7.468174806774565688e-01
8.026728265442513166e-01
8.685893753726278144e-01
8.476281912273037067e-01
6.880057269802482001e-01
8.917228717684543282e-01
8.146151258125029493e-01
7.666229648066564817e-01
9.506931350522304092e-01
7.618832816921552453e-01
8.075212409031093941e-01
6.147125212221427049e-01
9.144489344898846239e-01
6.599557665135697970e-01
8.246757524110336357e-01
7.397185038765635712e-01
6.693709334134791966e-01
5.329360418075019812e-01
8.330464024756163433e-01
9.499224916321160617e-01
6.892798978143563904e-01
7.822692419292320842e-01
8.460648148148148806e-01
7.186080042262807943e-01
7.728791299680254356e-01
8.017778085512994313e-01
7.733321627455956859e-01
9.220506349804108437e-01
9.108355197743627230e-01
8.727067595050832516e-01
8.090284032814095694e-01
7.975166666942753446e-01
9.701061539284786539e-01
8.622266438633952035e-01
9.161214991774280225e-01
6.688836752720981327e-01
8.872443823207473157e-01
7.635943259223503254e-01
5.158503527654807463e-01
8.247826657636472270e-01
7.491662022056329029e-01
6.289924498777087480e-01
7.588653437598332774e-01
7.783480027916985788e-01
6.647589962886129022e-01
7.236520602155350756e-01
9.673671508683882037e-01
7.673275370699208509e-01
8.029592964689842294e-01
8.245488904413427189e-01
7.947041466469212390e-01
6.264467643785434081e-01
8.430904320131413776e-01
7.801705196134964826e-01
7.209385087238562306e-01
8.840280825902713246e-01
8.406527308674762722e-01
7.559779923594416307e-01
7.987215898875540399e-01
9.186138889822933473e-01
7.345555314857383777e-01
8.622044851745246374e-01
7.798377250495316382e-01
8.325526852736457872e-01
7.670435872854728387e-01
7.821387348391877214e-01
7.799437904685950773e-01
6.883768270689268887e-01
7.237354731200953406e-01
7.465586302693872911e-01
7.717224717856515648e-01
6.860834817053889090e-01
7.758454166970376598e-01
7.603504418747610849e-01
7.620752301503126436e-01
8.069665206178711081e-01
8.775972700552441275e-01
8.485564390984854377e-01
7.748033305558370554e-01
7.725075737410665999e-01
9.109264817769152645e-01
6.257321876639719838e-01
7.134753125788342309e-01
6.573625450832063510e-01
7.937739027164006922e-01
5.241960697115488621e-01
7.504762593823691708e-01
8.610302113205577923e-01
7.079186563032847657e-01
6.264367987625757417e-01
5.919834125610777820e-01
7.272216292398953064e-01
8.529416919435066635e-01
7.828586074448783405e-01
6.717683501707738536e-01
6.608830208469439471e-01
4.330704389864581394e-01
6.799490268657389924e-01
8.674452511414488809e-01
7.041311175592966931e-01
4.551312119554698499e-01
8.236330289739909327e-01
7.925024879301473257e-01
7.607472288758371226e-01
7.530992148774918737e-01
7.728062891888520802e-01
7.172430392849912240e-01
7.198054802238517125e-01
8.326865245538924709e-01
7.204704391678332653e-01
9.022914367068526342e-01
8.416002930974773033e-01
7.384919741881438293e-01
7.749682343263379902e-01
7.110462974621505339e-01
8.439387945679753811e-01
9.638780442512996371e-01
6.516912825035101609e-01
7.450517743317079944e-01
5.317999641123640764e-01
8.039609750565774871e-01
8.972441861961065745e-01
9.433032706995104766e-01
7.908176805281034172e-01
7.780730681296049722e-01
7.998377929552146215e-01
6.711796793344497747e-01
7.541267994494101901e-01
8.963538448801727787e-01
5.769436353723311761e-01
6.125021346746706286e-01
7.953356611681019483e-01
8.137990377475411430e-01
8.195308594942918301e-01
8.650651357546458309e-01
7.335308979483274872e-01
7.178716537298076572e-01
7.670652797867500983e-01
9.133427289599087562e-01
8.041631845734606987e-01
5.622195675412769988e-01
9.231857522963723417e-01
6.597505634016023190e-01
8.087220070164210517e-01
8.452745596042741116e-01
8.533948653967650122e-01
7.713912133231646262e-01
7.424808595181223714e-01
7.429361470795153854e-01
9.593637859626047426e-01
8.657611033198143735e-01
8.283771841426154081e-01
7.698214830448865120e-01
6.853724337545019640e-01
8.548034417116966432e-01
8.267433400317538705e-01
5.480268976217418375e-01
8.498461517682704969e-01
7.366532791775054489e-01
6.411263299811447158e-01
8.138922507699648534e-01
7.385958699267654026e-01
7.321004590325559391e-01
7.802189033043495092e-01
8.860643102877896471e-01
7.225378282653465156e-01
6.773825226586850379e-01
8.019104332180508887e-01
9.754596183437639345e-01
9.741376187432915223e-01
9.077553226653661822e-01
7.733329650586285853e-01
8.408447882004418394e-01
7.449862958986372963e-01
9.419311388716151701e-01
7.241196903184355937e-01
9.465573913137219630e-01
8.118643405474014196e-01
7.946098738994075150e-01
8.091454503035165891e-01
8.182739760939059526e-01
8.224609005142983209e-01
7.754600420581153619e-01
9.063677433453721788e-01
6.961543005132914130e-01
9.740572208329847381e-01
7.716348131305595937e-01
8.840601609873670608e-01
8.426668062731631492e-01
6.686520136011364634e-01
7.480369574063813198e-01
7.961705226776786271e-01
7.702300942608788503e-01
9.175621608988009381e-01
7.829459587654968855e-01
7.307092996911802585e-01
9.176334449884863131e-01
7.382178512067241183e-01
8.245171758045339860e-01
8.815082040472522751e-01
7.500480053733735719e-01
6.520862558476882009e-01
5.874468706024025266e-01
7.401056010477216063e-01
8.772335481486557285e-01
8.292652113741932896e-01
8.141862016593328644e-01
8.248762121133721426e-01
6.911206312210892433e-01
7.498480509933617144e-01
8.908963348587851661e-01
7.158006350289075614e-01
7.452847822144341716e-01
4.827984828537703610e-01
6.659553416383041657e-01
8.182840568283844540e-01
7.541889436279135550e-01
5.781701078267068583e-01
7.968807125932257929e-01
7.749945415678592964e-01
8.184655997117263881e-01
8.187333825248506169e-01
8.668103289767212782e-01
6.632527941940422611e-01
5.669156104167313304e-01
7.918571697201335358e-01
8.028351964582947087e-01
7.663800896115945394e-01
8.489916344171650753e-01
9.445911736888953358e-01
8.126985825041111999e-01
7.726723201664036367e-01
7.963077423948727862e-01
8.108064016182753297e-01
8.791331111883011751e-01
6.227231154937895585e-01
9.207562422339425900e-01
5.082263610409308852e-01
8.861883292585368554e-01
8.025334556828865873e-01
5.425498783766562472e-01
6.417995787402852592e-01
8.894844238446049101e-01
7.882712935113420638e-01
4.997919193745843369e-01
7.933675328721760955e-01
7.942339061698799885e-01
8.331665210638103947e-01
7.965199304652713641e-01
8.666033359066942499e-01
8.193531389679624688e-01
7.060927794054565609e-01
7.829283641748979727e-01
7.202104450967677929e-01
8.280641753221965606e-01
7.721098201648738391e-01
8.903027677713405419e-01
7.942627741420597021e-01
8.433484072928437714e-01
9.254575927717949568e-01
7.295271362037130114e-01
8.084119725797664913e-01
6.139351471577729757e-01
8.267400638872224317e-01
7.397699791029689331e-01
7.074736896567479505e-01
7.434639065487856913e-01
8.147571233407169267e-01
7.871725945845711170e-01
8.022778898240237044e-01
9.008619426294773858e-01
7.186080042262807943e-01
9.050694517934604333e-01
8.237581527067157072e-01
8.418769183752803364e-01
9.278274543332208912e-01
8.092949280179561056e-01
7.833469397269897661e-01
7.480369574063813198e-01
8.312847917051159330e-01
7.571133626569644948e-01
7.845538683245786293e-01
7.600105006329809232e-01
9.700810552754532967e-01
7.243154446622294129e-01
8.406527308674762722e-01
8.192106656930422393e-01
8.534231129369187485e-01
7.675971111708670414e-01
8.003595127745171123e-01
7.438895417576526503e-01
7.904454670465427268e-01
7.646438873063873265e-01
7.345521845819915630e-01
7.922207875399613908e-01
8.357178070560247196e-01
7.460978571778813517e-01
9.443391551456467026e-01
8.572383506375430562e-01
8.148282380070105413e-01
8.823234694148207602e-01
9.205312861213860165e-01
7.883629717865582309e-01
8.426668062731631492e-01
8.876980434122156982e-01
8.245983625669307537e-01
8.006290151400028421e-01
8.008208979215547529e-01
7.912226747133990212e-01
7.374407959887639974e-01
7.770775345426611525e-01
9.468945214369890451e-01
9.340832102522318436e-01
7.636613204623636797e-01
9.353585128290727857e-01
5.988782053374845926e-01
8.671696645314559415e-01
5.712909334492272118e-01
8.046355372925156901e-01
8.764040532724087784e-01
7.872008773014118610e-01
8.032975146014526002e-01
9.803014785636692263e-01
7.790065467117732734e-01
7.116300722381182498e-01
7.333176273434935943e-01
8.598361838976849025e-01
8.900894928477074419e-01
7.864127926370965138e-01
7.577057100230460973e-01
7.861929334363934041e-01
6.475054327055815850e-01
8.209773584054781415e-01
8.792330044880483086e-01
8.057956312632805762e-01
6.306321386035619314e-01
8.987693683307313997e-01
7.113509539978317697e-01
6.343445624698028640e-01
7.962757942335613182e-01
9.507167974938693922e-01
7.707036911788834876e-01
7.566241774699651312e-01
8.725248965813862112e-01
7.667354616185935168e-01
8.228806851570837910e-01
8.412052954458950627e-01
7.957004858414308268e-01
8.162377607364865728e-01
9.045091274483201271e-01
8.634299284992044132e-01
7.810033887481783177e-01
9.760838383485285208e-01
7.745715638210026732e-01
7.234252990925699178e-01
6.215644068026439095e-01
8.827770088566733175e-01
7.538946073976184881e-01
7.504346272917437055e-01
8.107812108285894492e-01
5.149113441612646058e-01
7.149996175638103635e-01
6.564951023063048119e-01
9.375064657188962869e-01
9.298088668472330731e-01
9.755852789269696679e-01
7.811668105394855566e-01
7.870045166805110792e-01
7.357827570766587444e-01
8.409211400348310939e-01
4.666810399431621237e-01
7.530949309384985524e-01
8.082201884717434837e-01
7.195091926163378337e-01
7.666571450620202066e-01
8.671875000000000000e-01
8.528299854534209246e-01
8.405513082425742910e-01
6.796263198107110881e-01
8.168764594712385474e-01
8.721912456122505874e-01
6.550729676367584853e-01
6.435240521047239648e-01
8.198874624469972838e-01
7.287333734316008282e-01
8.460648148148148806e-01
7.820193041323398875e-01
6.575630959951344057e-01
7.755243877007214071e-01
8.367981690785899485e-01
5.452741528163049800e-01
8.105214639970271806e-01
8.315090800987871011e-01
6.087587433130435821e-01
7.814573417033604530e-01
7.996372042973378669e-01
7.584243420141365544e-01
8.286277598886924167e-01
8.059941047669308967e-01
7.615027741191533472e-01
7.979502595030262269e-01
9.563590115360095512e-01
8.796624181500739548e-01
8.486285347264108658e-01
7.998025112153274163e-01
7.984843032733792700e-01
9.821737868482117717e-01
9.674414759507783401e-01
7.566945260527246919e-01
8.330979923254112629e-01
7.637882351800625580e-01
5.286226680968455494e-01
7.944809390397945537e-01
7.354503614735188322e-01
8.248406298064288045e-01
8.353824467698008904e-01
9.419311388716151701e-01
8.898908145224373456e-01
7.820891951578429202e-01
5.344629486821931286e-01
9.146320351977054175e-01
8.249687285183433527e-01
7.980938132613794034e-01
8.803896948519985832e-01
8.257087635624822397e-01
7.991008034420897799e-01
7.230547355430199108e-01
9.192660793117233275e-01
6.173484759645752051e-01
8.970264824189956299e-01
8.218394287958785682e-01
9.678047374708454997e-01
9.068287037037037202e-01
8.225704401374375196e-01
7.766912042684703810e-01
8.025459294031679347e-01
8.379437751290331748e-01
9.585948445179769406e-01
8.001746340804091195e-01
6.409821260012013022e-01
6.918915840563294450e-01
8.305665433033556644e-01
8.632798378357801061e-01
4.363369075416006493e-01
8.635253912603479964e-01
8.336942946350890393e-01
9.228828646850946171e-01
8.600469924064152449e-01
8.825380511122685734e-01
7.534256083209367461e-01
7.983947004333925568e-01
7.746858918226979807e-01
6.839499904184104251e-01
8.325699276537789073e-01
9.405845947535784735e-01
7.005889061485427449e-01
7.952775612497497981e-01
8.012331512640707976e-01
7.990352891892366083e-01
8.975255568925215588e-01
7.722497094577246424e-01
5.872304820756275578e-01
7.430372323630195508e-01
5.139022861554813915e-01
6.767726305291190680e-01
7.810499781247401963e-01
8.126654185555488574e-01
8.578921319567963666e-01
8.258267789770389333e-01
6.553604824086183278e-01
8.265164758456037264e-01
4.141029003536497166e-01
8.844677751317814307e-01
8.343439385657224205e-01
7.888970466897221590e-01
8.813970273309299497e-01
4.451827444499726893e-01
7.647814077261908539e-01
8.873558957914373657e-01
5.913206655341115558e-01
7.719438875236880326e-01
8.291781615599961297e-01
6.265550933968879743e-01
7.586417425466533970e-01
8.866345224418297200e-01
6.386195241458030303e-01
7.317397781890453423e-01
9.597584357729694871e-01
8.084705171771512378e-01
7.942841156331186259e-01
8.322383420878293192e-01
7.459475526443027915e-01
8.029541948767452419e-01
6.713090377856384405e-01
7.995608440519266225e-01
8.450344524259363332e-01
8.970264824189956299e-01
8.569084612257947819e-01
9.855027980468655802e-01
6.829700528483411137e-01
7.951051189078381931e-01
4.368150296418918388e-01
7.859016577132921233e-01
8.295531010186650844e-01
6.849933800768377434e-01
8.477128022674959018e-01
6.349526134853978876e-01
7.969250905397595730e-01
7.835112892190685407e-01
9.078997627246792046e-01
9.748991970474246704e-01
8.090874988798439915e-01
8.449238181628108135e-01
7.825890787658524861e-01
8.629730671736353109e-01
8.438110006748587022e-01
7.903241059817193159e-01
8.571469262871597161e-01
7.606825823640384066e-01
9.317299753300124499e-01
8.012958495966795436e-01
7.691085079489261567e-01
7.840554323799241443e-01
7.906596839437368685e-01
6.639870756543355679e-01
9.858065378490542541e-01
8.157827043913489229e-01
7.914499464125726025e-01
8.829495110176525108e-01
8.509535657451334778e-01
7.810336412021908759e-01
6.444539688331877292e-01
8.042204452160743866e-01
8.439387945679753811e-01
9.267585524664135876e-01
7.809607496092223489e-01
7.461784946426104348e-01
7.824809401027602584e-01
6.971156282857001729e-01
5.816176193111103343e-01
7.754211466375324768e-01
8.422558095287342450e-01
8.054379326226061009e-01
7.156190588979332023e-01
8.113666858480685917e-01
7.232979611817964560e-01
7.137820189019918882e-01
7.336487116236865003e-01
7.776618660113523429e-01
7.987518961330010159e-01
7.449575397583544367e-01
8.430904320131413776e-01
8.126950186645617302e-01
8.296156623713096812e-01
7.974196749941615536e-01
5.941233964290713043e-01
8.796675333559395016e-01
7.728293324455755009e-01
8.010956898546257587e-01
8.124103491139362809e-01
7.628697523999118379e-01
7.680556933644491213e-01
6.969099374199926311e-01
5.191438595077986218e-01
8.205770812803603320e-01
7.630096687544679623e-01
8.277874961360131012e-01
8.598005413484368642e-01
8.061861471244970989e-01
8.986778753920996454e-01
7.265550687359183524e-01
5.376295700063151717e-01
7.461711097771489554e-01
8.813406169376767352e-01
8.015398399303228505e-01
6.515890466302767248e-01
7.233358885820584394e-01
7.069037442115593262e-01
7.470817122594493043e-01
9.026881786482345849e-01
7.503450741346865405e-01
6.551949492769557626e-01
7.493375982303884797e-01
7.977971383283567475e-01
8.762973523511563556e-01
7.293953390229218625e-01
7.017614969828034344e-01
9.466340864031507207e-01
6.430405677774260198e-01
8.310593814743626462e-01
7.378526554315094632e-01
9.188299423765953211e-01
7.762462859704173379e-01
7.852860651515356505e-01
8.357379582069145441e-01
4.944817550014758978e-01
7.368389521033377187e-01
6.375505259780093192e-01
9.382071953070894033e-01
7.983040767495643841e-01
8.379987541846065646e-01
6.610494937853068631e-01
7.957228525579613798e-01
9.014533820969179434e-01
7.819603149565723665e-01
8.859216184445255493e-01
6.741989379665650484e-01
8.091454503035165891e-01
8.479862987098958360e-01
7.850845348601781515e-01
8.773694756724997879e-01
6.893637262928142828e-01
6.550829029960933969e-01
7.380863244977108328e-01
8.318566511056658674e-01
8.434918521141534509e-01
8.183638454377764049e-01
9.098750210498357527e-01
9.492977617213685937e-01
7.397627423654031809e-01
7.976564891748576525e-01
7.569545362796783472e-01
8.027349231573349675e-01
7.607082588884109819e-01
8.222011344599076121e-01
9.419604710444832163e-01
7.324259989971481088e-01
6.365903216141249876e-01
7.941392041299580873e-01
8.164573665147892845e-01
9.096356649246897241e-01
7.774693019438472241e-01
7.718696716564155125e-01
8.743451623160644059e-01
7.523111859449741479e-01
7.669030266613423574e-01
7.897910898404278957e-01
7.835086828723144547e-01
7.602762668257241341e-01
7.691060002400277318e-01
8.660925918895892028e-01
7.319110731412046267e-01
7.134753125788342309e-01
5.808227494910358502e-01
9.067155194700361465e-01
7.725612633683294206e-01
7.926545617124564069e-01
8.660925918895892028e-01
9.639117112537658461e-01
7.948181941548325691e-01
8.227117949321663959e-01
7.450614225528171541e-01
7.974121296810217085e-01
6.841450391424347410e-01
8.036244093142834721e-01
7.935349170482490777e-01
7.845529348143556181e-01
6.806979587590092917e-01
8.367437800235828504e-01
6.961097366855439894e-01
7.931177862068802265e-01
7.969025577721059461e-01
6.619596039888874239e-01
6.974545297951407763e-01
8.001160449021094134e-01
9.186138889822933473e-01
7.405401525999172341e-01
8.855052658940080201e-01
8.376507677918725303e-01
8.561882883390479204e-01
8.036974209803581237e-01
9.116390097028133077e-01
6.984165135490404408e-01
8.409276074282701074e-01
9.206377860239823852e-01
7.375168922449332198e-01
8.922047547436525727e-01
8.203881103834285149e-01
7.454326552488652613e-01
8.404221823224021781e-01
7.155360369281652533e-01
8.989649403603365840e-01
7.925362961733187772e-01
7.668230060022928063e-01
7.109641317929235038e-01
9.197784298599073205e-01
8.017130137840703386e-01
7.885174824668379490e-01
5.494753953981162953e-01
8.364648554236449041e-01
8.475790089111588932e-01
8.917079153496548782e-01
9.067155194700361465e-01
8.292360961616269677e-01
8.455647621430414373e-01
9.352229232915841850e-01
9.326563055953018821e-01
8.132556404427853103e-01
6.124369606834043633e-01
7.063047290665187550e-01
8.315943163334422739e-01
7.498480509933617144e-01
9.426028021441112958e-01
7.706950065577322651e-01
7.584243420141365544e-01
6.297236231677501017e-01
5.973205013656738283e-01
8.023533012209536075e-01
8.789882411368622472e-01
5.812252921896345903e-01
8.682279774628095526e-01
8.073853840473100840e-01
9.895289289607793748e-01
9.656846594057389987e-01
8.870285689390625672e-01
8.020465346498670822e-01
7.724971360464546466e-01
7.503450741346865405e-01
8.204941054848691184e-01
7.508743778919352296e-01
8.004193918749514802e-01
7.208613672284673868e-01
8.007347619666771443e-01
7.931600463716214078e-01
7.796272478491508284e-01
7.838826033006235372e-01
7.667080440207959535e-01
7.667149521125674605e-01
7.780893068925832656e-01
7.438337348130703575e-01
5.487828501558947858e-01
7.366242886082560171e-01
8.479204983038890475e-01
7.542929324685512249e-01
7.628791720589714886e-01
8.481343315891880508e-01
8.396722834186483020e-01
7.819017609393780210e-01
7.563241320802709389e-01
7.606687315462089538e-01
9.212479925246548351e-01
8.572383506375430562e-01
8.942112104615771440e-01
8.379565494124298075e-01
9.281698832296915169e-01
8.412052954458950627e-01
8.546173852386592662e-01
9.057876218996600004e-01
8.320123833008596925e-01
7.387724074596414559e-01
7.874138487415577314e-01
8.200566031333199613e-01
7.488877314638416882e-01
4.849574459189368025e-01
8.270403233048919667e-01
8.386782983933763758e-01
7.583293126103965998e-01
8.544710430663914336e-01
9.922626415263257060e-01
8.339943978152066784e-01
8.078918997719124473e-01
6.591026908125833250e-01
8.391268704252167199e-01
6.619964313757512597e-01
6.151997084964077045e-01
7.974630727755300796e-01
6.701049705298552928e-01
7.646967359678736864e-01
7.501210219032778959e-01
8.002466740939675471e-01
6.893478802158164997e-01
3.934809559866589979e-01
7.262720619561944257e-01
7.696363731371904660e-01
7.361984275057864568e-01
8.182752201263532310e-01
8.063517659274327398e-01
9.139828501239242176e-01
8.280036460480134641e-01
7.590112863747024985e-01
7.248584364845742645e-01
8.623066425687030412e-01
7.642939685381536785e-01
8.284259487896169505e-01
8.396022008239325540e-01
5.065357977482470853e-01
7.620435588344143252e-01
8.216923488818257404e-01
5.920833786861883219e-01
7.531484688836332930e-01
7.453765434257734190e-01
9.597584357729694871e-01
7.665948192330354072e-01
6.144603564122474992e-01
7.162207195606844490e-01
8.050060236679258407e-01
8.198945812434959013e-01
7.084949119355359315e-01
8.302107981728290564e-01
7.773224551363558943e-01
8.771033980492006776e-01
6.651416039548291304e-01
8.038158397096503149e-01
7.675990598380861840e-01
6.242504344782611181e-01
7.144301733801978749e-01
4.967985276896205726e-01
5.808227494910358502e-01
8.284565917622093156e-01
7.320470268041645578e-01
7.630375324679850024e-01
9.245464578364912533e-01
8.712328223085290535e-01
8.248569043148653579e-01
9.717822948112200265e-01
7.745441559790438024e-01
8.523706857204909060e-01
9.492977439848855337e-01
7.650873403519593552e-01
7.568617673145339175e-01
7.697481797937639758e-01
7.324259989971481088e-01
8.966760241896990502e-01
8.217470176774457347e-01
7.955208482360183186e-01
8.749090959664236333e-01
7.802198868291500000e-01
7.123170401692011655e-01
8.396371885051696626e-01
7.142785389115531292e-01
6.951459462978070158e-01
8.362955939374596692e-01
7.681167367890369135e-01
7.846704678019894574e-01
8.183277326065733215e-01
7.923896880572578461e-01
8.771080464662366349e-01
8.122317042686699740e-01
6.847909125946000097e-01
7.995930280514114141e-01
8.072069313593056572e-01
7.665948192330354072e-01
6.218738411628230711e-01
7.387486613873612828e-01
8.165041393756842236e-01
8.320123833008596925e-01
7.662545833881275748e-01
8.898081162790096865e-01
8.837726544878278245e-01
8.823984463399229261e-01
8.419160651229202763e-01
7.947933953349051173e-01
8.132312815572523279e-01
9.492977439848855337e-01
6.628140743084348641e-01
9.191948310539208578e-01
8.742293356471750876e-01
8.131844781720918292e-01
9.731289153833366790e-01
7.850527071164081772e-01
5.422369933303938794e-01
8.435880642798643247e-01
7.251316269548216953e-01
7.803317733053731775e-01
9.179928949980304953e-01
8.947727650619999862e-01
7.309655908123668944e-01
8.052466278364718288e-01
8.521390654814164911e-01
7.985699515394605319e-01
8.335192197929294222e-01
8.890668214191054242e-01
8.662768142192305287e-01
5.959790299420129056e-01
7.011110029401148580e-01
9.484291103631783404e-01
9.014016181976306497e-01
8.271472511971357244e-01
7.293251772816575773e-01
6.725730862927217224e-01
8.119012666330250871e-01
5.432065428305465904e-01
8.259762243973265416e-01
6.058034574273283290e-01
7.684367422978498618e-01
8.696989060751751932e-01
9.527074054434816475e-01
8.110304535447070418e-01
8.138649492114020667e-01
7.436871754748549668e-01
8.128028841406801375e-01
7.643080487258304689e-01
7.645176808125627721e-01
8.074056938902174352e-01
7.293665359495761225e-01
8.894844238446049101e-01
8.656356993763634211e-01
7.638938166747759606e-01
7.280734101559975802e-01
8.252406289525369143e-01
7.515443137047439492e-01
7.395554642889538011e-01
9.768518518518518601e-01
7.973439666125490266e-01
6.125272329766083823e-01
9.231631354131691891e-01
4.730864615700969278e-01
9.752298111571638950e-01
7.128186475115055876e-01
7.885076887609884233e-01
7.830273132037574024e-01
8.026008439103353709e-01
7.921274176699187874e-01
8.154396877204623806e-01
9.342246776099412120e-01
8.572383506375430562e-01
6.999256283313303184e-01
7.172658418271138370e-01
8.588907383103454585e-01
7.461910518882217680e-01
7.754760405863131423e-01
6.117837705439147511e-01
8.007828697187444611e-01
7.807597471207695650e-01
5.328267439536441552e-01
8.242758209458156404e-01
8.882521702256982454e-01
7.581852048516231068e-01
7.841521904055693826e-01
7.125952709114290462e-01
9.215017864349122068e-01
8.582294822628342423e-01
6.535539615601516639e-01
6.612752723987433967e-01
6.956383258520171253e-01
7.868047954251777831e-01
8.702916423737953044e-01
7.277084192376931382e-01
8.247760878283886266e-01
8.162083285934362831e-01
7.245074294156824690e-01
7.781985411164710209e-01
8.455720870593652627e-01
8.111262263854616128e-01
7.800314826574280547e-01
7.011676436086422548e-01
8.309047919718213215e-01
7.281738155269249502e-01
8.113480988998468257e-01
6.457676979446503873e-01
7.655754186631915648e-01
6.670015599247167692e-01
8.926466065691960328e-01
7.926873007219497058e-01
8.242646969235767340e-01
7.065090351721120543e-01
8.921152642064639204e-01
7.390015633949781337e-01
6.750767629531709835e-01
9.258450954961058299e-01
9.049551109095350654e-01
7.423948307270230584e-01
7.678491186688484182e-01
8.154396877204623806e-01
8.497172849191841904e-01
5.969383760854364285e-01
6.220930340660909552e-01
8.010859394710639902e-01
8.110304535447070418e-01
6.731781380205226206e-01
7.636979645966851526e-01
7.391019165715523309e-01
9.485180386582561241e-01
7.450439875919171451e-01
7.863124456863416212e-01
6.711796793344497747e-01
5.983727072200947239e-01
8.723958333333332593e-01
8.059001699998337154e-01
4.860343370246069661e-01
8.183797267371231143e-01
6.127359863385137828e-01
7.936836016842087060e-01
9.649008633657670808e-01
6.732249956071123531e-01
7.160925215381971354e-01
6.621240377337068717e-01
8.005076807532669481e-01
8.395944676106156246e-01
7.976563228982480602e-01
7.677540568013574429e-01
6.611313550473284506e-01
9.627494785161138102e-01
9.605062701243095580e-01
6.435240521047239648e-01
4.598447134264536662e-01
7.940956941540968650e-01
8.623209132477115402e-01
7.059622861377341518e-01
7.616829364849404538e-01
8.865437228839262440e-01
8.504592781563053983e-01
7.049335422509275251e-01
6.399035015469306531e-01
7.946565077950519251e-01
6.565407787329859968e-01
8.684817542208626007e-01
7.132127597163023802e-01
8.062643907380164787e-01
7.960018010364457997e-01
7.984056817389169058e-01
9.524452033098841364e-01
6.967709223470019975e-01
7.088891126795213715e-01
8.431895749969059439e-01
6.554724789131776141e-01
8.022394051106293000e-01
6.506795615225040574e-01
7.603422527161807221e-01
8.242408154910981777e-01
8.117412336574415521e-01
9.901830781286464767e-01
7.154959748316374046e-01
8.742212363390533536e-01
7.067350758007669986e-01
5.614609069512040973e-01
8.025765976093131027e-01
7.870580001031538542e-01
8.218222793981768692e-01
6.469739066206207090e-01
7.879922807391566142e-01
8.872323291650130450e-01
7.996996746896953834e-01
8.196112619340369942e-01
5.872936429386665935e-01
7.733329650586285853e-01
5.628177231814793791e-01
8.815102853031796526e-01
7.931532215946526243e-01
7.719381473886806067e-01
6.149977859515695089e-01
9.824736941864058437e-01
8.637076068959040898e-01
8.052275322549482528e-01
7.941721857947894314e-01
6.508316352829369711e-01
7.407617361453656679e-01
7.768005751948313664e-01
7.907600023761426344e-01
5.386054022509728645e-01
8.092755614569071554e-01
9.006132750657628305e-01
7.997679161969744044e-01
7.914364568699339131e-01
5.816176193111103343e-01
7.880892564582439030e-01
7.451345035146639262e-01
8.770466189837882176e-01
7.668613827208548006e-01
9.050311372579962210e-01
8.421923855566504358e-01
8.104525020672966873e-01
7.515782010217235687e-01
7.534935306649682696e-01
7.929314017381055013e-01
7.544500180868203287e-01
8.225109143726703209e-01
8.350481417925678107e-01
7.942500294556397167e-01
7.418981481481482509e-01
4.474769394386711174e-01
9.924768518518518601e-01
9.548734779379729476e-01
7.885463654724433891e-01
6.554703253045045530e-01
9.426548053934269422e-01
7.461442668066037287e-01
7.887777937079418766e-01
6.679116270843423742e-01
7.558571174988252261e-01
8.890733556619357936e-01
7.252096677527261059e-01
7.265473690490575898e-01
8.806981283055944631e-01
7.987709771595928876e-01
7.653375522765372141e-01
7.126521106809600159e-01
7.493693845648099483e-01
7.987709771595928876e-01
8.151006994987829435e-01
6.836155185014869407e-01
8.637436356789084391e-01
8.683724076337896447e-01
9.492102368847739058e-01
7.447697458852310382e-01
8.749585295468577106e-01
9.898726851851852304e-01
6.934453300309528778e-01
6.810462874420786239e-01
6.272204266240637427e-01
7.314084051424132316e-01
9.452443310059295278e-01
8.088034982514591409e-01
8.806668538720062722e-01
7.204704391678332653e-01
8.179887749808402164e-01
6.474265322501024933e-01
8.589441371246778756e-01
8.284897952757912520e-01
7.925836171670430641e-01
7.112547815789309613e-01
7.702333557242398987e-01
8.009752641364535908e-01
7.324975486970779492e-01
5.253772803315827078e-01
7.554170858280947476e-01
6.033807770622142685e-01
8.622814988293763250e-01
8.371722305710865841e-01
7.354691195041760388e-01
6.452620358454571603e-01
8.876558265965942551e-01
7.319576160926737352e-01
7.691470353439443519e-01
7.431690982603808004e-01
8.614466892973557943e-01
7.882662099763618757e-01
7.518241142237925834e-01
5.993262131559838890e-01
8.310593814743626462e-01
7.293542744489251994e-01
6.596657253122356623e-01
7.791289195361369435e-01
6.370157661091649937e-01
4.361285797798305497e-01
7.431702616328996758e-01
8.475944606307062035e-01
7.153413297914335001e-01
8.432546868661148221e-01
8.012026074788841656e-01
9.871219950438498980e-01
8.105775215340917939e-01
7.831696068393794175e-01
8.018823626240619840e-01
8.150184640497432076e-01
7.864702783360054683e-01
7.720066203268559635e-01
7.764476368797358363e-01
8.203639716535312543e-01
8.377865433375397686e-01
8.280948231768120449e-01
9.324082555417085860e-01
7.683195284418857796e-01
5.842190771540144434e-01
9.466340864031507207e-01
8.508902409906715647e-01
8.757062767440793039e-01
8.265048916605181040e-01
7.216003618697923727e-01
8.669398783702724209e-01
7.720066203268559635e-01
6.566760404495951553e-01
8.442376095967157879e-01
6.637235745614099569e-01
8.054936357768579525e-01
8.401285065158642373e-01
8.712825383031379545e-01
7.291801058287714632e-01
7.685916363584193167e-01
8.574757304080393716e-01
9.405695653820494995e-01
6.364580840748900181e-01
4.866285349660745552e-01
9.092689870795346296e-01
9.277143105087083397e-01
9.114423000540008424e-01
7.818523815219123874e-01
9.158313990753346179e-01
8.073763209976104749e-01
8.702774485761698431e-01
7.897354839924365377e-01
7.820891951578429202e-01
7.649652810567734162e-01
7.361655144846094290e-01
7.676004100930327034e-01
9.026281666270264958e-01
6.769952526190432529e-01
8.314200152324242588e-01
8.655531837917325166e-01
7.553345321082995945e-01
8.793775709279681996e-01
8.785912707350017614e-01
8.126950186645617302e-01
7.008374963075852948e-01
8.638918342561596742e-01
7.110010507377202416e-01
7.713813897500337857e-01
7.635538388546876387e-01
7.777397694447303333e-01
8.178142273279785934e-01
8.171621924928273994e-01
6.628180464640285319e-01
7.859305221157978361e-01
8.175327975996136143e-01
8.600069065537436774e-01
7.838355182085174899e-01
8.186055117866324338e-01
8.040185504454725463e-01
8.055403828994414095e-01
7.040414834591836035e-01
7.615829293755171925e-01
8.882030806501065578e-01
8.404226913108049368e-01
7.922775580625958103e-01
7.946132668519505504e-01
7.703984146203523009e-01
8.482067498442539266e-01
8.692509216557863239e-01
7.916659717436268506e-01
8.128759247732960658e-01
9.154627996525327438e-01
8.878759664170563504e-01
9.338849897065755190e-01
7.778332874618762993e-01
8.449659122868535821e-01
8.283615359286555790e-01
8.344577610655060651e-01
7.482378365454807057e-01
8.107005430224338838e-01
7.745847570520055791e-01
7.408476906215282209e-01
6.785751101319618117e-01
4.338631915138357331e-01
8.165487850581301110e-01
4.820361682486483668e-01
9.505208333333333703e-01
7.599480241777715195e-01
7.811547178946505188e-01
5.614609069512040973e-01
7.476807004631931264e-01
9.652847533586857987e-01
7.874820100287671654e-01
9.266429512818928904e-01
8.652212996043622262e-01
7.905318228375068923e-01
8.069084753959249179e-01
8.081966575825126897e-01
8.329484751442739476e-01
7.289248212102674707e-01
8.476591307079218707e-01
8.512313264398201351e-01
5.360399202600978352e-01
7.506950592512030562e-01
8.320335557043101460e-01
8.130170041773053802e-01
8.194322345355629089e-01
7.339677105860029638e-01
7.254621305911894691e-01
9.817490227468886888e-01
6.776245436643705267e-01
7.095178277410051360e-01
7.248584364845742645e-01
9.317323083568277431e-01
7.756469636189402550e-01
9.239300391386947586e-01
8.685140401953511669e-01
6.860769079604543963e-01
8.461516911208922798e-01
8.392537415939299583e-01
7.509323583479732278e-01
8.025804302625132447e-01
6.554331186175990087e-01
9.772346994825543698e-01
8.560884237800482355e-01
6.516610894774721441e-01
4.919743308501902668e-01
7.569111792167787511e-01
8.968297797272967165e-01
8.228612897552852745e-01
7.869466914797871304e-01
6.424352691619700240e-01
5.955163785566764956e-01
8.651261980150553033e-01
9.520725734583737054e-01
7.838924819463567450e-01
8.027140537808123977e-01
9.833530772395479014e-01
9.691258203505717095e-01
7.371958457423634092e-01
9.185008047945932841e-01
9.086545478862176894e-01
4.149780959316975992e-01
6.870589057180375159e-01
6.386379864501909864e-01
9.810133375381036025e-01
7.636965855094222100e-01
7.684367422978498618e-01
9.787380439449778757e-01
7.647631501626486195e-01
8.253667827804286317e-01
7.475464114156901152e-01
4.512949407179577821e-01
8.350332253523460313e-01
8.403537100942958249e-01
8.369212226039856040e-01
8.519909541399028896e-01
9.582568610080186566e-01
8.993624263477053571e-01
7.564110710947891114e-01
7.888959226817923165e-01
7.759747932064577913e-01
7.885107949141176853e-01
7.964298325564057590e-01
8.345483682437512263e-01
8.184275410296394382e-01
9.233229976266114081e-01
8.636975907818236209e-01
6.740931233644680276e-01
8.211010920781907085e-01
6.372795014740455510e-01
7.974110644636853706e-01
9.835501118071977578e-01
8.265719214033557805e-01
7.736517954271557862e-01
7.924930511832366520e-01
7.791184564400901458e-01
6.772919697517962856e-01
7.699143362306870575e-01
8.019928517608840846e-01
6.306569120852623112e-01
7.153622445640686056e-01
7.411540068196811326e-01
7.388813683551932465e-01
7.526604831164508402e-01
7.771085430818058803e-01
8.549227156277253714e-01
7.747261492241779290e-01
7.504329532825002591e-01
7.448789144075262936e-01
8.370337571567809665e-01
6.781385865945006586e-01
7.974849777561265896e-01
7.369009274795451647e-01
7.477109960631252994e-01
7.770445811721257146e-01
7.741283393862835593e-01
7.942749083195792537e-01
7.500406860850795665e-01
7.320411297299498354e-01
9.315754052237018579e-01
8.582294822628342423e-01
7.683887331860476122e-01
9.661577866312338614e-01
7.125952709114290462e-01
7.868047954251777831e-01
7.506730945898385521e-01
7.410856274957899892e-01
9.548440887639215724e-01
7.990814922324330771e-01
8.927597700446538997e-01
5.598410070949911832e-01
8.256823440820498794e-01
7.832489000488823683e-01
8.570481954149609116e-01
8.213812370354361958e-01
7.826842532243464268e-01
7.708323557312559693e-01
8.941832760559651483e-01
8.482390004299295017e-01
7.272818742713273998e-01
6.524847539553612075e-01
7.529807421256552447e-01
8.573176695581277151e-01
7.595421455228461571e-01
7.803381315172464028e-01
8.087220070164210517e-01
5.723273821972568731e-01
7.080261078262219954e-01
8.193531389679624688e-01
5.818892124728307635e-01
9.160481301350928973e-01
7.835341117445737691e-01
6.440889932577024135e-01
6.736442176255450498e-01
7.461442668066037287e-01
8.028139315515392394e-01
7.175510538254473714e-01
8.435935079184664342e-01
