8.036832019947531824e-01
8.457575720784825668e-01
8.709786716685320451e-01
7.707036911788834876e-01
7.362493438989885508e-01
7.077971649510191865e-01
7.800280679565109176e-01
7.573216643866057529e-01
6.883768270689268887e-01
7.006288376037855814e-01
8.228145108473297054e-01
7.646872085958578147e-01
7.986511418768684756e-01
7.456703569029869971e-01
7.312204928484264954e-01
8.444182933468973307e-01
6.522333191370828231e-01
8.842262985746353054e-01
8.107554138048668202e-01
6.574069456082184404e-01
8.880079756677682346e-01
8.207458220681580485e-01
7.614811116655694212e-01
7.545931247741544112e-01
7.371958457423634092e-01
8.820856631202261822e-01
8.547001717738388349e-01
8.428774781537622385e-01
8.351442481545671148e-01
5.939546675557010325e-01
8.963630348575390983e-01
8.148373785087545951e-01
8.030688087149154830e-01
7.903241059817193159e-01
7.769269122304003350e-01
7.185625851214813009e-01
8.071121596110185648e-01
7.262630012409934110e-01
9.798628348587905545e-01
7.030343203986584300e-01
7.950930140188113837e-01
9.638781756971190884e-01
8.008244046407101413e-01
5.999259412176820572e-01
7.978904760790939132e-01
6.840532441606352876e-01
7.579808452930132390e-01
6.703903477761299357e-01
6.842039747019804663e-01
7.725325166234077168e-01
8.787859879690682607e-01
7.508971264846185933e-01
5.376295700063151717e-01
8.098031371263081368e-01
5.541451851438004006e-01
8.276951161591931116e-01
6.912557147208961972e-01
4.214547688733603081e-01
8.950603191991723939e-01
8.677934445997474988e-01
7.536074064591378185e-01
7.961795205866066816e-01
9.759643093060345054e-01
8.544583461488317599e-01
8.988969127578765317e-01
8.909047809558612308e-01
8.275487589071816030e-01
8.032251135161190270e-01
7.995309425880545717e-01
8.326185097983754835e-01
8.349364626608226647e-01
8.051099224152669098e-01
7.617541520164115010e-01
8.870446187855014486e-01
7.438138550519673986e-01
7.951975262884594109e-01
8.254307015056404628e-01
7.742453436218551532e-01
8.250637553447166539e-01
7.771787592429136859e-01
8.072658845914916226e-01
9.332046084122619378e-01
7.825965384860877894e-01
7.157004634270580645e-01
8.351095176499059303e-01
8.063409121637326038e-01
8.686342137001535901e-01
5.881180684831133210e-01
7.557618601912470258e-01
7.152346399740574512e-01
5.936129638388601970e-01
4.525683839778807949e-01
6.250287412962516331e-01
9.620596248968541486e-01
4.925667229860535845e-01
7.706443438029645376e-01
9.089510753820128075e-01
7.284531484247018795e-01
8.174040819897929744e-01
8.272528088441459815e-01
9.436054379973386474e-01
7.672787892047586711e-01
6.688969620071560929e-01
7.119269051875063425e-01
8.612750120739717241e-01
5.670117803996364003e-01
8.934183717527867108e-01
9.475229488724034033e-01
9.092689870795346296e-01
7.240797162773106033e-01
7.465076690220477929e-01
8.198428557443003806e-01
4.846861964969831904e-01
7.964796828801338213e-01
8.297434996374281058e-01
8.834020365443402412e-01
7.006583398085861614e-01
7.206234206588476576e-01
8.046259209856998496e-01
7.493693845648099483e-01
7.733507079340244950e-01
9.018694660089791038e-01
8.351663714229310420e-01
7.982264947714982073e-01
7.095187699088003619e-01
7.828016964842041681e-01
9.512867254368677639e-01
8.572989003120133900e-01
8.244547727438382712e-01
7.809722928301142675e-01
6.519499014863351372e-01
6.681586137393245028e-01
6.058034574273283290e-01
9.371460756350543653e-01
8.040973711851153727e-01
8.176706870562926444e-01
8.832971147736550233e-01
7.668532301165715825e-01
6.906452430126808206e-01
6.767402800814640296e-01
8.195495554718157383e-01
7.612028730924645936e-01
7.614213690794117140e-01
8.056560861142114671e-01
7.982093515464326883e-01
7.591872517858124780e-01
8.462693194672289421e-01
7.930915581676054593e-01
8.485218764204999209e-01
9.662335249845440677e-01
6.780858523747068656e-01
8.297339309061124712e-01
7.573525602885702313e-01
6.981281361814262176e-01
6.934563110172082823e-01
8.706887646999809105e-01
8.106729559435736920e-01
5.736358000861992990e-01
8.497172849191841904e-01
7.877946380302677243e-01
7.684288049378331653e-01
7.196932098016348700e-01
7.559448696712600668e-01
8.929864449550971583e-01
4.572724595856479390e-01
9.870057609460975989e-01
7.815742590455344585e-01
8.223767335794295308e-01
7.468040922345429156e-01
9.824672075234439639e-01
8.218394287958785682e-01
7.224299780949946514e-01
8.879628743021985571e-01
7.774962700565728468e-01
9.400449246315856211e-01
8.534743112229574713e-01
8.043636074417539472e-01
8.087986791600727532e-01
8.570840746325431025e-01
7.640007561420560922e-01
9.916317254266745485e-01
8.535229366059120526e-01
7.463185023604343993e-01
8.659007653068386823e-01
7.335120028042877438e-01
6.187151868677490674e-01
7.801705196134964826e-01
8.455668419884102560e-01
8.209111588290397554e-01
7.633134822178246903e-01
8.056395031493082115e-01
8.773220415134803662e-01
8.834440943912448274e-01
7.866285416975671296e-01
8.194725059726392091e-01
8.290876272758993526e-01
8.207344527971517367e-01
7.820254912775060907e-01
7.355725594714997984e-01
7.394438877878360961e-01
7.480369574063813198e-01
9.064435240006180061e-01
7.670346420308857827e-01
5.527504508360662205e-01
7.831732412625878048e-01
7.460873710207341913e-01
8.901953063582428438e-01
7.350832151279674820e-01
7.974393242886815836e-01
7.262206335952068326e-01
8.565026215903385198e-01
8.755753145263107662e-01
8.037415987007268114e-01
8.821803827697021205e-01
9.281698832296915169e-01
7.261759393827833531e-01
6.671278522385402088e-01
6.318232551497708904e-01
6.903998449136982130e-01
8.105672179575813541e-01
9.028052630182202831e-01
8.083552688473794046e-01
6.757039575006333898e-01
7.874762187840482763e-01
8.557462177954526794e-01
8.199142708617529474e-01
8.334571447331592386e-01
8.579076029948984328e-01
7.913300573304240526e-01
8.888800828086126371e-01
8.006290151400028421e-01
8.045163218562028096e-01
7.360440981113645087e-01
8.227180820842405762e-01
8.186088030387140835e-01
5.308421961497057362e-01
8.971812704876290789e-01
8.141862016593328644e-01
7.454993546994661546e-01
8.958126114223431413e-01
6.336505538181819164e-01
8.324788931272119052e-01
8.212759730505132527e-01
9.137531944767555148e-01
8.045123033835193116e-01
8.053908509915510550e-01
7.771920998873590447e-01
8.235861267386208606e-01
7.503635655641270885e-01
8.207272227243961327e-01
8.235714816732333521e-01
8.424410017922429050e-01
8.647514257345872979e-01
8.451846114286739597e-01
6.745854139254120474e-01
9.074078956572427801e-01
9.419182804815450227e-01
9.277143105087083397e-01
5.692211125207905509e-01
7.691470353439443519e-01
8.317854866523674007e-01
6.264467643785434081e-01
8.416495786770402665e-01
9.509714463169022247e-01
8.843861063686939694e-01
8.111262263854616128e-01
8.211046179248502330e-01
6.872289451992598108e-01
8.679462972722779002e-01
7.413620598365481262e-01
8.361753846957651337e-01
8.239380883391798083e-01
8.338932927605874346e-01
7.904298348641706218e-01
8.198188841935938331e-01
5.769845113887640542e-01
8.870446187855014486e-01
6.841450391424347410e-01
8.817339574868094942e-01
6.598773511756165222e-01
7.113177382900581769e-01
7.314896310717137196e-01
8.952937771300227832e-01
7.780420822136333570e-01
9.055745814368694191e-01
7.587880140416800590e-01
7.653445899279502918e-01
8.688271938480001122e-01
7.714352798362777985e-01
7.773372021885225358e-01
7.056254634535330528e-01
8.019663960008077686e-01
7.086023702380318534e-01
7.584789764511882248e-01
6.246179217121472504e-01
7.565387063269010115e-01
8.223818477766668966e-01
5.261865761986287415e-01
7.777309436459685088e-01
8.267375026705656715e-01
8.390929261259655325e-01
7.351660251350763398e-01
9.057849125415616820e-01
4.669591812692829857e-01
5.283859586009058695e-01
7.983147274875231902e-01
9.125227266003576032e-01
9.821737868482117717e-01
7.114958894369044495e-01
8.135904019352241390e-01
9.142947512448655889e-01
7.355317164715695633e-01
7.876864468568345323e-01
8.644590265638847359e-01
9.727031531682255316e-01
9.789461258330419691e-01
6.991916519214653736e-01
5.670210829296694621e-01
7.090322356743874455e-01
8.963628249823499816e-01
8.177567297679556590e-01
6.371076770345865947e-01
7.606687315462089538e-01
8.721650705425674222e-01
8.742300975893261272e-01
8.071209067357790756e-01
6.173333772264695263e-01
8.947239928154862021e-01
8.334818793640159651e-01
8.560884237800482355e-01
7.795738503792236651e-01
7.660394507095535932e-01
7.716582893692337519e-01
7.903309313087004684e-01
8.132760662608701230e-01
6.984872489361594328e-01
8.428403863921966055e-01
8.591640351568183842e-01
8.338473698510729948e-01
7.812540305834941856e-01
7.144157487183465660e-01
7.983615786598274866e-01
7.204349988372031888e-01
8.352894265790805628e-01
8.353881445847918252e-01
7.904318970563336544e-01
8.865831764265790227e-01
7.819213907361265425e-01
7.393963888379078142e-01
8.234700435119389761e-01
7.529148693898438660e-01
9.232210651816384894e-01
6.684761464332127368e-01
8.237418992312993682e-01
5.893863942716581761e-01
7.503635655641270885e-01
8.613565653978885184e-01
7.655544309902209132e-01
7.720722103969830385e-01
8.220456724725117015e-01
8.012503504886114847e-01
8.824160928878825860e-01
8.852041566198501910e-01
9.354323679504403799e-01
7.297917884983855519e-01
7.418863040674028575e-01
6.917735198249935769e-01
8.243131693796308390e-01
7.555362334498845200e-01
7.265123630657688292e-01
7.752973046787385858e-01
8.337245338737163669e-01
8.536613436815515543e-01
7.518355602014701322e-01
6.975141699514382232e-01
7.984150914205011551e-01
7.326039552177855407e-01
8.501211001672722700e-01
6.011800830346258895e-01
5.723187609286431998e-01
5.452863304052479876e-01
6.969099374199926311e-01
7.331856248960788580e-01
7.673275370699208509e-01
4.960092660410908572e-01
8.399906430590120543e-01
7.030202938432242865e-01
9.249448591872160286e-01
5.942734358278457529e-01
9.748991970474246704e-01
5.725359239714418180e-01
7.974337718720359014e-01
7.674222303455440208e-01
8.795986472189820660e-01
8.852998397404049369e-01
8.032255225573150526e-01
5.988954774342700738e-01
7.108059660034778959e-01
6.367679504963866810e-01
8.053066791248392198e-01
7.076930334632483000e-01
8.956959547805956046e-01
6.089229124069804877e-01
6.938607221080720366e-01
8.045203013460761055e-01
7.483194526891494558e-01
8.370718568901832635e-01
8.204941054848691184e-01
7.757191790948384513e-01
8.435018256900741473e-01
8.209943048082544159e-01
9.396124568910291242e-01
8.133036028912506987e-01
7.814392432513047604e-01
7.784776838189915171e-01
7.722542424766727365e-01
8.978751514953455803e-01
7.858171403335137972e-01
9.966599678898132586e-01
5.842190771540144434e-01
7.261283163940523977e-01
9.288517030268524932e-01
7.453909193722191295e-01
7.555245580047417198e-01
7.707683665504941883e-01
8.012958495966795436e-01
7.219864856998133851e-01
8.226195299468630484e-01
6.885668424066376803e-01
8.736970709721175732e-01
4.727584054986440076e-01
6.961097366855439894e-01
6.877548271404693159e-01
7.045914882416695058e-01
8.108869908920666170e-01
4.596294248834327800e-01
7.321734769451990754e-01
8.535905282255843440e-01
7.569982628772887745e-01
7.023692859207808503e-01
7.136195879270406106e-01
7.991386896949043139e-01
6.821025487229130935e-01
7.112691812299505312e-01
6.151715970208238016e-01
7.678885831188358990e-01
8.112675450285310452e-01
9.810133375381036025e-01
4.661476520511535493e-01
9.502599503025200844e-01
9.912028220130657541e-01
5.997629360214310479e-01
8.055985215019434431e-01
7.651927014980002273e-01
7.852259885868611011e-01
7.739689895184722612e-01
8.116231674680927100e-01
7.759616333536032418e-01
7.117204909898060539e-01
8.138261097915818754e-01
7.477081403939320747e-01
7.843999843024177521e-01
8.595015206150161680e-01
9.173678279933584756e-01
8.768708536763579753e-01
7.330653749952631415e-01
6.984165135490404408e-01
6.614522127195169299e-01
8.153047609716983501e-01
8.146373658157938236e-01
7.802189033043495092e-01
5.458368046144095320e-01
7.727695582711537892e-01
8.129327016242767767e-01
8.313002850143854650e-01
7.735643491996608834e-01
9.516776001867913726e-01
9.250581709235203842e-01
7.553351118183371238e-01
7.258880892741444990e-01
7.834614493849593186e-01
6.249490086739728500e-01
8.378705745367514002e-01
6.774360965429497838e-01
8.528896364607299052e-01
7.860855099914493271e-01
8.136672624604831539e-01
7.236501565119070056e-01
6.984872489361594328e-01
8.333331067249287738e-01
7.678532893204649268e-01
8.668103289767212782e-01
6.974714751909633081e-01
7.181162206657337732e-01
8.671475418797156554e-01
6.681404151048260243e-01
6.804966453304995833e-01
6.282889319686248975e-01
8.394505478296303558e-01
7.025617916503661409e-01
5.976926484397282469e-01
9.708751118131595526e-01
9.327625249870190594e-01
7.856676971743791205e-01
7.691470353439443519e-01
9.815705490780521902e-01
7.201499568314493338e-01
9.558592144533375468e-01
7.010148338700084025e-01
8.346320040734034329e-01
7.880768183486064338e-01
8.573921468308344229e-01
6.511503311508116676e-01
7.781029945165820472e-01
7.324401345821803799e-01
7.113116018198942792e-01
7.783594883864143332e-01
8.152574517096192741e-01
7.256402674027710997e-01
9.042271426338350793e-01
8.411262810315675020e-01
7.480416400237442920e-01
8.263521097145304362e-01
8.322622575330841377e-01
6.366730710179421271e-01
7.817671817290314795e-01
5.795231716282323031e-01
7.876511536110148981e-01
8.061297819611080717e-01
7.800966565928322272e-01
7.451702632785079938e-01
6.846836821383275318e-01
8.978751514953455803e-01
6.115149016998498999e-01
9.061766616937758645e-01
6.943100001194175697e-01
5.540223799347555600e-01
8.905628329437805801e-01
7.648822598861393374e-01
6.205270868891504810e-01
7.043741166892922845e-01
6.752348300405828230e-01
8.045971854944258261e-01
6.401178385777502866e-01
7.596230239103989312e-01
7.621599635873422818e-01
8.494595940801364931e-01
5.407341482753987849e-01
7.290347637900189692e-01
7.691120280042211821e-01
7.458200540602746287e-01
8.842614774262134159e-01
9.104317036435423116e-01
8.126416211104788845e-01
5.286134172137079146e-01
6.184478786037809206e-01
7.988268388173731527e-01
7.331803241200962606e-01
8.045410573735197746e-01
7.889139639681287397e-01
8.662315045894848353e-01
8.108399662807249664e-01
7.927481246800709425e-01
7.889998812269527484e-01
8.133780998916603222e-01
6.570176461243394384e-01
7.675990598380861840e-01
7.895923581389721058e-01
7.695062019026249756e-01
8.427013437029959864e-01
6.756359281678497863e-01
7.297884750077913152e-01
8.339425971563386719e-01
8.354267589346752176e-01
8.603270431102622018e-01
8.785912707350017614e-01
6.874633812632023888e-01
7.393527040593833588e-01
7.839193513681630421e-01
8.510486711937054194e-01
7.868131615672452339e-01
5.470182836970907125e-01
7.714668881880151208e-01
8.637204064270121995e-01
5.724238778880021972e-01
8.309654386607558951e-01
8.315980985041298013e-01
7.352164650363620657e-01
7.781789922880478771e-01
7.350782682255477818e-01
7.818920962528603802e-01
8.771963196212327896e-01
8.280245903848959532e-01
7.897239695852491526e-01
7.706327222253218645e-01
9.280607927454519457e-01
8.592732171647889938e-01
7.197819193108808689e-01
7.645540983957895831e-01
6.612195044804078936e-01
7.267310255275749586e-01
9.454080231137018675e-01
9.228607253377754116e-01
8.445675941077096516e-01
7.312733499022123773e-01
7.998253000075925545e-01
7.660210962786460076e-01
8.120071573125994258e-01
7.024615824107997009e-01
7.119472668005953908e-01
7.415085036552556685e-01
7.850845348601781515e-01
7.973922345453539062e-01
7.734875519896906582e-01
9.001425062006446209e-01
8.343666631618310570e-01
8.508270670837221328e-01
7.542946860579328172e-01
7.428851142047129263e-01
8.582108040807978622e-01
7.002031361757108385e-01
7.649610215180672190e-01
6.177272669734152899e-01
8.254780731733448729e-01
8.951213629598315791e-01
7.921559351226046264e-01
7.373990978545119646e-01
7.646907449055417860e-01
8.891799536771103352e-01
9.270619637195491869e-01
7.401188583688358413e-01
9.790995320725691675e-01
9.484291103631783404e-01
7.843572163586489676e-01
8.209040173760654424e-01
7.906306107201661604e-01
9.018601029013503245e-01
9.849306482150118613e-01
8.523601396044737655e-01
6.828616669986111720e-01
7.752924450701402792e-01
6.706685164516397180e-01
7.339677105860029638e-01
8.145835315700434842e-01
6.727476385638633261e-01
7.612112864788845856e-01
9.422296092816008217e-01
8.203339231964499323e-01
8.354027747239358703e-01
6.861416231634733798e-01
4.827947808090260473e-01
8.579076029948984328e-01
8.188871693174121225e-01
5.997662049427338049e-01
8.003904192932107531e-01
7.714391414221353216e-01
8.908410188923596706e-01
7.884012004101313975e-01
7.904203551325647004e-01
7.917720927617469817e-01
6.153061184607260259e-01
6.553604824086183278e-01
6.318484266944580652e-01
7.235738225132872792e-01
7.465586302693872911e-01
7.710597595384947045e-01
7.769274262302451328e-01
8.317854866523674007e-01
8.330528298435142531e-01
8.130334166071433444e-01
8.274957587761643252e-01
8.027123904423768552e-01
8.617441348676697643e-01
7.705910861403501011e-01
9.151645602834167503e-01
5.551288107511973546e-01
8.189037995930125158e-01
8.038054138043273511e-01
7.957731142902013666e-01
7.673778947912536230e-01
6.618456980947102775e-01
8.540248512299313255e-01
7.523136222604619450e-01
7.175510538254473714e-01
7.736610227019949937e-01
4.849457294828157794e-01
7.015509338081635793e-01
7.841281669255710796e-01
7.971723189715771429e-01
9.324545714728736945e-01
7.397188911249091836e-01
7.803317733053731775e-01
7.864142391641578689e-01
9.028052630182202831e-01
8.251611078522006482e-01
7.326261013534762778e-01
8.295882718578682091e-01
6.653339971962414223e-01
5.609626981437346727e-01
5.099958230299014295e-01
7.906524155988622349e-01
8.246516858277090911e-01
7.185625851214813009e-01
8.522275481595372737e-01
7.350167972223843327e-01
5.711321233173137779e-01
5.922591871815316988e-01
8.708689697115148398e-01
7.874186948901221728e-01
7.329637085593886381e-01
7.575462524509980478e-01
8.280641753221965606e-01
7.805821347824709600e-01
6.271239218616789790e-01
6.984713220924161359e-01
7.787777804397755244e-01
8.383493158831621939e-01
8.069821293835023335e-01
9.743818310818318507e-01
9.938064551723385653e-01
7.723054677384565414e-01
8.689444166665420966e-01
7.518727672215111957e-01
8.108166582467839500e-01
8.252419473764589508e-01
9.305378493174929488e-01
8.437161264198937971e-01
8.122029330456301821e-01
9.780168942961113832e-01
6.968666886638015256e-01
8.434861818927412713e-01
6.776266712830647521e-01
7.559448696712600668e-01
5.695932602750135576e-01
7.477720950344889372e-01
8.104921012581279838e-01
6.562276338627648364e-01
8.049161766605958945e-01
8.093187525200931098e-01
7.879917895374775050e-01
9.492977617213685937e-01
7.996871898458632888e-01
7.628037357544790176e-01
7.249640872503367861e-01
6.932915303859347178e-01
6.575630959951344057e-01
7.820821936839829069e-01
7.750954646856116348e-01
9.096716046798698496e-01
8.219344841600096929e-01
6.871729911759386633e-01
6.192450791708922209e-01
7.930913814399525030e-01
7.984183806930259530e-01
6.349972879279842664e-01
8.051099224152669098e-01
8.123231384161174740e-01
7.340487375445317042e-01
7.967200245383128099e-01
8.835601207349104147e-01
7.855199631417113526e-01
8.213069354824252821e-01
9.110997620093438387e-01
8.742485257403059817e-01
8.462353501375258213e-01
8.345446835462929647e-01
8.254999070517197168e-01
7.746194238970743884e-01
6.554331186175990087e-01
7.824792617259922478e-01
8.811848847669246920e-01
7.615816380105548955e-01
7.132127597163023802e-01
7.011279686408499190e-01
7.566511743413023572e-01
7.955381122564579854e-01
6.970474037970150194e-01
7.418225831288732808e-01
8.374141527113967420e-01
7.332422682819843551e-01
8.980210411842650675e-01
7.660394507095535932e-01
9.736507426530609521e-01
6.651491406910100546e-01
8.078284512342057688e-01
7.809138422090651233e-01
7.565105903958119216e-01
7.832458061797273885e-01
8.326766970042003280e-01
7.998381480413503386e-01
7.080118304376872285e-01
9.457885968051140679e-01
7.684913734001511676e-01
6.557490366691253181e-01
7.282558819142356255e-01
9.479821883729872001e-01
7.961795205866066816e-01
7.905149186671135420e-01
8.453986010619269909e-01
8.578393597347805377e-01
7.960136002342916850e-01
7.777300108974556370e-01
7.499864316337926384e-01
6.584058503183862765e-01
6.242504344782611181e-01
7.751885343637020531e-01
9.267585524664135876e-01
8.292860173025877746e-01
7.205710322025714598e-01
7.505635096142262430e-01
9.654233719011739989e-01
8.144724660086571921e-01
7.962923810291928639e-01
7.138343571326801751e-01
8.779214718446638477e-01
8.001216033302370745e-01
7.834860399067533621e-01
8.180353992254646434e-01
8.669911373380715380e-01
7.361992279879210344e-01
8.228612897552852745e-01
6.151243438004845299e-01
8.259713073742235290e-01
7.373492733210076366e-01
7.442348761665754653e-01
8.402093137682832280e-01
4.788900903040834711e-01
7.080614928763528937e-01
9.616075323558871402e-01
7.678235620127206174e-01
8.452745596042741116e-01
7.636623961069953781e-01
9.597584357729694871e-01
7.635440110027292837e-01
8.122747202176293646e-01
7.106221082990925586e-01
9.443973966347650739e-01
9.215380999408837592e-01
8.765101176177828579e-01
7.261283163940523977e-01
9.073024025314021523e-01
6.145472462719123730e-01
7.800800439075056270e-01
8.048084654066085530e-01
7.275344767452804895e-01
8.670197570758454431e-01
7.646116313329075487e-01
3.902312170656354051e-01
8.038709146294754637e-01
7.162954318996137548e-01
8.157958496347720301e-01
7.592757184895980727e-01
5.113478186025252059e-01
7.046774554618261410e-01
7.575873897993233852e-01
7.513591627519242699e-01
8.404487445596465767e-01
8.418491575307152086e-01
7.828183482983971375e-01
9.520725734583737054e-01
8.059222866542559149e-01
8.570340967271223853e-01
8.438339739067447498e-01
7.462209228980598574e-01
7.942484906459950089e-01
9.470692524882177166e-01
8.118587324202132249e-01
8.547884004534924696e-01
7.126902808829854719e-01
7.977324077929112134e-01
8.022778898240237044e-01
7.904177146713859958e-01
8.394480316390802166e-01
7.285180818179389783e-01
4.805394297185828223e-01
5.651340515733040970e-01
7.831224300205454902e-01
7.350832151279674820e-01
9.425456685896936859e-01
7.133101869109460536e-01
7.841440091539634283e-01
7.434690924488821517e-01
9.293518225979071623e-01
8.153119949200474670e-01
7.029795896002584144e-01
8.459808987701493699e-01
5.361171568071634308e-01
8.245754821799797796e-01
7.586417425466533970e-01
8.378055586844929126e-01
8.468312899152544704e-01
6.705299886634911166e-01
9.503236907784315957e-01
6.082869108668506053e-01
8.008208979215547529e-01
8.158094913906458467e-01
9.382123264758439607e-01
9.074363684667882124e-01
8.562966964617944043e-01
8.211980733057259174e-01
8.794993232544368045e-01
8.405583918747051575e-01
7.167402915199565516e-01
7.994291162740116974e-01
7.354795918877309324e-01
5.203633747394040832e-01
6.551987468531620395e-01
9.323464747217339310e-01
8.646436905850916066e-01
6.578199827145910783e-01
8.071720474361415709e-01
6.944769428402692846e-01
7.454155850319593712e-01
8.908324066368943361e-01
6.875394496003892630e-01
8.164614617647635297e-01
8.157940610740802567e-01
9.422296092816008217e-01
9.213007334512473001e-01
4.557191169692327848e-01
7.792407555608258374e-01
6.463006046595234366e-01
7.822589274389463165e-01
6.892162946409360336e-01
8.073763209976104749e-01
8.160853640116986218e-01
6.410682510247908139e-01
8.536660402704108197e-01
8.241655196981517717e-01
7.635101525446521542e-01
8.416002930974773033e-01
7.066205864470996856e-01
8.004824362109737024e-01
5.230759085618749138e-01
8.643525148606187036e-01
7.908421397053334578e-01
8.133429790826561812e-01
8.858460022543002133e-01
7.259755201240791767e-01
8.390071065933544237e-01
4.848958410141880337e-01
7.441277507467251029e-01
6.506795615225040574e-01
7.954093784823712543e-01
9.219635560293052423e-01
7.229255072147456884e-01
7.804455344824410279e-01
8.529416919435066635e-01
9.032108519909752831e-01
5.144840407587226716e-01
8.447930651080919340e-01
7.591605981006190884e-01
9.794544680691993355e-01
9.186138889822933473e-01
7.107248704049705657e-01
7.882679060051434039e-01
9.074078956572427801e-01
7.590080218105524912e-01
6.918915840563294450e-01
8.299513680648604730e-01
6.852349127709571608e-01
8.403562824595735004e-01
7.929617696462519794e-01
9.520725734583737054e-01
8.884085837718552758e-01
8.912781117376985529e-01
4.944203245115102452e-01
7.166595246777863748e-01
8.614881486099970065e-01
7.849869350757940900e-01
6.373902538383006133e-01
6.862875936237921026e-01
8.293603955816815088e-01
9.231593322595100792e-01
8.691976203116645872e-01
8.719540995698711328e-01
8.661417038893953757e-01
7.911258713662637776e-01
5.804527941935260227e-01
8.441730494677245344e-01
5.488401612188523737e-01
8.149788892545659635e-01
7.577921896302656224e-01
7.064137338159124369e-01
8.052275322549482528e-01
7.192797378941078179e-01
7.685718511302126466e-01
9.476045008704326866e-01
6.659553416383041657e-01
7.449809358546791715e-01
7.757191790948384513e-01
6.990269294539129818e-01
9.838017789813994218e-01
6.415372769099028094e-01
7.278567673942211158e-01
8.090394053835033850e-01
9.004005556916946373e-01
7.576666330437336061e-01
7.922775580625958103e-01
7.520803322543677671e-01
7.438337348130703575e-01
8.150589491986577340e-01
7.172658418271138370e-01
6.169187278919636697e-01
8.242755925261717742e-01
8.040942972878966089e-01
8.428225802485541651e-01
7.929159139905270770e-01
8.882030806501065578e-01
5.531842966187390243e-01
8.299080711919442077e-01
8.869945504654513924e-01
7.097905035926230788e-01
7.641680990808075169e-01
8.577943733736289600e-01
8.597714704763556037e-01
7.614807953457662926e-01
5.893863942716581761e-01
7.605964324966320023e-01
7.558571174988252261e-01
7.920963518908521461e-01
7.929404511597312188e-01
7.116315377933993824e-01
8.877380246416842757e-01
8.083050998794791830e-01
7.731495702312708440e-01
8.813406169376767352e-01
9.188153006102945941e-01
8.223189081076826001e-01
8.316212352100903482e-01
9.206879680992560155e-01
7.650656100442340124e-01
8.143688685895817958e-01
7.753906683125714183e-01
8.040546140259902108e-01
7.772542129322366211e-01
7.967067344807495788e-01
8.813738938117308130e-01
8.069804337297846741e-01
6.934563110172082823e-01
6.872289451992598108e-01
6.469126627502931326e-01
6.116154889688394380e-01
6.835967154353695951e-01
8.287920739019688510e-01
7.230370851442022850e-01
9.392825514549811849e-01
8.508625877719149244e-01
9.419311388716151701e-01
5.088912856751242053e-01
8.026985158588445524e-01
6.249767147110124599e-01
7.954922600498797181e-01
7.612028730924645936e-01
8.377726446331188459e-01
7.333555696333534657e-01
7.079903899870519934e-01
6.309215025103599439e-01
7.241196903184355937e-01
7.119277536264118078e-01
6.944592519503282047e-01
8.117942413914417399e-01
8.209868115529993515e-01
6.255966419240165388e-01
7.632504613407959937e-01
6.081461943807356940e-01
7.631016240126479167e-01
8.837726544878278245e-01
8.997527307815639253e-01
7.279909265924027206e-01
6.152010485194358003e-01
8.842372945301720799e-01
7.880936870199675148e-01
9.200620108803428954e-01
9.136978823922763393e-01
8.362427092467435985e-01
6.028151335222217133e-01
7.823672370426800748e-01
5.939546675557010325e-01
9.363473174633852869e-01
8.973701671977908356e-01
7.947891329287354312e-01
6.296007717881748622e-01
6.535802214178469960e-01
8.661116754984411470e-01
8.373467397859670758e-01
7.741276819022994138e-01
7.773984790769787878e-01
9.217154707409167536e-01
6.053347187344534364e-01
7.303544060730975396e-01
7.039737074255202343e-01
9.320224238232076575e-01
6.112424604518810201e-01
8.122029330456301821e-01
7.922207875399613908e-01
7.464372568873444136e-01
8.572383506375430562e-01
7.635854254246733364e-01
8.472146056349261212e-01
5.816176193111103343e-01
9.182293014230863415e-01
8.237210935708830783e-01
7.329637085593886381e-01
8.362634604290720697e-01
7.569545362796783472e-01
8.247696553141293796e-01
6.030857351964066249e-01
9.585948445179769406e-01
8.118643405474014196e-01
8.254999070517197168e-01
7.308506139814645586e-01
6.363800177795012614e-01
7.632084751258249034e-01
8.376200978667490693e-01
9.058099113822558612e-01
5.585519265048045634e-01
9.639117112537658461e-01
8.835601207349104147e-01
4.357505181503769087e-01
8.594230576129154864e-01
6.790646341639744454e-01
7.772793140619493890e-01
7.498578974574298117e-01
6.937331234603921759e-01
7.462489130305396401e-01
7.835839669213593428e-01
6.931755461018483944e-01
9.270619637195491869e-01
8.818942320183150718e-01
7.508468867903800303e-01
5.608641086627139671e-01
6.494834955737384119e-01
7.904792397086652933e-01
7.534682398585540453e-01
9.074078956572427801e-01
2.974140470978028916e-01
7.242662204152784389e-01
8.125037024757022497e-01
8.263329847682618912e-01
6.755637146945060456e-01
7.234512682971521169e-01
7.782689696926319289e-01
8.239386913886976860e-01
8.370336061297831698e-01
8.776244140553751683e-01
7.146081250039014732e-01
7.280002162539890298e-01
5.560395169942843330e-01
6.456265107569979511e-01
9.837660682645756882e-01
7.181162206657337732e-01
7.341452204061903464e-01
7.287772590379839599e-01
6.745303784714370421e-01
9.210817492098000159e-01
9.726299875610581180e-01
5.926457981677021314e-01
8.866236131619663619e-01
8.660705616062678303e-01
8.061076792147249259e-01
6.360503661008356513e-01
6.189135574425606023e-01
8.659057511497774140e-01
7.214168467728190315e-01
8.355001043213958756e-01
6.940344812380447870e-01
8.969145575650893099e-01
6.970345329326953498e-01
7.391250036402824408e-01
8.157652377082947881e-01
7.224299780949946514e-01
7.461460899672035518e-01
7.178210934323393522e-01
5.389122558866243917e-01
7.811284625888728073e-01
8.091968010913354048e-01
7.554647534087054472e-01
8.044322507164906044e-01
8.220476928349107482e-01
8.150791932162519959e-01
7.680632731135926816e-01
9.604174155474434205e-01
6.567659157105336654e-01
7.358578779785805990e-01
7.624552592799136441e-01
7.198983264710846486e-01
8.883185282161212282e-01
8.721715173833305412e-01
7.749834667724514459e-01
7.947961129115272971e-01
7.041766538229308203e-01
7.840461593671068652e-01
6.982748142805874636e-01
6.777518235069546204e-01
7.308634604239430121e-01
7.261922450838653731e-01
7.471685388999136368e-01
7.095115350293312861e-01
8.183054369099327374e-01
7.751384117136289609e-01
7.684913734001511676e-01
8.290407801756296546e-01
7.241877825077549513e-01
8.715777600315847140e-01
9.414817831986794783e-01
8.002510013125685440e-01
7.520869564621546211e-01
7.814199779039836535e-01
7.308950592810600222e-01
8.239871605769756302e-01
5.725359239714418180e-01
8.274150203396354319e-01
6.674747297430376758e-01
8.700273395427482459e-01
7.976754071550463676e-01
7.555889258518595497e-01
7.953494687051990697e-01
7.255120123850598013e-01
7.745441559790438024e-01
7.618497681862763660e-01
7.921437565363661504e-01
8.355361811546447859e-01
7.857026280766079562e-01
7.924257010588339201e-01
7.052097755921286071e-01
7.307266178280238389e-01
9.932964829780659421e-01
7.798087885554102483e-01
8.660705616062678303e-01
7.401188583688358413e-01
7.675990598380861840e-01
7.719586340381606737e-01
7.070298810384914034e-01
7.136195879270406106e-01
8.161365497027651683e-01
8.141450051587963976e-01
8.243130578616104653e-01
9.222814249767037342e-01
8.301254810058399380e-01
8.802853677964541657e-01
6.371136465917719427e-01
6.599625457318153421e-01
3.329172534465221767e-01
6.626501041083990851e-01
4.911011015543982339e-01
7.263391614232825866e-01
7.321747044763431411e-01
7.467775448933953175e-01
9.392738578825710061e-01
8.956959547805956046e-01
7.821558166108767418e-01
7.405997692562830137e-01
8.260416496323162994e-01
6.908136515402603095e-01
9.255409638304927800e-01
8.084299793431147796e-01
7.615829293755171925e-01
7.190454561278959433e-01
8.141776498966751818e-01
7.402267629532360838e-01
8.247217571839837724e-01
8.215072333643752556e-01
6.918749375893348263e-01
7.804455344824410279e-01
8.785972597148007379e-01
5.796557322701824111e-01
9.037123602741938821e-01
7.814082082674066454e-01
5.068242169747420034e-01
6.764867901385528404e-01
9.303347403790119818e-01
6.594030198672347076e-01
7.178210934323393522e-01
7.998045745713185939e-01
8.414828358095696181e-01
7.693998193223160476e-01
9.207838542909908552e-01
9.184609583217098194e-01
9.471677898698322995e-01
7.695139678931798288e-01
7.890468390154963263e-01
6.292686140905038306e-01
8.948655010811811250e-01
6.374003372375978138e-01
7.999026258414708712e-01
8.354795697431399715e-01
5.084682005252861847e-01
8.443873974527117410e-01
7.666037011903260590e-01
8.402841012383185371e-01
7.810549756392420884e-01
9.311127647944328345e-01
8.543382293851843334e-01
7.164500315628881122e-01
6.580306619001436985e-01
7.717493257303650322e-01
9.311407864677939683e-01
7.513229729920027911e-01
7.997291667043983088e-01
8.124520677319939654e-01
7.916760623375233008e-01
9.991319444444444198e-01
7.972912694638947251e-01
8.691234876411148003e-01
7.606328116445818521e-01
8.084299793431147796e-01
9.412181199198491610e-01
7.968945629870235470e-01
7.627289266317999195e-01
7.318174097654861487e-01
7.385819805325255505e-01
7.838745201673741336e-01
7.440345592207506797e-01
8.955439249985908123e-01
7.633829747629391482e-01
9.846000865300967853e-01
7.811289376208581103e-01
7.437576546550690448e-01
7.852416438018451350e-01
7.466183849803130768e-01
7.432607762571048493e-01
7.857689206653453162e-01
8.257132534773670152e-01
8.624083535613163987e-01
8.079580909357418905e-01
5.782095583032071939e-01
9.629638032480327681e-01
7.549169026236836055e-01
8.095406346755028570e-01
8.531962992452437611e-01
5.530951503311359874e-01
6.537670584903876314e-01
8.594586212417570925e-01
8.199830871884161709e-01
8.395905936221512711e-01
6.338635710902246201e-01
8.267375026705656715e-01
8.680762648327892128e-01
8.538058939452103369e-01
6.806459983129063973e-01
8.484257013954870086e-01
8.717450227345410196e-01
6.747487343436292528e-01
8.767838186800211986e-01
4.429027068211223717e-01
8.918952418809663607e-01
8.147761714896029073e-01
8.056500730787140574e-01
7.450724433582206485e-01
6.124165385247622995e-01
8.560884237800482355e-01
7.214552534603401179e-01
8.121484555755096313e-01
8.694617049263977382e-01
9.432098788503922027e-01
7.831696068393794175e-01
9.467763139249574245e-01
7.401188583688358413e-01
7.986485703153394233e-01
7.874413484179257905e-01
8.107005430224338838e-01
8.416529991037996483e-01
6.505757567333531055e-01
9.532424879486888214e-01
7.541672504527344723e-01
7.119269051875063425e-01
6.711536904652753988e-01
7.920714706163880514e-01
6.070827343720506253e-01
8.020193948376223014e-01
8.354227681905310732e-01
8.801495513086808886e-01
6.084423262002262023e-01
7.432263359769111233e-01
7.663029325005157322e-01
7.835659131464967064e-01
7.577741419111994059e-01
6.930373198942467727e-01
8.192866081295675507e-01
7.892944525338827511e-01
7.578666335168307011e-01
8.767151473726634281e-01
8.404042700284095613e-01
4.816854660528678278e-01
7.533644830896413236e-01
6.955171752512904204e-01
8.336571848765016446e-01
6.748840444988369880e-01
7.443103046607899564e-01
7.561219735340884984e-01
7.652169781039229735e-01
8.137157648542611144e-01
8.908324066368943361e-01
8.147195986754661723e-01
7.968945629870235470e-01
7.049335422509275251e-01
6.909463456179666396e-01
8.815520070178142209e-01
6.389872049477819393e-01
7.926266449014496285e-01
8.411004298267318324e-01
9.765335010376091640e-01
6.798919843466609825e-01
8.373201879416454219e-01
7.791683214107635314e-01
8.578412082801926131e-01
7.844349845411141553e-01
5.992987873947659416e-01
6.541201964865052121e-01
7.339417762980299242e-01
8.904869950688224511e-01
7.908702471739359474e-01
9.710935694546075636e-01
8.913429364625021778e-01
6.949881685643285456e-01
6.109950051304762209e-01
7.639169459132110207e-01
6.864973382201375873e-01
7.070814575516191081e-01
8.192655570196786252e-01
9.788773148148147696e-01
7.424988162097156952e-01
6.456265107569979511e-01
9.726299875610581180e-01
7.386671685818816391e-01
5.642717759496469476e-01
9.142947512448655889e-01
6.689266064986324478e-01
6.681923895470655017e-01
6.328879050134487150e-01
7.866285416975671296e-01
7.223166786269695772e-01
7.372283119217396541e-01
7.484678062619806171e-01
8.151573701690691953e-01
8.059429593420054383e-01
7.844243341281544879e-01
5.202407591158244582e-01
6.361512106922234677e-01
7.406494469617082022e-01
7.613223215427116219e-01
8.451259573731788599e-01
7.956518911192606014e-01
5.880135894301066202e-01
9.092859403443694921e-01
8.553611409362259499e-01
8.732318207312648184e-01
7.855199631417113526e-01
7.781066696639150626e-01
8.340502946813622698e-01
9.916317254266745485e-01
8.404354873218320421e-01
5.902105885964893384e-01
8.757907491420126034e-01
8.763888166508421174e-01
7.632890523734916499e-01
5.922591871815316988e-01
8.383727887506474685e-01
7.069037442115593262e-01
6.651896722761404535e-01
8.239424604314823375e-01
9.257338266845578367e-01
4.137605231795369876e-01
7.243560999181731797e-01
8.534553598752967485e-01
5.652832054835965625e-01
8.159053190958897028e-01
8.878030381026145168e-01
8.999677488426520711e-01
7.594802421324881037e-01
7.240228347676268550e-01
6.231283361942591137e-01
7.095500766777134150e-01
9.110997620093438387e-01
9.418270885742126008e-01
7.354620764960352330e-01
8.271129560725457575e-01
7.646907449055417860e-01
9.086229627295049349e-01
6.798569421261683177e-01
7.674436431143782933e-01
9.152748389016553965e-01
6.993321459876827850e-01
8.200519257195870715e-01
8.316525599287211135e-01
8.005636799568225381e-01
7.385970907970389465e-01
8.263884888988116684e-01
7.329108120947511740e-01
5.617049677080534487e-01
8.541430067215068922e-01
6.529111072376803104e-01
8.708689697115148398e-01
8.116730569190643285e-01
6.012965158587826320e-01
7.851250852476873154e-01
8.328640347487270557e-01
8.955386140340908518e-01
8.354012590171416841e-01
6.402609760211960266e-01
8.051099224152669098e-01
8.228632902240001767e-01
7.728589140285428982e-01
8.043723626750614031e-01
7.745224946921283049e-01
4.231194998706305221e-01
9.143097985100393510e-01
7.780558555522302244e-01
5.736045134707538073e-01
8.262820152530222506e-01
7.068304794500873678e-01
8.806630575586080756e-01
7.322763497298968582e-01
7.998465352686777718e-01
8.459229575083579977e-01
7.449917233603972067e-01
8.314880357108830333e-01
7.716582893692337519e-01
7.271041309319122847e-01
7.206234206588476576e-01
7.901072633371295506e-01
8.377865433375397686e-01
8.401285065158642373e-01
7.376436598771620723e-01
7.795518279652594584e-01
8.535601548239293290e-01
6.916896564804873027e-01
8.406527308674762722e-01
8.163439428739573955e-01
8.724243500619933700e-01
8.506124501017526818e-01
8.983149027657689745e-01
6.631524834687329006e-01
8.078401986902803422e-01
6.666914568347062087e-01
8.348336120092789692e-01
6.169187278919636697e-01
5.384005715749204946e-01
7.686710972260639707e-01
6.912917978476416092e-01
9.815705490780521902e-01
8.246294213698559528e-01
8.938078703703703498e-01
7.826976816491432176e-01
8.590461045374343518e-01
8.470229502389229337e-01
5.642138088397793405e-01
5.127573089535079065e-01
7.152346399740574512e-01
7.457601073201038933e-01
7.801027791109178544e-01
7.908091241103318847e-01
7.927355067553712997e-01
7.520707975589356886e-01
7.134043715836193567e-01
7.155946268046421421e-01
7.587557511509258612e-01
7.671586576778925970e-01
8.919438327241162590e-01
8.525462772374637899e-01
6.171348768691210518e-01
7.513545216947000727e-01
7.879917895374775050e-01
5.809061981790287765e-01
8.510870265816806723e-01
8.041404147387855028e-01
7.738801157530633690e-01
8.789882795900630930e-01
6.684095907904223921e-01
8.836587634025421245e-01
9.282116773109841956e-01
7.855852534506125862e-01
8.486285347264108658e-01
7.921437565363661504e-01
7.119269051875063425e-01
8.118251793066117994e-01
6.469133673111531202e-01
7.330501766231565242e-01
7.500550582426879220e-01
7.841359387006351378e-01
7.672787892047586711e-01
4.999007225944419042e-01
9.231631354131691891e-01
8.643402579264329866e-01
7.586679712074253512e-01
7.685982274152310945e-01
7.781066696639150626e-01
8.284565917622093156e-01
6.954788892328863659e-01
4.977188882959718841e-01
7.912527021317934395e-01
8.363281049085456997e-01
7.865989512571157638e-01
7.851243514443105864e-01
7.119269051875063425e-01
7.908702471739359474e-01
8.159651467068551600e-01
7.986070796803860228e-01
8.007828697187444611e-01
6.922534347617477213e-01
8.294637514533385048e-01
6.816846035181510777e-01
9.153927090673265043e-01
7.261795901341461246e-01
7.645091323791241011e-01
7.991702389074154533e-01
7.570221426905706652e-01
8.754392318759242064e-01
4.816854660528678278e-01
6.674717118959831996e-01
6.637937291728265299e-01
6.985810966288799051e-01
8.855508107764584746e-01
8.684697638697987943e-01
7.555229212417611251e-01
7.657085136602742592e-01
7.532887975162265715e-01
8.083749858247404330e-01
6.910707960832310759e-01
9.180095506949769169e-01
9.630229393509192048e-01
5.083275139312443125e-01
6.917103439143739152e-01
6.594474593400362350e-01
7.870580001031538542e-01
9.175621608988009381e-01
7.528451536226693497e-01
9.512867254368677639e-01
7.465226296916440685e-01
9.243476597279187690e-01
8.619843898310279862e-01
8.135313180604121230e-01
7.750902854264077879e-01
7.603234768991721237e-01
7.554714672922856478e-01
8.047762663238599012e-01
8.866973334062674406e-01
9.172479100480036562e-01
6.954602895014100339e-01
8.719454834775165475e-01
6.481827189005956447e-01
8.327777375922020831e-01
9.653386999960210657e-01
7.389801957413015820e-01
9.783343417531149555e-01
6.724958663868774167e-01
8.019408468598208106e-01
6.883658624672694959e-01
8.310593814743626462e-01
7.324401345821803799e-01
6.769339408368983957e-01
7.099435457388052484e-01
8.190974448852983425e-01
7.275127818225824994e-01
9.241372212147552778e-01
9.162975631562894074e-01
7.456699863213613888e-01
8.141450051587963976e-01
7.413785426302783588e-01
8.311317618693312426e-01
7.037624272635442102e-01
8.911944458351342968e-01
8.044520609409141487e-01
7.912136062564120165e-01
7.693313927328452317e-01
7.970031192330914172e-01
8.140365894302952210e-01
8.253983748663219489e-01
7.181162206657337732e-01
8.341025875839133130e-01
8.631677874210400558e-01
8.523706857204909060e-01
8.043926621855217451e-01
8.098181785988081138e-01
6.868747446131775458e-01
7.700324091787726921e-01
7.137820189019918882e-01
7.849026785728160371e-01
7.595421455228461571e-01
7.688021622820588874e-01
7.606825823640384066e-01
8.847623092629780528e-01
8.701590005238225567e-01
7.106294482187968109e-01
4.760535358467818945e-01
8.476818150498488524e-01
9.454456243951340211e-01
8.537218019019692239e-01
7.957511138317373556e-01
7.067386538051482203e-01
5.980394339612440380e-01
7.715271069299662887e-01
8.166000613030731659e-01
5.630934648158105738e-01
7.826309372354331995e-01
6.902745392424859405e-01
8.040546140259902108e-01
8.361753846957651337e-01
9.382071953070894033e-01
8.330291754197601817e-01
8.123975377911749618e-01
7.555889258518595497e-01
8.559667429838976327e-01
5.612221581669439852e-01
5.134975786908944073e-01
8.737860198501390396e-01
5.757488304209108509e-01
8.568937219427407159e-01
7.818407239108268181e-01
8.574383134615203295e-01
8.931607959995675472e-01
7.605991590466966157e-01
7.087452574700497943e-01
7.822589274389463165e-01
8.129520736428017536e-01
7.706854303308446896e-01
6.059352823308942204e-01
5.286980503775272622e-01
7.684367422978498618e-01
6.904752005354090061e-01
9.490760471156132194e-01
7.665256442530958836e-01
7.648884862688557496e-01
7.678292413413094764e-01
7.701588506895399311e-01
8.365023325001990084e-01
7.579357317384191051e-01
9.011800523639845739e-01
7.794790879280435458e-01
7.466993864908278988e-01
7.314268158828548527e-01
7.003430540717052732e-01
7.454155850319593712e-01
6.494010692017861963e-01
7.368316857669299225e-01
8.445504486465102989e-01
8.204767048407474173e-01
8.933931248301482109e-01
7.639169459132110207e-01
7.757191790948384513e-01
7.413272632238918636e-01
8.140921594973551390e-01
6.769339408368983957e-01
8.047433638569887471e-01
8.417775654211336889e-01
7.352274015118676065e-01
8.589441371246778756e-01
7.547981628192219627e-01
8.766747226761834044e-01
7.209598323340498105e-01
