8.094123294286891257e-01
8.090284032814095694e-01
7.680210231745984162e-01
8.414728268494731100e-01
5.995179275004385300e-01
8.465090411368871859e-01
7.492925279993524201e-01
8.285332885251169843e-01
8.634998977136629783e-01
7.858565374590045227e-01
9.440987216843959029e-01
6.764595355205124116e-01
8.101905616983067215e-01
8.160898694137883602e-01
7.773603182966383196e-01
7.762462859704173379e-01
8.222367905046334968e-01
6.513291695524714431e-01
7.127949994732847294e-01
6.789873454290904498e-01
7.469724641080054406e-01
6.961097366855439894e-01
7.984340321996546974e-01
7.048284613264218512e-01
8.265312163310868376e-01
7.682391481103586495e-01
7.297988186606282346e-01
7.372280057560635091e-01
8.041870810419358140e-01
8.051460683775033544e-01
8.122923822971259700e-01
8.098607566342607145e-01
5.303244504253574743e-01
8.750177192386503489e-01
8.086109597793061932e-01
8.426848796587643742e-01
7.714553481080580477e-01
7.892897294100855721e-01
7.637708204011134372e-01
7.888256556008117482e-01
8.546984080862830568e-01
7.773907397120100038e-01
7.619084219790059898e-01
9.922626415263257060e-01
8.187333825248506169e-01
7.322688675938994196e-01
8.454759335293955402e-01
6.601423369786491024e-01
6.181708856721550571e-01
7.901145080529766718e-01
7.693559973154313614e-01
6.736442176255450498e-01
7.557026360579633950e-01
7.712184033909574854e-01
7.635354934243513414e-01
7.523136222604619450e-01
8.692635672894705179e-01
7.376436598771620723e-01
7.523335058637574679e-01
8.042332511092175062e-01
8.613054411482186090e-01
7.742461389882014933e-01
5.704703564291888629e-01
7.647202132716662826e-01
8.904869950688224511e-01
8.756417384668091497e-01
7.864335633858010599e-01
7.977922582102298099e-01
7.374456053935997124e-01
6.885038114553443389e-01
8.403432386330595971e-01
7.996371575222233075e-01
9.064435240006180061e-01
8.421299969124187434e-01
7.755196188440349747e-01
8.999861202277629202e-01
7.943467872833628318e-01
7.985745627834711646e-01
8.003689592524992902e-01
7.921112040143006849e-01
8.552944395445780668e-01
7.235751367391318745e-01
9.103714036164342049e-01
8.389723533720524484e-01
8.144030316322261598e-01
5.795544893306012746e-01
8.300352070270763383e-01
9.648125133652545315e-01
9.670504092001248608e-01
8.418526482945059009e-01
5.818667086736785121e-01
8.225820043961665773e-01
7.069549256250449165e-01
8.587650818898511229e-01
8.208968637789066936e-01
9.136503670017425138e-01
8.354012590171416841e-01
7.181162206657337732e-01
8.480291441604587144e-01
7.412964469210898688e-01
6.996341595498729582e-01
6.813897100232355619e-01
7.178705710001267448e-01
8.328559940085010771e-01
6.948682660114329224e-01
8.659158603606159632e-01
6.175170434619546844e-01
9.672558859183849611e-01
6.654948299302356762e-01
6.556545511447405827e-01
7.498480509933617144e-01
6.539211871532386589e-01
8.678586026091613670e-01
5.923196585609490361e-01
8.379346602885743289e-01
8.373206655121573361e-01
6.664336809623144786e-01
4.474769394386711174e-01
9.211965129971030342e-01
7.849363302299932066e-01
8.889805058909218127e-01
9.055645492400500318e-01
8.311317618693312426e-01
8.180581172617837904e-01
6.904752005354090061e-01
7.151818140272757640e-01
8.417775654211336889e-01
7.544179150672328804e-01
9.008276075555763374e-01
8.684987646594197752e-01
7.356985798725828030e-01
7.040429330347053316e-01
7.239824723067364021e-01
8.911944458351342968e-01
6.724233327880144717e-01
8.606668295163085736e-01
8.595993489814734989e-01
8.343212617311277501e-01
8.755753145263107662e-01
8.671475418797156554e-01
7.785898168876891345e-01
8.425065038386304606e-01
9.026881786482345849e-01
6.848218147668156952e-01
6.707435827419674368e-01
7.363816510302951812e-01
8.467389410296906060e-01
8.583559719157189960e-01
6.926883904575102946e-01
8.636445843119291421e-01
7.208613672284673868e-01
8.332792276100567941e-01
8.950492860467994527e-01
7.514011618975340312e-01
7.965577515830661870e-01
8.567777894774258884e-01
9.642381627898688468e-01
7.148115379073265441e-01
7.507069244364055205e-01
8.281800289668789228e-01
6.825768841935740960e-01
7.769740257729075283e-01
7.279944381827451183e-01
8.292860173025877746e-01
8.340515746795110763e-01
7.950520994385580353e-01
8.735090017589453026e-01
8.846308032443155334e-01
8.805444434923217489e-01
8.012847689578047605e-01
9.014556745271511407e-01
7.045174525825637080e-01
7.742049852078438654e-01
7.645176808125627721e-01
7.834909929778925974e-01
6.396393140455505222e-01
6.900845659092055273e-01
8.167440976989551737e-01
8.069687415446630263e-01
7.231975563441718213e-01
8.698001649133275670e-01
7.890301823417061877e-01
8.803896948519985832e-01
7.800966565928322272e-01
8.110880841610615954e-01
7.263991987734396139e-01
9.027723372053715334e-01
7.320942665981071684e-01
8.056875767906613861e-01
7.898614294256780521e-01
8.144190429223439054e-01
9.437091547581293316e-01
8.069770916498539837e-01
8.476916561969298769e-01
7.138343571326801751e-01
5.987467915869426616e-01
7.482948949436453168e-01
7.159002810438713782e-01
8.128197399250333133e-01
8.256945491562609485e-01
8.055561793590287900e-01
9.505208333333333703e-01
6.725052328775178445e-01
7.491651188415623386e-01
7.897910898404278957e-01
8.308061520619230977e-01
7.704033827511652666e-01
7.304105212137385061e-01
8.767974560982146892e-01
8.304036238213693411e-01
7.711130653184471440e-01
7.134895638387539485e-01
8.573921468308344229e-01
7.265724029614126778e-01
7.076430915277369671e-01
7.550473943138485966e-01
9.323405067631623799e-01
8.464654429566086380e-01
8.570075501935463524e-01
9.725721740831297923e-01
5.252494038161342749e-01
7.910950472175283243e-01
7.838301105965411741e-01
8.025280109346456525e-01
7.309655908123668944e-01
8.167804256027367815e-01
6.187068461387097429e-01
6.032268980125524704e-01
7.234195971385839474e-01
7.776851926042581686e-01
7.971971248361245932e-01
6.610592276270326195e-01
9.205013157794396106e-01
7.256342323201723232e-01
9.129136135416915376e-01
6.260610140401451362e-01
7.103772083061860032e-01
8.429294876094501898e-01
8.449704702014996238e-01
8.369458135262113352e-01
9.548440887639215724e-01
7.663800896115945394e-01
8.285227946631704699e-01
7.866350349323101288e-01
6.756280928431925847e-01
8.093187525200931098e-01
7.837013136745494268e-01
7.582499693216371295e-01
9.521591223218432987e-01
8.281835285465584118e-01
8.620602640839541975e-01
6.386195241458030303e-01
7.804951102588648659e-01
8.496446559685679745e-01
7.708444405712513436e-01
5.432065428305465904e-01
7.578005145316161206e-01
8.656420029114172410e-01
9.688370384378660605e-01
7.763957412946729253e-01
9.692392275920992395e-01
7.028755234838157673e-01
7.649757679634889840e-01
9.118909799347226786e-01
8.454386127248252336e-01
7.631543775502807048e-01
6.748840444988369880e-01
8.310137211120904865e-01
8.336603444289664155e-01
8.105490065882202666e-01
8.165401069840101389e-01
4.470955023720308286e-01
8.235771074441938788e-01
8.188530588420885881e-01
6.495755926210857734e-01
8.250637553447166539e-01
7.118373227498582256e-01
8.482474063011424814e-01
8.496417504681912369e-01
7.774771116924333869e-01
8.463488594600881987e-01
8.001653293314756610e-01
9.456062067742565524e-01
8.575970313760368224e-01
7.993841192092113745e-01
7.745683004540407923e-01
7.655754186631915648e-01
8.007353735475398748e-01
9.113841800365667378e-01
5.795544893306012746e-01
8.998983191226221923e-01
7.931400542632724981e-01
7.598177190251403923e-01
8.473140932385579971e-01
8.063517659274327398e-01
9.050481438487288921e-01
8.337509224433307109e-01
8.223163046864699899e-01
7.971723189715771429e-01
7.577741419111994059e-01
6.617504034375076838e-01
7.573265490138051392e-01
5.318949651466264861e-01
6.257641068930335226e-01
9.430702048414343341e-01
6.877801432197883091e-01
7.410308475191644817e-01
6.436746454745527757e-01
8.150873210315691120e-01
9.192660793117233275e-01
8.242646969235767340e-01
6.098783055622538640e-01
8.277622563532408551e-01
7.618885581121406236e-01
8.188331211102768403e-01
8.672291970282901552e-01
7.017614969828034344e-01
8.207344527971517367e-01
7.965046416778905902e-01
6.725145579291108566e-01
7.378727562504386883e-01
7.675973872738118819e-01
8.778902106093789959e-01
7.995930280514114141e-01
9.793550259475514164e-01
4.990576845073745882e-01
4.587604541027118787e-01
8.683420770799250565e-01
7.954010498173802457e-01
7.885174824668379490e-01
8.698021231396751984e-01
7.404182367486518146e-01
6.601216173175914470e-01
8.756494930134588461e-01
8.880457927325339229e-01
6.643393969778869090e-01
7.316598688077571300e-01
8.090876426335625871e-01
8.535888214806441887e-01
7.523111859449741479e-01
6.933328314984974483e-01
6.754691765554445837e-01
8.871421890949847677e-01
4.314739215725923449e-01
6.490655018881408278e-01
8.411815746284909689e-01
8.336603444289664155e-01
6.968673164528188524e-01
4.357505181503769087e-01
7.941392041299580873e-01
8.738808306626830724e-01
7.391425330754484158e-01
6.159133780047495454e-01
8.185149897134349484e-01
9.021962576282295254e-01
6.213798813307730429e-01
8.008244046407101413e-01
7.697674963494381961e-01
6.856111458868483499e-01
9.308185940500606215e-01
8.003152171403384862e-01
6.770018321841801967e-01
6.668915633173917445e-01
8.026728265442513166e-01
8.256315671437360892e-01
8.467079853380772292e-01
8.330921841293633667e-01
6.259208330425748423e-01
6.852349127709571608e-01
7.172087312919124269e-01
7.773603182966383196e-01
8.662941027494883706e-01
8.773220415134803662e-01
7.006549813156882633e-01
7.977803480557126292e-01
8.036927816932520896e-01
7.583417510398398065e-01
8.107795384268271510e-01
9.243544906854248566e-01
8.757907491420126034e-01
8.378551949424416501e-01
5.622114982277147677e-01
8.294637514533385048e-01
8.078129678712839823e-01
8.699213379677025459e-01
9.215300753321040705e-01
7.312207398074995757e-01
7.719438875236880326e-01
8.575563277349333990e-01
7.054027666458558832e-01
7.137713874453869289e-01
7.528803315224212866e-01
8.513522529214510026e-01
8.837338699194519087e-01
7.706327222253218645e-01
7.352106284062731589e-01
7.172133856019576870e-01
5.725359239714418180e-01
8.083963066460198021e-01
6.938607221080720366e-01
9.447798265438279719e-01
7.616868986121146934e-01
8.689854174656290731e-01
5.983298460383780215e-01
5.541629129764457096e-01
8.882813444689955373e-01
8.118643405474014196e-01
9.417007165966065907e-01
9.656186140934636120e-01
7.663614190009891969e-01
8.179843522145444634e-01
7.593252532521231890e-01
8.051269819980240161e-01
7.933495896075616338e-01
8.291616660096436942e-01
7.003583789186663688e-01
5.112268820267681368e-01
5.541710346547397137e-01
8.035855722063326434e-01
7.750968148332884056e-01
7.960594935911146086e-01
6.939060145494694298e-01
8.659637366769836753e-01
5.604257854047310916e-01
8.672629406515003359e-01
7.283034693602743470e-01
9.091435185185184897e-01
8.275516187676010826e-01
9.237719902456267285e-01
8.499597724605972848e-01
7.630589733022011822e-01
7.238957210431018474e-01
8.131073523609169129e-01
6.627653066229286516e-01
7.823413564061000303e-01
7.648259914910655599e-01
6.723255781245792706e-01
7.872264358002656337e-01
4.106024101381032798e-01
5.980394339612440380e-01
5.750288661381359745e-01
7.709815867800703382e-01
8.256315671437360892e-01
7.699723992590271626e-01
7.345555314857383777e-01
8.592196180221916002e-01
8.114922374880858547e-01
7.670726173489080812e-01
7.211939217140206360e-01
5.540223799347555600e-01
8.442376095967157879e-01
6.373663723783967727e-01
8.991993992714084616e-01
8.084705171771512378e-01
9.739489374618469641e-01
7.533588673588165197e-01
8.797182533592038389e-01
7.674171188501166530e-01
8.872739268200059426e-01
8.578583010360644190e-01
8.847270797644465334e-01
7.308006807608616873e-01
8.553611409362259499e-01
5.470864786621910669e-01
7.800519466607960251e-01
8.703762169080331290e-01
8.740017203870013018e-01
6.833172750916004512e-01
8.068312036078953975e-01
6.715181885343047830e-01
6.879816315634793567e-01
7.780558555522302244e-01
7.798080284712890498e-01
7.505843123971631670e-01
9.716366314748028365e-01
8.724691328116050970e-01
8.014544778036079009e-01
6.290547887722756082e-01
7.025870459045274741e-01
8.591875339877560469e-01
7.931366539883787370e-01
8.439042176832419750e-01
5.636753825711415811e-01
6.402154494313430089e-01
6.898581634427456422e-01
8.770409463427449870e-01
8.105382770511777579e-01
8.134148874031991161e-01
8.965015178541601015e-01
7.783594883864143332e-01
7.637547576645532521e-01
7.541229154115989264e-01
7.460071480517042053e-01
5.300101309850687725e-01
7.638726733689941151e-01
7.909634254578398194e-01
6.447543811959087767e-01
7.776679430125295056e-01
6.068662905777619798e-01
8.861883292585368554e-01
7.460198146777878847e-01
7.482523317589077072e-01
8.551244006133520426e-01
7.343736182093815179e-01
8.040765436155069557e-01
7.807629615615572227e-01
6.724086842011597343e-01
8.161488521259586681e-01
7.077090615766775672e-01
7.931807523576720476e-01
9.010227544129455479e-01
5.915161772178320065e-01
7.924120092846295149e-01
6.192450791708922209e-01
8.321756262820056982e-01
7.998137770707502980e-01
9.088308184351465702e-01
8.404332788359818451e-01
7.710877535881431877e-01
8.942544107026013656e-01
8.989111137910231752e-01
7.430084613395124826e-01
8.483249013148160822e-01
7.762136369192463858e-01
9.094086296849999140e-01
8.041087962962962798e-01
8.711841302180590718e-01
7.118895993123632859e-01
6.884599066108655352e-01
8.975255568925215588e-01
9.293733692432413207e-01
8.131844781720918292e-01
9.338393611417520335e-01
6.143012396397665720e-01
8.671334586798959965e-01
9.339499201252563498e-01
7.271275105714483100e-01
7.599480241777715195e-01
7.862578755411396836e-01
7.087166879692569088e-01
8.519848311096172022e-01
5.729205112092146113e-01
7.119269051875063425e-01
5.920612629079200495e-01
9.192317616950702597e-01
9.373624087431713381e-01
9.179590862215016855e-01
7.335776826369492243e-01
7.880892564582439030e-01
7.465849124155418126e-01
8.335348767327780406e-01
8.843736107414892356e-01
7.821451247451921551e-01
8.107554138048668202e-01
6.897865179942547220e-01
7.757587493013802238e-01
7.920438057046508273e-01
6.194695230722718771e-01
6.289924498777087480e-01
8.147761714896029073e-01
8.102276729456263649e-01
3.395883687682671459e-01
7.543513495877725017e-01
7.846671124961974719e-01
8.043005560085917383e-01
7.698998279458180161e-01
7.662892576651056942e-01
6.546272762985965166e-01
7.656210857101474199e-01
8.895759713819281211e-01
8.115385462639166381e-01
6.274701564152556088e-01
5.683005754537917564e-01
7.965074308597830388e-01
7.426933547099349164e-01
8.360768677436861696e-01
9.393102432853476236e-01
8.317152641857628037e-01
8.992316813329190861e-01
7.724831809117924664e-01
7.020672326567563015e-01
8.122317042686699740e-01
6.705856721463830938e-01
8.520423353856241278e-01
7.918268443035373361e-01
7.921899681439996677e-01
7.423178768879328260e-01
9.473770373370824505e-01
6.883658624672694959e-01
7.572923550756016642e-01
7.843530382486627595e-01
8.503598279481329181e-01
8.111805638074991442e-01
8.307616664308726806e-01
7.463655448814139337e-01
8.787186721665944944e-01
8.525450130252378855e-01
8.688271938480001122e-01
8.096272763711672704e-01
7.697598326812533642e-01
8.794357747683348991e-01
8.248406298064288045e-01
8.055666620901303920e-01
6.145276608090153303e-01
5.754674658903454754e-01
6.681213560214500635e-01
6.456265107569979511e-01
7.260972230253022186e-01
9.531124613686224878e-01
8.155512570632602598e-01
7.981120671651404930e-01
9.380493266915344019e-01
8.469842025279822328e-01
9.450350280313328799e-01
8.632188981022280716e-01
7.137820189019918882e-01
8.000849854002861639e-01
9.849306482150118613e-01
5.710363842344940988e-01
7.674222303455440208e-01
8.161206456192249270e-01
7.645540983957895831e-01
8.546926061569907196e-01
7.660950883308860204e-01
8.544142437095034737e-01
6.978099953574834480e-01
7.805596115089443732e-01
6.483719822226700069e-01
7.368084848178234614e-01
6.931755461018483944e-01
7.059414476586943765e-01
8.108064016182753297e-01
8.193531389679624688e-01
7.885415151183022830e-01
7.625425060073589556e-01
8.542460764571481180e-01
7.381825322578292603e-01
7.140110059757884819e-01
7.264305587038905054e-01
8.069821293835023335e-01
8.498944583196906821e-01
8.104921012581279838e-01
8.193878175611841730e-01
9.254575927717949568e-01
7.937739027164006922e-01
8.445767068261766930e-01
7.895343580280562712e-01
8.284259487896169505e-01
9.330140335192722567e-01
8.428584692017613289e-01
7.807629615615572227e-01
8.189037995930125158e-01
8.547001717738388349e-01
7.201142322445351907e-01
8.185233184242689530e-01
7.089365151516546781e-01
7.477720950344889372e-01
9.335709249497530227e-01
6.146944772881829389e-01
8.741489925945804540e-01
8.063104671005489887e-01
6.932645671925977693e-01
8.086777495570725005e-01
9.209497307622576123e-01
9.547002624381022429e-01
9.199688923111916106e-01
7.068304794500873678e-01
6.687437820682029521e-01
8.650697778182983022e-01
6.876802003017044029e-01
5.046452549559100609e-01
5.892105119600858920e-01
8.284234976921888149e-01
8.649357979088492243e-01
6.864564384221177873e-01
7.991386896949043139e-01
7.125460908940233207e-01
8.809199881301259527e-01
8.537264991420864257e-01
8.448545249285573933e-01
6.993262839835809874e-01
8.321656572348778980e-01
6.794912466160646369e-01
9.019853059929521244e-01
7.859121431219463494e-01
6.092784571648058867e-01
5.389122558866243917e-01
7.360664877774374393e-01
7.940886996294751476e-01
8.702916423737953044e-01
7.331803241200962606e-01
7.792153452256048718e-01
7.873368589136910956e-01
8.111562633547606538e-01
9.724362171024203416e-01
7.465586302693872911e-01
8.000498131002087288e-01
9.499646823542393648e-01
8.420537244745813776e-01
7.489207504838412133e-01
7.302241798085076230e-01
8.590089397793153614e-01
7.094639911463911375e-01
7.576899455227804614e-01
8.608175982537799031e-01
6.361512106922234677e-01
7.623802604188391063e-01
8.162713517904409688e-01
9.604174155474434205e-01
8.210897423831671205e-01
7.432698337682870360e-01
8.852533099868246103e-01
7.666948135493861782e-01
8.056853764153194541e-01
8.669939523157369488e-01
8.131420612214973476e-01
7.814341865400014076e-01
5.230759085618749138e-01
8.806630575586080756e-01
7.755097462599054303e-01
5.238882035749284904e-01
6.578260073142581099e-01
7.528185363604632530e-01
8.437994567890964026e-01
6.909855822812762671e-01
7.957699088287568667e-01
7.939964746624895708e-01
7.159002810438713782e-01
8.298046521783012386e-01
9.459565597562521466e-01
7.498480509933617144e-01
8.698381296828241460e-01
8.587651478316231657e-01
7.688021622820588874e-01
9.492977439848855337e-01
7.791683214107635314e-01
7.181162206657337732e-01
8.126950186645617302e-01
6.967709223470019975e-01
8.162415446359196913e-01
8.406037201452244423e-01
7.752973046787385858e-01
8.767401751677802446e-01
8.791895317544852206e-01
6.793900443270585177e-01
8.542460764571481180e-01
8.510005923763066527e-01
3.618712191202360651e-01
7.817256571421860034e-01
7.505843123971631670e-01
7.214168467728190315e-01
9.188554905907972969e-01
8.449242892645014713e-01
7.130129596818653992e-01
7.965080108847488738e-01
7.766433104233029239e-01
9.677532864741155150e-01
8.010859394710639902e-01
8.003495934775615162e-01
6.139300189439832467e-01
8.747783912439629495e-01
8.634687527170502586e-01
8.465019988982291910e-01
7.497197619853273043e-01
8.439014328834686385e-01
8.033997764493928662e-01
7.364794828229691559e-01
8.701549880206962406e-01
7.893649585834598970e-01
8.074537748323629138e-01
7.033148092102399218e-01
6.611313550473284506e-01
8.150589491986577340e-01
8.027779839637042558e-01
7.800280679565109176e-01
8.476215216577716038e-01
7.766171066101251741e-01
8.196112619340369942e-01
8.242187081214409350e-01
8.405939792632732832e-01
7.718696716564155125e-01
9.203173974192401241e-01
9.321649751143291640e-01
7.908702471739359474e-01
8.610706115957073026e-01
8.635409773192069816e-01
8.920673389124528230e-01
7.570084506905038202e-01
9.232210651816384894e-01
7.489894511249077791e-01
8.198188841935938331e-01
6.536823764416402893e-01
7.657034755641217716e-01
7.811668105394855566e-01
8.152408329025756517e-01
8.305264558609938286e-01
9.601211925305327410e-01
8.532857818918690995e-01
7.911726906699050321e-01
6.850834649317462111e-01
8.813970273309299497e-01
7.333861933961680624e-01
6.892850494244546766e-01
8.198006819366617792e-01
7.506496314658972491e-01
7.495420319661475483e-01
6.169187278919636697e-01
6.624881211152719995e-01
8.798660389206045540e-01
8.961646429852049289e-01
6.369148892235294568e-01
7.748019878192494714e-01
7.920890497633056304e-01
8.542460764571481180e-01
6.357158640458434595e-01
7.330653749952631415e-01
7.746147220408713396e-01
8.132295939062061940e-01
7.763279500495013918e-01
8.649415103582466235e-01
8.391723142634598398e-01
7.732083928319684052e-01
9.100574137946215725e-01
8.252638116907251575e-01
7.724831809117924664e-01
7.783480027916985788e-01
7.157006858563047524e-01
7.783098872879425922e-01
8.256823440820498794e-01
6.092634032596152549e-01
6.763155865304049108e-01
6.943713918863327894e-01
8.751468661620016576e-01
7.754600420581153619e-01
8.067796696410357571e-01
7.464108645487879112e-01
8.340601336114352726e-01
9.180095506949769169e-01
7.676004100930327034e-01
8.467478323368540227e-01
9.661081031886016302e-01
8.426493459515199680e-01
7.744652790973756140e-01
8.726765944184932122e-01
8.295806292300297313e-01
8.050150732057607117e-01
8.301343498205169258e-01
5.206351494442253980e-01
7.600969317077836962e-01
8.100615349895986528e-01
8.538296680037087416e-01
6.187910692960095771e-01
6.946009773287971090e-01
6.651416039548291304e-01
7.909158586640068211e-01
8.304274731616743122e-01
8.568532300269071644e-01
8.024698419475992939e-01
7.921437565363661504e-01
6.798569421261683177e-01
7.723653356074630105e-01
8.698886525841476036e-01
5.722626216289046219e-01
7.571737598441170558e-01
8.673146977256653845e-01
6.121194253924900908e-01
9.188554905907972969e-01
8.048522698573699063e-01
6.499650180278609968e-01
7.858281877810080474e-01
6.090748222903684672e-01
8.757594267686792389e-01
7.621518110271737756e-01
7.911389347654333992e-01
8.534377965473087801e-01
7.002534556463182458e-01
7.874186948901221728e-01
8.288653808278843016e-01
7.986714316852000506e-01
5.675429788428373312e-01
8.110372487095134364e-01
5.560395169942843330e-01
8.814340467510695110e-01
8.398107635263125648e-01
7.783594883864143332e-01
7.721122042034478383e-01
8.692115185865103566e-01
7.472534214027468646e-01
6.329113744849881318e-01
7.814573417033604530e-01
8.558096122204653655e-01
8.179799108426362153e-01
7.444163017964979812e-01
7.389987535288018439e-01
7.477720950344889372e-01
6.513048202072048154e-01
7.622777861541679689e-01
8.975077456103384144e-01
6.750243291992880090e-01
7.981021813643004448e-01
9.551894961721979493e-01
5.926457981677021314e-01
7.189213923203187084e-01
9.231593322595100792e-01
7.475464114156901152e-01
7.916609291558655004e-01
4.566014965538996440e-01
8.708353825342116661e-01
8.417528927004356287e-01
7.515782010217235687e-01
8.444997735693372531e-01
7.693850453075122831e-01
7.483840246706432442e-01
6.713738447508335039e-01
8.669448650696650605e-01
8.483716335153861365e-01
7.764702131619435344e-01
8.379360856813071745e-01
7.039892658946427240e-01
7.800124793444340732e-01
7.977936546732510292e-01
8.401748391826352469e-01
8.429263656424411666e-01
7.752981364023242561e-01
8.149016705712420761e-01
6.334866339295327498e-01
9.325935481724701992e-01
8.600469924064152449e-01
6.325397035884317010e-01
9.047658274163952186e-01
8.280000114558101476e-01
8.017130137840703386e-01
7.787142360576563282e-01
7.428907260887006592e-01
7.372862224088712058e-01
7.532907286417208637e-01
6.922888280180972131e-01
7.699592261127943260e-01
8.279178330065170011e-01
7.085302615712554264e-01
5.864884262284746352e-01
7.413928144791905872e-01
7.400859310391708634e-01
8.163674641954813405e-01
7.819034842566563448e-01
8.083753349756979123e-01
7.945217535645394680e-01
7.486951807681655469e-01
7.973707062838683024e-01
6.566760404495951553e-01
8.142575442621486914e-01
8.061076792147249259e-01
8.567494459157541931e-01
6.925309730774471539e-01
7.180821995698898341e-01
8.673697187370739137e-01
6.727517023508886584e-01
7.236765428057665428e-01
7.871159764795002678e-01
6.663864535049007776e-01
7.249066843330522758e-01
7.288116211053323745e-01
8.098436373881119366e-01
7.731626688100573519e-01
7.568537229989577009e-01
9.264320938822632190e-01
8.894770978609652934e-01
6.829700528483411137e-01
7.739326481071143737e-01
7.410967296835346829e-01
8.208301856239282879e-01
8.628171492618728067e-01
7.733507079340244950e-01
8.671923480959159436e-01
7.349441692525227054e-01
6.185580757643009964e-01
9.603413608060211715e-01
6.700710985730665703e-01
6.623393891797811905e-01
8.239906121222444479e-01
9.172468845334444953e-01
7.863053966367318237e-01
5.961231739990584533e-01
6.840306466922714268e-01
8.396078857123505657e-01
7.449821148691526673e-01
6.702848507836207670e-01
5.658136811337336480e-01
6.908497883056441413e-01
8.777168677770729177e-01
8.206655396141522285e-01
7.897454141236615044e-01
8.181415002633012357e-01
8.122317042686699740e-01
8.309525531040476976e-01
7.065090351721120543e-01
7.756980681148732959e-01
8.716757168814220913e-01
5.384005715749204946e-01
7.681818878485421331e-01
7.183399375646353224e-01
8.434805467469008722e-01
9.266429512818928904e-01
7.993841192092113745e-01
7.708205959019955866e-01
5.980394339612440380e-01
7.717363233008790457e-01
9.479421601586810464e-01
7.237920701415723190e-01
8.690360232539330321e-01
8.058589299097658198e-01
8.914139793009284718e-01
7.684288049378331653e-01
9.815452980410925843e-01
7.807002909767500887e-01
8.756347387900497159e-01
7.649205777773070425e-01
6.718287184904351284e-01
9.267585524664135876e-01
6.604088389043115681e-01
8.084891160644989139e-01
7.550400642622906444e-01
7.984056817389169058e-01
7.473763617458678565e-01
7.264207381004051944e-01
7.674066701426445203e-01
7.982403745687096652e-01
8.716888088209501229e-01
6.738462326541553304e-01
5.461675759329647217e-01
7.565209110271912119e-01
8.635038821479240623e-01
7.630096687544679623e-01
7.851218451195413062e-01
7.729500029633016300e-01
9.890046296296296502e-01
7.438167049064712266e-01
7.861510519576550005e-01
7.827962655567376471e-01
6.789804728853563454e-01
8.311697764390151288e-01
9.385371562403395096e-01
5.940750846936510010e-01
8.554746877512638958e-01
7.526610891395508762e-01
9.129516372682540126e-01
8.144030316322261598e-01
7.400091390144198922e-01
7.513591627519242699e-01
5.791637976122122611e-01
5.144840407587226716e-01
7.426759874079902346e-01
5.794719085055900498e-01
7.324259989971481088e-01
8.407665161904217532e-01
7.373492733210076366e-01
7.750863539887101750e-01
7.635101525446521542e-01
6.982038445249627578e-01
7.276481571734433329e-01
9.452144038492596989e-01
7.991156663369618496e-01
5.967286642467704016e-01
8.275317376179641693e-01
6.441008105547995077e-01
8.770409463427449870e-01
7.914499464125726025e-01
8.283615359286555790e-01
8.314418427583230020e-01
6.494834955737384119e-01
9.382071953070894033e-01
8.013358611706421497e-01
7.878365247816628836e-01
8.453391585881674386e-01
7.923188489001378176e-01
8.111650976460971219e-01
6.407803140139004539e-01
6.056700097967738783e-01
7.508971264846185933e-01
9.351547448459766043e-01
5.834485648126073176e-01
4.484420547193043172e-01
7.700287166235567637e-01
7.736625082793464614e-01
7.573521501768781805e-01
5.857241867613849351e-01
8.692509216557863239e-01
7.648700096097065249e-01
7.083838931826016427e-01
7.852847572488486083e-01
7.913650659671992438e-01
8.576879826743715185e-01
8.590746815714761508e-01
8.045621902379250789e-01
6.260610140401451362e-01
8.088550176698992011e-01
8.293023155428225213e-01
7.052097755921286071e-01
7.400357030201117903e-01
5.830616502480771013e-01
6.846646097484210269e-01
8.744852515664983672e-01
7.354728164155837078e-01
8.576018384307245723e-01
7.767159648525534532e-01
8.523420801162180371e-01
8.787186721665944944e-01
8.167109802704027866e-01
8.482641852321088916e-01
8.225109143726703209e-01
7.906596839437368685e-01
8.380536365106581176e-01
7.649757679634889840e-01
7.755660201872376369e-01
6.927385955674373319e-01
7.592128938936207883e-01
8.587616228430355880e-01
7.515782010217235687e-01
7.360031709589169857e-01
8.239616206276237920e-01
5.050390533332329568e-01
9.231326219133575428e-01
8.947661107033803018e-01
7.516554663717500695e-01
7.436989873696107090e-01
8.573889597825180564e-01
8.509490948351690065e-01
7.410140976021732939e-01
7.962654611682624672e-01
7.430615882057252097e-01
6.516069452279898977e-01
7.598285307859901083e-01
8.380221502969995573e-01
6.946048555575025096e-01
7.667080440207959535e-01
7.217320061799082920e-01
7.224399534472437656e-01
7.781131545785510140e-01
7.915675723516086837e-01
8.898908145224373456e-01
7.162823387749545079e-01
8.740711277135175816e-01
9.033056515453503632e-01
8.163957190063123592e-01
8.350481417925678107e-01
7.923870094235193617e-01
7.539898412655069437e-01
8.886092965089141815e-01
6.064376358361653896e-01
6.593349443189393533e-01
7.670346420308857827e-01
6.877334384119896393e-01
6.195908484137202521e-01
7.779619056683627631e-01
8.046259209856998496e-01
7.892951946981932032e-01
6.978906669502757953e-01
7.879917895374775050e-01
6.999745570567120767e-01
8.156194416895209409e-01
7.706598331870349039e-01
8.120555210928719347e-01
8.570326449608042241e-01
8.256427760371100044e-01
7.722196797969893556e-01
6.790718920077931653e-01
9.803014785636692263e-01
7.538017473926802436e-01
8.780668462952229136e-01
8.793317893215999437e-01
8.587991664266286795e-01
7.085709961842192595e-01
6.847255253484384463e-01
8.183529544169703129e-01
8.842231155795494679e-01
8.248220240855137497e-01
8.890577028821882166e-01
8.142628185207914093e-01
5.023229085128166904e-01
9.382151155404380161e-01
8.671696645314559415e-01
9.121069065239153506e-01
6.275643406755083697e-01
7.911258713662637776e-01
9.723707040893500020e-01
6.161215785803112466e-01
8.192866081295675507e-01
9.121069065239153506e-01
8.608175982537799031e-01
4.121308143992599704e-01
8.849206400955474949e-01
7.611103561670654605e-01
9.431489319792573101e-01
7.278137821671172292e-01
7.978502730947882871e-01
7.844756242270140012e-01
9.918981481481481399e-01
5.108024585182180388e-01
8.467695782290090012e-01
7.964532126255184918e-01
9.058187004082751681e-01
8.292860173025877746e-01
8.544015997360336900e-01
8.669448650696650605e-01
8.876395568852882834e-01
6.323703177724198099e-01
6.407011730576487318e-01
7.184553154903002836e-01
6.316569292541509562e-01
7.770544877980417597e-01
7.189213923203187084e-01
8.218117891682462650e-01
7.945701291959909041e-01
6.811674211243280430e-01
7.923516025831497389e-01
7.754286478927344683e-01
8.561025409239885198e-01
8.093738162508724576e-01
8.300713661762300077e-01
8.719540995698711328e-01
7.995930280514114141e-01
8.408567309219363572e-01
7.835041393464794446e-01
7.938753923398135237e-01
7.873876401665018676e-01
7.519962727572795380e-01
8.427800262944109555e-01
8.769585106116096762e-01
9.025463237691784268e-01
7.466600242626054706e-01
7.772281040992293777e-01
8.071140787560863172e-01
8.067240908279166289e-01
8.569561572850799003e-01
8.659198945187160934e-01
9.244570639241729282e-01
8.094650134270917619e-01
8.107005430224338838e-01
6.559879829790894457e-01
6.494278891870449710e-01
6.853780421729422923e-01
8.869919257081094743e-01
9.358019146083014217e-01
7.273573937822738200e-01
7.162771813640965712e-01
7.084941033697446100e-01
7.375168922449332198e-01
8.614822886322645035e-01
8.741489925945804540e-01
6.503060176289433558e-01
8.515704823036255311e-01
7.644039084443372545e-01
6.832797649616432212e-01
5.692211125207905509e-01
5.764626810599597917e-01
5.585844071894154883e-01
8.886111674995602616e-01
8.228680968695446518e-01
7.943860268964243465e-01
8.189882550437422859e-01
9.371523679040412169e-01
7.409753524753881493e-01
7.503593602242054628e-01
7.300437892127686901e-01
8.252406289525369143e-01
6.712130432846643568e-01
8.073973904105479216e-01
8.765101176177828579e-01
6.640548413182282284e-01
9.427310421612459246e-01
7.793915409805978189e-01
8.283615359286555790e-01
8.383848959338338069e-01
7.485792108608789741e-01
7.827745173646734056e-01
7.852188051987049056e-01
8.192866081295675507e-01
9.355140503282308728e-01
8.072723510967805272e-01
5.322479093411334183e-01
9.017680552402308480e-01
7.875718165487634037e-01
8.263264520826874016e-01
8.431029226833640644e-01
7.901183450962860899e-01
8.293810473183098608e-01
7.935737341136325229e-01
7.291811415856120915e-01
9.656186140934636120e-01
7.987316207383591271e-01
8.908401842933139081e-01
7.987122074511482372e-01
7.794413419124600617e-01
8.536613436815515543e-01
7.296039858336705874e-01
6.039289363762129215e-01
8.837338699194519087e-01
7.831696068393794175e-01
7.800474513968954637e-01
8.216923488818257404e-01
8.246294213698559528e-01
6.270945646584359379e-01
6.361512106922234677e-01
7.476310163180538426e-01
8.454549054592046531e-01
7.435147177856584744e-01
7.558571174988252261e-01
8.880457927325339229e-01
8.560454001135953117e-01
8.606423412531328809e-01
7.706950065577322651e-01
8.584391332009299047e-01
7.397522681523315269e-01
8.456889406599337189e-01
8.448545249285573933e-01
7.957511138317373556e-01
8.759916118547081965e-01
8.302107981728290564e-01
7.538597752477178560e-01
8.169316916301262443e-01
9.670504092001248608e-01
7.643725671499951302e-01
7.989830383564302529e-01
8.328581144683526727e-01
6.182670866052432102e-01
8.061631464195666563e-01
6.487628737892804365e-01
7.675392909356482107e-01
6.113947644424561068e-01
8.090947585411222276e-01
8.578412082801926131e-01
4.557191169692327848e-01
8.011649740090387439e-01
7.531058353172990216e-01
3.526910367078269770e-01
8.495102140331592944e-01
7.993279501810827137e-01
7.412738831625845792e-01
8.938653757042344106e-01
8.167166414374409378e-01
8.047941782039266245e-01
6.104938861449589194e-01
7.607067239105287371e-01
6.030857351964066249e-01
9.379440182048039976e-01
5.291652810301183951e-01
9.922626415263257060e-01
7.407333951936800887e-01
7.568359142342763191e-01
8.235719978492310744e-01
8.121738928130779467e-01
8.069770916498539837e-01
7.213534484405886849e-01
9.748991970474246704e-01
7.954093784823712543e-01
7.471841041651211546e-01
7.126725137609825067e-01
7.798240539983785080e-01
7.609594695197920977e-01
8.073514619050489172e-01
7.230314348320613371e-01
8.283653933157397731e-01
9.863337831955850676e-01
7.864796922189735140e-01
5.472860731666784329e-01
8.649874908251782291e-01
8.524281813549379194e-01
8.289224912973146564e-01
6.671576749665122374e-01
7.638726733689941151e-01
7.749813509125149658e-01
7.493974114373034290e-01
8.136127486590483127e-01
8.222278547443188090e-01
7.847725757140643355e-01
7.868464116141742348e-01
8.791031646849031267e-01
8.437125218958007045e-01
8.595993489814734989e-01
8.397515046528293281e-01
7.475008404962947273e-01
8.758480724104416026e-01
9.677532864741155150e-01
8.087706726992267559e-01
5.757488304209108509e-01
7.804294924166332859e-01
8.085354964079113360e-01
6.159133780047495454e-01
7.689427889619566692e-01
6.493990396572901780e-01
7.856074556876102566e-01
7.859305221157978361e-01
9.812502843622266102e-01
8.223767335794295308e-01
6.609288149287256831e-01
7.856074556876102566e-01
8.143085010370536558e-01
6.099916646098977324e-01
7.624443058694608810e-01
8.554906067164098626e-01
8.255185044241798442e-01
5.657254452310642723e-01
8.005593724804808131e-01
8.436151940120781845e-01
9.267585524664135876e-01
7.831421140116808788e-01
6.503060176289433558e-01
7.880269945519484676e-01
8.145019509318156548e-01
7.623420623280913189e-01
7.825055170330148524e-01
7.552213938355827327e-01
8.022518204550067589e-01
8.379029488741229770e-01
5.747253200088010550e-01
7.678999307223139947e-01
9.681961945369115252e-01
6.875394496003892630e-01
7.418981481481482509e-01
8.041261324856769921e-01
8.755144324854771121e-01
7.737713940477709551e-01
6.924305857831821731e-01
8.814809270722702150e-01
5.637314498026201326e-01
8.957622989740259278e-01
7.335720004167929353e-01
9.846640797303818360e-01
8.696815498544004930e-01
6.809343805877815514e-01
8.517929482471268132e-01
4.919743308501902668e-01
9.819471027481937453e-01
8.206008304607943504e-01
7.381833127327585009e-01
8.647990636628867245e-01
8.190580402931258996e-01
8.538367698612565615e-01
8.770455023633547675e-01
8.395488399233222987e-01
7.335720004167929353e-01
7.948211959206958888e-01
9.217784705049588689e-01
9.843790795333903221e-01
7.710196962119075792e-01
8.072658845914916226e-01
9.257666767534366015e-01
7.842710195095308201e-01
6.094627029974490906e-01
6.761479581969023211e-01
8.246334763739044948e-01
8.650697778182983022e-01
9.765335010376091640e-01
8.461051783355384437e-01
8.575398757736554245e-01
7.906122767939934848e-01
8.379360856813071745e-01
7.931400542632724981e-01
6.101585270413518725e-01
7.697397286585957454e-01
8.479807330763696749e-01
7.745548164791623558e-01
7.991748972835718279e-01
8.719540995698711328e-01
9.106577477562367573e-01
8.445433088090542606e-01
7.748653558098065330e-01
9.056809627999796719e-01
6.930294660834954712e-01
8.740133402807767071e-01
8.085176030657522661e-01
8.252664085675053274e-01
7.813851145545592791e-01
8.211818607652761060e-01
8.986043673216083105e-01
5.671160622018518449e-01
6.493882188004241884e-01
8.503926767774822038e-01
8.259336357388854521e-01
7.821911027139049066e-01
7.940022247662079646e-01
4.641978028413198398e-01
8.416885438610856029e-01
8.247826657636472270e-01
6.888156217850799345e-01
7.896747211818756496e-01
5.126866467324259213e-01
8.318251452741823870e-01
6.989206660893962919e-01
8.635253912603479964e-01
7.961829504984389017e-01
8.052586683285272162e-01
6.199061454122676285e-01
7.014492052977876480e-01
6.804958786001293891e-01
5.252790441492115603e-01
7.327898704189654833e-01
8.533490479033785103e-01
6.489960868470620037e-01
8.615487013216208689e-01
7.976549571614385270e-01
6.728630840983240713e-01
7.935471561418327990e-01
5.257405399525403311e-01
7.349094566938869644e-01
7.870580001031538542e-01
9.571086496137364286e-01
7.548226458364254432e-01
7.758381720854431451e-01
6.957784925079141258e-01
7.448444993224642152e-01
6.252322952366382580e-01
7.786203478908306774e-01
7.712133930985001218e-01
7.551076268324612428e-01
7.234512682971521169e-01
8.541589510180517264e-01
5.281736051390617526e-01
6.459597088628780126e-01
9.149297159470616281e-01
7.434635581988190411e-01
6.153128584725352512e-01
8.658148845278074157e-01
7.721368087393701840e-01
8.047119144352056219e-01
7.670546917955688437e-01
8.703175666191252935e-01
6.777747818408856872e-01
8.315090800987871011e-01
6.876867648698880009e-01
6.349972879279842664e-01
9.317136519057650501e-01
7.325130686522973722e-01
8.130756524380933215e-01
7.921786156240675503e-01
7.845007098931844336e-01
8.149847097607632040e-01
9.155962056869374477e-01
7.355556772768764295e-01
9.971064814814815103e-01
7.257938790775121385e-01
7.764667541134414597e-01
9.803564350728352084e-01
6.690428830489829615e-01
9.843750000000000000e-01
8.886673911521342228e-01
8.482390004299295017e-01
8.757174702956618262e-01
9.163969395930374739e-01
6.615006201564497257e-01
7.127329613986443935e-01
8.296447126057419075e-01
9.674733063263815103e-01
8.479759152049374249e-01
8.977435858268271174e-01
9.562428710163775047e-01
7.928768631357111518e-01
6.851370881439281524e-01
8.654068212308613228e-01
8.127317601296635274e-01
6.597505634016023190e-01
7.906998261574530451e-01
8.524778519750120243e-01
6.404599836755052733e-01
8.631338545835598453e-01
8.006740580995264089e-01
8.859838470600821525e-01
7.994409559371324914e-01
7.852787126059496137e-01
8.549919226466992095e-01
6.224840164210213578e-01
8.377934896036171031e-01
7.321734769451990754e-01
8.953662461110861726e-01
8.239386913886976860e-01
7.944205433202804478e-01
8.362427092467435985e-01
9.510725922689660106e-01
8.427746574856872508e-01
8.279251113342919188e-01
9.529974378617451780e-01
7.515633751652152084e-01
7.838827883689204468e-01
7.957213589391405328e-01
6.417994132843407584e-01
7.748627634986950952e-01
7.742112696909158043e-01
5.657107017068967458e-01
7.474770554862527616e-01
7.347830718067377420e-01
8.720242240726148175e-01
8.188331211102768403e-01
8.534743112229574713e-01
9.327625249870190594e-01
6.987493035575766953e-01
8.520199623183325466e-01
6.144406899116250376e-01
7.766123983096516747e-01
8.093838986265418090e-01
7.014130861994362087e-01
9.274329997914870782e-01
7.916675204012050271e-01
6.775218004067508071e-01
8.167440976989551737e-01
7.988565194066852282e-01
5.293250619843374860e-01
5.252875088176444107e-01
8.006476236315568373e-01
6.957062022053250860e-01
8.952328684755785915e-01
8.080270994187084277e-01
7.463247338606149306e-01
9.224164883640624257e-01
7.391250036402824408e-01
7.996310701931519382e-01
7.766093327497815002e-01
7.345132126072499990e-01
7.613017369924471867e-01
7.337155251338209894e-01
8.457050074823863062e-01
7.548199487239355410e-01
7.635611761156307908e-01
8.220463973629443810e-01
8.201549937520729028e-01
7.929617696462519794e-01
7.772171216300628460e-01
9.723891991293588388e-01
7.635107167237484838e-01
6.029444450968582947e-01
7.898178878753505661e-01
7.766502334996445711e-01
8.013190747535390290e-01
7.560849664276820814e-01
7.504346272917437055e-01
7.230435978758683602e-01
7.881306287036707880e-01
9.868751555763840555e-01
5.753154465226449910e-01
9.142652292600623731e-01
8.153248197983055112e-01
7.994229828140467786e-01
6.776099100502189776e-01
7.605719635045817828e-01
8.007986877285286909e-01
4.174482123123412491e-01
7.461442668066037287e-01
9.584802187510247373e-01
7.875768963961281566e-01
5.805988312802882190e-01
7.455362480844656137e-01
8.214364688414669269e-01
7.905707524160613398e-01
7.992606450928446682e-01
7.250820952472649683e-01
8.565317478214726776e-01
8.222367905046334968e-01
9.161905581094768047e-01
8.538580024166718685e-01
7.431667493135195590e-01
6.237108151940538026e-01
7.702193969150195052e-01
7.831732412625878048e-01
8.342976532851962279e-01
7.633173661962688872e-01
7.106967839594464653e-01
7.982316546887961994e-01
7.704033827511652666e-01
6.359151222755454747e-01
7.941792759393409007e-01
7.448287861968967416e-01
9.738995539656888356e-01
7.962608041146138627e-01
7.805017806317460227e-01
7.889998812269527484e-01
7.997679161969744044e-01
7.962746845764657744e-01
8.721032274643608639e-01
7.972666136151477234e-01
8.052747816249660184e-01
7.522040298717402873e-01
8.814757277412230696e-01
7.347830718067377420e-01
7.290603836022105932e-01
7.851250852476873154e-01
7.503462184930418388e-01
6.600293097572235146e-01
7.696199957367434452e-01
9.837955676661780391e-01
6.960449009145549537e-01
7.819034842566563448e-01
8.797186065438969971e-01
9.262452462703992806e-01
8.742174350774795100e-01
4.148046944927479274e-01
7.818247591003054664e-01
7.996846060310949245e-01
5.424556191340759170e-01
6.846646097484210269e-01
7.325469735148942840e-01
6.024111211559425305e-01
7.113048879162175986e-01
8.757563238590669874e-01
8.724740371271969552e-01
7.360940019656860844e-01
7.013828800767093474e-01
8.381264352526900385e-01
8.117792779167981587e-01
8.001675930487640587e-01
9.238878447792411297e-01
8.258802620690595120e-01
7.816501984405778147e-01
8.215043990410688668e-01
7.997671973463066353e-01
5.579032928353424570e-01
4.928021771959089081e-01
9.238153260384623922e-01
7.451502391785259638e-01
7.894069146390324532e-01
9.140747178626654756e-01
8.716794548976036783e-01
6.494010692017861963e-01
7.089241153308381005e-01
8.205170101046946884e-01
7.881790312490711825e-01
8.675636115155730410e-01
7.422760078606404077e-01
7.577854488713975378e-01
8.761769059034446583e-01
8.323705772820867432e-01
7.230321833627523231e-01
7.762297741961862174e-01
6.401054412180889885e-01
8.632798378357801061e-01
7.520029667961377617e-01
6.823369319766159347e-01
8.399477701962267950e-01
5.210094613759350679e-01
7.870126558676707740e-01
8.398107635263125648e-01
9.293518225979071623e-01
9.115081085761886914e-01
7.367471380567475192e-01
7.101266026144030796e-01
7.294967565514823837e-01
8.721912456122505874e-01
7.195240435858375472e-01
9.035786726427975646e-01
7.047228818320915300e-01
8.809587407937230497e-01
6.108163989185603215e-01
7.243560999181731797e-01
