6.718715991444268454e-01
8.291616660096436942e-01
6.437971253873600030e-01
7.914915014192484000e-01
5.225555442091563974e-01
9.702513617732091422e-01
8.493905342953496085e-01
9.408528316663051783e-01
8.181415002633012357e-01
7.766433104233029239e-01
6.334617780848806889e-01
7.581978834450950888e-01
8.206655396141522285e-01
8.193795510016220751e-01
6.897034047138197455e-01
7.367659228811624939e-01
8.314837657562744733e-01
7.824448821020763001e-01
6.669211992467922734e-01
8.479204983038890475e-01
8.062719007576008012e-01
8.123332425658301714e-01
7.605783950126068227e-01
6.594030198672347076e-01
7.377056573908110648e-01
7.992631081664887116e-01
8.185233184242689530e-01
9.650299574123579749e-01
6.845726110527332597e-01
8.299030650741779924e-01
7.457887164031048455e-01
6.506795615225040574e-01
6.360177778233734314e-01
9.355433737428292540e-01
7.927824556211305884e-01
8.358239008019371363e-01
8.376507677918725303e-01
4.892063471859537382e-01
8.388586840785378085e-01
8.127136723105464755e-01
8.034918259956633779e-01
6.829094056072875230e-01
7.520922663580584810e-01
6.768175204351998264e-01
8.064915106298218284e-01
9.684427787723038916e-01
8.015746764071496333e-01
8.260386708858405980e-01
8.591593815947230484e-01
8.679091817260973230e-01
6.905739745062633439e-01
8.173871181774551298e-01
7.903046845656245267e-01
8.513835053636570338e-01
7.647202132716662826e-01
8.474134615894717282e-01
8.603629618409591728e-01
7.708264876811080635e-01
8.192106656930422393e-01
9.729919494802972135e-01
9.261348725054168174e-01
8.899543212379593671e-01
6.731781380205226206e-01
9.311540171280089373e-01
5.341511114616257494e-01
5.800390997064487353e-01
7.282558819142356255e-01
7.053284440964335822e-01
7.566899943590273958e-01
8.083604480977705231e-01
9.481598571140609222e-01
6.918915840563294450e-01
8.370746826651702666e-01
7.904454670465427268e-01
7.670649446051821529e-01
7.977888525986448487e-01
9.516453526898528414e-01
7.846828015830190628e-01
7.011702566303461559e-01
8.383010911364738860e-01
5.719097693944749095e-01
8.046285857061022950e-01
8.315090800987871011e-01
7.490537179994830597e-01
8.243138683215537332e-01
6.113082500352844395e-01
7.745441559790438024e-01
4.754590512000042568e-01
8.135457491444990641e-01
8.991540208787914823e-01
7.267310255275749586e-01
7.910540362133470227e-01
7.856676971743791205e-01
6.021831364007937948e-01
8.168357657190473686e-01
8.069196487261847128e-01
8.299076022849549705e-01
8.834020365443402412e-01
7.390518096698993622e-01
7.363588537037047965e-01
7.120799304379435979e-01
7.508082304455494516e-01
7.750568416250395165e-01
8.159302522324637374e-01
9.781304272018325197e-01
8.036938012112855301e-01
8.337151724298840216e-01
4.608204714536155433e-01
7.332413795776532295e-01
7.688262152791216497e-01
8.696742022908486858e-01
4.788900903040834711e-01
7.864142391641578689e-01
7.049196507791374300e-01
8.533948653967650122e-01
9.056387464990292013e-01
8.592196180221916002e-01
7.968131843602500597e-01
8.418846207113586111e-01
8.974564212818098019e-01
8.522261197142833034e-01
7.387045790253992106e-01
6.669211992467922734e-01
7.622635548395335636e-01
5.894204643870936122e-01
8.027679100007076851e-01
5.902105885964893384e-01
7.675974373489785618e-01
6.502190191470904601e-01
7.846828015830190628e-01
8.876980434122156982e-01
9.368515610804841742e-01
7.980855852789745519e-01
7.283305619120314933e-01
9.097162278549131287e-01
7.975586481382209714e-01
4.557191169692327848e-01
6.125021346746706286e-01
9.178801266681240190e-01
7.683779795988396888e-01
7.173960682405985390e-01
7.474343469834765497e-01
8.051562607660566195e-01
5.924444085917092151e-01
8.936885115104136190e-01
7.037800792242111525e-01
5.940826973518777976e-01
7.611801725318355638e-01
8.209943048082544159e-01
7.842740603963995749e-01
7.466870016245767960e-01
9.414817831986794783e-01
6.646272836714192112e-01
7.448789144075262936e-01
7.855130954444839997e-01
8.319671259838145039e-01
8.835340810833880454e-01
7.515134488721302297e-01
7.820877921654093567e-01
8.732318207312648184e-01
5.127573089535079065e-01
8.186247615041960524e-01
7.429620950824322723e-01
7.860441200941433726e-01
9.529861128304246698e-01
6.082869108668506053e-01
7.213233507045972992e-01
8.537218019019692239e-01
7.485465521892090690e-01
7.497197619853273043e-01
8.931073463895348175e-01
8.716794548976036783e-01
8.622044851745246374e-01
8.533948653967650122e-01
7.822589274389463165e-01
9.023004477667734280e-01
5.894299883889924097e-01
8.057943478758857747e-01
7.414029013149908698e-01
8.740257271761875391e-01
7.730126767275430355e-01
8.610706115957073026e-01
8.396244285170135768e-01
8.257705276585738385e-01
6.802475446587613606e-01
9.703414974537620807e-01
5.831465566618253549e-01
8.294517392227331865e-01
7.149218641664778495e-01
8.582816557906340904e-01
7.856605186370315685e-01
8.200566031333199613e-01
7.916084892002634987e-01
7.160291102452296386e-01
7.716167330178824724e-01
5.894204643870936122e-01
8.429983399947555966e-01
8.028477510742176859e-01
5.764626810599597917e-01
5.938141013607052265e-01
7.319171846466074882e-01
9.794960953089388855e-01
8.967165492550812633e-01
7.767737863673505050e-01
8.211532782586503654e-01
9.548440887639215724e-01
7.692641367508725736e-01
8.245104941919007002e-01
7.778664683104621336e-01
7.561219735340884984e-01
8.654544439565825531e-01
6.334617780848806889e-01
8.799255853761652757e-01
6.454316846503316274e-01
6.601216173175914470e-01
7.088207552608672968e-01
7.529998462047940988e-01
6.607920011083423528e-01
8.159302522324637374e-01
8.427459081206803981e-01
7.575462524509980478e-01
8.048527142368129272e-01
7.925362961733187772e-01
7.078306998338909084e-01
6.307364941528763591e-01
7.265123630657688292e-01
7.862958650792986059e-01
9.059947092773245059e-01
8.207272227243961327e-01
8.859216184445255493e-01
8.349817285779490561e-01
7.059003918827947421e-01
6.994051546168564837e-01
8.163439428739573955e-01
6.206264028934006527e-01
7.783202699061723129e-01
7.461711097771489554e-01
7.345378510509729120e-01
9.608375890935081376e-01
6.703903477761299357e-01
7.904327882539408101e-01
8.533948653967650122e-01
8.047433638569887471e-01
7.270770708473901500e-01
6.259971997898623464e-01
8.566401505544911643e-01
7.620752301503126436e-01
7.664679158584737362e-01
6.923262777889773734e-01
7.239740991956133964e-01
7.854185922195178193e-01
5.449292834498900007e-01
7.738011339782521203e-01
6.852349127709571608e-01
8.073763209976104749e-01
5.902105885964893384e-01
7.830273132037574024e-01
7.945349522863838221e-01
9.184609583217098194e-01
7.203924927926552702e-01
9.757390387336459803e-01
7.942209631984454843e-01
7.573265490138051392e-01
9.781304272018325197e-01
5.286226680968455494e-01
7.705297396905831375e-01
8.250111387133600704e-01
7.522355672236622492e-01
9.869157451745503851e-01
6.304388876700741662e-01
5.913206655341115558e-01
5.153994781352307930e-01
6.366885693266973734e-01
7.891031187690507043e-01
6.696834054528100211e-01
7.083425537846990139e-01
8.874070291582755177e-01
7.916073662795466426e-01
7.828200205923208088e-01
9.140430435517137298e-01
6.463820859348344827e-01
6.969784803536424045e-01
9.400732982850433794e-01
7.697029523701113263e-01
8.669246410918487467e-01
9.036967218304405858e-01
8.157856914976963081e-01
7.493404301602190065e-01
7.900608352152086455e-01
6.433665662108191130e-01
6.454316846503316274e-01
6.891968944895174864e-01
6.418497463598034081e-01
5.456594118219710854e-01
7.772385604283107430e-01
8.319326059805122187e-01
7.558078726408775649e-01
8.652237333218719684e-01
8.444192250794788634e-01
8.305290553613022819e-01
7.299365762091444276e-01
9.193002752798352661e-01
8.498240728298226410e-01
7.665298651987740852e-01
7.910580236531556952e-01
7.329120979526551061e-01
7.749820403630984789e-01
5.847395047580637994e-01
8.267484272844684012e-01
7.126532390413371498e-01
8.384853261522980938e-01
8.317570572925879757e-01
8.125052127330060214e-01
7.722674050178812699e-01
7.086296776592586610e-01
8.534470754830824069e-01
5.174660389109564385e-01
5.873301809731890089e-01
8.979949173371424287e-01
7.631943213428873385e-01
7.878555094317833962e-01
8.401285065158642373e-01
7.471841041651211546e-01
5.180680425986463611e-01
9.015810370778172267e-01
7.136610333943611550e-01
8.107554138048668202e-01
9.579716670718673166e-01
7.369363680978539000e-01
7.116315377933993824e-01
7.767648265805739971e-01
6.875637996571173360e-01
7.945349522863838221e-01
6.199757767093428962e-01
4.864635596765551906e-01
7.544725240676911637e-01
9.327463762179358797e-01
7.319171846466074882e-01
8.182545906183047446e-01
4.097819967511530104e-01
6.656797189376587598e-01
6.150707926153704541e-01
7.387724074596414559e-01
6.368753239616601336e-01
8.026040944191652482e-01
8.931519733267430095e-01
5.604942424138396051e-01
8.206190740326740896e-01
7.966206214418353193e-01
8.567247591619603364e-01
8.003904192932107531e-01
7.721122042034478383e-01
7.818240287805600097e-01
9.082385813741775671e-01
4.214547688733603081e-01
8.905351408853990902e-01
7.833357709643342659e-01
7.701186450044197329e-01
6.454316846503316274e-01
7.797840247338357900e-01
6.735556431811864364e-01
7.537351628969521933e-01
6.722802687517958065e-01
9.108499758889062603e-01
7.119113523716702474e-01
9.396544733154520435e-01
8.138922507699648534e-01
7.933968469219236930e-01
7.167432908988482509e-01
8.182486605959694570e-01
7.317255778336633210e-01
6.087755017785753120e-01
8.038402569161696709e-01
6.074553606285465479e-01
6.128593925844597612e-01
8.551563020422270345e-01
8.003368719940835430e-01
4.529591545370619809e-01
7.336487116236865003e-01
8.148282380070105413e-01
7.595925994214521859e-01
7.546286285995360554e-01
8.010926531203790280e-01
7.358578779785805990e-01
6.569394001345171263e-01
8.483469286704006240e-01
7.783758808738487911e-01
7.911258713662637776e-01
8.368347044865883655e-01
8.001915685476392870e-01
8.704604527779872258e-01
7.244549379088242036e-01
8.135271616073310730e-01
7.632890523734916499e-01
5.551467802421702347e-01
8.305539767216707503e-01
5.615408288219461141e-01
6.925495747919520051e-01
9.433557461153414536e-01
6.915229256861517015e-01
7.138343571326801751e-01
7.877946380302677243e-01
7.181162206657337732e-01
8.313570713366444931e-01
7.293780629153312489e-01
7.687845636926953219e-01
9.291238329437220278e-01
6.351865379924480637e-01
7.842740603963995749e-01
8.005169640862482838e-01
6.746120014222038996e-01
7.508764972071466648e-01
8.726360051120710670e-01
7.845729969526976655e-01
6.021737601508009297e-01
8.190313959618347184e-01
7.611345953643836593e-01
9.030382484131979082e-01
7.390641367334322975e-01
9.108724728205035426e-01
7.187246794346354717e-01
8.018914904280540767e-01
7.232982360556802215e-01
8.031956330129229604e-01
8.227185834258764485e-01
8.185961014802517477e-01
8.464599070884645249e-01
7.360677910789940048e-01
6.510214443786879190e-01
8.021076205026035355e-01
7.857323499900481512e-01
9.519837451651225191e-01
8.408447882004418394e-01
8.165041393756842236e-01
8.035752364256120162e-01
6.614522127195169299e-01
8.059966561259008788e-01
8.009385969883143774e-01
8.770589028602561177e-01
7.430336795171226250e-01
8.378231530858459841e-01
6.974714751909633081e-01
8.147163168659004029e-01
5.625464746966454266e-01
7.454432054119926043e-01
9.383944507458197304e-01
9.290729335775297359e-01
7.165871626079489687e-01
8.254999070517197168e-01
7.263923257759895558e-01
5.252875088176444107e-01
7.648221555169880670e-01
8.130724875849009159e-01
8.149368622270072304e-01
5.715047225424434441e-01
9.551894961721979493e-01
7.262211258902337985e-01
6.620034272282008248e-01
8.063320812378944602e-01
7.998381450852752872e-01
7.911258713662637776e-01
8.746801129733328128e-01
7.250195731027699875e-01
8.104980548722209299e-01
9.843327877106198276e-01
5.381025485899347816e-01
7.133932774072159200e-01
7.116557471147449965e-01
7.343736182093815179e-01
9.879903106112446487e-01
8.177729278247208855e-01
8.600211242122691724e-01
8.797782834334854085e-01
7.634575668631958800e-01
8.011839942600053055e-01
4.944817550014758978e-01
9.408208442590795251e-01
7.754760405863131423e-01
6.594030198672347076e-01
9.529297358195618628e-01
7.843393032510858065e-01
6.777653629455538953e-01
7.717363233008790457e-01
8.842231155795494679e-01
8.272545282797080235e-01
6.815569856571409568e-01
8.089860779533665225e-01
7.766502334996445711e-01
3.723045539877614107e-01
9.303366879830774483e-01
8.305766657567322797e-01
6.327074994793130402e-01
8.532857818918690995e-01
6.525576640445206467e-01
7.943467872833628318e-01
9.403730844506599240e-01
8.079572764170993571e-01
8.073529619455486195e-01
7.500748422375403957e-01
7.025617916503661409e-01
6.610592276270326195e-01
7.391312542457915136e-01
8.142628185207914093e-01
6.524497942975646669e-01
7.871865560030916198e-01
8.012958289868208350e-01
7.635538388546876387e-01
6.065774811260594701e-01
8.320123833008596925e-01
8.417596969563762022e-01
6.276524638150675628e-01
7.107083948900154713e-01
7.289064365737254469e-01
7.635101525446521542e-01
7.840614334745259484e-01
6.551873545188948711e-01
6.042102590680802354e-01
8.787186721665944944e-01
5.391196373968463185e-01
7.663800896115945394e-01
5.008083188674757880e-01
8.258981987090781018e-01
6.725878800588814821e-01
8.292249234582860229e-01
4.441044569639332473e-01
7.932604977756184672e-01
5.443735222493414350e-01
8.041667769867857363e-01
7.515134488721302297e-01
7.752748030118891132e-01
8.583854328934085176e-01
6.630383841424117852e-01
9.664638589240477362e-01
8.009270472826941489e-01
6.780617364422006910e-01
9.379440182048039976e-01
6.348453051480517084e-01
8.520905965147178573e-01
7.391046615350651550e-01
8.973701671977908356e-01
7.933239898563684278e-01
8.009000350371459076e-01
8.180614397670636917e-01
7.875185348536711816e-01
6.266933942456530682e-01
7.683887331860476122e-01
7.685967901921888501e-01
8.429982632956011246e-01
8.562970000404211968e-01
7.828958665092984326e-01
8.371651849007452073e-01
6.337962616629142509e-01
8.878759664170563504e-01
7.429460897562748523e-01
8.355217458412822484e-01
7.063047290665187550e-01
8.506082433950649113e-01
7.815994328061736107e-01
7.584680073608470741e-01
6.424679201019504182e-01
8.742918521104737772e-01
7.744756668227066321e-01
7.489285715310151081e-01
8.245608078398393159e-01
7.893892419422943174e-01
5.217013888888868411e-01
8.829941223490661573e-01
7.916084892002634987e-01
9.388678654890851849e-01
6.546272762985965166e-01
5.439863499897050758e-01
8.492703688271613371e-01
6.728144480153068763e-01
6.488490153686848894e-01
6.974714751909633081e-01
7.056889608293919203e-01
9.404456520681814258e-01
7.455744866457294506e-01
7.476807004631931264e-01
7.529998462047940988e-01
6.778714734070808712e-01
7.927663096815953381e-01
4.931292140794427126e-01
8.323667511014637421e-01
6.687863562942694129e-01
5.536635351776795222e-01
8.085354964079113360e-01
8.999148782746255737e-01
6.316190805754298143e-01
5.961231739990584533e-01
7.913913631459664755e-01
7.206234206588476576e-01
7.444019332788014420e-01
7.143768455108227000e-01
7.777211701580420966e-01
8.179799108426362153e-01
6.154686260109946128e-01
9.238076535817306700e-01
7.166595246777863748e-01
8.152955856244578081e-01
9.707359792602404669e-01
8.206585872433482809e-01
7.285737142658289534e-01
8.147505665382701601e-01
7.461711097771489554e-01
8.316525599287211135e-01
7.901669709418447374e-01
8.133562401557240529e-01
7.863273205857413961e-01
8.106729559435736920e-01
8.009728273633343054e-01
8.270114323985302551e-01
6.697523314841036246e-01
8.152866479914645526e-01
8.319291233113276229e-01
8.852880418939792495e-01
8.569535546569392315e-01
7.521359972439093378e-01
8.031840789788053936e-01
6.591026908125833250e-01
7.817885439322357355e-01
7.730126767275430355e-01
6.959735782330525034e-01
8.936885115104136190e-01
8.208528942054429400e-01
7.089579605378918403e-01
9.630616167982816167e-01
7.433978100922918886e-01
7.770103762616108467e-01
6.707930436159454946e-01
7.401188583688358413e-01
7.255120123850598013e-01
8.004816315231901847e-01
7.882933004966654611e-01
8.033997764493928662e-01
8.675305866243032682e-01
7.897349747677534504e-01
6.703903477761299357e-01
8.174353174007524814e-01
6.586504757634171758e-01
8.274150203396354319e-01
6.936370793891262210e-01
7.401188583688358413e-01
7.016762037625393633e-01
7.841446304951094071e-01
7.974422947813473161e-01
8.007689290332271614e-01
7.525836502032383635e-01
4.418140269912401163e-01
7.190843230474249781e-01
7.976077523137232728e-01
6.904732535713800079e-01
4.741640433475854399e-01
7.209333771834758320e-01
8.841579444078558891e-01
7.879164740484129181e-01
6.363800177795012614e-01
8.267854531006005869e-01
5.325760250488073000e-01
6.626501041083990851e-01
8.039748727294359076e-01
5.928185429383192595e-01
8.032497503843796238e-01
7.876511536110148981e-01
8.633267178245830342e-01
8.740257271761875391e-01
9.213007334512473001e-01
5.752626073641707860e-01
8.353881445847918252e-01
7.805381998302293178e-01
8.020993022748396095e-01
9.262424101785012853e-01
6.331893788868703243e-01
8.908456702531514226e-01
7.423912108096628604e-01
9.400449246315856211e-01
7.280944359929725218e-01
7.695542374034821664e-01
7.856556048623172250e-01
9.860368136012207518e-01
7.462202467618954671e-01
7.635101525446521542e-01
8.336039636585537149e-01
7.389265142840595324e-01
7.737713940477709551e-01
9.381601459323102299e-01
8.003021295106711452e-01
9.604174155474434205e-01
8.385914347088431198e-01
6.776604512692007143e-01
6.987493035575766953e-01
7.940255770691770909e-01
6.741989379665650484e-01
8.025280109346456525e-01
5.258014548242810893e-01
8.091396432940685113e-01
8.111583773815572718e-01
7.727418476808018966e-01
8.476250632442587918e-01
7.863031427653576211e-01
7.532663551811783487e-01
7.312204928484264954e-01
7.846771914862559205e-01
7.682855724889702254e-01
5.736358000861992990e-01
8.194778929746069362e-01
6.389532470899412786e-01
7.376447998436930220e-01
8.752752142044726291e-01
7.904047058218074406e-01
8.480341136776278210e-01
7.844254087719237933e-01
8.886635953171372337e-01
9.725617757284119591e-01
7.890921687777859850e-01
9.167788998479571294e-01
7.855692121166248931e-01
7.528409800546508324e-01
4.902371363048778630e-01
4.997919193745843369e-01
8.112675450285310452e-01
7.835555659932105232e-01
8.377140998563642471e-01
7.930615290028604214e-01
8.924837439228167080e-01
8.794725678653346757e-01
6.516912825035101609e-01
5.928459660861308267e-01
7.111946812281526586e-01
8.431758107709558248e-01
6.768274190672634028e-01
7.060207270253341383e-01
7.526610891395508762e-01
6.492497370793018918e-01
7.413148687125747927e-01
5.022613491936294139e-01
8.943460996148162589e-01
8.093187525200931098e-01
7.481461953970193202e-01
7.423318668384020214e-01
5.828112340474769226e-01
7.639641703880925006e-01
7.956906680186068836e-01
7.749945415678592964e-01
9.384389921915510246e-01
9.096933449764625923e-01
7.448519487928964011e-01
8.056395031493082115e-01
7.838924819463567450e-01
4.832868844722720270e-01
7.909530555448807121e-01
8.037458487901925075e-01
6.597976637640732278e-01
8.776044058876690812e-01
7.267563000677007556e-01
7.826804026697293803e-01
6.373868158818478680e-01
6.715146853793335646e-01
9.732541731972286225e-01
8.552944395445780668e-01
8.002680193022491117e-01
7.818172836130417025e-01
8.083311351231876607e-01
8.114217481581518232e-01
8.098967936593809425e-01
6.926968125909005458e-01
9.101262742222604452e-01
8.022213390190198190e-01
8.359864612111899129e-01
7.927555785480412398e-01
6.446203470836225913e-01
8.127596948700019919e-01
7.878111633661366575e-01
4.928021771959089081e-01
8.960811173482636782e-01
4.608871637531690157e-01
8.124125664166101934e-01
9.127610992566419501e-01
5.146856309771846716e-01
6.984806197045418941e-01
7.832489000488823683e-01
7.681082471736376815e-01
7.836536556230822015e-01
8.091396432940685113e-01
5.764626810599597917e-01
7.852321019409915781e-01
8.885319081595990376e-01
6.433665662108191130e-01
6.012965158587826320e-01
8.579860605288091024e-01
5.794719085055900498e-01
6.188505062080594810e-01
8.562544737189498045e-01
8.293603955816815088e-01
8.297858007397062030e-01
6.349972879279842664e-01
8.101532434807049432e-01
8.832971147736550233e-01
5.630934648158105738e-01
9.685845253723280868e-01
7.653021487750893970e-01
7.512607666026204223e-01
7.738683164679196480e-01
8.788723936047336815e-01
7.741528301099847020e-01
8.465885658078493581e-01
4.330704389864581394e-01
7.781486071273947536e-01
8.506082433950649113e-01
8.541377683556204969e-01
8.040681062102666976e-01
7.221357910744130582e-01
6.474265322501024933e-01
8.093458641549140520e-01
5.954282627439022590e-01
7.360438502729911292e-01
7.598458500722867770e-01
9.233229976266114081e-01
9.030069103675603115e-01
7.971723189715771429e-01
8.019453598590846610e-01
6.522908331170269580e-01
7.981761566639138383e-01
7.864498832834261322e-01
7.669680767154803958e-01
7.272354648037289149e-01
8.307350275017126862e-01
8.458801804075055664e-01
9.884820519633726876e-01
7.733742234348831568e-01
9.317323083568277431e-01
9.601211925305327410e-01
8.323886618573405061e-01
6.187565269446432259e-01
7.716266327768520616e-01
8.493622950981292163e-01
7.187805441198208412e-01
8.150873210315691120e-01
7.324218748544613078e-01
7.302378143812736644e-01
8.746571084379685113e-01
6.867911325072875162e-01
6.724741031904671873e-01
9.906361354017481080e-01
8.486321216258658762e-01
8.191566798695687490e-01
9.420126726465523070e-01
6.844476730784562202e-01
7.839702958656051823e-01
7.545652963913291877e-01
7.534491581239576297e-01
6.466951719092881579e-01
4.996003698508649782e-01
7.275393052923720960e-01
7.368042628057240861e-01
6.634369073116774818e-01
7.578900207036572967e-01
8.537264991420864257e-01
6.260610140401451362e-01
8.279494091710645209e-01
7.927334094971137946e-01
7.882003843620323247e-01
7.617541520164115010e-01
8.500320027320399374e-01
8.536306111684971443e-01
7.152346399740574512e-01
7.874488061187573384e-01
8.627470218224807530e-01
6.615401508504856753e-01
5.768797479538425588e-01
8.434483570656763352e-01
8.904869950688224511e-01
8.409392426588175873e-01
9.001602661954587470e-01
8.180581172617837904e-01
6.168759537330084086e-01
7.002590268168878973e-01
9.055464988363816081e-01
7.823413564061000303e-01
8.766747226761834044e-01
9.473915294836370293e-01
8.717295893631263892e-01
8.659721587957549538e-01
7.325130686522973722e-01
8.439325740722448677e-01
8.423564630605961945e-01
7.958888891448540059e-01
8.553509346654208922e-01
7.521708366140609225e-01
8.933038583083353634e-01
8.134613440360337622e-01
6.770527993891068963e-01
7.972463106506892938e-01
7.776723545932486825e-01
3.329172534465221767e-01
7.692214407020386835e-01
8.036927816932520896e-01
8.062719007576008012e-01
8.422118914127247891e-01
9.229280707780671555e-01
8.899203839295376506e-01
8.231306903690343013e-01
6.566073032214942984e-01
7.423912108096628604e-01
8.229312920360838390e-01
8.806630575586080756e-01
6.967916768146175110e-01
9.261500199580059434e-01
8.698021231396751984e-01
8.321681139304155650e-01
7.730126767275430355e-01
8.352006897892146897e-01
7.697463424896487938e-01
6.552632341067811117e-01
7.166298906739121399e-01
6.583375437271461461e-01
6.271239218616789790e-01
7.417167533738863172e-01
8.118614258513546789e-01
7.609441808469645796e-01
7.737817324925224671e-01
5.942734358278457529e-01
6.430405677774260198e-01
7.741614650463067848e-01
7.861563326164294763e-01
8.541494528687466614e-01
8.062803930387607565e-01
7.920438057046508273e-01
9.062209228658135718e-01
6.841003077631098162e-01
5.697662616258030166e-01
7.244433141537244270e-01
7.463655448814139337e-01
7.859839576888094648e-01
7.822301365432245968e-01
8.352640725494308027e-01
6.087755017785753120e-01
9.092689870795346296e-01
6.543928992963176094e-01
8.991189653468977250e-01
7.426608730298865924e-01
7.202948104985648081e-01
7.615155107908242460e-01
7.632890523734916499e-01
7.947583454305330308e-01
7.619807153701334546e-01
7.306611659262139957e-01
8.141177521979873211e-01
8.319316687309986635e-01
7.688773860825416362e-01
7.288776345229670550e-01
6.072444985064856526e-01
8.319227956300027094e-01
7.096696114656849685e-01
7.794653202929235913e-01
6.494010692017861963e-01
7.508419837868708369e-01
7.989809739890303408e-01
7.114958894369044495e-01
9.130733232130975319e-01
8.793342867611246838e-01
8.534025601216691514e-01
8.627363613677605514e-01
8.108559417955475412e-01
8.554829086696433826e-01
7.735334712206251018e-01
8.185961014802517477e-01
8.059329500041547689e-01
8.241742264247773342e-01
8.459808987701493699e-01
7.378526554315094632e-01
7.399267147670917089e-01
8.767995042951766127e-01
5.154101091453668904e-01
8.398107635263125648e-01
6.148615878444712024e-01
8.804927194884573094e-01
7.708138613576293041e-01
8.325673433151712377e-01
9.137085237617805777e-01
8.233248298111840446e-01
7.555245580047417198e-01
7.760877764561543435e-01
7.776663810418529277e-01
7.071575620469021661e-01
8.184655997117263881e-01
5.831465566618253549e-01
8.553611409362259499e-01
8.119456671294386085e-01
6.958211995269864003e-01
8.115273615691820375e-01
4.982426932271574183e-01
6.978018236116950712e-01
6.552955575990918602e-01
6.145276608090153303e-01
7.327705936286287303e-01
7.768461849415017051e-01
8.340502946813622698e-01
7.890921687777859850e-01
8.462940492284769523e-01
5.996017947893872435e-01
7.779652502509836198e-01
8.200195322776870910e-01
8.058374392608219638e-01
7.172746787469633789e-01
7.647814077261908539e-01
8.147761714896029073e-01
6.749910830077051616e-01
7.787910590274599310e-01
7.959218869287983944e-01
6.975141699514382232e-01
6.550179769347620473e-01
7.505629669321604025e-01
6.614522127195169299e-01
8.688493045201310938e-01
7.637683035738503934e-01
8.407191630132782034e-01
8.226554663800150768e-01
9.615884451375740216e-01
7.373492733210076366e-01
9.768518518518518601e-01
8.334838084238087585e-01
7.981413146244045187e-01
8.731844268307312751e-01
9.376938672756434112e-01
6.724095972961687817e-01
7.132337563053360308e-01
7.035075584487984202e-01
8.627363613677605514e-01
7.227762300728599598e-01
7.748641736653786305e-01
9.322850229352417362e-01
9.010264693845597694e-01
8.010477306429759636e-01
7.880120096942970775e-01
7.415085036552556685e-01
8.937479550837575948e-01
7.528228037436376363e-01
8.041404147387855028e-01
7.752652536408398687e-01
5.768797479538425588e-01
6.194780903410634920e-01
7.880577969817735839e-01
8.162536125233836870e-01
8.432172113213073361e-01
7.119269051875063425e-01
6.486124717688759311e-01
8.239146380527625491e-01
9.016179877462383585e-01
8.165785882318181699e-01
7.851254084436901648e-01
7.467775448933953175e-01
8.031281912908355691e-01
8.172882215393481031e-01
7.739154248468774755e-01
8.952937771300227832e-01
7.772385604283107430e-01
8.039806112064612487e-01
6.836155185014869407e-01
7.269516282171837318e-01
5.260064536455933970e-01
9.393102432853476236e-01
7.441277507467251029e-01
8.868863102641091345e-01
7.646260374166355955e-01
6.808259408165112658e-01
8.480390160526221077e-01
9.633077884821207304e-01
9.043542108642447230e-01
8.055996871870826359e-01
7.880269945519484676e-01
7.230314348320613371e-01
9.677532864741155150e-01
9.165454069874128251e-01
8.008458949862257148e-01
9.110997620093438387e-01
8.125822182601021293e-01
7.468438446437527523e-01
4.049149397789699734e-01
8.182545906183047446e-01
7.404230001214993084e-01
7.149218641664778495e-01
5.391052155611881780e-01
7.706132048789176014e-01
7.397721048167815727e-01
8.869537918823228173e-01
6.091221611135259062e-01
6.276730895292992329e-01
7.828016964842041681e-01
9.273141028267526398e-01
6.900552022919507200e-01
7.805209274722799684e-01
6.843974333524149856e-01
8.280596279172303120e-01
9.927566084321378659e-01
8.572383506375430562e-01
9.411898187160017137e-01
8.245488904413427189e-01
6.653692861122327828e-01
5.324145168351215318e-01
9.922626415263257060e-01
5.425090162601747812e-01
7.518764565018147827e-01
8.286604318784528411e-01
5.688969686922036306e-01
8.162353366759245166e-01
6.906055028716415745e-01
8.639163263727333009e-01
7.476807004631931264e-01
8.374566923252420025e-01
7.819368291889723377e-01
7.916693925491076200e-01
8.952328684755785915e-01
9.746056428428158114e-01
7.908702471739359474e-01
7.266514500081532324e-01
8.053894963261480910e-01
8.021551944464674344e-01
7.714391414221353216e-01
7.961623543897560218e-01
7.817671817290314795e-01
9.026069410679932181e-01
5.936604672501777369e-01
8.616864446024983248e-01
8.225208018719123437e-01
7.608953529485164013e-01
6.047608030661455469e-01
8.219603487393662977e-01
7.570883636458688448e-01
5.694904568198775330e-01
7.839004384604886244e-01
6.197564825324033411e-01
8.211548217690686213e-01
8.557936246180627426e-01
6.014525785491670051e-01
4.948510057705816645e-01
5.822722614526808504e-01
8.391426656091798275e-01
7.846828015830190628e-01
9.305331914438782492e-01
7.691029942670819519e-01
6.674717118959831996e-01
7.761609983353507936e-01
9.815452980410925843e-01
9.966599678898132586e-01
8.071619459064710567e-01
9.143090571113456910e-01
7.249066843330522758e-01
8.785972597148007379e-01
8.258666796798785903e-01
8.125037024757022497e-01
5.992987873947659416e-01
8.059941047669308967e-01
5.158503527654807463e-01
7.135451876807545890e-01
7.841643627483316781e-01
9.688370384378660605e-01
8.709592889037580665e-01
7.218441757037590278e-01
6.156396749610770769e-01
7.480958466987068789e-01
7.995370448348112502e-01
6.859205829142206445e-01
7.277084192376931382e-01
7.615624019199072059e-01
9.782482220080797042e-01
4.655074167140571539e-01
6.632642895142987216e-01
7.606268692050125457e-01
6.396635091743619883e-01
7.870536878873790609e-01
8.773563799196405499e-01
7.651376467902860634e-01
8.190119041561776392e-01
8.280000114558101476e-01
8.758480724104416026e-01
7.561368227191560543e-01
7.717224717856515648e-01
8.072723510967805272e-01
7.641754241472720199e-01
6.974714751909633081e-01
8.466166073219639765e-01
7.249339589607538548e-01
9.064435240006180061e-01
9.120951313722480691e-01
7.900989634508069903e-01
7.616053019606113805e-01
9.396124568910291242e-01
6.836454725131452248e-01
7.109721227326262216e-01
6.430405677774260198e-01
4.891478340447992790e-01
8.016182742616492218e-01
7.118373227498582256e-01
6.082869108668506053e-01
7.244087285952457433e-01
7.453065797699989226e-01
6.980722724830423775e-01
7.994704526126009680e-01
7.945982968518879863e-01
8.161594001673035947e-01
5.923196585609490361e-01
8.401285065158642373e-01
9.569314871068121953e-01
8.843861063686939694e-01
8.138061835688186196e-01
9.101876346697613807e-01
7.241877825077549513e-01
7.663800896115945394e-01
6.441920064329863527e-01
7.578615703740979592e-01
7.833357709643342659e-01
6.131869255466982915e-01
8.044509294904550467e-01
7.306611594820996425e-01
7.802224096123532293e-01
8.740989366007712036e-01
9.042706883907380977e-01
7.079869979185261508e-01
8.527595702740383699e-01
7.265724029614126778e-01
8.356398634281562154e-01
7.544827071147962583e-01
8.889647350434801698e-01
6.962055428164072302e-01
7.858138959901713738e-01
8.176681859091171622e-01
8.158166485750734109e-01
8.756015959793453929e-01
7.257084497580547078e-01
7.905385412679740709e-01
8.428584692017613289e-01
5.300101309850687725e-01
7.508579169444868917e-01
7.541748467741572481e-01
6.615641474487532481e-01
8.159327175926193165e-01
8.015813389946999656e-01
8.956990530859882949e-01
9.395876057508399937e-01
7.138343571326801751e-01
5.395021017368440974e-01
7.783100173870413085e-01
8.952123243137642961e-01
8.189388119809924982e-01
8.699213379677025459e-01
4.591743982462272999e-01
7.973439666125490266e-01
8.325229212170099924e-01
8.984742578038618088e-01
7.029675191296762549e-01
8.462474892307398910e-01
7.120402670328896955e-01
8.905631738068190417e-01
6.665691661316305305e-01
9.921854201294053599e-01
7.934852713876356933e-01
8.572457716390478044e-01
7.509319957628878273e-01
7.395492649047974432e-01
7.775289474455444605e-01
7.987067161145804395e-01
8.501429839608259931e-01
5.882156866755141600e-01
8.705754778163682372e-01
9.264894355493468181e-01
7.575873897993233852e-01
9.506380470038418018e-01
4.104142315880405789e-01
8.169408904630239832e-01
8.067796696410357571e-01
7.885415151183022830e-01
8.449679180232574360e-01
7.936602552392584276e-01
7.666495460343329960e-01
8.117328778467447492e-01
8.625364104057170467e-01
7.415085036552556685e-01
6.506795615225040574e-01
8.369814960389929670e-01
5.748696380522768656e-01
6.508316352829369711e-01
5.993491717338090830e-01
8.504346937828636266e-01
8.347912422103261898e-01
7.945530041738174676e-01
8.047583587977437114e-01
7.525627190853257931e-01
8.220961380397567853e-01
7.851517789121812418e-01
7.964375779704226943e-01
8.774943405708632849e-01
4.721739051654318398e-01
6.957907198451882547e-01
7.476251442812480441e-01
7.983147274875231902e-01
9.234196661943612217e-01
4.280339476565818146e-01
8.100023220537577728e-01
8.385914347088431198e-01
8.167553829145115518e-01
6.942810900703536570e-01
7.240280227486136644e-01
7.076490250007535510e-01
6.755611503314292721e-01
8.292399521132096663e-01
7.515720384985039582e-01
8.429456933391951123e-01
7.498801123137557312e-01
7.889806108427449560e-01
7.976745519121981598e-01
7.695062019026249756e-01
8.048400180616800403e-01
6.940344812380447870e-01
7.857689206653453162e-01
7.685836264863191714e-01
7.506950592512030562e-01
7.118816900186619723e-01
7.875878862564451577e-01
7.438138550519673986e-01
9.165610905479582016e-01
6.022907882447310346e-01
6.554331186175990087e-01
8.129621768489785349e-01
7.733507079340244950e-01
7.589842762275558208e-01
7.459851374633937882e-01
8.036120936385824365e-01
8.578583010360644190e-01
6.420142285860231945e-01
8.752752142044726291e-01
7.421783654702619470e-01
6.633435547463558679e-01
7.133932774072159200e-01
5.746025446883972210e-01
7.958554533389630148e-01
8.006885427763147378e-01
7.984350534110592479e-01
5.138976781171014085e-01
8.673697187370739137e-01
9.001878114600228020e-01
8.970297272391920540e-01
8.146020369956880058e-01
6.816108676373258124e-01
8.350481417925678107e-01
7.603234768991721237e-01
9.952080298663684710e-01
7.956401312690855043e-01
9.390942414603611343e-01
6.883658624672694959e-01
4.939502913373148840e-01
7.849496136332279050e-01
6.310571810335013909e-01
7.199633559167804009e-01
7.655521375526135319e-01
8.251655916035091076e-01
7.021216376353358601e-01
7.479490829518729011e-01
8.963883464667337098e-01
7.333791818525913220e-01
7.911186938756994413e-01
7.577741419111994059e-01
8.286061175167068749e-01
7.915636714803443441e-01
6.456265107569979511e-01
9.776779164928558474e-01
8.059902792065891663e-01
6.739521653548574687e-01
8.212979715022147298e-01
8.870446187855014486e-01
7.210628326416856915e-01
8.804241501004589354e-01
8.028643615012976964e-01
7.980938132613794034e-01
6.470325564846497457e-01
7.246834187942785555e-01
7.563360306867713545e-01
7.606166470497048859e-01
5.450342649288469898e-01
9.781540763734914989e-01
6.828756901836940951e-01
7.158699401511603444e-01
4.944817550014758978e-01
8.194070496910931256e-01
9.206104532088013048e-01
6.969026736290394597e-01
8.015372263408192532e-01
5.850000317321006893e-01
7.906236541282832819e-01
7.550473560609041179e-01
8.991540208787914823e-01
8.884085837718552758e-01
7.582049518613100947e-01
8.067796696410357571e-01
9.488139206660060054e-01
7.541532338632234156e-01
8.677342916624199987e-01
4.737570404734743335e-01
6.962651643353018338e-01
5.022613491936294139e-01
7.530556541651248770e-01
6.801305261124870327e-01
7.805381998302293178e-01
7.360129172723157698e-01
6.049674688555498614e-01
8.850323547313851957e-01
6.885383973638523614e-01
7.839803431218499430e-01
7.471504242020962083e-01
5.094442699131449537e-01
7.227306601474691172e-01
7.675971111708670414e-01
9.376938672756434112e-01
7.733422860455894110e-01
8.126105336993305617e-01
7.179045717577953178e-01
6.354133600223039746e-01
8.992661338632395029e-01
7.981120671651404930e-01
7.921858104023321578e-01
9.433873461703322638e-01
7.817020946141980398e-01
7.111963177604156972e-01
6.785599010852657598e-01
7.648999622140364441e-01
6.144826223629934470e-01
8.047595501732269785e-01
9.656186140934636120e-01
8.560454001135953117e-01
8.211980733057259174e-01
9.051925990661272570e-01
6.651896722761404535e-01
8.145588278032087626e-01
8.877605245572799397e-01
7.532992965839314659e-01
7.419835929737115254e-01
6.125387210941305449e-01
8.962708331330847544e-01
8.401206278382684633e-01
7.674222303455440208e-01
7.484678062619806171e-01
7.831505241778247139e-01
4.656844323589480750e-01
8.098392888110732546e-01
9.473915294836370293e-01
8.345947584024379085e-01
5.082263610409308852e-01
7.826116305413117757e-01
7.672695114201468769e-01
7.766931254307225529e-01
7.001617798617347788e-01
8.762298738680421861e-01
7.646260374166355955e-01
8.153248197983055112e-01
9.572688072206798626e-01
8.739022282923113449e-01
9.442419749151215180e-01
6.632398969207196071e-01
7.429646484241592130e-01
7.209385087238562306e-01
4.944203245115102452e-01
8.800951419083536953e-01
7.769586004552188063e-01
9.183311150902542241e-01
7.487944057843278767e-01
9.414525877799327924e-01
7.696342190040533771e-01
8.483876117170259246e-01
7.963842764316028111e-01
8.032251135161190270e-01
8.634299284992044132e-01
8.006290151400028421e-01
9.062209228658135718e-01
7.864124537125608549e-01
7.210373493878515783e-01
6.690368061684812684e-01
8.558137564503551786e-01
8.130407637333050275e-01
6.092784571648058867e-01
7.010431159570860160e-01
7.554904170722432921e-01
8.352491221472116978e-01
5.023229085128166904e-01
7.402267629532360838e-01
7.202654703516105927e-01
7.675392909356482107e-01
9.711059700421448282e-01
8.042745076703048390e-01
8.035616911313610000e-01
7.527333696863616197e-01
9.086960168459705667e-01
8.017570944318351822e-01
8.314356573019351382e-01
7.038757064985773360e-01
7.160291102452296386e-01
6.817041066434530450e-01
7.624621682468597506e-01
7.838069396942192180e-01
5.646727465579948202e-01
6.422656222547787896e-01
8.126668220820223443e-01
9.116372032297768158e-01
7.123733316537761429e-01
6.938972379173091731e-01
5.513842703169018478e-01
7.557377526964785819e-01
8.692635672894705179e-01
7.155946268046421421e-01
8.461373592987196934e-01
8.172252686911070096e-01
8.501211001672722700e-01
7.619742875824254691e-01
8.102276729456263649e-01
7.354341216809470172e-01
7.880242428397790100e-01
5.857241867613849351e-01
7.218096741317621134e-01
3.853407549522461784e-01
7.945379006480630668e-01
7.224299780949946514e-01
7.678694580197336084e-01
8.434740259310946620e-01
8.369212226039856040e-01
8.512313264398201351e-01
7.676162118019123071e-01
8.411004298267318324e-01
7.799629180133000883e-01
8.615448049783899220e-01
8.994323392424677932e-01
8.594509374362888643e-01
8.256315671437360892e-01
9.311121340562428239e-01
6.805222473657799309e-01
9.616198800036331873e-01
8.712997999826189721e-01
7.797754561004150986e-01
8.005323465539266881e-01
7.647828664653562036e-01
8.295531010186650844e-01
9.675256669277938482e-01
6.619964313757512597e-01
8.126105336993305617e-01
7.666848973750532981e-01
7.361655144846094290e-01
7.207817486409774377e-01
8.679268921210027132e-01
9.114208439657232041e-01
8.851251904237064094e-01
7.961623543897560218e-01
7.023455728279995869e-01
7.556443859822327136e-01
7.289496665207443327e-01
7.950082011411166993e-01
8.647514257345872979e-01
5.551425631841832020e-01
7.268521295197519771e-01
9.106946183200769207e-01
6.570060109762863032e-01
8.302336709997240050e-01
8.628237176603950065e-01
7.254220384260293697e-01
7.984333115246945445e-01
8.094647343756621316e-01
8.154513491562502825e-01
6.084019599770569275e-01
7.892582603865380131e-01
7.683779795988396888e-01
8.622814988293763250e-01
8.222880878831013707e-01
8.913429364625021778e-01
7.529659263481806031e-01
8.022598521629894508e-01
7.686950026019482296e-01
8.266504743063649574e-01
8.167239861251834876e-01
9.129781348264733865e-01
7.262992163694932390e-01
7.149301429845132949e-01
4.476722304427513954e-01
7.714008561609932979e-01
9.746092324725641465e-01
8.312614148845548501e-01
7.583417510398398065e-01
6.743507049213841587e-01
7.212012545701388389e-01
8.369621353710949840e-01
5.912224616377593778e-01
8.594096802146733438e-01
8.877987566619965909e-01
9.301837894994010592e-01
7.961153216884607753e-01
8.989111137910231752e-01
7.754120222232276927e-01
8.485218827649165796e-01
8.001707004646614330e-01
7.698108409940219721e-01
7.781085440759070160e-01
8.362401418549122445e-01
7.478487430300633232e-01
7.920705617012978594e-01
8.100615349895986528e-01
8.204941054848691184e-01
7.904937289246024568e-01
5.987787407889624269e-01
6.671576749665122374e-01
9.167280016381029739e-01
8.227185834258764485e-01
6.868867450933693330e-01
7.332098183416461135e-01
8.573176695581277151e-01
8.468496790473343250e-01
8.669445471003744963e-01
7.262211258902337985e-01
9.618256896554064905e-01
8.404354873218320421e-01
7.999666745799866030e-01
8.684817542208626007e-01
7.671938384535993416e-01
8.351485800273488191e-01
7.321238171345035850e-01
7.355675815007857166e-01
6.923410869348547436e-01
8.019294508287898582e-01
7.740044045455161115e-01
8.016920527805058150e-01
6.982838260035366673e-01
9.926588240202290914e-01
8.452521797278262916e-01
7.301669203221303750e-01
7.710656962894081312e-01
8.728676513557781513e-01
9.331292450987691556e-01
7.851737434594924236e-01
8.919864377044659509e-01
7.142045552485958293e-01
7.114754844992667859e-01
8.040215421990771771e-01
8.737267544849832701e-01
8.152535986240493360e-01
7.234280051459722749e-01
6.516912825035101609e-01
8.999148782746255737e-01
6.984872489361594328e-01
9.607907749875354009e-01
8.299076022849549705e-01
7.959424175319211869e-01
7.389801957413015820e-01
8.411004298267318324e-01
8.103396700224725357e-01
8.593393655169215828e-01
6.934723809364826685e-01
8.094227466175470953e-01
8.117257103595311163e-01
7.575575220198997872e-01
8.396865568477607233e-01
6.609804141834390023e-01
4.989160951207899930e-01
7.767185332289263666e-01
7.794413419124600617e-01
8.917079153496548782e-01
6.574971989051030530e-01
7.016225930282524725e-01
6.978042066381665576e-01
7.331612640787962265e-01
6.954788892328863659e-01
7.969835660787644160e-01
8.487967623658736471e-01
7.635611761156307908e-01
7.504633193098180222e-01
9.475602629922723619e-01
9.281431153661336975e-01
7.999248820951584404e-01
8.177816940661968292e-01
8.304493165471402705e-01
8.204941054848691184e-01
9.083811445323648481e-01
8.010859394710639902e-01
7.654462554571590527e-01
6.639971197180439821e-01
7.885174824668379490e-01
8.345947584024379085e-01
9.022060336651336332e-01
8.136152246363010931e-01
8.026040944191652482e-01
8.092622637451616363e-01
8.027880103754423402e-01
6.245333814138168682e-01
6.813082536883636742e-01
7.558571174988252261e-01
9.551894961721979493e-01
7.868051284543003954e-01
8.050759004112543193e-01
6.934954050082892119e-01
7.676748394384395047e-01
8.022310899893989600e-01
8.271686578194811235e-01
8.036974209803581237e-01
8.031869311876117523e-01
9.520725734583737054e-01
7.282475777677123174e-01
5.443735222493414350e-01
4.141029003536497166e-01
7.550241538492108440e-01
7.975166666942753446e-01
7.626326816584880763e-01
7.841227363596121602e-01
6.334617780848806889e-01
8.058388712353072858e-01
6.221283709973538523e-01
7.079903899870519934e-01
8.264891508591006852e-01
7.729990761860284776e-01
7.038519934732514471e-01
8.490334600076230309e-01
8.453262600568183238e-01
8.238636458830037590e-01
9.162410530007858434e-01
7.522259834329968475e-01
7.892293219034570706e-01
7.822993282288367434e-01
8.651235217630751650e-01
7.892429658042012797e-01
8.306410400601643707e-01
8.274420094802642511e-01
7.581978834450950888e-01
7.471685388999136368e-01
5.825630951370223132e-01
5.961231739990584533e-01
4.739240069118756948e-01
7.160664357243419209e-01
7.231020108314514250e-01
8.006044395046719719e-01
8.284320591734194439e-01
7.607475191485603139e-01
7.674757712057206360e-01
8.253145453367787265e-01
8.487338653127147747e-01
8.649357979088492243e-01
8.455668419884102560e-01
8.367229387171931654e-01
8.869945504654513924e-01
8.262820152530222506e-01
6.848695362233669925e-01
7.591298646382357296e-01
6.767726305291190680e-01
8.165771917937810764e-01
5.654347376659043523e-01
7.072680183941324472e-01
7.568600623220299584e-01
9.565296263881392091e-01
8.938653757042344106e-01
