8.067988634426855876e-01
8.287561371104962271e-01
4.861240126320436339e-01
5.030925551609436441e-01
7.071946941242279738e-01
7.603234768991721237e-01
7.868047954251777831e-01
7.406494469617082022e-01
8.022930770901381958e-01
6.860834817053889090e-01
7.029248092904685219e-01
8.032550787096800482e-01
7.695906023650591621e-01
8.840871496515844141e-01
8.750149576078218860e-01
7.735676180918589218e-01
8.139130251604216326e-01
7.961795205866066816e-01
8.219344841600096929e-01
6.213767407252248631e-01
8.150873210315691120e-01
8.470229502389229337e-01
7.486951807681655469e-01
8.181010756948923213e-01
6.378557392505203039e-01
7.537066892428634368e-01
7.365338359866966389e-01
7.457601073201038933e-01
7.354377611410176652e-01
8.000305625265419218e-01
7.521027042199074364e-01
8.051269819980240161e-01
8.477128022674959018e-01
5.704974127011369633e-01
7.514174182138413371e-01
8.266504743063649574e-01
6.549779137375399962e-01
6.961484180583374926e-01
7.098863773299737279e-01
8.547884004534924696e-01
6.954788892328863659e-01
8.181017877377662062e-01
6.050742813631280193e-01
8.455668419884102560e-01
8.698487406060373406e-01
8.797782834334854085e-01
7.674171188501166530e-01
6.990269294539129818e-01
7.929493198665883424e-01
7.990186624337214383e-01
9.435165044018890557e-01
9.858065378490542541e-01
6.388807078945288875e-01
7.155114733146289430e-01
8.672831151574059705e-01
5.725421743328781288e-01
8.901953063582428438e-01
5.267510836886314385e-01
9.140747178626654756e-01
8.439312596331228766e-01
8.863897291209272833e-01
7.856965652888371343e-01
8.019087628450060068e-01
7.936406460611026281e-01
9.338580780942806747e-01
8.280596279172303120e-01
8.280601473454372030e-01
6.397825928250369110e-01
7.470875150722164904e-01
6.686920848878892265e-01
7.655021822678756971e-01
9.131925829647831172e-01
7.627859413790571974e-01
7.244549379088242036e-01
8.468917616029802975e-01
8.793342867611246838e-01
8.234826607171994439e-01
6.821181525031452253e-01
8.630603529869764756e-01
8.523706857204909060e-01
8.310593814743626462e-01
8.037183070005968766e-01
9.333082755583366197e-01
7.554544737553465783e-01
6.708489018416499139e-01
7.852860651515356505e-01
9.040930848063760683e-01
8.482422983423572038e-01
8.111262263854616128e-01
7.828369470781404438e-01
7.436989873696107090e-01
5.830350117051479319e-01
9.797629142251308432e-01
6.660022718670525199e-01
7.611345953643836593e-01
6.189135574425606023e-01
5.626511358777609439e-01
7.874820100287671654e-01
8.544704315174037612e-01
7.463655448814139337e-01
7.750591565084963275e-01
7.113582630055821365e-01
8.650217044720884818e-01
8.337404694891342727e-01
7.449862958986372963e-01
8.923486628215347993e-01
6.539528254331673507e-01
7.990692438161784983e-01
6.678580160825954293e-01
7.977803480557126292e-01
8.563764206761942388e-01
8.381264352526900385e-01
8.836189267757367238e-01
7.892027337581490887e-01
9.595041861025022101e-01
8.958747181865034381e-01
6.960449009145549537e-01
4.569715472542942858e-01
7.138851870480857897e-01
8.444764672185762766e-01
7.527911615971175641e-01
8.326283352457465314e-01
9.245503281244144000e-01
7.978762984224702093e-01
8.450392848384125077e-01
7.819368291889723377e-01
8.009549051700749489e-01
8.284897952757912520e-01
8.071795008685418438e-01
7.034591580018609847e-01
7.609784335708024150e-01
7.630589733022011822e-01
8.160473361142521753e-01
8.593069195687457196e-01
8.026728265442513166e-01
9.151895416777243719e-01
7.123716036239959859e-01
7.323020060176360646e-01
9.504972550522057251e-01
7.663103030183208153e-01
7.719438875236880326e-01
7.165243387010029608e-01
8.865437228839262440e-01
7.070630572135261360e-01
8.239306427690462620e-01
7.316598688077571300e-01
9.597584357729694871e-01
8.517929482471268132e-01
7.884714574961128042e-01
7.971082577841813732e-01
7.128677251313062513e-01
8.568222520109426421e-01
6.818335373765477270e-01
7.480369574063813198e-01
7.084719312110060452e-01
8.327777375922020831e-01
9.542624668429759982e-01
8.197787165307983681e-01
9.003936386958892868e-01
7.137744758026272063e-01
7.751811049965706690e-01
8.012026074788841656e-01
8.248517399581182241e-01
8.615966452289608446e-01
7.695848079564333588e-01
7.411239064635818385e-01
7.259184397759366192e-01
9.668283192988541552e-01
7.874816213747475313e-01
8.409196392596435254e-01
7.541059771035101278e-01
8.414587492564731264e-01
7.537242380937081432e-01
7.711132890046416000e-01
8.071857607566413906e-01
7.859665577428973648e-01
6.949104940073755898e-01
7.706443438029645376e-01
9.166459576142358401e-01
7.646088337114042011e-01
8.280601473454372030e-01
7.746173668311057137e-01
8.211532782586503654e-01
7.855744655652413533e-01
8.664501304043705776e-01
6.239200730247589366e-01
7.765719204873977599e-01
6.615395908198349328e-01
8.655070947455058006e-01
8.990242552883814797e-01
8.741026371780530324e-01
8.224026447566189502e-01
6.168372429610970986e-01
7.506730945898385521e-01
8.335127140418080449e-01
7.195091926163378337e-01
8.717185074686452095e-01
6.314766071666536584e-01
8.402093137682832280e-01
9.844886345502266156e-01
9.004546265131200267e-01
8.438471655479030664e-01
7.846470990125222755e-01
8.224026447566189502e-01
7.322043378342938391e-01
8.325917714251367396e-01
7.303059551527185667e-01
8.887074833145688357e-01
7.817156663759350366e-01
8.390556061749452343e-01
7.975940336673437159e-01
7.946098738994075150e-01
7.199633559167804009e-01
8.017209647833359876e-01
8.148867059884872255e-01
8.826272866005813178e-01
6.612418733386086211e-01
8.247177591657881557e-01
8.577668899185285634e-01
8.592972588919915999e-01
9.435165044018890557e-01
8.207344527971517367e-01
5.959790299420129056e-01
6.234499962298596376e-01
8.793342867611246838e-01
7.480501542370195933e-01
7.715626877076727785e-01
5.657025349007940296e-01
8.239238187125249580e-01
7.347441108262395826e-01
7.940756563496191855e-01
8.008767884030644213e-01
6.509101097480958220e-01
7.900842120402561397e-01
7.517315291432187241e-01
8.185914896736347091e-01
5.560013854300192016e-01
4.132886553525265683e-01
8.076452206975217596e-01
9.317323083568277431e-01
4.231194998706305221e-01
9.760838383485285208e-01
7.772385604283107430e-01
6.673134859186224954e-01
5.890065465584365390e-01
6.987493035575766953e-01
7.556372958646307980e-01
8.465715952610732842e-01
7.290475127295851232e-01
8.581432314648699267e-01
8.327647315801739447e-01
7.703357502668654044e-01
9.792463476664252653e-01
8.735414765681591698e-01
7.320200091116793040e-01
6.833625317478082550e-01
7.691060002400277318e-01
9.316849751030215065e-01
6.318232551497708904e-01
8.655561228407558927e-01
8.240349160102556914e-01
7.182960500727846309e-01
5.880135894301066202e-01
8.737704820678977580e-01
7.897239695852491526e-01
8.861004638487322005e-01
7.704300059515817312e-01
8.336920518160406690e-01
6.796263198107110881e-01
7.444442375054223238e-01
7.395554642889538011e-01
5.902105885964893384e-01
6.567659157105336654e-01
8.186247615041960524e-01
7.843401917747119256e-01
7.528228037436376363e-01
7.749945415678592964e-01
9.748991970474246704e-01
5.687093454474636545e-01
8.268185941899321989e-01
6.043090355929676694e-01
7.598635168032684684e-01
7.647814077261908539e-01
7.822569131504950590e-01
9.311875048141842193e-01
9.706495286138336898e-01
6.058622493073084758e-01
7.103415267264692190e-01
8.106280038989742698e-01
6.199061454122676285e-01
7.783100173870413085e-01
7.764812191253431806e-01
7.577741419111994059e-01
7.026713038547711676e-01
7.667098245821973856e-01
8.304036238213693411e-01
7.659749099578939679e-01
6.853346321287900889e-01
8.387631070984797876e-01
7.436989873696107090e-01
8.334127853029941191e-01
6.338348720837975181e-01
6.898715406316280330e-01
9.535565714704177243e-01
9.837660682645756882e-01
9.023004477667734280e-01
7.667721247667442785e-01
8.055365293011649275e-01
9.086229627295049349e-01
7.010886484166016785e-01
7.907894426989677816e-01
7.532992965839314659e-01
8.809204346954634390e-01
4.724754467200600327e-01
8.022765534557958489e-01
8.492154467636578996e-01
6.496204671922315432e-01
6.564546631692195211e-01
8.084891160644989139e-01
6.284909781736589540e-01
6.809891918357801055e-01
7.990863883778022148e-01
7.980923929155329111e-01
8.340601336114352726e-01
8.019405730017045153e-01
7.772234713641658077e-01
7.594776265090875667e-01
7.195137277623530059e-01
6.751420096409463945e-01
8.138616721139353416e-01
5.916979417918182271e-01
7.639006166393670361e-01
6.152010485194358003e-01
6.143935975173903108e-01
7.151908433693037193e-01
9.550754718641080165e-01
7.801705196134964826e-01
8.594230576129154864e-01
7.711799951108093687e-01
6.974244402790148456e-01
9.456861690312756696e-01
8.273601125632920050e-01
7.013862768537848513e-01
9.723127750271041148e-01
7.646479189247255004e-01
7.468040922345429156e-01
9.427310421612459246e-01
4.604578007107270055e-01
7.466543536916577795e-01
6.544152952711432825e-01
7.197010908568969301e-01
8.748038394180915889e-01
6.802475446587613606e-01
7.824102570345974339e-01
8.143148254579988254e-01
8.071209067357790756e-01
7.792283334382834603e-01
6.047630323232348060e-01
9.884820519633726876e-01
7.444877670062129971e-01
8.025415949299048446e-01
7.644039084443372545e-01
7.509152163937371505e-01
8.409577019116275531e-01
7.437819403616497960e-01
7.964409605839805062e-01
8.277453154637945953e-01
8.718460268306976735e-01
6.331880842899777484e-01
7.841440091539634283e-01
7.609594695197920977e-01
8.114662304449917762e-01
8.422441241269796874e-01
7.243848560872506726e-01
7.422985229935883389e-01
7.896100849399718680e-01
8.653918020697431990e-01
8.875366780181617177e-01
8.108304650961598581e-01
7.457145938561564602e-01
4.608204714536155433e-01
8.134380226617297094e-01
9.366160978148706517e-01
8.231342341813254748e-01
8.481914535129504440e-01
7.771297729888132499e-01
7.500406860850795665e-01
7.931770173588416073e-01
7.974630727755300796e-01
7.137424143819973699e-01
7.651757894431548968e-01
8.821848256247646347e-01
9.923130387052770951e-01
7.492929787607617298e-01
6.734197426290450261e-01
8.358286273170030256e-01
7.702300942608788503e-01
7.408476906215282209e-01
7.817100407563680742e-01
7.390381428832141220e-01
8.431602139844436294e-01
7.888693165655500383e-01
7.085634969182532661e-01
8.418846207113586111e-01
8.184332711160865470e-01
7.616868986121146934e-01
7.685649439646102810e-01
8.314378254210469388e-01
8.455647621430414373e-01
8.161964111815970258e-01
7.149779036893764150e-01
7.198335208912597372e-01
6.932915303859347178e-01
7.241877825077549513e-01
4.635279226782110240e-01
9.025463237691784268e-01
7.025617916503661409e-01
6.516912825035101609e-01
7.185538551132877316e-01
7.975942625657547191e-01
8.199957571018580138e-01
9.882630785997695844e-01
8.906302609802252412e-01
5.973606405548803622e-01
9.666013731716455171e-01
9.572251216734033452e-01
8.203639716535312543e-01
7.858022254020733399e-01
7.316275656232148483e-01
7.938305910713581159e-01
8.253578628296448505e-01
5.282147542510529092e-01
9.849306482150118613e-01
5.252494038161342749e-01
4.619684122910834301e-01
8.218477801027141982e-01
9.489672226373133679e-01
8.748201133767080639e-01
8.325526852736457872e-01
5.919498811948109562e-01
7.757122395632730649e-01
7.797668544929582390e-01
6.643852902408513561e-01
7.357305984069307803e-01
7.366532791775054489e-01
7.274300339106986035e-01
8.403973600428868984e-01
8.616743274165366007e-01
9.305534663287649000e-01
7.928422554705765180e-01
7.674171188501166530e-01
9.732541731972286225e-01
5.512994377939768320e-01
7.267242153090879286e-01
8.496438665452930028e-01
7.756898410980512804e-01
7.723054677384565414e-01
8.142296060871189178e-01
8.292860173025877746e-01
8.404042700284095613e-01
8.213273318947653667e-01
7.811487799099726681e-01
8.429419552705537111e-01
7.289496665207443327e-01
8.548729148326082994e-01
7.264564785978768757e-01
5.795231716282323031e-01
7.948855964574935706e-01
8.215043990410688668e-01
8.879628743021985571e-01
8.618195821594455408e-01
8.954198100012230599e-01
7.702007898973068922e-01
7.934170518096823610e-01
7.257567077189240878e-01
7.117287651448894747e-01
6.741194427488661489e-01
6.304388876700741662e-01
7.367042936882389759e-01
8.112675450285310452e-01
8.207807843896929301e-01
8.402424433468939080e-01
8.197015154770470602e-01
4.137605231795369876e-01
5.401797994755179744e-01
8.134890888012309418e-01
9.034234773050003886e-01
7.761282225037438032e-01
9.286993198642045089e-01
8.037183070005968766e-01
8.855743864912514196e-01
5.767077918145578908e-01
7.086298183130798067e-01
8.223163046864699899e-01
7.957213589391405328e-01
9.494469274189094588e-01
8.281942666414287002e-01
8.169827107255036580e-01
8.019259052378348018e-01
8.017600833214908462e-01
7.650452273228468547e-01
7.692103595209750511e-01
8.333420883477244967e-01
8.749235339636852737e-01
9.899000428288811104e-01
7.566827593488874015e-01
8.255158844746263158e-01
9.266861896557058165e-01
9.208258643053635062e-01
8.655431906085958582e-01
7.389801957413015820e-01
7.260868321489132304e-01
9.241811081185857812e-01
7.635611761156307908e-01
9.659174593273740506e-01
9.490276735743944370e-01
7.974280609943482645e-01
9.016420884550008230e-01
7.516177861839221652e-01
7.361612687941606614e-01
6.875394496003892630e-01
8.581594061872637180e-01
8.467232843848765400e-01
7.334278318400098140e-01
7.203924927926552702e-01
7.150751434573719978e-01
8.394505478296303558e-01
8.561562762465476650e-01
7.888970466897221590e-01
8.274150203396354319e-01
9.308812231804740600e-01
5.752000875713678685e-01
7.413267134061332087e-01
7.757230642229944184e-01
7.624417343878099329e-01
5.287006114765623321e-01
7.011110029401148580e-01
7.775288288517745450e-01
8.512368020444098793e-01
7.692103595209750511e-01
7.228349299376404247e-01
7.026911552711675446e-01
8.402559993865583721e-01
9.353277700720071808e-01
8.428249913781231673e-01
5.565293464675044044e-01
8.017281806723510762e-01
8.080270994187084277e-01
7.983897716328652860e-01
7.155039816649342299e-01
8.474134615894717282e-01
9.917540241730330441e-01
7.718518195360969392e-01
8.326283352457465314e-01
8.140974067987203355e-01
7.501835974795315609e-01
8.090825446645057983e-01
6.950770940398549591e-01
8.652212996043622262e-01
7.660682203707802618e-01
7.684913734001511676e-01
8.418846207113586111e-01
8.109375828830385213e-01
8.624086078680757161e-01
8.400273229782129203e-01
6.856578346690190839e-01
8.611368345908455568e-01
7.925997540690427057e-01
7.343155881144510788e-01
9.310120334786694540e-01
7.010638005591242061e-01
6.959294658809402900e-01
7.975108790945256709e-01
7.929582882488686035e-01
8.163879732804121270e-01
7.767737863673505050e-01
6.187151868677490674e-01
7.649973479723116698e-01
7.312218029470362035e-01
8.655492535395015175e-01
7.615647824102265151e-01
8.902845241210791682e-01
6.430405677774260198e-01
7.227762300728599598e-01
8.590843624616556484e-01
9.233229976266114081e-01
7.566241774699651312e-01
7.706219637184517079e-01
6.265224265764132161e-01
8.634299284992044132e-01
7.412306337440325299e-01
7.455831437560085373e-01
7.533367918037484623e-01
7.532887975162265715e-01
8.513821497334103094e-01
8.242948640711452724e-01
7.068839833570356168e-01
7.463655448814139337e-01
7.629321616320373645e-01
7.878221532971237950e-01
8.218357166471774722e-01
6.879816315634793567e-01
8.059001699998337154e-01
7.957004858414308268e-01
6.296007717881748622e-01
7.557377526964785819e-01
7.290475127295851232e-01
8.373930341335201755e-01
7.352106284062731589e-01
8.107812108285894492e-01
8.882030806501065578e-01
7.920381367806406114e-01
7.604524250488502446e-01
7.035173790455586662e-01
8.546321028334692427e-01
4.575090606774464552e-01
6.723414127498718029e-01
7.011279686408499190e-01
7.199425560577323857e-01
7.655820249182904158e-01
8.183318761463787006e-01
6.471521624228352421e-01
8.814853211170058378e-01
8.493622950981292163e-01
8.191488259151461504e-01
8.366162706045854325e-01
7.627859413790571974e-01
4.417417269315235817e-01
6.147543431778200729e-01
6.428169004407906506e-01
9.082510093947429031e-01
8.460293520870026951e-01
7.309820547415918357e-01
8.469142917567128448e-01
8.365420914133419039e-01
7.203924927926552702e-01
8.866030214416792399e-01
8.000005081709445909e-01
7.873832237374889242e-01
6.862192057504905573e-01
5.795394802497805253e-01
7.281732304163653913e-01
7.115560966588978520e-01
8.392396802994458449e-01
7.204309270482590621e-01
7.761938777007381107e-01
8.647990636628867245e-01
6.230531430406538451e-01
7.716968790291174329e-01
9.562317101073614101e-01
7.034937940229712972e-01
7.837842063626890843e-01
8.142296060871189178e-01
7.949880281168986151e-01
7.354004257141436574e-01
7.432698337682870360e-01
6.719358477449691724e-01
6.126494585995404529e-01
7.597688586196091887e-01
7.833357709643342659e-01
7.752475770785832720e-01
6.814510555287989213e-01
8.234963426202999148e-01
7.846740574292850878e-01
9.195386364393133283e-01
5.612221581669439852e-01
7.508718475784278423e-01
7.507069244364055205e-01
7.963479563982938103e-01
5.890065465584365390e-01
8.620602640839541975e-01
8.211588093540940214e-01
8.651152381829525506e-01
8.532103464663772785e-01
7.319362234200950112e-01
8.071303194189072272e-01
5.424013151721212012e-01
8.480515849756539160e-01
8.700273395427482459e-01
7.969540785953189710e-01
6.021737601508009297e-01
7.094333057744741655e-01
8.180614397670636917e-01
6.720636164705857674e-01
7.735260822896045108e-01
8.217838271400226269e-01
9.291247298358119577e-01
8.074692074701823596e-01
8.546057246114144856e-01
8.584094319511683668e-01
8.079580909357418905e-01
7.550473560609041179e-01
7.320470268041645578e-01
7.578005145316161206e-01
7.726209484391499682e-01
7.639640425268796609e-01
6.886394565414946101e-01
8.421878649631638902e-01
5.252494038161342749e-01
7.964298325564057590e-01
8.191277146357842653e-01
7.894728989996769863e-01
9.094674138429374999e-01
8.046034569496536282e-01
6.947103887499224140e-01
8.140997692867056879e-01
8.412052954458950627e-01
8.774854778124137056e-01
6.936729604494386026e-01
8.700054333176983068e-01
8.931607959995675472e-01
9.889641543756650943e-01
8.016920527805058150e-01
5.362040654775031001e-01
8.852929625804172309e-01
8.187333825248506169e-01
8.352077814432824487e-01
7.021987380220079400e-01
8.649051023550700101e-01
8.649051023550700101e-01
8.975255568925215588e-01
7.604940316004601408e-01
7.857736393367402705e-01
9.027540407479774931e-01
5.730314132413829586e-01
9.098279312947367137e-01
7.781486071273947536e-01
8.543444800536563744e-01
8.115006010141465609e-01
8.756131829568187808e-01
8.656515204379436890e-01
7.480093856183498424e-01
7.356937295895308315e-01
8.120916566751714694e-01
8.984742578038618088e-01
7.425195678348686101e-01
8.923486628215347993e-01
8.123158129281391471e-01
7.920438057046508273e-01
9.208258643053635062e-01
8.429294876094501898e-01
7.429460897562748523e-01
8.923040907894629337e-01
8.759814626265346460e-01
7.805367274157214430e-01
8.258802620690595120e-01
7.532231221170547775e-01
4.388028431978519550e-01
7.844569093727564724e-01
8.937325052401224879e-01
5.987955676609537647e-01
6.874588243068708859e-01
6.688341197252822834e-01
8.437161264198937971e-01
6.168372429610970986e-01
7.476607300003371703e-01
8.032309447132921498e-01
8.262377268454028645e-01
8.254307015056404628e-01
7.697358543270224063e-01
7.245074294156824690e-01
7.939434581238731248e-01
7.355317164715695633e-01
6.976624247283538249e-01
9.475911596998026765e-01
9.646779250714019316e-01
7.010638005591242061e-01
8.855808061044653234e-01
8.883782242773712312e-01
8.854765495962652055e-01
8.280036460480134641e-01
9.154852442890442088e-01
6.682204587820281816e-01
8.451872285486344838e-01
8.106220608644276737e-01
6.948251132754619253e-01
8.310137211120904865e-01
8.936885115104136190e-01
7.523425225475716127e-01
8.476539761755159663e-01
6.599625457318153421e-01
8.227665224587428217e-01
6.674717118959831996e-01
9.123730214334790922e-01
7.736610227019949937e-01
3.977825380030439728e-01
8.584537485298819881e-01
8.894770978609652934e-01
7.697441049931423862e-01
7.530627052194167614e-01
7.562784654692664699e-01
9.188554905907972969e-01
8.605589153973483008e-01
8.449704702014996238e-01
7.255129907152527702e-01
8.171182946925855672e-01
9.905449675828378320e-01
9.873034378766614161e-01
5.443839063058926175e-01
8.124037283187023339e-01
8.740017203870013018e-01
6.552904106002985785e-01
7.747985085271339445e-01
9.517485908279778029e-01
7.679780994557139362e-01
6.461015466241636362e-01
8.085339695093497481e-01
7.788325401970614958e-01
8.275100108344033423e-01
9.172163849030189331e-01
8.727067595050832516e-01
9.235018488033277517e-01
7.972912694638947251e-01
8.238957728303033523e-01
8.373569287285571594e-01
7.663010558203654510e-01
7.889981294990640048e-01
8.481997301541217560e-01
7.613017369924471867e-01
9.457885968051140679e-01
8.240565160289750057e-01
4.692706294375271758e-01
7.595267816927191440e-01
8.112439211330528810e-01
8.223109112931781262e-01
7.557377526964785819e-01
8.721744349471397539e-01
6.651173520072788392e-01
5.657107017068967458e-01
7.825831489686103648e-01
8.696838127229891136e-01
7.430615882057252097e-01
8.493622950981292163e-01
6.275845225789067339e-01
9.912694634825153228e-01
3.851579375363571311e-01
8.759359154887234045e-01
7.570902010852784692e-01
9.272174031108180170e-01
8.012503504886114847e-01
9.311121340562428239e-01
9.739006268090057983e-01
8.584391332009299047e-01
7.930218879593832204e-01
7.006288376037855814e-01
7.790224399326481919e-01
8.556023896116967675e-01
5.650218350670090928e-01
7.657786493124844052e-01
6.709150007068642729e-01
9.793892300267013074e-01
6.112424604518810201e-01
6.671952676696878415e-01
8.540408843180614662e-01
7.665409211504750076e-01
8.956205977255726758e-01
9.690716446684072283e-01
5.428041307775651747e-01
9.315241660354692810e-01
8.588418638772360447e-01
8.801319386463278827e-01
7.594802421324881037e-01
8.467613317846189869e-01
7.568359142342763191e-01
7.693051029049410294e-01
8.111805638074991442e-01
8.130699857194089164e-01
7.976766782674722389e-01
8.213014340354171106e-01
7.664669211847801034e-01
7.345450818222467593e-01
8.108822417196451804e-01
8.795334524419038402e-01
7.941293972032152926e-01
5.782095583032071939e-01
7.319171846466074882e-01
6.893478802158164997e-01
8.741235919937190291e-01
6.718225606838944541e-01
7.206345897885536589e-01
8.836526721049218214e-01
8.310137211120904865e-01
7.138001526759709670e-01
7.029795896002584144e-01
6.876336435792138602e-01
7.778032195398382198e-01
7.685663726852786093e-01
8.682509701103228172e-01
7.996372042973378669e-01
7.393049833855107611e-01
7.245168525548999483e-01
8.107446484741670512e-01
8.486772469766665772e-01
7.961259760626320237e-01
5.614487169624802210e-01
7.457409655664549719e-01
7.958005124856712964e-01
7.670315605130390013e-01
4.681925604356517723e-01
6.626501041083990851e-01
9.637133285589513099e-01
5.792387102672045263e-01
6.962651643353018338e-01
7.678894617909954867e-01
8.208643748847405108e-01
9.068461083390655375e-01
7.773823099159661298e-01
8.003747005391986802e-01
7.986273427480610199e-01
8.719454834775165475e-01
9.731289153833366790e-01
8.072289471181162135e-01
9.507167974938693922e-01
7.778332874618762993e-01
7.635951912655920548e-01
6.665779443441889329e-01
7.978502730947882871e-01
4.709273128802486941e-01
6.824479488557733120e-01
7.133210593412157019e-01
6.834244225008790918e-01
8.127051569676815301e-01
8.177462898919277690e-01
5.538121340202158960e-01
9.026923785787993593e-01
8.120275555474654183e-01
7.851890517367750011e-01
8.476818150498488524e-01
9.399824808428237644e-01
7.155114733146289430e-01
8.421299969124187434e-01
8.707842030917586351e-01
7.382229366682053762e-01
6.516069452279898977e-01
8.127051569676815301e-01
7.972835555975658073e-01
4.939502913373148840e-01
8.084730558611599172e-01
7.534153117440310909e-01
5.954719057237424229e-01
9.093904977123630218e-01
9.568292923211803025e-01
8.510005923763066527e-01
7.856857620717552226e-01
7.903611143748601187e-01
8.460293520870026951e-01
8.163341239723964637e-01
5.872936429386665935e-01
8.142223318350582106e-01
7.073097059540272014e-01
8.961804854856755265e-01
8.584391332009299047e-01
9.725721740831297923e-01
8.959952977609025870e-01
8.156950870269299436e-01
8.489916344171650753e-01
8.886398760915804607e-01
8.032309447132921498e-01
9.643470087088323872e-01
8.888764544610733287e-01
7.023494103072522865e-01
8.941835508309673441e-01
4.386638057162390303e-01
7.471841041651211546e-01
8.636261099449222822e-01
8.390585663561641594e-01
7.419908175553439067e-01
8.256731062762446838e-01
5.425040375223413314e-01
8.675456908141897516e-01
7.880269945519484676e-01
9.120306998259485320e-01
6.988772250447907730e-01
7.704382480114532195e-01
8.616275182687255230e-01
8.228632902240001767e-01
6.724747911402021439e-01
6.936061700894992077e-01
8.098846958411650698e-01
4.103032484668841517e-01
8.841182219023133726e-01
7.255670068939258366e-01
9.507822770911321664e-01
7.189397478818433385e-01
7.423625402789068017e-01
7.016225930282524725e-01
7.799942018259505838e-01
7.791115639988914765e-01
7.415874482085053065e-01
7.854214425427519242e-01
8.714593912538455278e-01
9.208228781805083418e-01
6.936370793891262210e-01
5.582431395267055674e-01
7.675990598380861840e-01
8.263944277279519079e-01
6.621838696073842900e-01
5.942779158276552121e-01
7.920999956182274149e-01
7.089568214039549954e-01
7.607082588884109819e-01
8.764739090601575411e-01
8.292005042992658392e-01
7.827038353499963241e-01
7.281532803000327903e-01
7.969560468924774543e-01
7.268076019311487945e-01
9.347402487502359802e-01
8.676427475144633528e-01
7.010431159570860160e-01
8.587991664266286795e-01
7.844084418718277885e-01
7.181540369925796252e-01
7.919806105269635577e-01
7.023091995705492696e-01
8.374328507674952959e-01
8.823847611777260180e-01
9.078650876357945432e-01
7.286272296524599623e-01
6.989819138268814624e-01
8.015546672150136720e-01
7.450517743317079944e-01
8.212979715022147298e-01
8.263329847682618912e-01
6.478674015010456033e-01
8.048644360671950437e-01
6.785751101319618117e-01
9.668283192988541552e-01
9.175621608988009381e-01
9.628775631987265271e-01
7.101189864223513837e-01
8.552482437138045901e-01
7.452430528200117976e-01
7.277338719920581900e-01
7.367158051514386408e-01
8.084891160644989139e-01
7.930719752736987704e-01
8.477921796400716969e-01
8.103419515182731514e-01
9.506312194107751079e-01
9.192660793117233275e-01
8.627496388979670749e-01
6.570836103520683036e-01
6.521629699780721046e-01
6.047608030661455469e-01
6.284909781736589540e-01
7.695390894728878495e-01
6.114069566733042471e-01
8.242758209458156404e-01
6.957784925079141258e-01
8.325229212170099924e-01
8.151573701690691953e-01
8.387118352800321253e-01
6.337962616629142509e-01
8.035219439959817578e-01
8.664005454020731190e-01
6.957784925079141258e-01
7.944348467168902417e-01
8.241548514969664341e-01
7.983011379901674420e-01
7.612819446884238062e-01
6.846963278121617202e-01
7.008374963075852948e-01
3.432627308060356430e-01
7.336472809419832819e-01
8.688271938480001122e-01
8.858251614539300878e-01
9.110945130716892049e-01
9.849306482150118613e-01
6.675828284807107105e-01
8.370718568901832635e-01
7.946355016568510399e-01
7.862954917296158808e-01
8.654544439565825531e-01
7.433978100922918886e-01
7.599544124139123724e-01
8.325607823669176621e-01
8.955239042808182948e-01
5.766176089616519285e-01
6.957784925079141258e-01
8.473140932385579971e-01
8.214762226302607662e-01
9.224164883640624257e-01
5.804527941935260227e-01
8.891434678745429032e-01
8.872739268200059426e-01
8.044924952506347093e-01
7.818140223075487061e-01
8.483716335153861365e-01
9.672253166067014130e-01
8.686427941997566515e-01
8.721032274643608639e-01
6.264467643785434081e-01
9.454456243951340211e-01
8.426101866239252836e-01
8.132263806278364759e-01
7.722497094577246424e-01
8.051312542002891925e-01
8.545164593595419023e-01
9.112228336716591270e-01
6.664345565573813746e-01
7.745441559790438024e-01
8.444764672185762766e-01
8.674380385276274641e-01
7.014130861994362087e-01
7.762601882392954344e-01
8.317854866523674007e-01
7.605783950126068227e-01
7.502334666935293050e-01
6.675587751415641424e-01
8.635656414166285044e-01
7.498141882127100644e-01
8.971812704876290789e-01
8.770409463427449870e-01
6.931755461018483944e-01
7.555229212417611251e-01
7.250087476527545816e-01
7.249066843330522758e-01
7.532992965839314659e-01
4.557191169692327848e-01
8.459475497827948498e-01
7.300687387386793903e-01
7.877510829982309337e-01
8.671520110905797107e-01
7.433097126784370401e-01
5.419930617519601590e-01
8.189290928714808571e-01
7.947897275911576243e-01
6.154686260109946128e-01
9.054265435716808419e-01
7.688636614057643426e-01
7.480416400237442920e-01
8.132180741546327640e-01
7.176224655900532712e-01
8.088030912175948606e-01
7.726209484391499682e-01
7.962608041146138627e-01
7.743351326363560050e-01
7.739119359724970781e-01
8.256427760371100044e-01
7.973143754267226768e-01
6.234499962298596376e-01
8.247826657636472270e-01
7.188753172866966246e-01
8.143171952145654702e-01
7.280250051207630690e-01
8.605149519412977899e-01
6.595582484651126842e-01
7.661066575044025440e-01
8.724691328116050970e-01
7.924605652193480454e-01
8.423172870588186978e-01
8.031840789788053936e-01
7.036744861943713403e-01
6.943735760183226136e-01
7.020980910304022160e-01
7.359016141210966699e-01
8.193795510016220751e-01
7.423568292836454363e-01
8.434918521141534509e-01
7.975623924383201668e-01
9.214429302608801997e-01
7.720139915456509794e-01
6.289924498777087480e-01
9.780815516166527779e-01
9.472080999738936580e-01
7.407091521782550592e-01
7.162557428023121897e-01
7.203824702782217759e-01
6.726026695864130156e-01
6.784818843653629417e-01
8.153572428621123080e-01
7.709645319358754412e-01
7.539422826401841471e-01
9.395056827768651919e-01
4.021346365861527272e-01
5.673384350226720052e-01
8.931914446501819649e-01
9.295097661543805234e-01
9.437637940452238139e-01
6.575323246579585224e-01
8.662197667256038569e-01
8.115186221777960229e-01
8.785046962415485883e-01
7.974337718720359014e-01
7.193522339414143429e-01
7.541564430122621454e-01
9.076179914036548446e-01
6.696543477612113549e-01
9.706307441543964298e-01
9.597584357729694871e-01
7.204677951673945646e-01
6.845443710407504989e-01
8.965295614279430447e-01
8.046928325492722633e-01
7.944568288483323526e-01
7.560974388050160089e-01
8.764077009044070055e-01
6.806459983129063973e-01
8.859216184445255493e-01
7.929617696462519794e-01
9.942641109592532667e-01
7.821401916691994582e-01
7.904137011023109061e-01
9.257666767534366015e-01
8.844013155695410466e-01
7.469128605223223083e-01
6.751420096409463945e-01
5.269338425759844124e-01
7.831696068393794175e-01
4.785751384336137670e-01
6.241785756825793952e-01
7.457538338253093535e-01
7.732253809160408720e-01
8.035767436570225852e-01
6.845682708662285121e-01
6.417670218015416594e-01
8.046270249635268934e-01
7.486894760960387529e-01
8.188331211102768403e-01
8.544704315174037612e-01
9.711059700421448282e-01
9.112228336716591270e-01
7.603422527161807221e-01
7.856676971743791205e-01
8.377726446331188459e-01
9.208845625255708267e-01
6.980412887563998137e-01
7.139379758708594981e-01
7.709395407761325814e-01
6.795506034220866187e-01
7.666948135493861782e-01
9.301837894994010592e-01
7.712184033909574854e-01
7.963436389490621270e-01
8.581432314648699267e-01
6.952580873244175175e-01
8.303814013653164627e-01
7.931458129310129390e-01
8.385898383168417514e-01
6.898715406316280330e-01
8.248406298064288045e-01
8.062043697677797605e-01
6.828616669986111720e-01
7.709645319358754412e-01
9.121069065239153506e-01
6.116740620480680679e-01
8.309668394516861456e-01
7.217887937100296858e-01
8.355361811546447859e-01
6.869086920098206317e-01
8.121738928130779467e-01
8.050338107092107620e-01
9.503236907784315957e-01
8.890668214191054242e-01
7.880936870199675148e-01
9.050481438487288921e-01
7.927077812991556449e-01
6.378973456879524218e-01
8.557077745093030208e-01
8.913429364625021778e-01
7.819368291889723377e-01
6.912280032280349040e-01
7.754760405863131423e-01
6.771757869289539711e-01
7.905385412679740709e-01
7.811230338757121361e-01
9.449271517122170838e-01
7.978263451699937336e-01
6.863024138999419543e-01
9.746056428428158114e-01
8.358351518579834050e-01
6.914265033807330818e-01
7.979650146451093828e-01
8.164231186048517275e-01
6.170279156646907293e-01
7.667149521125674605e-01
7.845462918285283083e-01
6.957784925079141258e-01
6.989206660893962919e-01
8.169790747583038915e-01
7.421217717177779338e-01
9.356560573000634040e-01
5.313769654582454205e-01
7.137820189019918882e-01
8.513821497334103094e-01
7.383478774884733031e-01
8.107104885091179769e-01
6.825963066572389160e-01
6.411263299811447158e-01
7.734183236892476776e-01
7.846470990125222755e-01
9.070371478576999547e-01
9.287005387159135150e-01
9.306463295858203866e-01
9.457885968051140679e-01
8.459265942789730985e-01
8.468312899152544704e-01
8.494032187290366798e-01
7.387486613873612828e-01
9.325345881632197687e-01
6.893828264663950378e-01
6.919246220715401519e-01
8.178458668329006143e-01
4.836851573244873581e-01
6.524497942975646669e-01
6.331510411946675854e-01
6.493344237711267120e-01
7.533151872777553715e-01
9.005865571610283116e-01
8.556346736293487520e-01
7.838844590853243366e-01
8.813406169376767352e-01
8.287069580189392326e-01
7.253577408339220156e-01
8.618644817130941549e-01
6.607916788888013038e-01
6.949104940073755898e-01
7.694862733460230420e-01
5.967286642467704016e-01
6.876054834784098846e-01
9.703166254729703732e-01
9.577846517864092579e-01
6.829094056072875230e-01
7.506950592512030562e-01
7.897910898404278957e-01
8.010477306429759636e-01
9.325935481724701992e-01
6.409482631673604214e-01
6.532180147749879762e-01
8.600341384417594659e-01
8.225704401374375196e-01
7.651450910193882127e-01
8.561882883390479204e-01
6.674802101058278092e-01
6.926491915870767180e-01
7.529440531738891274e-01
6.444383071921336859e-01
8.594913199386710057e-01
7.943858491883779571e-01
9.179590862215016855e-01
7.698706112938318302e-01
6.349972879279842664e-01
6.035485697596902899e-01
6.189135574425606023e-01
7.153622445640686056e-01
7.306090066547785700e-01
6.070245332657339121e-01
9.255409638304927800e-01
8.098181785988081138e-01
8.363917568060157404e-01
7.117535863029182952e-01
8.454048268918744613e-01
7.930719752736987704e-01
8.756483237396561758e-01
7.569111792167787511e-01
8.813967870428900397e-01
7.580507809835154154e-01
7.498801123137557312e-01
8.071209067357790756e-01
6.841907827010160759e-01
7.503450741346865405e-01
7.760661703654201382e-01
7.840765351702544406e-01
7.957004858414308268e-01
6.804846338043901710e-01
8.117317219450121968e-01
8.296225735800917267e-01
7.361918101953530691e-01
8.188331211102768403e-01
7.936602552392584276e-01
6.056430887156148968e-01
7.840554323799241443e-01
6.362799396820784104e-01
7.457538338253093535e-01
6.859732230589957735e-01
8.227117949321663959e-01
6.900552022919507200e-01
6.947337962962962798e-01
6.885383973638523614e-01
8.561998713017053841e-01
9.411898187160017137e-01
8.546479550635607270e-01
7.897262408269271061e-01
8.955886400473270781e-01
7.965803873162453641e-01
7.345521845819915630e-01
8.218677127868142529e-01
7.599889342468884035e-01
7.577057100230460973e-01
8.822689541685613257e-01
8.336977545467039175e-01
8.630603529869764756e-01
8.706887646999809105e-01
8.546479550635607270e-01
8.011675347444676687e-01
7.780893068925832656e-01
8.449066169125361014e-01
9.900627697767681035e-01
8.226557867668242707e-01
7.335720004167929353e-01
7.314084051424132316e-01
7.415085036552556685e-01
8.132312815572523279e-01
7.062347569386742130e-01
7.947910819222659962e-01
6.335260045893403857e-01
6.201200796758781220e-01
9.065144351804698131e-01
7.880490038045508960e-01
8.593393655169215828e-01
5.960759989371475775e-01
5.863916765467770409e-01
8.366106008035977259e-01
8.724740371271969552e-01
7.527592267973486351e-01
8.215784176915935655e-01
8.937388788157629715e-01
8.691730694699172366e-01
8.952328684755785915e-01
8.299030650741779924e-01
6.867573382167613261e-01
8.526122792136114903e-01
4.640914543943270854e-01
9.170430686185717661e-01
7.313002784038192816e-01
7.011482970033172668e-01
8.504268788163100723e-01
6.125472363328774428e-01
6.282317491197904058e-01
8.584391332009299047e-01
7.853505840266559179e-01
5.926457981677021314e-01
8.789882411368622472e-01
8.060079950580777419e-01
6.814960380056475087e-01
8.453002041462230887e-01
5.809194849167975683e-01
7.732938058909362145e-01
7.441277507467251029e-01
7.114391864478952776e-01
8.049738874182639226e-01
8.581858338472946324e-01
8.671475418797156554e-01
7.122657293762043595e-01
7.564965947053794437e-01
8.476250632442587918e-01
8.698306067923058382e-01
8.885651211467459065e-01
7.219099270573894334e-01
5.167474649105935347e-01
5.285243017773978425e-01
7.402267629532360838e-01
8.485218764204999209e-01
9.149249025547511183e-01
7.584680073608470741e-01
6.496204671922315432e-01
7.968328293991017164e-01
8.558742436817727839e-01
7.839697065133826026e-01
7.745498413332246868e-01
8.082560646047829422e-01
8.459705656657354744e-01
9.104317036435423116e-01
5.393678147011603530e-01
9.047330195012595055e-01
9.485180386582561241e-01
7.739154248468774755e-01
7.438337348130703575e-01
6.736442176255450498e-01
8.633602538571893970e-01
8.069804337297846741e-01
8.276003942508487476e-01
7.985406299964674659e-01
7.450724433582206485e-01
7.594561975430900169e-01
7.368042628057240861e-01
5.437181274490590077e-01
7.926339379355219483e-01
7.744756668227066321e-01
7.761938777007381107e-01
7.841777451164435586e-01
6.668586343217467460e-01
8.325217445536802208e-01
5.572217625899429372e-01
8.346573280920740467e-01
8.089650084743754688e-01
8.414415490571869327e-01
7.807908182789838891e-01
7.909360760720272054e-01
8.254916767684860046e-01
7.866953370780246368e-01
7.747512747932249200e-01
5.625464746966454266e-01
8.191625532297592827e-01
8.183277326065733215e-01
8.442479119903488760e-01
7.041992230975605560e-01
8.666961319322653567e-01
8.162083285934362831e-01
8.183212957212928629e-01
7.447691082112393168e-01
8.927597700446538997e-01
9.004546265131200267e-01
9.525409665022321892e-01
7.802189033043495092e-01
4.705022817413166414e-01
7.518804275652087865e-01
7.527717448227856378e-01
8.013919455252886959e-01
7.840341363503021688e-01
7.368389521033377187e-01
7.710010915518520358e-01
7.698202318321065718e-01
8.721715173833305412e-01
7.158685018052272087e-01
6.853507109502428030e-01
8.051718291429083019e-01
7.840441930171662133e-01
7.068865740740740700e-01
9.088591922029132242e-01
7.469146619518203245e-01
7.685564768772673583e-01
6.430405677774260198e-01
8.316525599287211135e-01
7.083761986486230011e-01
8.736970709721175732e-01
7.695542374034821664e-01
7.412880768667439169e-01
9.831737792818507904e-01
6.583375437271461461e-01
7.892511893142017954e-01
5.849948945430617497e-01
7.351003931460340368e-01
7.337348582081004711e-01
7.863331187116550103e-01
5.992987873947659416e-01
7.456634861762544420e-01
8.806668538720062722e-01
9.516605750811460984e-01
7.774751006458526792e-01
6.943100001194175697e-01
7.189213923203187084e-01
4.662757195229949581e-01
8.370337571567809665e-01
7.738801157530633690e-01
8.835720762278835849e-01
8.081966575825126897e-01
7.676729695520707608e-01
7.406891210290121874e-01
8.643762607196298076e-01
7.312204928484264954e-01
7.340710225282426338e-01
8.593069195687457196e-01
7.195781986159904831e-01
8.244547727438382712e-01
7.077767653000994752e-01
8.895263873768736174e-01
7.578666320921770838e-01
5.941233964290713043e-01
6.078789533283871505e-01
7.670508188015395801e-01
7.678235620127206174e-01
9.138285529851017941e-01
7.819658293389418757e-01
7.161436969517612772e-01
7.912527021317934395e-01
9.176111429967591659e-01
9.133427289599087562e-01
6.687940640982796836e-01
5.814142077339929937e-01
5.997482022651245970e-01
7.338264340081073200e-01
9.151645602834167503e-01
6.707435827419674368e-01
8.007689290332271614e-01
7.427923321775498078e-01
8.455668419884102560e-01
7.412738831625845792e-01
7.616892919039717214e-01
7.232470995618395238e-01
8.392170625584945975e-01
8.058703270611025093e-01
4.314739215725923449e-01
6.012965158587826320e-01
6.060562817108283706e-01
7.647631501626486195e-01
7.119559060180974397e-01
7.894831337831595963e-01
8.489904445862714866e-01
7.769050139111993714e-01
5.311623431000063178e-01
7.689635430872319155e-01
8.367437800235828504e-01
6.361512106922234677e-01
7.627927258417085410e-01
9.338580780942806747e-01
6.579263802051480425e-01
7.155946268046421421e-01
7.917593525601762661e-01
8.322475280398862196e-01
9.114298423415045924e-01
8.801319386463278827e-01
7.635611761156307908e-01
6.021831364007937948e-01
8.378055586844929126e-01
7.400509493458258259e-01
7.360106142051300315e-01
7.911258713662637776e-01
7.258880892741444990e-01
8.203302091309209176e-01
8.449704702014996238e-01
8.159651467068551600e-01
8.426905403616907764e-01
8.168799969681714845e-01
7.508718475784278423e-01
6.871729911759386633e-01
7.282709952802308706e-01
9.560040639065917611e-01
8.676427475144633528e-01
7.338280318381452672e-01
7.955533188060421868e-01
7.425195678348686101e-01
8.352497561969101092e-01
7.180801067243474112e-01
8.394578118752542562e-01
5.657254452310642723e-01
8.290407801756296546e-01
9.802673910935032486e-01
7.811289376208581103e-01
8.668564519883010799e-01
8.010859394710639902e-01
8.477921796400716969e-01
7.883013002377319278e-01
8.821583980533077574e-01
7.389265142840595324e-01
8.672291970282901552e-01
7.832489000488823683e-01
7.201142322445351907e-01
8.458801804075055664e-01
7.851197134817633483e-01
8.281896045460046540e-01
8.523601396044737655e-01
7.932500732505777252e-01
6.744360839392122831e-01
5.655092549108203803e-01
9.505026291201363886e-01
4.579671637545493224e-01
7.473020180412809355e-01
7.759708489112487895e-01
7.975428312747332438e-01
6.942931781061727481e-01
8.048522698573699063e-01
8.088034982514591409e-01
8.182275061697995566e-01
9.022060336651336332e-01
6.159110959966667131e-01
8.179799108426362153e-01
8.052275322549482528e-01
7.842316893908014563e-01
9.230354618834735181e-01
7.568201728782409932e-01
7.906619471435905044e-01
8.411493200626697364e-01
7.302241692204320955e-01
6.622771405600305084e-01
8.487152137481404068e-01
8.699845906215691871e-01
8.132427025593659264e-01
8.263884888988116684e-01
7.351483557884864739e-01
7.747985085271339445e-01
8.065455196875476185e-01
7.744108377388100317e-01
8.081765629890740321e-01
7.631206117339399686e-01
8.082201884717434837e-01
8.541377683556204969e-01
7.804331964040265301e-01
8.011206305473949074e-01
7.367539738481664324e-01
8.904722425387008311e-01
8.082966631706968164e-01
7.915636714803443441e-01
8.018947207157520740e-01
7.306154713789624333e-01
7.120092515336161609e-01
8.274150203396354319e-01
4.378469216508628081e-01
7.785929002257948595e-01
5.795544893306012746e-01
8.654815700407846313e-01
5.144840407587226716e-01
7.123259885198859331e-01
6.900552022919507200e-01
8.722929456630856837e-01
8.110401295086968609e-01
7.491138400964389987e-01
8.829330347758637121e-01
9.343952067970149322e-01
5.888275695733947712e-01
7.341098309860175641e-01
8.010956898546257587e-01
7.393845550317754700e-01
7.056597497777687966e-01
8.534195316372087392e-01
7.697674963494381961e-01
7.112533003722675273e-01
7.863870934183117001e-01
7.761797947025027566e-01
9.520459471754153524e-01
7.666235471794751177e-01
7.615991493292305625e-01
7.901945202702514992e-01
7.792409703354939987e-01
4.638608700278551988e-01
7.860814223652201616e-01
4.928021771959089081e-01
7.668430495015043924e-01
8.568567479081978799e-01
8.402602102091852876e-01
7.166298906739121399e-01
8.059001699998337154e-01
7.760995241131827260e-01
8.822986414650192399e-01
9.616198800036331873e-01
6.980978107364690377e-01
7.386602811412689151e-01
7.442973771136237593e-01
7.859535565862151296e-01
9.177599508971935327e-01
7.045174525825637080e-01
7.302940944115444699e-01
8.591864126892190257e-01
8.570840746325431025e-01
7.070298810384914034e-01
7.456699863213613888e-01
9.749011503965802072e-01
9.340120260670082830e-01
8.477128022674959018e-01
9.746305302969587858e-01
7.629824530675769489e-01
8.469927763953213340e-01
7.530609872690166018e-01
7.584680073608470741e-01
8.528960421428827265e-01
8.424832855795291175e-01
8.672372007605451127e-01
6.940458915953386931e-01
8.177816940661968292e-01
7.615624019199072059e-01
9.572688072206798626e-01
