8.833279189801199749e-01
7.374101140543595223e-01
8.178142273279785934e-01
8.433966993673563950e-01
7.438018706732933971e-01
8.230208217767240875e-01
8.481914535129504440e-01
8.126664381710321239e-01
6.668586343217467460e-01
7.029264522856977226e-01
7.846671124961974719e-01
8.832911913271351834e-01
8.244428498393661098e-01
6.388242314050230908e-01
8.467700629755405828e-01
8.052394503310462692e-01
6.494010692017861963e-01
8.124520677319939654e-01
5.592151523655437551e-01
8.375486467069223062e-01
7.464501315225894329e-01
6.359795541279056330e-01
8.207272227243961327e-01
6.600293097572235146e-01
6.630087499045372867e-01
8.809968951193520859e-01
7.630500209484772922e-01
8.597846655304046681e-01
8.842993472003986000e-01
9.171357038483048951e-01
8.091862876188592457e-01
7.268976354397775896e-01
7.218916527702656794e-01
8.471840107136233700e-01
7.735933561452883467e-01
8.370053311717936539e-01
8.592837868251147482e-01
8.223767335794295308e-01
7.660682203707802618e-01
8.354227681905310732e-01
6.906452430126808206e-01
6.779069518487519375e-01
8.428774781537622385e-01
7.789822277999178812e-01
6.336505538181819164e-01
8.000072430186252470e-01
8.115534457860209550e-01
8.400976919828699874e-01
7.313425930401949993e-01
8.721912456122505874e-01
9.555362431881310181e-01
9.167742534230125528e-01
8.452745596042741116e-01
8.171811483845367041e-01
8.557805408234824274e-01
5.967699698854973533e-01
7.744756668227066321e-01
7.560942625792520522e-01
6.231971708741811389e-01
8.013778533227454703e-01
8.270013385772775338e-01
7.000984783691251989e-01
8.389165397265314628e-01
9.691633816908734600e-01
9.437091547581293316e-01
8.367756363241539708e-01
6.806459983129063973e-01
7.622716274936811587e-01
9.809647135065280299e-01
8.052466278364718288e-01
7.872699434173360267e-01
6.406312240512492817e-01
9.279536522395025466e-01
6.494834955737384119e-01
8.776244140553751683e-01
5.983298460383780215e-01
8.507567322144238275e-01
6.022719539351144569e-01
7.914389727453273737e-01
7.698214830448865120e-01
6.163432008092341041e-01
7.085709961842192595e-01
6.829630299727169618e-01
6.438362823763666976e-01
7.991816909679893000e-01
7.908702471739359474e-01
6.887916525265268541e-01
6.653692861122327828e-01
9.014329112973050728e-01
8.712997999826189721e-01
8.045749525300460725e-01
8.238957728303033523e-01
7.852321019409915781e-01
9.462299344496382103e-01
8.264797565626538223e-01
8.155443071721414361e-01
8.575358009296112360e-01
8.091984722305143318e-01
8.143765432335189347e-01
7.946206238489493812e-01
7.551249487698153962e-01
6.607926490863604840e-01
8.291820201809464441e-01
6.150707926153704541e-01
7.529082531071753515e-01
7.426332289919393981e-01
7.506730945898385521e-01
4.553520472012923537e-01
4.851547207485293334e-01
7.456634861762544420e-01
8.021251077798844387e-01
7.721098201648738391e-01
8.945918412817305265e-01
8.908410188923596706e-01
7.858988160110028653e-01
4.652370505444132220e-01
7.629461173002054508e-01
9.512867254368677639e-01
6.621240377337068717e-01
9.079837798633414447e-01
7.555889258518595497e-01
6.149939432297234498e-01
7.875768963961281566e-01
8.198214010487958614e-01
8.008767884030644213e-01
9.383840364427241676e-01
9.407388471790031348e-01
8.633549789102420435e-01
9.113178104559653825e-01
7.518241142237925834e-01
8.367756363241539708e-01
8.431530311746365802e-01
8.111050511593951295e-01
8.820272153300642293e-01
8.482110687683062089e-01
7.051235085031465344e-01
7.933654827013387756e-01
8.472585222157791307e-01
6.741172040858369741e-01
7.707058281656562482e-01
7.590109575478277693e-01
7.849361081744149482e-01
8.056620921988700834e-01
8.835740501648169376e-01
7.389387933395399344e-01
8.237219823696957377e-01
7.372902446319362646e-01
8.397387184381157610e-01
8.534231129369187485e-01
7.677047817419859754e-01
9.195386364393133283e-01
6.739874258237601445e-01
7.606687315462089538e-01
8.998983191226221923e-01
9.031437360497646116e-01
9.074078956572427801e-01
7.044031409814219824e-01
7.167537861815772571e-01
7.971395834848533646e-01
6.346507068391087358e-01
7.351855308875148154e-01
6.021831364007937948e-01
7.683887331860476122e-01
9.801678000723912376e-01
7.776081370578005192e-01
8.725491232565889543e-01
7.038536567387813081e-01
7.825281109418767977e-01
9.040930848063760683e-01
7.622777861541679689e-01
8.706901381631881875e-01
6.760907987621586068e-01
7.565105903958119216e-01
6.505002972610043344e-01
7.641680990808075169e-01
9.677600115391337132e-01
9.033611440607507426e-01
8.439855003927676513e-01
8.105672179575813541e-01
8.786948313120108711e-01
7.533644830896413236e-01
7.947897275911576243e-01
6.750668024712940252e-01
6.634996925777011390e-01
8.090284032814095694e-01
7.270337021301012115e-01
4.489150231569414284e-01
8.371056472640148183e-01
8.048884685816811713e-01
6.776099100502189776e-01
7.866668851611380298e-01
7.586417425466533970e-01
5.362040654775031001e-01
8.323226045813590934e-01
9.329004134622157496e-01
7.920381367806406114e-01
9.092859403443694921e-01
7.163021815803017889e-01
7.714008561609932979e-01
7.920438057046508273e-01
7.785801271007373181e-01
6.706267951993380994e-01
6.726649143349513471e-01
9.096933449764625923e-01
7.629174652597692230e-01
7.769548798409908752e-01
6.993421800858837800e-01
7.264407127093808203e-01
8.536934725714820926e-01
7.759201042659125136e-01
8.534470754830824069e-01
9.605062701243095580e-01
6.969224958617475929e-01
7.530536243679868402e-01
6.527878427145568097e-01
7.354018791565366531e-01
7.710319100523964631e-01
7.627816879252750093e-01
9.870057609460975989e-01
8.969145575650893099e-01
6.904752005354090061e-01
6.739874258237601445e-01
6.814510555287989213e-01
7.364695276539735547e-01
7.864126351969346063e-01
7.742254326087822935e-01
7.048783361907670075e-01
8.433124657963617654e-01
6.653339971962414223e-01
9.440895071009188788e-01
8.275945210964487098e-01
7.597546907636133495e-01
7.720879785154407537e-01
6.630087499045372867e-01
7.988742224644257428e-01
7.806700706708600279e-01
9.293694981089829499e-01
8.137437071654318732e-01
7.931300416420398181e-01
9.976851851851852304e-01
7.982403745687096652e-01
7.412986634809036746e-01
8.417775654211336889e-01
7.230314348320613371e-01
8.746332264546788915e-01
8.272906106602037068e-01
8.866070747996969148e-01
6.724252415892014723e-01
7.933157437778823873e-01
8.135810334600285243e-01
8.049668769940580004e-01
5.928656550304628459e-01
7.641658533574342549e-01
7.527504242620528530e-01
7.963479563982938103e-01
8.051099224152669098e-01
9.217154707409167536e-01
9.608375890935081376e-01
8.589198882148545433e-01
7.532887975162265715e-01
8.298964160263708756e-01
8.587616228430355880e-01
7.898149811926720165e-01
7.902933344104942082e-01
6.164576233636871461e-01
9.509714463169022247e-01
7.447604814086176139e-01
8.840280825902713246e-01
5.958412004157697117e-01
7.256741333120189097e-01
7.677527823824296105e-01
8.924601094722312000e-01
5.259438244381242633e-01
8.243679152895219131e-01
8.350480820795981307e-01
7.430372323630195508e-01
7.811668105394855566e-01
8.052340676253140206e-01
7.549975889784210636e-01
8.348175632789271994e-01
8.521985881712961231e-01
8.030748312433285685e-01
6.634996925777011390e-01
7.918113321056775566e-01
7.283661550886393332e-01
9.558921581986018490e-01
7.590080218105524912e-01
7.300188412137833538e-01
9.335709249497530227e-01
8.228632902240001767e-01
5.711994888796774195e-01
9.064885721080359060e-01
8.069692142778399635e-01
7.360555261738700450e-01
7.637904139901977585e-01
8.200804866723365727e-01
6.784014468474627302e-01
8.314550384190007026e-01
8.122468064487196049e-01
6.627826671128100866e-01
9.008615708832365954e-01
7.795738503792236651e-01
7.794093584126337015e-01
6.822895299227540455e-01
9.201380406232921860e-01
8.220961380397567853e-01
8.908322068162015661e-01
8.544103104380733615e-01
7.768005751948313664e-01
7.871725945845711170e-01
6.609522851513440767e-01
7.876630640883643952e-01
7.854069908474157202e-01
6.776192477701578065e-01
7.638116625421398354e-01
7.041264172067833726e-01
7.133210593412157019e-01
7.727418476808018966e-01
6.332975252982171455e-01
5.899275693091983186e-01
8.299513680648604730e-01
7.963077423948727862e-01
7.516469158044163379e-01
7.819034842566563448e-01
7.665256442530958836e-01
4.971940541744274134e-01
8.837726544878278245e-01
7.708609414790348335e-01
6.829700528483411137e-01
8.565453796154626209e-01
8.394505478296303558e-01
8.231686799816735345e-01
8.287920739019688510e-01
7.743552189331323055e-01
8.334571447331592386e-01
8.636809060122114801e-01
8.458516578353760806e-01
8.141450051587963976e-01
6.411263299811447158e-01
8.220482465672521721e-01
7.723342029945943210e-01
6.189135574425606023e-01
8.013904153226308891e-01
7.324472425480716975e-01
7.611476677734752005e-01
8.189070137864922216e-01
8.020993022748396095e-01
8.849552870054028242e-01
8.136152246363010931e-01
8.515885489620615978e-01
8.091937395216824980e-01
8.302107981728290564e-01
8.026496100060203087e-01
8.910420085663933731e-01
8.911944458351342968e-01
7.996372042973378669e-01
7.741283393862835593e-01
7.903241059817193159e-01
6.845443710407504989e-01
7.013828800767093474e-01
7.692840719813373029e-01
7.856605186370315685e-01
8.198188841935938331e-01
5.596099953387416726e-01
3.977825380030439728e-01
7.104351697212002437e-01
8.830264930204603235e-01
7.819624793707069532e-01
8.127930918913907066e-01
6.719854879292764815e-01
7.752919184806842390e-01
7.416621850682291184e-01
7.404795178996148586e-01
8.263944277279519079e-01
8.085462934116004474e-01
8.337497513520213399e-01
6.609029151682885850e-01
7.868752158906126004e-01
8.335592004639541530e-01
8.097773085647829161e-01
7.463174496014731707e-01
8.794892448945487162e-01
7.709452242266845445e-01
7.918438419110284121e-01
8.354267589346752176e-01
7.990491107668420412e-01
9.049551109095350654e-01
6.327225325138235990e-01
9.392132382161453297e-01
7.029795896002584144e-01
7.841201467918746948e-01
7.912146111154100270e-01
7.568013628679912674e-01
8.568437682087495233e-01
9.607493423002245736e-01
8.186584272249379790e-01
8.386485093135596092e-01
7.646877016671809191e-01
7.953356611681019483e-01
8.228908904786479406e-01
8.901953063582428438e-01
7.559114137844074044e-01
9.264894355493468181e-01
4.839421008488509202e-01
7.165720588875515995e-01
9.008426075877025152e-01
7.433767464343881137e-01
8.331579525996642976e-01
3.938399249170712602e-01
7.709068526248228359e-01
5.689326455209144928e-01
7.970031192330914172e-01
7.714321034878410810e-01
7.541166614154142245e-01
7.025413363899946084e-01
7.996371575222233075e-01
8.372429349858547809e-01
8.279251113342919188e-01
6.937283703010789226e-01
8.168326304408273231e-01
8.453396763349350085e-01
8.681659076068934944e-01
8.448055518077790538e-01
8.008208979215547529e-01
7.932586185962815506e-01
8.235959165906880930e-01
7.982384259151382722e-01
8.026985158588445524e-01
6.864308582281353210e-01
5.200937470518884886e-01
8.165604741771177455e-01
8.386740464717400423e-01
7.044031409814219824e-01
8.390585663561641594e-01
8.185522685287712763e-01
9.942641109592532667e-01
8.039601532497557823e-01
8.260416496323162994e-01
5.922087558117299366e-01
7.739744029697642747e-01
8.922428900059833357e-01
8.331491363493134239e-01
8.341229096021104406e-01
6.599995931079425393e-01
7.645777886891869102e-01
8.857862968118692670e-01
9.308185940500606215e-01
8.278023019894645840e-01
7.085820744591070364e-01
7.859839576888094648e-01
7.095187699088003619e-01
8.392925023688107000e-01
7.899285147521316608e-01
8.481141557961855426e-01
6.304388876700741662e-01
7.104605798727514632e-01
5.922591871815316988e-01
7.531601730194468214e-01
7.727273245701876681e-01
8.630375145368062162e-01
7.667479778025392267e-01
8.163396891314593784e-01
4.348371481988626552e-01
6.868747446131775458e-01
9.684199771389589984e-01
6.887916525265268541e-01
8.534470754830824069e-01
6.805216987783888616e-01
7.338264340081073200e-01
5.601006349060475564e-01
7.569516497908328478e-01
8.653230864489214191e-01
6.592513786519816898e-01
7.166595246777863748e-01
7.966206214418353193e-01
7.762462859704173379e-01
5.692211125207905509e-01
8.413811791313160482e-01
8.203069264043822972e-01
8.063367967253350921e-01
8.429469356034460237e-01
8.886985095016317615e-01
8.325526852736457872e-01
8.227930161560914613e-01
6.717519852006099690e-01
7.764995645429441096e-01
7.618497681862763660e-01
7.429646484241592130e-01
8.249423872253404122e-01
7.468165959870409765e-01
7.324077389490640799e-01
8.224630079711608976e-01
8.853319685753726631e-01
9.463931554134916713e-01
7.871691964413355391e-01
7.661066575044025440e-01
9.352960404281667195e-01
8.377726446331188459e-01
6.743628698477766026e-01
9.164123518211459984e-01
8.548846821609780156e-01
8.848475804899306185e-01
9.324034490353190208e-01
8.806981283055944631e-01
7.875768963961281566e-01
7.148250028577921578e-01
7.921437565363661504e-01
8.650434005993911102e-01
7.714710815525424037e-01
7.839588666355453705e-01
8.436409408281625444e-01
7.805762641446146732e-01
7.745808760291059691e-01
8.309338916782552653e-01
7.873495597514454936e-01
7.977543458961562362e-01
6.826248694137908579e-01
7.917148171753384256e-01
7.763621633571233804e-01
8.052466278364718288e-01
8.009669344676253466e-01
8.294878111983754465e-01
8.234963426202999148e-01
7.173450635118950869e-01
8.522979930223848477e-01
8.083753349756979123e-01
8.248220240855137497e-01
9.699392353407988443e-01
8.191277146357842653e-01
7.513898342909062222e-01
7.172125144778702666e-01
6.361149789182009018e-01
6.213798813307730429e-01
9.382517144997111203e-01
9.414525877799327924e-01
5.252088293584455947e-01
8.502085602775777406e-01
7.364778773332437689e-01
8.242613156503847405e-01
7.778032195398382198e-01
9.126381020108195186e-01
8.584878872613176393e-01
6.225167066682426587e-01
8.375496937178718015e-01
7.915142108448345315e-01
8.720382816640893653e-01
9.452443310059295278e-01
5.716941690307957291e-01
7.273573937822738200e-01
8.115681682390484264e-01
7.863331187116550103e-01
8.153219141003456016e-01
7.921437565363661504e-01
8.974397986269202487e-01
7.897737672063115388e-01
8.121037348821548152e-01
5.553069403967371143e-01
7.773750854917945707e-01
7.940886996294751476e-01
8.190714247068461296e-01
7.664223672763977868e-01
8.533948653967650122e-01
8.235959165906880930e-01
6.359151222755454747e-01
8.141097181971099772e-01
8.234372748503098194e-01
9.023303342759985135e-01
8.316564708026030761e-01
7.589842762275558208e-01
8.876980434122156982e-01
5.386054022509728645e-01
8.768416085765498025e-01
7.248584364845742645e-01
8.725248965813862112e-01
7.759925645656554627e-01
7.133210593412157019e-01
8.090586837162885292e-01
7.015509338081635793e-01
8.370474281053835730e-01
8.575398757736554245e-01
7.875253776498211122e-01
8.023658612667300405e-01
8.064029929337999114e-01
7.718173149942159084e-01
8.084705171771512378e-01
5.745244906711630684e-01
9.293154040008436700e-01
7.734717225932833395e-01
7.356918982406551732e-01
7.019656131815972255e-01
7.859839576888094648e-01
8.725807434305196120e-01
8.173849181525132401e-01
7.867978045613451821e-01
7.495420319661475483e-01
7.107083948900154713e-01
8.492703688271613371e-01
7.920963518908521461e-01
6.709150007068642729e-01
7.742916991251289627e-01
9.700810552754532967e-01
8.352047563578113287e-01
7.108509472879829261e-01
7.993787465859726327e-01
7.931177862068802265e-01
5.503099427941329225e-01
7.332733230859838081e-01
7.306686042925016888e-01
7.577389113667332143e-01
7.723342029945943210e-01
6.687863562942694129e-01
6.909762577750825363e-01
8.072723510967805272e-01
7.816359073069631958e-01
7.581978834450950888e-01
8.138770024582787643e-01
7.700396746400508530e-01
7.758043174087390081e-01
7.611345953643836593e-01
8.644516275655124149e-01
7.642939685381536785e-01
7.908885361881635712e-01
6.188063689875697992e-01
9.154627996525327438e-01
9.498317215451244078e-01
5.341511114616257494e-01
8.827205480957478478e-01
7.844063049833999157e-01
5.227015662108436267e-01
7.953494687051990697e-01
5.150750709184096499e-01
7.903241059817193159e-01
7.828395092687147061e-01
7.576666330437336061e-01
9.204543467871860729e-01
7.184564894780429700e-01
8.216432266732349721e-01
7.230314348320613371e-01
6.832272182585978904e-01
8.076115704555942854e-01
5.840797482947842623e-01
7.181999295356408242e-01
8.195668555264038480e-01
9.424382504832126140e-01
6.498885196046226831e-01
8.810702764242245300e-01
8.104884440709287929e-01
7.832623985270782407e-01
6.122755741737671009e-01
8.188871693174121225e-01
8.068121202015733351e-01
9.582388742744385457e-01
6.098497743170968599e-01
8.844013155695410466e-01
6.449956143917375817e-01
7.723360950128127511e-01
7.494694170344402551e-01
7.846815629300883943e-01
8.667156376204238066e-01
8.201538510428699746e-01
7.685482778378468494e-01
8.370097445614532727e-01
7.699723992590271626e-01
7.180801067243474112e-01
7.931400542632724981e-01
5.541710346547397137e-01
8.141175347294352660e-01
7.878275435278245808e-01
7.185565495746100151e-01
7.202948104985648081e-01
5.904916202123390301e-01
8.006885427763147378e-01
7.946457900711795252e-01
8.735314423449740406e-01
8.721912456122505874e-01
8.177934307271121916e-01
8.024519173021755769e-01
8.059372296235703947e-01
8.004119676739298583e-01
7.879164740484129181e-01
7.143730880462143551e-01
8.876566024751909589e-01
6.947233717168058709e-01
8.584032145222028065e-01
7.789820616634959283e-01
6.249767147110124599e-01
8.274336922793033011e-01
8.470908171965680911e-01
8.624135798519083629e-01
7.982232153977673050e-01
7.678054354665051484e-01
7.396232587010830306e-01
7.423948307270230584e-01
8.174455060786202099e-01
6.939547863040056441e-01
6.378129142926235451e-01
6.116144466610549113e-01
7.956036349804530561e-01
7.753009034878122208e-01
8.064848795354628841e-01
8.286066688055392371e-01
8.060936100290176931e-01
7.813827942351905254e-01
8.016582395118037052e-01
6.315331088229244605e-01
7.808553989596255240e-01
7.027427038387940028e-01
9.018682158305971752e-01
8.262125597438501057e-01
7.410511519802304159e-01
6.745645770622862303e-01
9.853270293687578230e-01
7.846499205522811105e-01
7.685836264863191714e-01
7.828016964842041681e-01
8.297858007397062030e-01
6.728698128897987463e-01
5.701587928013154283e-01
7.485129563501407013e-01
8.439325740722448677e-01
6.911994661313234367e-01
9.683093020901080150e-01
8.696815498544004930e-01
6.363346533285806350e-01
8.200468778803232661e-01
8.077068682714182435e-01
6.601950347811388342e-01
8.655463369383680217e-01
8.674452511414488809e-01
7.189213923203187084e-01
7.597183883842725249e-01
7.721556593628197129e-01
7.713982936348824371e-01
7.154959748316374046e-01
8.020993022748396095e-01
8.161405135660254606e-01
7.010431159570860160e-01
5.581575483432307250e-01
7.958711910859821437e-01
9.284863329006222132e-01
6.168759537330084086e-01
7.523181876628172171e-01
4.608871637531690157e-01
7.959277573701585284e-01
8.722838806430476266e-01
7.864968918353417715e-01
5.730314132413829586e-01
8.606423412531328809e-01
8.358286273170030256e-01
7.311246541322530268e-01
8.974564212818098019e-01
8.786769788334189979e-01
7.704530109450719033e-01
9.746056428428158114e-01
6.628674483329283218e-01
8.927342240277378327e-01
8.095603330855013491e-01
6.574971989051030530e-01
8.149016705712420761e-01
5.655092549108203803e-01
5.746025446883972210e-01
6.367679504963866810e-01
6.675828284807107105e-01
7.971426564735504261e-01
4.920147702165027503e-01
7.925362961733187772e-01
7.862947405010134450e-01
8.231983623368769321e-01
7.783480027916985788e-01
7.328906893255336952e-01
9.411564811160606503e-01
8.367498726552625721e-01
7.983283972834263054e-01
8.209832509588417260e-01
7.463599034792421927e-01
4.712919395495452357e-01
9.206879680992560155e-01
7.909688773564805819e-01
7.441724091093141480e-01
7.753316316977951761e-01
8.573127592012090847e-01
8.290039003859347444e-01
8.705250625579762369e-01
7.114958894369044495e-01
7.785645844936842641e-01
8.769756319838081238e-01
6.664336809623144786e-01
8.069821293835023335e-01
7.456608317626387539e-01
7.801376109197480924e-01
7.482274830367978691e-01
8.180614397670636917e-01
7.125952709114290462e-01
8.827621360973911813e-01
9.008966521842759478e-01
8.554906067164098626e-01
9.425787927503400665e-01
7.779136302313934825e-01
8.161365497027651683e-01
5.874468706024025266e-01
6.474265322501024933e-01
8.907688725582348921e-01
9.052027452030732002e-01
5.480268976217418375e-01
7.598177190251403923e-01
6.715146853793335646e-01
7.241877825077549513e-01
8.620602640839541975e-01
6.302928320499120440e-01
5.276233232346470015e-01
8.541589510180517264e-01
8.799255853761652757e-01
8.294559501341939312e-01
7.750560743249348405e-01
6.954582422196355918e-01
7.355015334390979653e-01
6.169187278919636697e-01
8.899083127866309617e-01
7.870126558676707740e-01
9.239126262737910045e-01
7.531484688836332930e-01
9.492165698164659604e-01
8.252434845524904139e-01
7.256342323201723232e-01
7.974337718720359014e-01
7.098912748059929001e-01
7.806108969403984243e-01
7.809047833584290554e-01
9.020679887384401852e-01
8.125037024757022497e-01
7.880577969817735839e-01
8.228612897552852745e-01
7.409209013106025088e-01
7.589638732070901339e-01
8.167440976989551737e-01
7.464145342794228366e-01
7.070951658219463143e-01
7.889582682340288144e-01
8.352006897892146897e-01
7.668460070246922999e-01
8.843569423927917228e-01
6.135842361733999661e-01
9.154544443835369583e-01
6.714339310638680614e-01
7.210628326416856915e-01
8.635294404529780810e-01
7.630944793051580577e-01
8.201399002146839701e-01
8.289247766773719661e-01
8.915406318821667009e-01
9.026881786482345849e-01
9.988425925925925597e-01
8.043411236173130252e-01
8.167771741478697667e-01
7.797668544929582390e-01
7.781029945165820472e-01
7.173385687710654990e-01
7.753906683125714183e-01
6.668586343217467460e-01
8.558615492014179926e-01
8.310593814743626462e-01
7.689898993184622888e-01
7.598177190251403923e-01
5.879034444267281501e-01
8.578393597347805377e-01
8.600273443663152273e-01
9.785501313122837441e-01
9.311875048141842193e-01
5.362322732458126850e-01
8.831999322965000676e-01
9.502599503025200844e-01
6.466779239762916465e-01
7.466183849803130768e-01
7.788360022488680645e-01
7.678491186688484182e-01
7.112547815789309613e-01
7.839921358719320610e-01
7.966075934903826816e-01
6.107619182350435549e-01
8.931073463895348175e-01
7.385958699267654026e-01
5.612642391559936605e-01
9.632819115805535404e-01
7.535056955087547914e-01
8.729682165981857977e-01
5.101426624752415373e-01
8.926466065691960328e-01
8.090754953425207674e-01
7.262211258902337985e-01
8.058316156494990112e-01
9.479576093989654506e-01
8.214762226302607662e-01
7.811668105394855566e-01
7.615991493292305625e-01
7.243848560872506726e-01
7.822627075256791684e-01
7.738171827805386815e-01
9.644255817858505830e-01
6.794107728842224692e-01
9.567746068601220566e-01
7.319598903351921537e-01
7.926034464262597945e-01
7.956401312690855043e-01
9.402905385218837120e-01
7.779093272197430409e-01
8.010779523889826059e-01
7.268646104777212180e-01
4.438566039861719381e-01
7.829623158913795455e-01
8.335495697886617927e-01
7.906050958810787455e-01
7.845275964016377168e-01
8.936885115104136190e-01
7.056083808418714964e-01
6.651896722761404535e-01
8.289254064055496807e-01
8.492083727060378839e-01
9.753856916850996983e-01
8.244428498393661098e-01
8.276713512872017064e-01
7.133450235874567724e-01
8.274150203396354319e-01
8.250505806509793594e-01
5.573040719316093572e-01
8.313858232325201936e-01
7.126902808829854719e-01
8.215240223670774444e-01
7.698170542613039791e-01
7.739865523028697236e-01
6.038218680175229114e-01
8.129578887907640272e-01
9.224929415911256037e-01
9.313191994116571948e-01
7.335776826369492243e-01
8.559956677200083464e-01
7.438337348130703575e-01
8.459808987701493699e-01
5.300101309850687725e-01
7.117072367405870015e-01
6.841818399714589827e-01
9.290915256947747114e-01
9.673512635554663008e-01
7.281110330584190660e-01
9.178311689271376750e-01
7.792110865150133625e-01
6.153963757317263417e-01
7.660976296795289908e-01
7.843847209442543766e-01
7.250410204603763287e-01
7.045309411779354658e-01
7.754786854778290550e-01
8.428576839450250269e-01
8.290597543721807128e-01
6.365569655420615369e-01
7.705966023589553293e-01
7.741283393862835593e-01
8.100615349895986528e-01
5.940328793613590674e-01
6.638236837747913954e-01
8.312733225319471897e-01
8.195668555264038480e-01
8.307616664308726806e-01
9.516776001867913726e-01
7.029733016511822141e-01
8.027456639579768627e-01
5.362322732458126850e-01
5.257405399525403311e-01
7.206234206588476576e-01
9.065259397244728179e-01
8.474738089176273581e-01
6.787984971336867845e-01
8.107005430224338838e-01
9.401476912459690860e-01
9.230354618834735181e-01
7.629966080921983806e-01
4.820361682486483668e-01
8.662655635932908771e-01
7.503450741346865405e-01
4.778320349989516047e-01
7.678491186688484182e-01
8.014365687577188480e-01
8.508365427943400672e-01
8.833481145579061833e-01
9.780023853250103816e-01
8.991185373191927788e-01
9.176884929951680814e-01
7.941129219793440219e-01
8.081882103289687036e-01
5.226584242391104640e-01
8.439285137835744743e-01
7.343021896753068045e-01
8.997776645428512410e-01
8.359945759929033882e-01
8.297858007397062030e-01
7.078843679879782691e-01
7.675990598380861840e-01
9.671746366118680882e-01
9.547377673938339804e-01
7.283305619120314933e-01
7.255736068161241503e-01
5.987467915869426616e-01
8.114644381886650937e-01
7.129757470483109039e-01
7.370587542817802484e-01
8.008353771006039290e-01
8.005244870018854986e-01
7.361240003738432902e-01
8.203826253067063590e-01
7.949417141282005828e-01
6.853605995922127381e-01
7.681491231227607352e-01
8.414098143019247411e-01
8.439014328834686385e-01
8.729682165981857977e-01
7.354691195041760388e-01
8.148373785087545951e-01
5.705162891786852430e-01
7.842922901128389634e-01
6.421104751619617357e-01
8.482534597401598653e-01
5.286321421964692568e-01
7.410856274957899892e-01
6.931463770593386808e-01
7.237432710597946350e-01
8.257864175531229867e-01
7.786338250088102875e-01
7.985213536871318407e-01
7.930218879593832204e-01
8.859216184445255493e-01
8.839664660035904120e-01
7.873044163228418713e-01
5.039396652221584949e-01
7.531484688836332930e-01
8.001756107333997114e-01
5.730003723092849111e-01
9.327625249870190594e-01
9.061766616937758645e-01
8.845990325862954640e-01
8.956959547805956046e-01
6.664345565573813746e-01
8.222011344599076121e-01
7.331803241200962606e-01
7.463247338606149306e-01
6.149939432297234498e-01
7.598458500722867770e-01
9.224005663771659425e-01
7.407395027602260429e-01
5.274029252616729835e-01
7.724832736750025797e-01
6.583117862972274192e-01
7.250742351231594940e-01
7.819665165717401001e-01
8.539617650610517030e-01
8.520767161583105986e-01
6.516912825035101609e-01
8.336942946350890393e-01
8.706724089808819400e-01
6.393199562917373235e-01
8.883185282161212282e-01
7.413267134061332087e-01
8.524950362306449314e-01
5.630934648158105738e-01
8.301343498205169258e-01
7.972912694638947251e-01
9.253438883965414696e-01
8.325368341011855078e-01
3.698495048150092224e-01
8.669939523157369488e-01
8.828931763989520398e-01
7.893437568077911193e-01
6.547269189075538565e-01
7.717019501220750977e-01
7.265123630657688292e-01
9.283243137082790586e-01
9.651747594648922846e-01
5.214623434487450915e-01
7.331803241200962606e-01
9.630229393509192048e-01
7.195781986159904831e-01
8.131849969042473925e-01
8.991338048855922471e-01
5.764626810599597917e-01
7.462736031809206194e-01
7.437499452912794684e-01
8.295744147223607090e-01
8.842231155795494679e-01
8.116372851927013965e-01
7.816777746804413063e-01
7.956867308856693244e-01
8.203069264043822972e-01
5.576548494958902813e-01
9.044907561790734851e-01
8.010477306429759636e-01
6.421110086870255307e-01
7.718466576407487789e-01
9.835501118071977578e-01
8.254593187273834287e-01
9.754596183437639345e-01
6.370774115421294903e-01
8.246294213698559528e-01
8.460746197089834553e-01
8.255158844746263158e-01
7.244549379088242036e-01
7.692214407020386835e-01
8.217346693970154492e-01
7.461609486136897562e-01
8.156194416895209409e-01
7.788360022488680645e-01
7.981120671651404930e-01
8.749090959664236333e-01
9.191629027885079850e-01
6.421424857271678110e-01
7.423137480688165590e-01
8.015272006591080967e-01
7.063047290665187550e-01
9.049175633867285740e-01
7.611652593150955992e-01
8.288481395798702467e-01
7.874186948901221728e-01
8.125037024757022497e-01
8.204368711443542628e-01
8.519842190844236773e-01
9.440895071009188788e-01
6.760849992360419281e-01
7.709645319358754412e-01
9.932964829780659421e-01
8.439014328834686385e-01
8.295700318121188577e-01
8.034135096153337541e-01
7.698235395408762338e-01
9.732541731972286225e-01
6.754630489885727895e-01
8.216186881498417360e-01
7.250742647416777986e-01
8.610706115957073026e-01
9.492653089090964391e-01
9.262879645587915878e-01
7.368925399669609133e-01
9.420126726465523070e-01
8.033873106006758080e-01
9.142947512448655889e-01
8.487338653127147747e-01
8.045655958812388819e-01
7.603915435426941150e-01
5.536276785304631298e-01
7.827962655567376471e-01
6.813897100232355619e-01
7.314196766854886844e-01
8.077200169602659630e-01
7.332705113901250016e-01
8.118760023354889555e-01
8.664404810764589904e-01
7.998744263456331050e-01
8.258817750690584658e-01
8.684817542208626007e-01
6.430405677774260198e-01
7.775950892205232279e-01
7.822071419869039977e-01
7.699067366479827035e-01
7.451891001482661148e-01
7.510259944177031244e-01
7.043741166892922845e-01
9.096941984513428059e-01
7.469128605223223083e-01
7.637708204011134372e-01
7.763620425165244088e-01
6.438935120785657107e-01
7.528451536226693497e-01
8.767401751677802446e-01
7.862811660211282971e-01
7.045830472883073403e-01
8.631080994304369813e-01
7.702032805806792171e-01
8.039821786897910494e-01
9.377098979167749482e-01
7.476201766330032861e-01
8.322383420878293192e-01
8.622266438633952035e-01
5.982794726273692465e-01
7.358535147092539752e-01
7.528412287854912011e-01
6.633435547463558679e-01
8.061076792147249259e-01
8.211702437401713350e-01
9.047658274163952186e-01
8.212759730505132527e-01
8.122317042686699740e-01
9.238076535817306700e-01
8.877987566619965909e-01
7.463174496014731707e-01
6.932536191118361391e-01
9.811075252733658658e-01
8.054379326226061009e-01
8.875366780181617177e-01
7.968325233397351992e-01
8.178910057314303650e-01
8.189037995930125158e-01
5.581575483432307250e-01
7.364695276539735547e-01
9.158021517790911892e-01
6.808362883799063958e-01
7.776392958585375270e-01
9.412402091488100142e-01
7.318639009685071750e-01
7.230294425732510799e-01
7.968328293991017164e-01
7.020980910304022160e-01
7.424571915633436658e-01
7.404959413439696769e-01
7.440752627084855630e-01
7.714741996607500374e-01
5.908014988993870453e-01
8.018713914976978163e-01
9.244570639241729282e-01
7.438138550519673986e-01
7.725400800265722623e-01
8.532103464663772785e-01
7.514512557750302468e-01
8.168831831225227269e-01
9.158021517790911892e-01
9.086302488835883429e-01
7.290347637900189692e-01
8.372524355634796134e-01
8.227607644665715370e-01
7.608714611162655794e-01
9.189084876963742321e-01
7.719879543568614055e-01
7.964298325564057590e-01
6.668271110714546479e-01
8.099696359466777018e-01
8.385779901458780827e-01
7.076481822703087898e-01
7.128273233684230270e-01
8.913429364625021778e-01
6.575193142011890313e-01
7.826479489037512227e-01
7.355675815007857166e-01
8.029147975501275125e-01
8.472146056349261212e-01
6.925309730774471539e-01
8.027779839637042558e-01
4.161760553681025376e-01
8.117623150362035522e-01
7.893908596039380665e-01
8.442112476523602194e-01
9.874066430000980610e-01
7.678830957157294357e-01
8.764077009044070055e-01
8.402424433468939080e-01
7.884012004101313975e-01
7.137692373574195948e-01
6.753809783617863438e-01
7.792408502867009812e-01
8.267484272844684012e-01
7.296111552315902582e-01
7.753136882648722361e-01
7.168361819476974928e-01
8.235332386923284176e-01
8.140516633125511881e-01
7.630833075552462264e-01
5.276805897404615031e-01
7.461460899672035518e-01
8.463651173813616646e-01
7.956175193573870041e-01
6.767324457818341132e-01
9.466340864031507207e-01
8.904722425387008311e-01
7.581957122237718005e-01
8.086259479663484573e-01
6.858508119180087848e-01
8.786147658436608276e-01
8.189767989103479140e-01
6.441508428430406941e-01
5.176555308635573116e-01
8.133944512933801718e-01
7.973439666125490266e-01
6.373902538383006133e-01
8.326474431897059603e-01
7.086780566797453718e-01
8.946166440037587320e-01
8.241331534310848417e-01
7.594228458633068835e-01
8.066858401123035982e-01
9.556100461702916604e-01
7.497438410235031103e-01
6.276730895292992329e-01
8.418491575307152086e-01
7.710963826418427702e-01
8.214364688414669269e-01
7.978364426864624770e-01
7.437499452912794684e-01
8.012181002380852624e-01
9.405692501775099190e-01
8.326110804867549176e-01
8.051517874368276928e-01
6.759677097791414457e-01
6.876867648698880009e-01
6.909461279278685808e-01
6.798597853694974269e-01
8.111805638074991442e-01
7.573525602885702313e-01
6.359430001532877519e-01
7.049093123350789192e-01
7.987871136875029920e-01
8.077200169602659630e-01
9.171357038483048951e-01
7.939869259012706237e-01
6.628180464640285319e-01
9.412352587601743314e-01
7.387808457962388164e-01
8.205241985461524390e-01
8.142940036142063409e-01
8.193053159828974641e-01
8.599387023912662409e-01
7.947237754240334962e-01
7.974337718720359014e-01
9.151645602834167503e-01
7.857893178129159439e-01
7.695848079564333588e-01
7.961857626054937853e-01
7.874477188814982265e-01
7.927635491369403598e-01
9.057450120750322187e-01
8.204941054848691184e-01
7.804455344824410279e-01
6.727910385711722840e-01
6.123841004340799810e-01
8.215784176915935655e-01
8.476035486482595971e-01
8.975077456103384144e-01
9.204513756824760362e-01
7.942062476572711027e-01
8.067644465390348962e-01
7.057267189519033090e-01
8.689854174656290731e-01
8.606567529608658562e-01
8.756983041668910950e-01
7.729430243591864924e-01
8.404213079982781887e-01
8.234700435119389761e-01
9.032008156908803986e-01
8.040546140259902108e-01
6.644081152602867579e-01
6.908732744772400070e-01
7.730126767275430355e-01
8.159481476315074699e-01
7.773613731457914566e-01
9.682921442717006277e-01
9.224164883640624257e-01
7.518355602014701322e-01
6.305222510006247560e-01
7.179045717577953178e-01
7.376519497211931897e-01
5.263451379348970116e-01
8.859216184445255493e-01
6.543619521053983812e-01
7.699723992590271626e-01
8.217167495108642639e-01
7.215268719892719007e-01
8.119012666330250871e-01
8.332646395326370747e-01
7.441618208545179858e-01
8.901953063582428438e-01
8.627393070263431607e-01
7.326062600364777744e-01
9.238076535817306700e-01
7.441104785047690795e-01
7.840889500133179091e-01
8.340747399685615182e-01
7.805658732589237925e-01
5.687535623824433451e-01
8.698021231396751984e-01
9.450142061563586715e-01
9.633077884821207304e-01
7.499074911082238559e-01
6.906390802578193933e-01
8.165771917937810764e-01
5.803897491837957112e-01
7.447604814086176139e-01
7.789995284217970939e-01
8.544710430663914336e-01
7.719633451511238587e-01
2.781610500392248109e-01
8.069338231511857806e-01
8.083050998794791830e-01
8.912538508143525995e-01
8.600395791174778592e-01
9.026629246445626586e-01
7.635440110027292837e-01
7.728123692975830128e-01
9.239190786074981121e-01
7.756701140771680159e-01
7.979969976760620254e-01
8.255297885349930365e-01
8.421878649631638902e-01
8.419949058021588550e-01
9.574013524577948964e-01
8.106021514576217113e-01
8.656515204379436890e-01
8.245104941919007002e-01
8.678805853045821195e-01
7.837797745883605671e-01
8.054379326226061009e-01
7.480369574063813198e-01
8.401079550708367982e-01
8.833481145579061833e-01
7.797807438184023443e-01
5.389246169766059857e-01
7.114958894369044495e-01
8.153119949200474670e-01
8.183797267371231143e-01
8.087717501000444287e-01
9.297559405891766549e-01
6.894420489708883437e-01
7.737852624300382010e-01
7.477109960631252994e-01
7.448844786450021793e-01
8.868141776659073106e-01
8.475924696176186934e-01
9.027203542351601717e-01
9.050615883221678759e-01
6.735723058968000609e-01
6.735556431811864364e-01
8.492678415619124843e-01
7.487214323869239019e-01
8.068802039578659713e-01
8.184332711160865470e-01
8.106335391766315013e-01
5.591355837429674569e-01
7.296960456215667579e-01
8.742473854465272476e-01
5.194109776291093716e-01
7.943867367857635475e-01
6.547319926228251097e-01
7.218720453699778439e-01
7.605692563712221910e-01
7.400357030201117903e-01
8.950703460612675633e-01
7.508858738918917641e-01
8.118238255877330278e-01
9.082510093947429031e-01
6.790646341639744454e-01
7.525229432398437002e-01
6.592780792287278313e-01
7.300437892127686901e-01
8.463651173813616646e-01
9.026999450784352064e-01
9.205013157794396106e-01
9.708751118131595526e-01
7.681082471736376815e-01
6.206264028934006527e-01
8.462822856675514815e-01
7.808088690738236304e-01
6.829516901841444776e-01
7.468950822551634339e-01
7.743774297140748608e-01
8.993143537002233900e-01
6.229977041069818533e-01
7.782386975788996297e-01
8.245030268076418700e-01
7.758043174087390081e-01
8.433124657963617654e-01
8.563040844081142300e-01
7.977971383283567475e-01
6.720933958847181700e-01
6.087587433130435821e-01
7.613017369924471867e-01
9.511466258817165009e-01
9.501373398607491083e-01
6.260610140401451362e-01
9.905677866299256173e-01
7.652065069262123931e-01
7.314665033027605290e-01
7.648131075335078410e-01
7.740262140189733131e-01
7.244549379088242036e-01
8.404332788359818451e-01
7.424697895466829678e-01
8.767838186800211986e-01
7.386250832953460410e-01
7.690527396418475048e-01
7.917593525601762661e-01
8.282748194794599117e-01
7.313425930401949993e-01
7.525584665415886443e-01
7.263391614232825866e-01
7.648674744813271920e-01
7.577057100230460973e-01
8.025725494133715276e-01
8.410214567659908269e-01
7.554509945086946843e-01
7.715712800067259236e-01
9.840215489449434250e-01
6.536058346015344300e-01
6.243736532031139985e-01
6.271239218616789790e-01
6.690267410590644559e-01
7.877506132431635333e-01
7.699428220532026357e-01
8.282890281052691650e-01
8.198874624469972838e-01
8.234488536333575137e-01
5.725292674826962802e-01
7.942317368042968173e-01
6.103206616746797986e-01
8.345780241353308870e-01
7.676383753389592890e-01
9.154573517207841293e-01
7.705297396905831375e-01
6.957062022053250860e-01
7.412243578002387645e-01
8.162415446359196913e-01
7.660976296795289908e-01
8.004783854436119395e-01
5.303212881013963376e-01
9.323405067631623799e-01
9.661577866312338614e-01
8.935654549498058818e-01
7.917403083588150370e-01
8.369621353710949840e-01
7.864745939890543935e-01
5.144840407587226716e-01
7.175135451524401464e-01
7.287978342588586900e-01
5.973205013656738283e-01
7.423948307270230584e-01
8.277890184051877043e-01
7.644039084443372545e-01
6.822596911265788044e-01
9.488139206660060054e-01
7.746270897499109021e-01
7.337589993026737423e-01
7.744652790973756140e-01
8.628582791191863333e-01
7.768919643740584968e-01
7.948935297624811769e-01
8.059624899585835500e-01
8.145551287521990425e-01
5.858605809117919394e-01
6.865693437289074330e-01
6.187565269446432259e-01
8.501200418265012493e-01
8.200034964947346960e-01
6.610592276270326195e-01
6.765921865330702945e-01
8.858251614539300878e-01
5.388529452584844837e-01
6.081835984987340460e-01
8.814340467510695110e-01
7.856592499526129370e-01
7.179045717577953178e-01
7.792775980869670605e-01
9.253914296337960588e-01
8.965806588873365124e-01
9.140747178626654756e-01
4.699873968014390280e-01
8.986071244944435765e-01
7.531194438909944999e-01
9.129516372682540126e-01
6.242504344782611181e-01
8.153248197983055112e-01
9.476045008704326866e-01
8.281942666414287002e-01
7.350167972223843327e-01
8.574757304080393716e-01
7.946721145573264478e-01
7.410105223343644854e-01
6.947103887499224140e-01
7.012044361805280790e-01
8.850636316903248701e-01
6.858474228296622677e-01
6.837890720552975976e-01
6.498817110579826473e-01
7.939975515980098875e-01
8.131839099010615968e-01
9.775778491395877845e-01
8.464133924228062211e-01
7.631653948074744731e-01
7.462994324431794224e-01
5.238882035749284904e-01
6.568146885037057237e-01
6.301110366915170236e-01
6.506795615225040574e-01
8.943865740740740700e-01
8.256288876840223168e-01
9.230803602414675568e-01
8.077693668259183779e-01
7.818966291161623117e-01
7.820267597384891189e-01
7.216914297690214530e-01
7.503635655641270885e-01
7.322493969630200494e-01
6.646509472830396392e-01
6.156917877557249730e-01
8.214296367983626723e-01
6.181735778956343186e-01
9.046664980273311230e-01
6.508190912168723141e-01
8.469927763953213340e-01
7.296111552315902582e-01
7.880932097684187898e-01
7.971723189715771429e-01
9.098267888092237410e-01
8.544583461488317599e-01
8.720806931533463535e-01
8.379938257021077863e-01
7.178589402009654119e-01
7.506424734217631567e-01
8.314764113379391475e-01
7.020697115025277268e-01
8.449679180232574360e-01
7.034672222189095603e-01
8.715713905555327878e-01
8.651261980150553033e-01
7.005235432644278948e-01
6.584348876388175231e-01
8.961195592099435725e-01
6.896349055455279764e-01
7.942627741420597021e-01
7.844349845411141553e-01
8.401079550708367982e-01
8.428054970068080687e-01
7.613708644106543799e-01
6.197014813143242318e-01
5.284975448278977916e-01
9.835069444444444198e-01
5.642717759496469476e-01
9.479045602190667719e-01
8.829864191325623723e-01
9.916317254266745485e-01
7.245110990879967128e-01
7.121609812378241200e-01
6.602887486306127096e-01
8.453262600568183238e-01
6.981281361814262176e-01
8.498461517682704969e-01
7.971723189715771429e-01
7.570715198585605821e-01
5.630934648158105738e-01
5.384005715749204946e-01
7.546796944813860542e-01
9.731503700986215977e-01
8.267433400317538705e-01
9.646770525193529844e-01
7.618224036664762444e-01
7.954091001910854608e-01
8.303431938828288450e-01
8.388281692691530456e-01
7.900553088312068928e-01
6.088400602536627737e-01
8.156292607117282545e-01
7.653486323089963017e-01
8.402450885723005136e-01
6.852151829900090529e-01
8.374422172076645410e-01
7.518355602014701322e-01
7.976766782674722389e-01
8.576681625901949602e-01
7.565581339414256812e-01
6.656993078926450869e-01
9.833530772395479014e-01
5.764626810599597917e-01
8.184950812600368941e-01
7.335948294585873386e-01
8.247662660031128690e-01
7.640558222026122559e-01
7.708029420229338680e-01
9.089752766805533346e-01
8.422118914127247891e-01
8.944168415735807010e-01
5.580188730156648846e-01
8.905041017104162737e-01
8.194070496910931256e-01
8.613565653978885184e-01
8.111583773815572718e-01
5.989977162877494488e-01
7.001136816948326791e-01
9.189379157623275285e-01
6.411263299811447158e-01
8.728998660390385744e-01
8.216887512160663265e-01
6.277918624572998985e-01
8.729624540982201530e-01
9.818136553364333885e-01
7.864498832834261322e-01
6.073826051794672942e-01
8.279329635795305009e-01
7.833357709643342659e-01
6.042600067481347370e-01
7.631028093183449545e-01
7.810974939493372515e-01
8.344955124575136329e-01
8.552521719312018433e-01
7.448519487928964011e-01
8.063104671005489887e-01
8.055996871870826359e-01
7.939745570387335416e-01
6.713738447508335039e-01
5.328009153819425192e-01
8.581674911282993756e-01
7.883730887464923676e-01
8.998983191226221923e-01
7.403250645771132232e-01
9.488840166056641268e-01
8.389100599901435640e-01
6.971156282857001729e-01
8.225109143726703209e-01
7.578615703740979592e-01
7.607859195628173810e-01
6.516912825035101609e-01
7.218378386566850491e-01
8.482569388031898638e-01
8.270899773469952976e-01
7.573265490138051392e-01
8.193795510016220751e-01
8.069196487261847128e-01
6.510559178675326963e-01
8.181415002633012357e-01
8.980257794974408903e-01
7.904298348641706218e-01
7.997948887018819786e-01
8.555052342216166172e-01
6.925302107834179210e-01
7.434615911473666516e-01
7.830273132037574024e-01
7.452495906210238052e-01
8.015272006591080967e-01
8.325368341011855078e-01
7.003430540717052732e-01
7.567568189977349480e-01
8.032223774180000664e-01
8.022920910809185902e-01
8.799543017768335362e-01
7.900048492736972960e-01
9.768518518518518601e-01
7.381300283219194291e-01
8.036927816932520896e-01
8.401079550708367982e-01
6.969867676306927828e-01
9.520459471754153524e-01
7.151624872882874628e-01
8.695352394228882398e-01
8.317854866523674007e-01
8.569223410103345984e-01
7.502472052759684429e-01
7.907908319409130415e-01
9.492081347549253811e-01
5.924515937473580074e-01
7.921104175238066203e-01
7.407350985528594611e-01
8.196693437812577754e-01
8.335407394923638469e-01
