5.632882012815513262e-01
7.700010125642300363e-01
7.920909779965501496e-01
7.810629666501223145e-01
7.515063565795354616e-01
8.918952418809663607e-01
8.855508107764584746e-01
5.890029164380266025e-01
8.164036225004548397e-01
8.316548978391949953e-01
5.926457981677021314e-01
7.838930623261440855e-01
5.775459673426920348e-01
8.720546577501061547e-01
7.902444853312159401e-01
7.995370448348112502e-01
7.165368399876141936e-01
7.980001708127655302e-01
7.756916335551518049e-01
8.290214117909383562e-01
7.945982968518879863e-01
7.230835850599145465e-01
7.097883683291008605e-01
7.876511536110148981e-01
7.669061333510358569e-01
7.721467194386762989e-01
8.447930651080919340e-01
8.258237843478011264e-01
8.245104941919007002e-01
6.614715170036515879e-01
9.939988794681955397e-01
8.054464844895667941e-01
9.434736057546363464e-01
8.682208355296628932e-01
7.573521501768781805e-01
8.037089976649187673e-01
6.022907882447310346e-01
7.978762984224702093e-01
7.165146890706738381e-01
6.872577737661156316e-01
7.544534914152485339e-01
8.664005454020731190e-01
8.328274688532943948e-01
8.068595487493893659e-01
7.352106284062731589e-01
8.781452661558419859e-01
7.820636379474822375e-01
7.605135971244540993e-01
8.015373158669226727e-01
7.490572464121791896e-01
6.734478789254985109e-01
5.361171568071634308e-01
7.401449456019807416e-01
5.249189845628680073e-01
8.102391878884908083e-01
6.741172040858369741e-01
9.001653625936775205e-01
6.540759450544030296e-01
8.540114837614352084e-01
8.318114168215720028e-01
5.432065428305465904e-01
8.052466278364718288e-01
6.471927176510459123e-01
7.831484739502782011e-01
8.176624999250351467e-01
9.009709610291717352e-01
8.627006847065776807e-01
8.649611672285324460e-01
7.515134488721302297e-01
7.207690417907320901e-01
8.052372251158459449e-01
6.119019424791701800e-01
7.274994135016323860e-01
7.730653503024532691e-01
7.483020156498478848e-01
8.941635894705221022e-01
6.116144466610549113e-01
6.963303147415075278e-01
7.134895638387539485e-01
7.437499452912794684e-01
8.245896497349903820e-01
7.810499781247401963e-01
9.045794528947214141e-01
8.089308064097509021e-01
5.959790299420129056e-01
7.384707187261732031e-01
8.261531646915226679e-01
8.546926061569907196e-01
8.512313264398201351e-01
9.493326608310962422e-01
5.551467802421702347e-01
8.503168529719886681e-01
7.950243566146980578e-01
9.069101074305083721e-01
8.522584052976037716e-01
6.651601352156247815e-01
8.588633183421391371e-01
9.759643093060345054e-01
7.892775049091071971e-01
6.857672242976544652e-01
8.485564390984854377e-01
8.489340765598768490e-01
7.714553481080580477e-01
8.043912551530244537e-01
8.114805883576041712e-01
7.063176121159545628e-01
7.803956163594496509e-01
7.522259834329968475e-01
7.136940150177923936e-01
8.843550889946842908e-01
7.852550888113435379e-01
6.657526396598670848e-01
7.342596512220379568e-01
8.238619428525389976e-01
8.395944676106156246e-01
7.443103046607899564e-01
8.208528942054429400e-01
8.252210645404007838e-01
8.220133715662061302e-01
8.843083944135274876e-01
8.048576273905743150e-01
7.984945453786284064e-01
6.611313550473284506e-01
7.674543294034406049e-01
7.526214754777137417e-01
8.703762169080331290e-01
7.381949893861388112e-01
7.998377929552146215e-01
9.509714463169022247e-01
7.132395169588066075e-01
7.763762335826538408e-01
6.838002045872103585e-01
7.021987380220079400e-01
7.405009128672492835e-01
8.471840107136233700e-01
5.185483878879517672e-01
8.047119144352056219e-01
8.290407801756296546e-01
6.732249956071123531e-01
8.297701364600559293e-01
8.375969224411730085e-01
8.278452197883257035e-01
6.650735309164824693e-01
8.003689592524992902e-01
7.466864471632804756e-01
7.583271509499344143e-01
8.917223306676430594e-01
7.262992163694932390e-01
7.355556772768764295e-01
7.672689842943355432e-01
6.966895598339952755e-01
8.603157320324904545e-01
8.414315806421550636e-01
8.361353371882200847e-01
6.765452339045228136e-01
9.317323083568277431e-01
7.864745939890543935e-01
7.249640872503367861e-01
8.724691328116050970e-01
7.407617361453656679e-01
7.085709961842192595e-01
8.059372296235703947e-01
8.131839099010615968e-01
8.280596279172303120e-01
5.713392128564608319e-01
7.223123545082665853e-01
8.906219558569299366e-01
9.387366179335452365e-01
7.462476853427071344e-01
5.527504508360662205e-01
7.689635430872319155e-01
7.853227426929642041e-01
7.532992965839314659e-01
8.565394432144833869e-01
9.340845430748052625e-01
8.409196392596435254e-01
7.024615824107997009e-01
7.948868269177473689e-01
8.721912456122505874e-01
8.668328043179468478e-01
7.489285715310151081e-01
9.581384559524455113e-01
7.482925612202132593e-01
9.016508755751490023e-01
7.875882165597924978e-01
9.353925061948188402e-01
8.398919339151315056e-01
7.696197876020557382e-01
9.173512742568120659e-01
7.561221154601306393e-01
8.364414354017828401e-01
8.167771741478697667e-01
7.256107262495882226e-01
6.732294420217846964e-01
7.936428358686055118e-01
7.355796471840190254e-01
8.056472943141217424e-01
7.671938794456264477e-01
8.070830286770498407e-01
7.029798767310673213e-01
8.778902106093789959e-01
6.578260073142581099e-01
7.872264358002656337e-01
6.898641293756528903e-01
8.485617495138998434e-01
7.541217367361880974e-01
8.115888228157861484e-01
7.409569897655899906e-01
6.260610140401451362e-01
7.888693165655500383e-01
7.514011618975340312e-01
9.057849125415616820e-01
7.847640343539080687e-01
8.148148148148147696e-01
7.870629226525455158e-01
8.010585073606281137e-01
7.406377258711539513e-01
7.617202055663140348e-01
9.156743958947679562e-01
6.082869108668506053e-01
7.277084192376931382e-01
8.668402609692806848e-01
8.099595371348684569e-01
5.804527941935260227e-01
7.920381367806406114e-01
7.209769147241854581e-01
8.548034417116966432e-01
7.141578572652175216e-01
6.978018236116950712e-01
7.202588189551233366e-01
8.538058939452103369e-01
6.960449009145549537e-01
7.803120694325736961e-01
8.392170625584945975e-01
7.548226458364254432e-01
7.467141540658783772e-01
9.678047374708454997e-01
7.294540387453005703e-01
7.342709972358637538e-01
8.270157475450239382e-01
8.381638656148485689e-01
7.835659131464967064e-01
9.024798201199329961e-01
9.186138889822933473e-01
8.073703065549393543e-01
8.089537192519775655e-01
6.125021346746706286e-01
6.225620514088363588e-01
7.892944525338827511e-01
7.530536243679868402e-01
8.859856995596872009e-01
9.016747068159546297e-01
9.204444350229452620e-01
6.811433209241720688e-01
8.991338048855922471e-01
8.546321028334692427e-01
6.977706152649968407e-01
8.248406298064288045e-01
8.612559028093683677e-01
7.864763679047243050e-01
5.601006349060475564e-01
8.005793784652197598e-01
8.718887951914634504e-01
8.252419473764589508e-01
7.651450910193882127e-01
8.205934129919854048e-01
8.389089051131431996e-01
7.345132126072499990e-01
5.428041307775651747e-01
8.431530311746365802e-01
7.551057333290698281e-01
7.287141232230391896e-01
7.629966080921983806e-01
8.875016206777555094e-01
7.895579676222271859e-01
7.000842387981621728e-01
9.026682451570712251e-01
7.103415267264692190e-01
6.194964650705340192e-01
3.056242312842839537e-01
6.143935975173903108e-01
6.331893788868703243e-01
8.098967936593809425e-01
8.755992406450415766e-01
8.132624454773477174e-01
8.948931266906128279e-01
7.311564163694079799e-01
8.108498299218183103e-01
7.987596067469046046e-01
8.096943492703095879e-01
7.575724159279977332e-01
8.675060368164850821e-01
6.890689499058337830e-01
7.057267189519033090e-01
8.850747069601129224e-01
7.010638005591242061e-01
8.779816773518959172e-01
6.363800177795012614e-01
9.395056827768651919e-01
7.820620039805999957e-01
9.336537980361240274e-01
7.595745648573604125e-01
9.085935406045124729e-01
6.149939432297234498e-01
8.251655916035091076e-01
8.125981366639035697e-01
8.256315671437360892e-01
7.354847254250388433e-01
7.915263256381511736e-01
7.922775580625958103e-01
9.293518225979071623e-01
8.411125051336650893e-01
7.932712940760443532e-01
8.307250450506075135e-01
8.240132460948614845e-01
8.290876272758993526e-01
8.891212029995815280e-01
7.028755234838157673e-01
8.895263873768736174e-01
9.396619344934080686e-01
8.241249247856961002e-01
6.628140743084348641e-01
8.127051569676815301e-01
8.179887749808402164e-01
9.628775631987265271e-01
6.810996013602912402e-01
7.133275429505386844e-01
7.651757894431548968e-01
6.671278522385402088e-01
5.328267439536441552e-01
8.036927816932520896e-01
9.179590862215016855e-01
8.679809578699625439e-01
7.798761652116025234e-01
9.153189160213126563e-01
8.125790200988031176e-01
7.956175193573870041e-01
7.229238507169271077e-01
8.202704044319599763e-01
7.791433239119501808e-01
8.412052954458950627e-01
7.941536499442768404e-01
6.902131136899914976e-01
8.255951732820590028e-01
8.569084612257947819e-01
8.035219439959817578e-01
8.588633183421391371e-01
8.327647315801739447e-01
7.208613672284673868e-01
6.739874258237601445e-01
7.677527823824296105e-01
7.547131666890174451e-01
5.374174881327340447e-01
6.989206660893962919e-01
8.472862335035350467e-01
8.262999984871768344e-01
7.892951946981932032e-01
7.635909663703308592e-01
8.377671032114015759e-01
7.845272188028631355e-01
7.713623009151560073e-01
7.912144405111743994e-01
7.482760495049586291e-01
7.506496314658972491e-01
8.663421716799275529e-01
7.340946438219663195e-01
7.671597698226169104e-01
9.211402895975335792e-01
9.939988794681955397e-01
7.241877825077549513e-01
6.505986863960599997e-01
8.495192497765083894e-01
8.895759713819281211e-01
7.291119083108265064e-01
6.972973146957731627e-01
9.739473744526341292e-01
9.260742766408982529e-01
7.388169774450931149e-01
7.744828546318580642e-01
8.809199881301259527e-01
8.313002850143854650e-01
5.713714650098868919e-01
5.401797994755179744e-01
8.026028324393051916e-01
8.465019988982291910e-01
6.877900573380878457e-01
8.385284677456680269e-01
8.478366102687371342e-01
7.475214955905447045e-01
5.942734358278457529e-01
7.448808475956583131e-01
9.356000920250030495e-01
7.604422125798641074e-01
7.907894426989677816e-01
5.048276242353176846e-01
8.368414777394482806e-01
8.274329348669388073e-01
8.107005430224338838e-01
7.800966565928322272e-01
8.932395340737716571e-01
7.961241581829613390e-01
8.462940492284769523e-01
8.907688725582348921e-01
9.501201487126427203e-01
8.489466438259231085e-01
6.134310522397843357e-01
6.087755017785753120e-01
8.017600833214908462e-01
7.955359244341092539e-01
6.975566214688907474e-01
8.385779901458780827e-01
8.691730694699172366e-01
8.893010200489256389e-01
8.076414529160442779e-01
7.677527823824296105e-01
7.746840463643642760e-01
7.931769949871559922e-01
8.032899091145566661e-01
8.106280038989742698e-01
8.008588175378895668e-01
7.903017063630956018e-01
8.480341136776278210e-01
8.402027187423294352e-01
6.769574523283876655e-01
8.616496580353422141e-01
7.787017928715405102e-01
7.744756668227066321e-01
9.630448530238923111e-01
8.375142086241083028e-01
6.626501041083990851e-01
7.873044163228418713e-01
6.614447561645077078e-01
7.972789183414553671e-01
5.226373035103512033e-01
8.973701671977908356e-01
5.766389328252595758e-01
6.058034574273283290e-01
7.540776509856421672e-01
7.043741166892922845e-01
8.891308629505350059e-01
8.155866736345334100e-01
7.095500766777134150e-01
7.011511349112335978e-01
7.900522344475086056e-01
7.753213355042252175e-01
8.160746948390432687e-01
6.873404611844451395e-01
7.010886484166016785e-01
4.917248522167335656e-01
7.768005751948313664e-01
8.570892399096922132e-01
8.510757799456761807e-01
8.488087141826795579e-01
5.982901102372120139e-01
8.762063967598047176e-01
7.770743852684373065e-01
7.268521295197519771e-01
8.200803646095897737e-01
8.032309447132921498e-01
8.561196774428769807e-01
9.595041861025022101e-01
7.773603182966383196e-01
8.297867882172558218e-01
8.380925751842319693e-01
7.695046929969708849e-01
8.883076512698216964e-01
8.108399662807249664e-01
9.170408877422733251e-01
7.623420623280913189e-01
9.503054996269364452e-01
8.040942972878966089e-01
7.313425930401949993e-01
8.282311363969269147e-01
7.798013409673957286e-01
7.552375172022335326e-01
7.590671356073928067e-01
8.212106347992533806e-01
7.114754844992667859e-01
7.588917983534075873e-01
9.235018488033277517e-01
8.755144324854771121e-01
8.409577019116275531e-01
7.401007701552865248e-01
8.194430424394782975e-01
7.348169441842489213e-01
7.721771770411134383e-01
7.792872314136050083e-01
7.751148838068665503e-01
6.390851664257470865e-01
6.713738447508335039e-01
4.709273128802486941e-01
7.548226458364254432e-01
8.218477801027141982e-01
7.552656396532124727e-01
6.786821748047419112e-01
7.870919800344806649e-01
7.069310385167717481e-01
7.314907595466134671e-01
9.563590115360095512e-01
5.795455813657188759e-01
8.268155791909753694e-01
7.381318850217811756e-01
7.526797879460759289e-01
7.931145882189778451e-01
7.807629615615572227e-01
5.431760492002415397e-01
6.389532470899412786e-01
8.051821482840204602e-01
6.649441966446084651e-01
9.104317036435423116e-01
8.203826253067063590e-01
7.548226458364254432e-01
8.694677436546257576e-01
6.822294658459961969e-01
8.921317344444128494e-01
7.516632283235459289e-01
5.822785907771697023e-01
7.997679161969744044e-01
8.197546849606612840e-01
7.374623310918477781e-01
8.386740464717400423e-01
7.886351566263810620e-01
7.167432908988482509e-01
5.704974127011369633e-01
8.837029448508658680e-01
7.243560999181731797e-01
6.675587751415641424e-01
8.218586620534135134e-01
7.966461368850146219e-01
6.610938375362948038e-01
8.434499396551750072e-01
8.054464844895667941e-01
8.564326387940073282e-01
6.789722906279278547e-01
7.936554981106913598e-01
8.062933799294013104e-01
7.685194701666967498e-01
9.450350280313328799e-01
8.417357599983373850e-01
8.191277146357842653e-01
7.841098584102756952e-01
8.478111616093200187e-01
6.898581634427456422e-01
8.113700562780460368e-01
8.294637514533385048e-01
8.994570345684512747e-01
8.593675382234543525e-01
8.487152137481404068e-01
8.850636316903248701e-01
7.889582364764209377e-01
7.667593707148556703e-01
8.784104046417768874e-01
7.960028910660441603e-01
7.913956987418533373e-01
7.363421772619085370e-01
8.109326063499394666e-01
9.111476858559619529e-01
9.270616859141873611e-01
8.493905342953496085e-01
7.686532376710296655e-01
7.335948294585873386e-01
8.651620370370370905e-01
7.721771770411134383e-01
7.181839703306149847e-01
8.544142437095034737e-01
7.296418540951818965e-01
4.686622316980823544e-01
7.036040182862765002e-01
8.659729719947287796e-01
7.518241142237925834e-01
8.097459517466478740e-01
7.987871136875029920e-01
7.856995941846341980e-01
8.904574823740178946e-01
8.797669104310481547e-01
7.829564125222846505e-01
7.893981799914686626e-01
7.851416783102023178e-01
7.966126226631603524e-01
6.034483527052321161e-01
7.343731637399772971e-01
6.284795342387002881e-01
7.883572137214652775e-01
6.599562855957016305e-01
6.781906459234519069e-01
7.982381690131603591e-01
8.517707959920137739e-01
8.029541948767452419e-01
8.725807434305196120e-01
7.799303954562755159e-01
7.408919072049270360e-01
4.724652810444519013e-01
7.454326552488652613e-01
7.611139663803585531e-01
6.813897100232355619e-01
7.708138613576293041e-01
7.218858274719400780e-01
7.254137833842655425e-01
7.880597553698851510e-01
7.094582650646878985e-01
8.957554054952812095e-01
7.441870994646829773e-01
7.556372958646307980e-01
7.956740242049308298e-01
8.124103491139362809e-01
8.162474189872203079e-01
7.666948135493861782e-01
5.204306963329625724e-01
7.617257947262560114e-01
8.429195013237924528e-01
6.621202525849996245e-01
7.896118678031511795e-01
7.367626797838089381e-01
8.090876426335625871e-01
4.418140269912401163e-01
6.399923898070501993e-01
5.260064536455933970e-01
5.957610022976338460e-01
8.176835401862054820e-01
3.879468775852825679e-01
7.569111792167787511e-01
6.216420351499265529e-01
8.518838978645482118e-01
8.947366995959235014e-01
8.242948640711452724e-01
9.887751279354372036e-01
8.594096802146733438e-01
7.834001302126979427e-01
5.808227494910358502e-01
7.604448450943580573e-01
6.770282527265648609e-01
8.436085697260856664e-01
5.758355991511373562e-01
7.034381724509590761e-01
8.326382981207379741e-01
8.681201935896138977e-01
7.974630727755300796e-01
8.441705520774456240e-01
8.118950725691297388e-01
7.894967495983933325e-01
7.236520602155350756e-01
7.348169441842489213e-01
9.382071953070894033e-01
7.177148109245925500e-01
6.680437120507639603e-01
7.805322619801623452e-01
8.539623839651313553e-01
7.028420532976389357e-01
7.922949439291240292e-01
7.863331187116550103e-01
6.669496826594695227e-01
8.428403863921966055e-01
9.514357723257917954e-01
7.325130686522973722e-01
8.597776306500920507e-01
7.486513072017609849e-01
6.931755461018483944e-01
6.876054834784098846e-01
8.621996553437891730e-01
7.826533905490675735e-01
8.314378254210469388e-01
8.306934009705807531e-01
8.764077009044070055e-01
5.127573089535079065e-01
7.757587493013802238e-01
7.660394507095535932e-01
7.831696068393794175e-01
8.671637667432304797e-01
8.057141184397712541e-01
6.783472863111061901e-01
8.318822529070408756e-01
7.690168193943476282e-01
8.400404602296142054e-01
8.038709146294754637e-01
7.541059771035101278e-01
9.151645602834167503e-01
7.757519253395078751e-01
6.724741031904671873e-01
9.638781756971190884e-01
8.147761714896029073e-01
8.254916767684860046e-01
6.747639093975130731e-01
8.027931344089361820e-01
8.253588311940915911e-01
9.188153006102945941e-01
7.407091521782550592e-01
8.959952977609025870e-01
8.253578628296448505e-01
8.251034847757273694e-01
9.798628348587905545e-01
7.544326001635334178e-01
6.865149305339688368e-01
7.388498624491846023e-01
7.876864468568345323e-01
8.326283352457465314e-01
7.836348571117333073e-01
8.769887808881797753e-01
7.925362961733187772e-01
7.435609555252433722e-01
7.678724441963448166e-01
6.878588129922064143e-01
8.242772782163613199e-01
7.775138990537469041e-01
7.776913885493031975e-01
6.797055511546669093e-01
8.439855003927676513e-01
8.303884317608190013e-01
8.352527644907141724e-01
8.455555381380959190e-01
8.103929860968674959e-01
8.749104286023358101e-01
7.404554958914548735e-01
7.651659161195584202e-01
9.004005556916946373e-01
9.355140503282308728e-01
8.124037283187023339e-01
4.561188664104817714e-01
8.328493168563463334e-01
5.274893978973459463e-01
7.516554663717500695e-01
7.712184033909574854e-01
7.836327164592673533e-01
8.445348560952762318e-01
7.457538338253093535e-01
8.134116642451848511e-01
7.595914976484872128e-01
8.784294017261408127e-01
9.938064551723385653e-01
8.623372486424456529e-01
8.001707004646614330e-01
8.307250450506075135e-01
8.792927919207191856e-01
6.687863562942694129e-01
6.484822049666116861e-01
7.635007096374112345e-01
9.567746068601220566e-01
7.500406860850795665e-01
7.925952635129321910e-01
8.685263077466800485e-01
7.125480807769295488e-01
8.361301033611995281e-01
7.606728252567285242e-01
8.817835325585365869e-01
7.532887975162265715e-01
8.341992905091772936e-01
8.125052127330060214e-01
7.651052603804302521e-01
7.575146599801586556e-01
9.142947512448655889e-01
8.011494839071759966e-01
5.877474869823796633e-01
9.256872578901401694e-01
7.741283393862835593e-01
5.576410228940897884e-01
8.352047563578113287e-01
8.357830020725236508e-01
8.682790650879633754e-01
7.928422554705765180e-01
7.329637085593886381e-01
8.589441371246778756e-01
8.550730761058972229e-01
8.415087134152730020e-01
7.168478347526797689e-01
9.050615883221678759e-01
7.792366466662221658e-01
7.335720004167929353e-01
7.623420623280913189e-01
8.234054639012265975e-01
7.424651905781946004e-01
8.314777637334154203e-01
8.533088729712317022e-01
8.546677087634066972e-01
7.704382480114532195e-01
7.178210934323393522e-01
8.001653293314756610e-01
5.829662143634189997e-01
9.440895071009188788e-01
8.416584594938758546e-01
8.302107981728290564e-01
9.655640780331817830e-01
7.472542638371831858e-01
7.766931254307225529e-01
7.896168139992032486e-01
8.354227681905310732e-01
8.188897766645829579e-01
6.964698587265746310e-01
8.013667032269822244e-01
8.120096872334682248e-01
9.111699091365752512e-01
8.497212399869181754e-01
7.230113584236755875e-01
8.213666217403037262e-01
5.841294378838152168e-01
5.995192660925235950e-01
8.193810815773969747e-01
8.163674641954813405e-01
6.808831373772850082e-01
8.001368954715252224e-01
7.998377929552146215e-01
8.513821497334103094e-01
7.614925757320373245e-01
7.078345318684113874e-01
8.535200008200743982e-01
7.010006449249945870e-01
8.627006847065776807e-01
8.885817202734780373e-01
7.742859912757524832e-01
8.032251135161190270e-01
6.516203703703702388e-01
7.689427889619566692e-01
7.540210558167045329e-01
9.026420978124606309e-01
7.362849758764254959e-01
9.191091040968060177e-01
8.946166440037587320e-01
9.231999285553065260e-01
5.674259614529866269e-01
6.802444651226829953e-01
7.663029325005157322e-01
7.029048618325005604e-01
8.076756005530214555e-01
7.904327882539408101e-01
8.986071244944435765e-01
8.560454001135953117e-01
7.949676044732961744e-01
6.305729886995967703e-01
3.941948629747563659e-01
7.968259637478162238e-01
7.162823387749545079e-01
7.271275105714483100e-01
9.196741680256810270e-01
6.170279156646907293e-01
8.156292607117282545e-01
7.974196749941615536e-01
9.451053586520298255e-01
8.136636760558259018e-01
7.954440234546674704e-01
7.831855498773536706e-01
6.904588871578101195e-01
4.646980322992794732e-01
9.433742299974403611e-01
7.903096866984525848e-01
8.158094913906458467e-01
9.385671307000300612e-01
8.493268860875915482e-01
6.700710985730665703e-01
7.975201578511732503e-01
9.079837798633414447e-01
8.015876253991740530e-01
8.256823440820498794e-01
4.844833357150010178e-01
7.429361470795153854e-01
7.843401917747119256e-01
7.778332874618762993e-01
9.843750000000000000e-01
6.566725970186517714e-01
9.740813367078265950e-01
7.315100387738173726e-01
7.187653362365993281e-01
7.515390489049945666e-01
8.484158368351649715e-01
7.843401917747119256e-01
9.301837894994010592e-01
8.856230174589438953e-01
7.954439189600855942e-01
8.077933622211062037e-01
9.626692298430132855e-01
7.969749316906813430e-01
7.823775437446165437e-01
8.048522698573699063e-01
9.196101236877173291e-01
6.922888280180972131e-01
8.239380883391798083e-01
5.879998315035118717e-01
8.152523561072063663e-01
7.919932857966943685e-01
8.775421395628254517e-01
9.174755128969355189e-01
8.028849148312404704e-01
9.703414974537620807e-01
8.113223294951180664e-01
6.804958786001293891e-01
7.771447213442645996e-01
8.171691048080002018e-01
7.948855964574935706e-01
7.879841685125936745e-01
5.219243629338375934e-01
8.354227681905310732e-01
7.986087943716018156e-01
9.311540171280089373e-01
8.948655010811811250e-01
7.825791818009792955e-01
7.717019501220750977e-01
8.312847917051159330e-01
6.989206660893962919e-01
8.741131207075067966e-01
6.424679201019504182e-01
8.263366920862433851e-01
7.940410463379348194e-01
6.536868809087108545e-01
8.439855003927676513e-01
8.679268921210027132e-01
7.811601852954190850e-01
7.368814578885010125e-01
8.281768063528618384e-01
8.815393607554753430e-01
8.781452661558419859e-01
7.303347608470642793e-01
7.624489408287379311e-01
7.583289712691471118e-01
7.912144405111743994e-01
9.548938942209956870e-01
8.085433483427204582e-01
6.632173284588650519e-01
7.608449867432128810e-01
9.556100461702916604e-01
6.070827343720506253e-01
9.278104756113086937e-01
7.759441772108799373e-01
7.349560338245489932e-01
8.296226358713425508e-01
9.052863134473855267e-01
7.965786285153582114e-01
9.372756503913250992e-01
8.318853255505493927e-01
8.095809010293587571e-01
8.588633183421391371e-01
6.860834817053889090e-01
8.617847463969953159e-01
6.619596039888874239e-01
9.257582501200219971e-01
8.592196180221916002e-01
6.286968773484735706e-01
8.489904445862714866e-01
7.855199631417113526e-01
7.896118678031511795e-01
9.236628056271646292e-01
8.609293824842477738e-01
7.967086811904589005e-01
7.944809390397945537e-01
8.227180820842405762e-01
9.125821619141287755e-01
8.011681802508908712e-01
8.405909124391250931e-01
8.258267789770389333e-01
5.962874778174642731e-01
7.059622861377341518e-01
8.471840107136233700e-01
7.508971264846185933e-01
4.761790006075918846e-01
7.590671356073928067e-01
9.427795114289655443e-01
8.305395076659356501e-01
8.332387137504150276e-01
7.410145714311014986e-01
8.125790200988031176e-01
5.608864609186924310e-01
9.234269843866033112e-01
8.148867059884872255e-01
8.211532782586503654e-01
7.679860833910768791e-01
7.912136062564120165e-01
8.373467397859670758e-01
8.478366102687371342e-01
8.025574399294952421e-01
7.119269051875063425e-01
7.505355899392632812e-01
4.839421008488509202e-01
8.159651467068551600e-01
8.877380246416842757e-01
8.279128299235439803e-01
7.840268151669652630e-01
8.093400168305560083e-01
8.648875725087257216e-01
8.314837657562744733e-01
7.433955382573025350e-01
8.573952975246046382e-01
8.030688087149154830e-01
5.808227494910358502e-01
7.788428861675678050e-01
5.180680425986463611e-01
8.826272866005813178e-01
8.005841421163010230e-01
7.784311955413351081e-01
8.940395169067736347e-01
6.399923898070501993e-01
7.833373115090628280e-01
8.120096872334682248e-01
8.247744903365753499e-01
6.164576233636871461e-01
7.573265490138051392e-01
6.929292429152057453e-01
8.097772664543243515e-01
8.056620921988700834e-01
8.000095805686676664e-01
7.288818698780069605e-01
6.960067226357163905e-01
8.124792273235669215e-01
8.340569516720146570e-01
5.452102067262168950e-01
6.359151222755454747e-01
6.781245488750252681e-01
7.177338721533165211e-01
7.760661703654201382e-01
7.702248198418554237e-01
6.373902538383006133e-01
5.636085653973387233e-01
7.819839648837643153e-01
8.856230174589438953e-01
7.590096970651618591e-01
8.069804337297846741e-01
7.155039816649342299e-01
8.920134575104746721e-01
7.107277891841552453e-01
6.522908331170269580e-01
9.060853065616649715e-01
7.432698337682870360e-01
8.659721587957549538e-01
9.182904023059497156e-01
9.236394654585737829e-01
7.437499452912794684e-01
6.043838373238853423e-01
7.816359073069631958e-01
7.745441559790438024e-01
7.370753057914699591e-01
7.597666014217248076e-01
6.612943368935543242e-01
8.055403828994414095e-01
8.254794834399227232e-01
8.487338653127147747e-01
8.448041605697063083e-01
8.237418992312993682e-01
9.065089906434306011e-01
6.907411339121102278e-01
8.915406318821667009e-01
8.614684036959746605e-01
7.120849616720994479e-01
8.185922751522207719e-01
7.429905863630378304e-01
7.160291102452296386e-01
7.635611761156307908e-01
7.525754514041357313e-01
7.903320325103753152e-01
5.840797482947842623e-01
7.112680123490323636e-01
6.890174815550585974e-01
6.781163977410714638e-01
8.474513466902567904e-01
7.700010125642300363e-01
7.681059196384905086e-01
7.152346399740574512e-01
8.323844938999689358e-01
5.855726448248608218e-01
8.526708668928769663e-01
6.583804628040358375e-01
7.463377920484580708e-01
6.543331557366954820e-01
7.788325401970614958e-01
9.523425390719973960e-01
7.628697523999118379e-01
7.834492621878222929e-01
8.084946676817094113e-01
8.660630168847542887e-01
9.524452033098841364e-01
8.076362144894495554e-01
7.850493227063153334e-01
7.186029801982413145e-01
8.054947207596859782e-01
7.637882351800625580e-01
7.469487336077951234e-01
8.716294105688767724e-01
7.513591627519242699e-01
8.622044851745246374e-01
7.577057100230460973e-01
5.773901731574671015e-01
8.208976267532860360e-01
6.651256079969450896e-01
8.145551287521990425e-01
7.089365151516546781e-01
9.092454185089792196e-01
8.338553922022150511e-01
8.972016721246151016e-01
7.472542638371831858e-01
7.795384739589750200e-01
6.090327282706762269e-01
5.492130548785518762e-01
8.717450227345410196e-01
7.672787892047586711e-01
8.274809238610625339e-01
9.595865787045558815e-01
7.156188401424866674e-01
7.158237968667069406e-01
7.968302182456699079e-01
8.195480884513609565e-01
7.194085244191978923e-01
8.426668062731631492e-01
7.406494469617082022e-01
9.917540241730330441e-01
8.254593187273834287e-01
8.627023431610634230e-01
7.999881183458473766e-01
7.714725690103915179e-01
7.694026486191691827e-01
8.647964120524276321e-01
7.544827071147962583e-01
6.546272762985965166e-01
7.004963998628707111e-01
9.400732982850433794e-01
5.980394339612440380e-01
8.976864064078415861e-01
7.440345592207506797e-01
8.956260648198678398e-01
7.281110330584190660e-01
5.789157270586738901e-01
8.130647170197494722e-01
6.503060176289433558e-01
6.315331088229244605e-01
8.358286273170030256e-01
7.455442172654774824e-01
7.846162051302696394e-01
8.314110993480807732e-01
7.992059776262258053e-01
8.381327901683910397e-01
9.228169814240199109e-01
8.390556061749452343e-01
8.003747005391986802e-01
7.459735518753398686e-01
5.648359100345777817e-01
7.119269051875063425e-01
8.280506148830181212e-01
7.631943213428873385e-01
7.795514597147396030e-01
8.843861063686939694e-01
9.818136553364333885e-01
5.174365867535529739e-01
3.977825380030439728e-01
7.555335326731923429e-01
7.631925768571191648e-01
9.359471178655852652e-01
9.487816008884579766e-01
8.131849969042473925e-01
7.915636714803443441e-01
8.432172113213073361e-01
8.729624540982201530e-01
8.348017326147705308e-01
6.011800830346258895e-01
8.494032187290366798e-01
5.582350529965828256e-01
6.915716430701637218e-01
7.330465138390233060e-01
6.870119239569028036e-01
8.967035002490378881e-01
8.353950878488162202e-01
5.873136122106973334e-01
7.705407006537799974e-01
8.906921010295129060e-01
8.649357979088492243e-01
8.081867143028407252e-01
8.267375026705656715e-01
6.064486915135798295e-01
7.664912504283764028e-01
8.185220165507636203e-01
7.254566439971922298e-01
7.908181820971207365e-01
7.989855318307906851e-01
7.996541096979947749e-01
6.672520099100734958e-01
5.655092549108203803e-01
8.784294017261408127e-01
8.057956312632805762e-01
7.610454749420635379e-01
9.136626379418051336e-01
6.022602679168113093e-01
7.509771770832036619e-01
8.347522668128898315e-01
6.859205829142206445e-01
7.373492733210076366e-01
8.213546120139937345e-01
7.885174824668379490e-01
8.509535657451334778e-01
7.795867697556033704e-01
7.944845381587682942e-01
7.837854355030903220e-01
8.823568727376676080e-01
7.863347042387757169e-01
8.208321442764023868e-01
8.304079609257484229e-01
6.050583737778040261e-01
9.109116462567528050e-01
8.075252816254787636e-01
8.224766169077806222e-01
9.114423000540008424e-01
7.119472668005953908e-01
7.691683214886065878e-01
7.689302105792180653e-01
6.950041302842957514e-01
8.558096122204653655e-01
8.622814988293763250e-01
7.000213462876033743e-01
7.818407239108268181e-01
9.156823142840316843e-01
8.095488084604911538e-01
8.750378041468241941e-01
7.076481822703087898e-01
7.991762291274706609e-01
8.039588748258317263e-01
7.685905401853647678e-01
6.080281912088880691e-01
8.919986508807830061e-01
7.644003440377283853e-01
7.434690924488821517e-01
6.514520584159982919e-01
8.865066279745814626e-01
8.105515399603717697e-01
7.570870940435605601e-01
8.662378871203759712e-01
7.935187438687750783e-01
6.505726198240373570e-01
8.252139381339550495e-01
9.049110768833494856e-01
7.336013815417808948e-01
6.655463033269557460e-01
8.600710264389902493e-01
8.668204730402558900e-01
9.292648803319506490e-01
6.890956716586246200e-01
8.051602878821592091e-01
9.079837798633414447e-01
6.869374784685061686e-01
8.886092965089141815e-01
8.090284032814095694e-01
8.203639716535312543e-01
7.889184317958152226e-01
6.266645289797324603e-01
5.639157911966875547e-01
7.678292413413094764e-01
5.997482022651245970e-01
8.913275884762069667e-01
8.717854548662357095e-01
8.104299589958677830e-01
8.291968719819856615e-01
8.452873520431825050e-01
8.032251135161190270e-01
7.957943755659314666e-01
7.691623571033335827e-01
7.580507809835154154e-01
5.527504508360662205e-01
9.353430647846132651e-01
7.690527396418475048e-01
6.125472363328774428e-01
9.074483689179480006e-01
8.177816940661968292e-01
8.576939583201048656e-01
8.418846207113586111e-01
8.259924874870773204e-01
7.900989634508069903e-01
8.368645123928289964e-01
7.321734769451990754e-01
9.133391534678724222e-01
4.849457294828157794e-01
5.160620045642603237e-01
7.498364174260565562e-01
9.198437968157910927e-01
7.014130861994362087e-01
7.809344835150769937e-01
9.086960168459705667e-01
8.802966179716624762e-01
7.883730887464923676e-01
8.279494091710645209e-01
9.009835915304134080e-01
7.337407882215684074e-01
6.888355175085473237e-01
5.846589424047855532e-01
6.416029789405111039e-01
7.489749283090906262e-01
7.383512635089337639e-01
7.878365247816628836e-01
7.932012132330984455e-01
7.779537527591696700e-01
8.959952977609025870e-01
7.596516944207906130e-01
9.402905385218837120e-01
7.583293126103965998e-01
7.321734769451990754e-01
7.967200245383128099e-01
9.648075163530035470e-01
7.931400542632724981e-01
9.127527206071504029e-01
8.599705216793557261e-01
7.552375172022335326e-01
7.891711736909555741e-01
8.216020382357949181e-01
7.925362961733187772e-01
6.621001496857933377e-01
7.803317733053731775e-01
7.586301388398569712e-01
9.238153260384623922e-01
7.848649823181726992e-01
7.345132126072499990e-01
5.075783302519245588e-01
8.541430067215068922e-01
9.939988794681955397e-01
8.195147155985703646e-01
9.170430686185717661e-01
7.564965947053794437e-01
7.321189704899812023e-01
7.387808457962388164e-01
6.933399578589591883e-01
8.611534960997139221e-01
7.640684333822754803e-01
7.853682916406423686e-01
7.240131697322471638e-01
9.170692091294118109e-01
7.410722695294764684e-01
7.964306004155871088e-01
8.612259268380381139e-01
7.544579006682006206e-01
6.544425117700100047e-01
8.934179351454928364e-01
9.643857727429668847e-01
9.182293014230863415e-01
7.417876694151670502e-01
9.716749082013892425e-01
8.742168142259195696e-01
8.386342684139150849e-01
6.411081304822873195e-01
9.027014920607054904e-01
7.243848560872506726e-01
7.783100173870413085e-01
8.293876788644265474e-01
8.130724875849009159e-01
6.459597088628780126e-01
6.066485289515263224e-01
7.235778956138039231e-01
7.964449191430050812e-01
8.569625382944892067e-01
5.741606320020414822e-01
7.841359387006351378e-01
8.685854438739705197e-01
7.826309372354331995e-01
7.513545216947000727e-01
9.464974906058737369e-01
9.586896679109905284e-01
8.694866106080786361e-01
6.516912825035101609e-01
8.437994567890964026e-01
7.977971383283567475e-01
7.255925440895232281e-01
7.689898993184622888e-01
8.983049770300584047e-01
6.290944153747927148e-01
7.767352831196410179e-01
8.135313180604121230e-01
7.956518911192606014e-01
7.426361867203491451e-01
7.466183849803130768e-01
7.432794883780367012e-01
8.567387848924508109e-01
7.723910175190364935e-01
7.804850718430704770e-01
6.728770644332219275e-01
7.579451217241216510e-01
7.438101800586151002e-01
8.277453154637945953e-01
8.509224107726175435e-01
8.063740527252653001e-01
7.332755920762142887e-01
8.902572280843977781e-01
8.217895354611329806e-01
8.012181002380852624e-01
7.168342272111472013e-01
6.158206520343180168e-01
7.462582536845755454e-01
7.547460552780114185e-01
7.566682499394881134e-01
8.282022233897030628e-01
7.957885589709687846e-01
8.281392299371194143e-01
8.266365429959133815e-01
7.689570757824614189e-01
5.654347376659043523e-01
9.685250712959810881e-01
7.977803480557126292e-01
7.987795309707890201e-01
8.835720762278835849e-01
7.947897275911576243e-01
7.850143486761043121e-01
8.017380201105183124e-01
9.290429907170310031e-01
9.313754528222650819e-01
7.480731908263280605e-01
8.453238566156241474e-01
6.988837686844632247e-01
8.332483343844404589e-01
7.250742351231594940e-01
6.891154664369546490e-01
7.339677105860029638e-01
7.290828476988191476e-01
7.397522681523315269e-01
8.220482465672521721e-01
9.760144343944612277e-01
8.448512120444039430e-01
8.469142917567128448e-01
8.078563187722054284e-01
8.985155727757370148e-01
9.136353823598049040e-01
7.262211258902337985e-01
6.270820668240468798e-01
7.174662410638176224e-01
8.421878649631638902e-01
7.840341363503021688e-01
7.495946920986243933e-01
8.103396700224725357e-01
8.825640974590008847e-01
7.070630572135261360e-01
8.725807434305196120e-01
8.189306382262461215e-01
7.848947002888222446e-01
8.022931201735674644e-01
5.679205032275099763e-01
8.078024193288808608e-01
8.059902792065891663e-01
6.143935975173903108e-01
7.676922397323515668e-01
7.429983081657433042e-01
7.822710113501493145e-01
8.521390654814164911e-01
7.598717738459369597e-01
7.968259637478162238e-01
7.286855584686526832e-01
6.673134859186224954e-01
7.232982360556802215e-01
7.647202132716662826e-01
9.412181199198491610e-01
7.997110956714753582e-01
7.837346004638415797e-01
7.519912636536343342e-01
9.016912093846914944e-01
7.897519181048699988e-01
8.836813233943444645e-01
6.336505538181819164e-01
6.399923898070501993e-01
8.920801658364683195e-01
8.191776317628046700e-01
4.939502913373148840e-01
7.798013409673957286e-01
7.095572216476758731e-01
7.956990498016085489e-01
7.667868431289027731e-01
7.419835929737115254e-01
6.627653066229286516e-01
8.632798378357801061e-01
6.844676923529053880e-01
3.119235140695174602e-01
9.298373683001117662e-01
9.308185940500606215e-01
8.010109385517264480e-01
8.279494091710645209e-01
7.674398645711201228e-01
7.766960429718431369e-01
7.812134121553985233e-01
6.828756901836940951e-01
8.519842190844236773e-01
7.735933561452883467e-01
8.984742578038618088e-01
8.162536125233836870e-01
8.132295939062061940e-01
9.255409638304927800e-01
7.736055538867390169e-01
8.165916906984149737e-01
7.872699434173360267e-01
9.727031531682255316e-01
9.180095506949769169e-01
8.265795884434957719e-01
8.676263287847112426e-01
7.437590676794337829e-01
7.368925399669609133e-01
7.823041827157003469e-01
7.509319957628878273e-01
8.410756141542998776e-01
8.691730694699172366e-01
7.991762291274706609e-01
7.675990598380861840e-01
7.465260123663439717e-01
9.832175925925925597e-01
7.828140892263590889e-01
8.011523490947172199e-01
9.044839182990696003e-01
6.674709124410304062e-01
7.624489408287379311e-01
8.134613440360337622e-01
5.630934648158105738e-01
8.172521468214557494e-01
9.109197241829698477e-01
8.353950878488162202e-01
8.377865433375397686e-01
9.887751279354372036e-01
7.666229648066564817e-01
7.011482970033172668e-01
8.882448357790617699e-01
8.219344841600096929e-01
8.101905616983067215e-01
7.819839648837643153e-01
7.718285017355061006e-01
9.123877354572730303e-01
6.265884444217780791e-01
7.268036818818285338e-01
6.954849215882357161e-01
6.880057269802482001e-01
5.401523522483735462e-01
9.139828501239242176e-01
6.600839378855793971e-01
8.886111674995602616e-01
7.615829293755171925e-01
7.873494203885498255e-01
7.583885193526324064e-01
7.175440561302544040e-01
9.180797754679894673e-01
5.108024585182180388e-01
6.628180464640285319e-01
7.631183091859097267e-01
7.716163523711077055e-01
8.397190372137974812e-01
7.279909265924027206e-01
7.866549384833145808e-01
7.454324516084315233e-01
7.122657293762043595e-01
8.109876272950868881e-01
9.379929683477661317e-01
9.029274169009215978e-01
4.804807570723073629e-01
7.077577745469135762e-01
5.630934648158105738e-01
8.289098110309058853e-01
8.486077625390776591e-01
7.277084192376931382e-01
9.768175636632149272e-01
7.845579598961122114e-01
8.750344108217791295e-01
7.995930280514114141e-01
7.764476368797358363e-01
7.884204355405033393e-01
6.545020495518653059e-01
7.786749722892588599e-01
8.100356059063003045e-01
9.321172634725107820e-01
7.846470990125222755e-01
6.946794667705858961e-01
7.971162067449053534e-01
7.941392041299580873e-01
8.241742264247773342e-01
8.720382816640893653e-01
7.564965947053794437e-01
8.178645848560476272e-01
8.089162463353420929e-01
6.428414385093542682e-01
8.291832435197127316e-01
8.483876117170259246e-01
8.797908353679284588e-01
7.357032131166678646e-01
6.016534225124136048e-01
5.568994041532477901e-01
7.997334664703401597e-01
9.910208509475368910e-01
7.586375479079034978e-01
7.845833050378409057e-01
6.399762127787183008e-01
8.650154020080357276e-01
6.465505144225954792e-01
7.841470078829911872e-01
6.947103887499224140e-01
6.764086501211484803e-01
5.676296000361849003e-01
6.988934836059992328e-01
6.851409585749742570e-01
8.993631502474815909e-01
8.342893371736807007e-01
6.428414385093542682e-01
8.729570885334401176e-01
7.794278638442566631e-01
9.433261520386437837e-01
7.769153683468241756e-01
7.931807523576720476e-01
8.970297272391920540e-01
8.167383677271186082e-01
5.837733448698709804e-01
9.659914961824269675e-01
7.914364568699339131e-01
7.706132048789176014e-01
6.764854954686090327e-01
8.095598077551354743e-01
7.746840463643642760e-01
6.153128584725352512e-01
6.922888280180972131e-01
7.177011868856677523e-01
7.591122838796370287e-01
5.257972976106496388e-01
7.573525602885702313e-01
7.866350349323101288e-01
7.536715585721264210e-01
7.818847626198633938e-01
7.034944053899729877e-01
9.664638589240477362e-01
9.207838542909908552e-01
8.488032185285067088e-01
7.087166879692569088e-01
7.928612898535459808e-01
6.456921364831637034e-01
8.707128515751337838e-01
6.932536191118361391e-01
7.999248820951584404e-01
7.402767223388293516e-01
7.892591703240120493e-01
8.375399197179248523e-01
7.862887657678092612e-01
6.177272669734152899e-01
6.615395908198349328e-01
8.865507294036578667e-01
7.864058914697463765e-01
5.639157911966875547e-01
5.900160078991839585e-01
9.266429512818928904e-01
8.073703065549393543e-01
7.886718551120620591e-01
8.116231674680927100e-01
9.427310421612459246e-01
8.636555003259851482e-01
8.724740371271969552e-01
8.310134337975313423e-01
6.751420096409463945e-01
5.562165439994578575e-01
5.694384217978054608e-01
7.707249794384305464e-01
8.453391585881674386e-01
8.691234876411148003e-01
9.171984570658721081e-01
8.059985897352046624e-01
7.973815374515995646e-01
8.477921796400716969e-01
9.485180386582561241e-01
6.443013306428060361e-01
7.762411392128559795e-01
7.830625523241246944e-01
5.995179275004385300e-01
7.315382536821694037e-01
8.342976532851962279e-01
9.207838542909908552e-01
7.158862361576636690e-01
6.421193130193559861e-01
7.101246268273309070e-01
5.961231739990584533e-01
6.475054327055815850e-01
9.655163909383015497e-01
8.163599405853703139e-01
8.310593814743626462e-01
8.557879071927682046e-01
8.841182219023133726e-01
7.726231890421332293e-01
8.101621063348980467e-01
8.546173852386592662e-01
7.783594883864143332e-01
7.759708489112487895e-01
8.729624540982201530e-01
8.853319685753726631e-01
7.972789183414553671e-01
8.706990624875019513e-01
9.340277777777777901e-01
6.742034970758545853e-01
8.547548791723161843e-01
8.899543212379593671e-01
7.918791931330015910e-01
6.902949730120269134e-01
8.840363640941962808e-01
7.907600023761426344e-01
7.990629066247534329e-01
7.929680304115830358e-01
7.972591789256805450e-01
7.045174525825637080e-01
7.717224717856515648e-01
9.257824229113981174e-01
9.289072147777028832e-01
8.920992166670523860e-01
6.226507793342348496e-01
9.772174749004417516e-01
7.580322662606586714e-01
7.473763617458678565e-01
4.791853288031671654e-01
8.011547877700769815e-01
6.594030198672347076e-01
8.071140787560863172e-01
8.186665398163059937e-01
9.244088778131421824e-01
7.072306182351287829e-01
8.498690530073191862e-01
6.100873058139334448e-01
8.494512159796171469e-01
8.325526852736457872e-01
8.207344527971517367e-01
7.938038514787310040e-01
7.577741419111994059e-01
8.180614397670636917e-01
7.011279686408499190e-01
8.297811559829564310e-01
6.225167066682426587e-01
8.616743274165366007e-01
6.994422579363609449e-01
8.233740233657786955e-01
8.668204730402558900e-01
9.121069065239153506e-01
7.356622451048575595e-01
8.614337464392742838e-01
9.008629475769152073e-01
8.564787102195319246e-01
8.296210560291250591e-01
6.688969620071560929e-01
8.951213629598315791e-01
8.415466986050339493e-01
6.345065983802692378e-01
8.765338281148192801e-01
7.890468390154963263e-01
7.700260176847522064e-01
8.797182533592038389e-01
6.615641474487532481e-01
7.324401345821803799e-01
7.239339915567933881e-01
9.563590115360095512e-01
7.049476912572703036e-01
8.671520110905797107e-01
7.583456533054242499e-01
6.651416039548291304e-01
8.265412186167355735e-01
9.042706883907380977e-01
7.856676971743791205e-01
7.098048823850214850e-01
8.275662467486644136e-01
8.077975592356918533e-01
9.083811445323648481e-01
7.334111443559785393e-01
7.708866461646878276e-01
7.204704391678332653e-01
7.354691195041760388e-01
8.706724089808819400e-01
8.552368514770596342e-01
7.693249715820809076e-01
7.555199063052283615e-01
8.043912551530244537e-01
7.888256556008117482e-01
5.610018345341161172e-01
9.215017864349122068e-01
9.349066134647837645e-01
9.725617757284119591e-01
8.171463214692930022e-01
