8.484187523884295645e-01
8.195416844942127188e-01
4.124998829383449417e-01
6.256247448100443753e-01
7.158862361576636690e-01
8.905293978743836769e-01
6.218665000467323845e-01
8.569223410103345984e-01
7.429460897562748523e-01
7.573118803415113121e-01
7.202588189551233366e-01
6.614348064701950358e-01
7.999248820951584404e-01
8.784823255257977470e-01
6.551987468531620395e-01
6.943713918863327894e-01
8.724740371271969552e-01
8.124001729813269401e-01
6.027267272573931800e-01
8.032255225573150526e-01
7.907085773521848049e-01
7.918438419110284121e-01
7.974337718720359014e-01
8.076179739633759791e-01
8.655070947455058006e-01
6.729154582265903795e-01
8.142453422076908476e-01
8.380549090984827920e-01
6.536315499779680183e-01
4.923524343020820315e-01
9.015810370778172267e-01
7.839338682223168098e-01
6.792408334572408446e-01
7.990352891892366083e-01
8.526720872868635004e-01
9.522731959315551276e-01
8.545836624474774101e-01
8.439855003927676513e-01
7.568693662822995050e-01
6.721507590259633291e-01
7.338170295825622302e-01
7.152346399740574512e-01
7.401007701552865248e-01
9.412402091488100142e-01
8.394505478296303558e-01
7.962857590447922629e-01
7.826456033243268662e-01
8.027931344089361820e-01
8.741887497670048912e-01
7.107140031082116449e-01
8.175638974884601451e-01
7.294920300320940632e-01
7.528451536226693497e-01
7.744843183419323207e-01
9.171544608843480439e-01
9.703414974537620807e-01
9.358019146083014217e-01
6.598352124628908966e-01
9.175200984142761751e-01
8.900853834219150107e-01
6.715181885343047830e-01
7.400339603752289497e-01
7.346855572191776096e-01
4.827984828537703610e-01
7.101197320178733730e-01
8.203104360962433228e-01
6.989384726264949999e-01
7.193176520653510320e-01
5.449868947858647061e-01
7.013493085405825278e-01
8.114243554556094251e-01
6.022719539351144569e-01
5.863916765467770409e-01
5.995179275004385300e-01
9.078188068413631795e-01
8.470970562752507815e-01
7.851236778627068702e-01
8.626435697891969845e-01
6.669847164812158224e-01
8.342398538122310914e-01
4.888644474540593809e-01
6.329300706123613951e-01
8.177705871782580127e-01
8.314095328036754662e-01
7.342709972358637538e-01
9.595373073390730534e-01
7.843953491954585022e-01
7.734875519896906582e-01
9.196741680256810270e-01
7.544579006682006206e-01
8.331027104283931228e-01
7.947702279707288264e-01
6.511384178895679442e-01
7.576823434918155131e-01
8.974945750781009313e-01
6.845904628690137050e-01
9.175621608988009381e-01
8.826641104850635466e-01
9.535565714704177243e-01
6.877560234504005443e-01
6.334787589054092782e-01
7.688636614057643426e-01
8.891067865971585826e-01
7.764458973265145891e-01
8.899543212379593671e-01
7.833469397269897661e-01
7.205822161147588112e-01
8.160842667300721720e-01
7.698372290786782424e-01
6.732249956071123531e-01
8.990748335897638110e-01
8.513368860727895671e-01
8.035476972013769759e-01
8.290214117909383562e-01
5.892429250307701372e-01
6.743604085632494138e-01
8.139688020199298268e-01
7.869562935016424232e-01
7.117204909898060539e-01
6.834903017217639487e-01
7.961675798347729316e-01
7.945172347555810033e-01
8.259762243973265416e-01
6.417995787402852592e-01
7.586679712074253512e-01
6.681062834292804675e-01
8.001368954715252224e-01
7.583417510398398065e-01
4.846861964969831904e-01
7.110010507377202416e-01
7.218401798862389418e-01
7.111987765165351805e-01
7.119660619503951349e-01
7.571209297428248552e-01
7.633204876908712411e-01
8.511340567052378958e-01
7.121609812378241200e-01
7.447604814086176139e-01
6.653339971962414223e-01
8.621645936440183178e-01
7.897910898404278957e-01
8.938319751227425947e-01
8.218953864709757084e-01
9.835069444444444198e-01
7.608186154376339605e-01
6.777747818408856872e-01
8.138737366724658751e-01
7.783100173870413085e-01
9.089752766805533346e-01
6.481827189005956447e-01
8.913429364625021778e-01
8.832971147736550233e-01
7.468758452388335467e-01
6.456265107569979511e-01
8.174548023409196063e-01
7.970992093992428362e-01
8.163987693783956168e-01
7.228349299376404247e-01
8.272291555079019920e-01
3.618712191202360651e-01
7.920965470668771546e-01
7.751209546028583475e-01
8.012831041776226071e-01
8.283771841426154081e-01
8.281845446342581685e-01
6.505959172729121054e-01
7.114994627853130638e-01
5.908014988993870453e-01
8.405583918747051575e-01
8.840363640941962808e-01
8.336571848765016446e-01
5.877474869823796633e-01
8.227117949321663959e-01
8.093838986265418090e-01
8.684697638697987943e-01
8.036222487197306474e-01
7.867068183895717937e-01
6.193961698950735117e-01
7.516559558174527034e-01
7.977636906164728980e-01
8.355417286902454554e-01
4.233036024127732055e-01
8.393738102806197476e-01
8.535053412574019616e-01
8.142940036142063409e-01
8.152891496712709740e-01
8.404332788359818451e-01
8.847270797644465334e-01
5.412918134114189650e-01
8.069770916498539837e-01
7.558790808884029433e-01
8.327528557599822578e-01
8.259924874870773204e-01
9.286458470645120311e-01
9.316115305045084005e-01
8.385729751856667580e-01
8.010956898546257587e-01
8.949466008887175805e-01
8.494537912666698665e-01
8.784235685355550327e-01
7.923870094235193617e-01
7.914838061046407525e-01
5.086854723904952191e-01
8.015244698967343151e-01
8.889647350434801698e-01
6.475055617443862266e-01
8.057351930738338996e-01
6.133197230615284878e-01
9.561107087444769004e-01
7.942209631984454843e-01
8.116066212014270143e-01
7.809670732808980942e-01
9.915187955691342481e-01
7.757565117325924131e-01
8.377057852469713684e-01
7.477791345328967942e-01
6.277885559381422009e-01
5.728170685842424170e-01
7.320200091116793040e-01
7.137648031191089482e-01
7.391090551444354784e-01
8.839989868869018164e-01
7.147358849395202274e-01
6.628110238259179443e-01
8.656420029114172410e-01
7.277559039132756036e-01
8.207344527971517367e-01
7.036744861943713403e-01
8.476591307079218707e-01
8.614162839559529328e-01
8.117623150362035522e-01
8.271803993864836890e-01
5.332876317109858100e-01
7.880413835890885954e-01
7.678950478512055478e-01
7.947697254882315487e-01
8.045345143856449388e-01
7.996092491282719150e-01
8.020642048597025342e-01
8.797351497010105215e-01
9.281291433073597386e-01
7.585463143234045802e-01
8.514059561632874029e-01
6.267494736805059308e-01
8.186855895273099648e-01
8.183529544169703129e-01
7.382248353590817880e-01
5.214623434487450915e-01
8.231357745294282102e-01
7.625108456820924863e-01
6.739851723750782675e-01
7.939778151227355751e-01
6.295117329728541211e-01
8.535274288795698938e-01
6.677794911926852039e-01
8.076226925681609936e-01
9.156578424000063610e-01
8.115605081457543113e-01
9.114492450727719186e-01
8.057956312632805762e-01
9.134231168015071178e-01
7.287141232230391896e-01
7.429620950824322723e-01
8.855888891063898871e-01
3.977877457810010675e-01
8.286175530926617183e-01
8.326110804867549176e-01
7.536074064591378185e-01
6.477246077297049709e-01
7.253620251356663884e-01
8.171524311019329190e-01
6.092784571648058867e-01
8.412576425497739763e-01
7.718805492474264396e-01
8.191776317628046700e-01
7.952170839595441576e-01
6.647238295907420547e-01
7.685663726852786093e-01
7.887777937079418766e-01
7.793486241143963156e-01
9.516453526898528414e-01
7.723124267054893854e-01
9.133391534678724222e-01
6.346507068391087358e-01
6.745645770622862303e-01
6.450035900727523197e-01
7.973707062838683024e-01
8.390533759502147859e-01
7.663349361779784319e-01
7.471685388999136368e-01
7.930992663389184738e-01
7.030343203986584300e-01
3.969430623578911743e-01
7.474701709139380812e-01
8.433825395691330051e-01
6.732796737975782486e-01
7.714008561609932979e-01
9.382123264758439607e-01
7.874820100287671654e-01
6.917937554437866288e-01
7.812559084299041112e-01
7.762462859704173379e-01
7.717484542102813760e-01
6.432442729785691204e-01
8.190087429315936474e-01
7.624596001680929991e-01
8.354267589346752176e-01
7.660394507095535932e-01
7.797217389236268392e-01
8.086882453179591312e-01
6.866323503995139799e-01
6.211470112915284947e-01
7.437499452912794684e-01
6.920162899682212876e-01
6.795620622779851017e-01
4.805394297185828223e-01
8.257865944903494126e-01
8.467848854739200570e-01
8.293023155428225213e-01
7.293728946574011829e-01
7.453909193722191295e-01
9.277914977763039861e-01
7.790262911970016191e-01
8.098181785988081138e-01
7.999446208673562930e-01
8.781019093928197350e-01
7.299425538960429005e-01
8.200042678074401792e-01
8.409211400348310939e-01
7.703764771304628667e-01
7.652857970236095486e-01
7.913222526378186350e-01
8.197267650449754361e-01
8.448877678422440640e-01
8.104368296718261755e-01
8.520767161583105986e-01
7.596921504758751276e-01
8.692222676014935701e-01
8.248470403366298109e-01
8.012989267254346792e-01
7.722857049437777954e-01
6.846790955450875460e-01
4.838702986979203091e-01
8.089359970740516159e-01
7.576869151463745400e-01
8.533948653967650122e-01
8.756131829568187808e-01
7.193176520653510320e-01
8.150714243430561279e-01
9.451053586520298255e-01
7.181519676500504046e-01
7.022386099987261154e-01
8.066157353781754358e-01
8.787455653791986787e-01
7.800937543975410282e-01
7.363588537037047965e-01
7.928258639543650510e-01
8.982171100183088397e-01
7.647202132716662826e-01
8.842262985746353054e-01
7.269798866309472585e-01
8.252210645404007838e-01
7.391342645475232898e-01
8.546548060539408409e-01
6.949104940073755898e-01
5.023229085128166904e-01
5.317374216957767574e-01
8.060524753639791706e-01
7.677897540223639350e-01
9.477476452210464863e-01
8.261346821307360422e-01
6.834726642766600913e-01
7.660424650834753990e-01
7.504779686673661576e-01
9.342234313581092575e-01
7.264564785978768757e-01
7.583292695261686367e-01
7.821558166108767418e-01
6.563929200596794189e-01
8.018143676396449759e-01
7.477109960631252994e-01
7.928768631357111518e-01
7.890453262535673806e-01
8.334871090093193269e-01
7.114666428211005034e-01
7.833174126503590351e-01
9.138285529851017941e-01
9.522587394857948695e-01
8.463651173813616646e-01
7.288518341532215228e-01
7.469137275877930637e-01
7.696385415291032706e-01
6.371156245526201634e-01
9.966599678898132586e-01
7.783480027916985788e-01
7.704382480114532195e-01
9.772109614695079216e-01
8.332792276100567941e-01
8.682279774628095526e-01
6.988934836059992328e-01
5.386054022509728645e-01
8.000348765837841380e-01
8.203069264043822972e-01
8.552171193792490467e-01
7.357284770003011953e-01
8.667975333593368470e-01
7.612435523416499761e-01
7.429407959916479731e-01
7.874497849687402962e-01
8.714683765268862459e-01
8.340569516720146570e-01
7.938266385182572993e-01
7.673469388466566121e-01
7.644039084443372545e-01
7.641658533574342549e-01
6.676007778514508884e-01
8.641905038133269601e-01
7.283944506471362601e-01
9.682921442717006277e-01
9.179882018437031110e-01
8.380188405296432608e-01
8.546321028334692427e-01
8.257705276585738385e-01
5.553069403967371143e-01
8.526720872868635004e-01
9.237719902456267285e-01
8.198428557443003806e-01
7.940886996294751476e-01
8.623066425687030412e-01
8.436240601142330764e-01
6.295117329728541211e-01
7.689063677979531830e-01
8.548846821609780156e-01
8.705250625579762369e-01
7.730126767275430355e-01
7.029537440167734630e-01
8.604824936259612977e-01
8.028861564676997853e-01
7.465586302693872911e-01
5.816176193111103343e-01
7.108949457092054169e-01
6.575193142011890313e-01
8.666033359066942499e-01
7.916943959769920935e-01
6.414485848699575943e-01
8.291540828066278346e-01
8.763469464908755224e-01
7.672791489643682183e-01
6.750427408569991128e-01
8.658959606649125895e-01
7.345967308511588412e-01
8.768708536763579753e-01
6.634996925777011390e-01
7.350021268501777394e-01
9.529861128304246698e-01
8.634893770018600145e-01
6.706712338142715168e-01
6.774006729051120779e-01
8.245104941919007002e-01
7.896140155524760118e-01
5.108024585182180388e-01
6.595796954307336923e-01
7.497197619853273043e-01
7.922094826160768211e-01
7.009812225093075000e-01
7.045902151234021416e-01
8.824160928878825860e-01
7.531806718492886077e-01
3.618712191202360651e-01
7.029264522856977226e-01
9.716366314748028365e-01
7.206344602079282069e-01
7.451345035146639262e-01
6.493882188004241884e-01
8.565543187129577296e-01
7.758043174087390081e-01
7.835086828723144547e-01
7.811284625888728073e-01
6.930790128213842882e-01
7.875309131376821981e-01
7.586301388398569712e-01
4.646697869932626679e-01
9.976851851851852304e-01
8.454782307385729778e-01
5.405005634327577635e-01
5.808460446326859650e-01
7.328059289811920118e-01
9.621350517748128439e-01
6.719358477449691724e-01
7.968945629870235470e-01
6.130778044030613660e-01
6.797951911388826485e-01
8.869322195054331059e-01
8.268507915242708783e-01
8.254780731733448729e-01
8.019928517608840846e-01
8.365925855560675251e-01
8.135758777470604164e-01
8.163599405853703139e-01
7.786056755435623034e-01
7.776723545932486825e-01
7.705609277924355682e-01
8.057351930738338996e-01
7.528228037436376363e-01
8.514838523169607765e-01
9.030069103675603115e-01
7.371492244170727570e-01
8.064590341816667562e-01
8.383010911364738860e-01
8.690105290786173109e-01
8.189842689076849425e-01
7.657655520674722105e-01
8.987693683307313997e-01
6.442830940435404496e-01
8.490334600076230309e-01
6.516069452279898977e-01
7.001383397038550838e-01
7.778018408516894633e-01
8.439187638434190175e-01
6.497988535648517860e-01
9.817672334031649628e-01
8.018573049999336844e-01
8.504346937828636266e-01
8.045369105661932529e-01
6.658749384556701401e-01
8.036244093142834721e-01
7.340487375445317042e-01
7.704326925878718368e-01
7.497513257897978622e-01
7.798761652116025234e-01
8.331989993082173918e-01
9.263970445304748891e-01
7.250742351231594940e-01
8.545810980194221695e-01
6.795916778697395078e-01
8.849841771989709338e-01
8.866030214416792399e-01
7.438814024297798477e-01
7.913065781448528346e-01
7.209385087238562306e-01
6.390836062127047690e-01
7.697463424896487938e-01
4.501939206844520203e-01
7.781106020418475655e-01
8.677073153135171912e-01
7.678491186688484182e-01
8.428774781537622385e-01
8.043031017622351841e-01
8.796463084707024649e-01
7.766502334996445711e-01
8.090947585411222276e-01
9.002512561160623816e-01
7.921899681439996677e-01
7.104410978255000231e-01
8.086725338250555506e-01
7.429460897562748523e-01
9.239581342623554017e-01
9.210264068980705821e-01
9.572251216734033452e-01
8.764412518584884237e-01
7.357032131166678646e-01
7.984101532682835733e-01
6.032268980125524704e-01
7.735643491996608834e-01
8.289161033309854210e-01
9.579481625791207433e-01
7.542946860579328172e-01
8.442290335657468558e-01
7.257084497580547078e-01
8.442756071524613048e-01
8.429685939044448961e-01
7.076302001038197176e-01
7.782035613713542688e-01
7.222705914232127045e-01
7.965938896962355686e-01
6.429052266833106266e-01
7.448287861968967416e-01
6.536868809087108545e-01
8.090947585411222276e-01
8.715777600315847140e-01
6.177450119802666562e-01
6.603648227876049992e-01
7.338007308213378987e-01
6.909461279278685808e-01
9.293694981089829499e-01
7.859121431219463494e-01
8.623066425687030412e-01
8.671475418797156554e-01
8.212444831079043217e-01
4.699873968014390280e-01
7.246792196906157724e-01
8.519578153649626229e-01
6.416296826900695915e-01
7.653435016304259708e-01
9.061014498592613320e-01
7.671102852225556434e-01
7.695848079564333588e-01
7.385958699267654026e-01
7.507220713980554683e-01
9.153927090673265043e-01
6.428414385093542682e-01
8.094650134270917619e-01
8.886957082034974142e-01
5.309670026006201304e-01
9.793892300267013074e-01
8.033687534699244237e-01
8.083963066460198021e-01
6.173484759645752051e-01
8.121001579051185804e-01
8.318853255505493927e-01
7.787017928715405102e-01
6.794912466160646369e-01
5.667895259237610839e-01
7.956781237828504105e-01
9.039615906841627080e-01
7.500393713076466407e-01
7.696363731371904660e-01
7.866350349323101288e-01
7.741937917900489907e-01
9.375355362527277858e-01
9.397188977825137179e-01
9.376943105004137413e-01
7.391115392784912697e-01
6.621088008106482681e-01
7.778032195398382198e-01
7.665008743239550837e-01
7.169787905991654720e-01
7.667149521125674605e-01
7.265898402533466083e-01
8.671637667432304797e-01
9.113841800365667378e-01
7.296345659329949163e-01
7.115678065746271486e-01
7.885988471150441326e-01
8.301476180267156613e-01
9.350652115396146380e-01
7.672264049050498969e-01
7.626501838386128274e-01
7.064137338159124369e-01
8.585766259113818410e-01
7.369363680978539000e-01
7.612727193807985460e-01
6.912059247116706384e-01
8.482067498442539266e-01
8.676383546878499997e-01
7.461022708477574872e-01
8.498358078849711505e-01
5.444484015907586905e-01
9.706307441543964298e-01
7.232979611817964560e-01
9.150689478684462808e-01
6.658026239068356444e-01
8.174866387951403857e-01
7.992730636007983058e-01
7.856965652888371343e-01
8.092526808107317615e-01
6.931755461018483944e-01
6.833625317478082550e-01
8.827196321076796748e-01
8.016969767698254312e-01
7.255129907152527702e-01
8.274150203396354319e-01
8.643525148606187036e-01
7.913145525353437737e-01
6.649974306816888170e-01
8.269541854733520880e-01
8.400528900515210617e-01
8.178625176901651583e-01
5.992987873947659416e-01
5.674259614529866269e-01
7.771299291023455735e-01
7.722355271704703927e-01
8.382047175952964668e-01
7.363588537037047965e-01
8.090947585411222276e-01
8.823234694148207602e-01
8.023100738452917380e-01
8.248469871039889600e-01
6.613484275549467162e-01
9.746305302969587858e-01
6.327225325138235990e-01
7.996846060310949245e-01
8.537264991420864257e-01
9.325810185185184897e-01
8.720315038552763909e-01
5.658016985821227030e-01
7.875544454521028470e-01
7.622511444303099459e-01
7.572278541196219015e-01
5.906830571989170053e-01
6.810996013602912402e-01
9.262151434991884313e-01
7.817020946141980398e-01
6.591435185185187118e-01
8.537720495668035259e-01
7.359661251276894411e-01
8.649815657553008297e-01
6.580884451658561840e-01
7.085634969182532661e-01
5.990290955164828679e-01
4.872449395860973809e-01
8.995692817283893472e-01
8.322622575330841377e-01
7.781085440759070160e-01
8.155512570632602598e-01
7.776723545932486825e-01
7.843670763787522482e-01
7.981120671651404930e-01
8.089510797474048776e-01
7.866668851611380298e-01
8.479204983038890475e-01
7.819251612951098052e-01
6.925223797718990104e-01
5.613439242965750919e-01
7.762411392128559795e-01
8.813406169376767352e-01
7.218858274719400780e-01
8.213297363460663192e-01
9.283443577335509511e-01
7.814341865400014076e-01
7.808730763510095541e-01
5.705441558171066019e-01
7.700396746400508530e-01
9.733620447142532495e-01
7.523418269314608997e-01
7.216968107643132457e-01
7.189114379057561788e-01
8.110318244148309041e-01
6.510504783204902335e-01
8.318783974369975409e-01
8.319174138167079180e-01
5.926457981677021314e-01
8.287675373821316027e-01
7.635996467492087714e-01
8.450782872136736179e-01
8.337404694891342727e-01
7.036900271373541793e-01
8.942985261242478723e-01
7.476645369115392237e-01
8.083963066460198021e-01
9.025821327540068939e-01
7.372902446319362646e-01
8.543633594120003671e-01
8.667306210122961430e-01
6.150333913271982533e-01
7.505683857102110057e-01
7.716348131305595937e-01
7.472082731541934697e-01
7.439383932103116326e-01
7.186080042262807943e-01
7.996264220310349558e-01
8.107165383520090751e-01
6.635857079663542990e-01
6.662395515631125420e-01
8.132295939062061940e-01
6.130799980250536407e-01
7.945379006480630668e-01
7.480369574063813198e-01
8.553611409362259499e-01
9.201256232681948033e-01
8.876242436542811642e-01
8.270403233048919667e-01
7.772385604283107430e-01
7.287772590379839599e-01
7.288075659877852885e-01
6.984165135490404408e-01
9.867806502113325440e-01
8.100503794877269570e-01
5.592151523655437551e-01
7.730592449792572651e-01
7.262992163694932390e-01
9.788773148148147696e-01
7.699723992590271626e-01
8.905790863196133555e-01
9.280200591147733657e-01
8.895129528906962069e-01
6.352027058178021379e-01
7.275393052923720960e-01
7.822335762067649245e-01
7.328499724996121456e-01
8.573127592012090847e-01
8.390929261259655325e-01
6.792003920379371396e-01
7.573525602885702313e-01
8.115888228157861484e-01
6.319294411360560915e-01
8.413842135437205050e-01
7.943817696478321366e-01
8.871408490230080490e-01
7.857233216040848678e-01
4.487950927219311326e-01
7.826456033243268662e-01
8.028139315515392394e-01
6.665779443441889329e-01
8.191699502478418937e-01
8.023263168106142817e-01
7.009812225093075000e-01
8.123456368566243091e-01
8.398796528238239301e-01
7.458876285728496258e-01
8.499597724605972848e-01
7.970797939638976093e-01
7.095327574513213831e-01
6.792003920379371396e-01
8.194430424394782975e-01
7.149779036893764150e-01
7.820305304773152999e-01
7.424807290894007705e-01
8.002680193022491117e-01
7.250087476527545816e-01
9.015072291502117530e-01
9.229280707780671555e-01
7.492174313579514910e-01
8.318212740865129629e-01
6.276730895292992329e-01
5.642717759496469476e-01
6.895286034227394723e-01
6.713965530367714818e-01
4.511819978938635400e-01
8.052466278364718288e-01
7.865607828323465389e-01
8.004805171315254597e-01
6.829592959914024819e-01
8.280601473454372030e-01
8.183318761463787006e-01
7.368925399669609133e-01
7.217328082363504427e-01
8.154513491562502825e-01
7.844713991360416916e-01
8.770589028602561177e-01
7.361612687941606614e-01
8.542647878022454622e-01
8.110208920606976069e-01
6.209063010146103068e-01
8.825849920962132167e-01
9.849306482150118613e-01
6.829700528483411137e-01
7.801025610169837199e-01
4.791853288031671654e-01
8.379987541846065646e-01
7.932206690959879847e-01
8.118608822623946120e-01
8.564326387940073282e-01
6.806459983129063973e-01
8.784104046417768874e-01
9.141474522324520846e-01
4.455057500168226881e-01
9.222281276937390748e-01
8.389089051131431996e-01
7.719258955058070359e-01
7.774377209209560879e-01
7.857081274678034966e-01
5.180680425986463611e-01
8.233248298111840446e-01
6.057879629347605599e-01
7.781438580087204349e-01
5.814142077339929937e-01
8.326766970042003280e-01
8.183061281024980316e-01
7.418981481481482509e-01
7.610239248583566818e-01
7.912527021317934395e-01
6.920593056256265641e-01
7.996372042973378669e-01
9.327385855411440829e-01
8.108869908920666170e-01
7.471335829216785296e-01
7.923677223042021600e-01
6.790422718912924038e-01
7.176224655900532712e-01
9.190920526767383247e-01
7.864390601974140527e-01
7.065917505096194207e-01
9.168949153670782337e-01
7.539823622030585870e-01
8.322203825640320796e-01
6.637763410034409617e-01
8.184489280274506173e-01
8.183277326065733215e-01
8.102130415208458336e-01
8.820272153300642293e-01
6.626501041083990851e-01
6.019743518081349665e-01
8.429419552705537111e-01
6.911169713504345946e-01
6.970345329326953498e-01
9.056809627999796719e-01
6.102547600598684507e-01
7.019857414259803585e-01
7.128995903709465232e-01
7.705609277924355682e-01
8.265041184337561520e-01
7.786193412396354985e-01
8.451174874159745887e-01
7.720028992229939213e-01
8.880397073435145616e-01
8.588907383103454585e-01
5.000186754173394643e-01
8.301374407238133468e-01
7.406862858891849477e-01
7.720198994933525904e-01
7.811284625888728073e-01
6.284909781736589540e-01
8.017209647833359876e-01
7.101984928842894895e-01
8.448545249285573933e-01
8.959952977609025870e-01
7.698086839844321405e-01
7.590109575478277693e-01
7.634857884550986240e-01
7.389930465139128435e-01
8.305185914663424374e-01
8.087019907816791475e-01
7.434083805628298736e-01
8.385898383168417514e-01
8.006495332179364155e-01
7.889440512707736053e-01
7.138343571326801751e-01
8.130699857194089164e-01
7.321660926414796933e-01
7.726209484391499682e-01
7.256342323201723232e-01
8.563764206761942388e-01
7.838756426977039338e-01
7.858565374590045227e-01
8.741026371780530324e-01
8.144757888327902595e-01
8.302402727240406621e-01
7.006583398085861614e-01
7.611476677734752005e-01
9.456062067742565524e-01
8.473140932385579971e-01
8.172703424448101162e-01
8.112160810482490492e-01
8.469142917567128448e-01
8.742654353546684964e-01
7.452518749871929193e-01
7.924333713460336437e-01
8.861883292585368554e-01
7.587941147100882855e-01
8.195668555264038480e-01
8.664737674315262650e-01
7.801705196134964826e-01
8.490334600076230309e-01
5.176569234744377024e-01
9.092454185089792196e-01
8.319326059805122187e-01
7.591605981006190884e-01
7.968131843602500597e-01
8.237182868556122139e-01
7.839142696351779627e-01
8.090148846764270152e-01
8.646287096090700119e-01
6.970423432430841171e-01
8.288642768504067559e-01
7.252754743599320042e-01
7.530949309384985524e-01
8.301206693065235065e-01
6.408403729676090954e-01
7.017122139523178648e-01
6.836155185014869407e-01
6.690368061684812684e-01
7.268871080430241438e-01
8.622294425974652565e-01
6.361512106922234677e-01
7.346375813711091274e-01
7.996092491282719150e-01
7.776726207194218921e-01
6.551382612167939712e-01
9.142642176360440409e-01
7.785195915535467748e-01
8.007828697187444611e-01
8.052689977883122907e-01
6.699719501298311286e-01
7.613478672466543751e-01
8.676427475144633528e-01
7.947616598973321622e-01
7.723244122630607000e-01
6.798919843466609825e-01
7.961241581829613390e-01
7.914266190175897053e-01
7.839803431218499430e-01
7.793848533215994578e-01
7.670346420308857827e-01
8.772192808699986744e-01
9.308185940500606215e-01
9.495557225147118752e-01
8.539250074524182832e-01
9.811075252733658658e-01
8.021390448489613689e-01
7.880768183486064338e-01
8.742293356471750876e-01
7.314907595466134671e-01
6.736985823294493470e-01
7.875309131376821981e-01
6.907713187275104083e-01
6.227580053214120115e-01
9.692045513829044001e-01
5.050365393609600462e-01
9.026923785787993593e-01
8.121899824186705752e-01
7.647814077261908539e-01
9.346753070347579850e-01
7.396794742533525646e-01
8.989111137910231752e-01
6.484235969335772065e-01
8.018211065210371080e-01
9.730059004892349650e-01
8.834020365443402412e-01
8.335592004639541530e-01
8.304802479916429947e-01
8.427800262944109555e-01
9.409246257685436321e-01
8.712626867740924652e-01
7.900629425063196987e-01
7.374749580272161875e-01
7.448789144075262936e-01
7.016225930282524725e-01
7.739154248468774755e-01
8.363384183269603200e-01
8.005841421163010230e-01
7.462537853806933130e-01
8.246516858277090911e-01
9.560040639065917611e-01
9.851560051789113315e-01
7.428638642237628265e-01
7.689123938597589580e-01
7.274195919738556393e-01
4.791297608944217190e-01
8.678991607908463912e-01
8.716576533953787065e-01
7.852860651515356505e-01
8.477921796400716969e-01
7.966571537472847409e-01
7.157254346490391494e-01
8.572575030648720285e-01
8.015055929287926428e-01
7.714008561609932979e-01
8.028481629899879568e-01
8.144531910535665054e-01
7.922571828141817818e-01
6.904752005354090061e-01
8.582294822628342423e-01
7.671102852225556434e-01
7.257418201399531421e-01
9.318757456675780260e-01
8.169952936080029371e-01
6.522333191370828231e-01
7.981413146244045187e-01
7.877946380302677243e-01
6.987516973110275975e-01
8.672372007605451127e-01
9.462393538115572156e-01
6.618089959282295043e-01
7.475464114156901152e-01
7.819489497040260639e-01
7.474081674738907166e-01
8.193531389679624688e-01
8.770589028602561177e-01
7.896892897243846798e-01
9.052027452030732002e-01
7.962842707011696941e-01
7.771745323470479194e-01
9.145061903400868442e-01
7.979264258698596235e-01
8.153119949200474670e-01
7.617672556232563119e-01
9.235018488033277517e-01
9.216774854805093176e-01
7.903309313087004684e-01
7.703764771304628667e-01
8.790713671813238372e-01
9.048424233389659177e-01
8.937952678497810277e-01
8.481914535129504440e-01
7.452430528200117976e-01
6.933328314984974483e-01
8.495253569331215893e-01
7.819518924520928449e-01
8.136152246363010931e-01
7.592412226262721386e-01
7.678894617909954867e-01
8.487786646927605316e-01
8.419987789310033888e-01
7.405686069269974414e-01
7.887984360446518295e-01
8.284565917622093156e-01
7.832489000488823683e-01
8.271586372746061455e-01
7.346375813711091274e-01
8.081966575825126897e-01
6.658026239068356444e-01
8.144030316322261598e-01
9.372310057462935884e-01
7.878301901542724694e-01
7.373990978545119646e-01
5.611257503983886341e-01
7.739633587141336868e-01
7.834492621878222929e-01
7.946541375402175200e-01
7.802376464759077646e-01
7.271411399887776073e-01
7.209581832470560725e-01
7.931339952781684133e-01
7.047635971780935593e-01
7.239740991956133964e-01
8.016969767698254312e-01
9.422963537341431106e-01
9.224005663771659425e-01
7.705297396905831375e-01
7.492187273725160468e-01
7.758279523008362322e-01
7.542929324685512249e-01
9.220452431843855212e-01
7.826804026697293803e-01
7.443103046607899564e-01
9.156950224264275295e-01
8.206008304607943504e-01
8.862783375735008295e-01
7.242662204152784389e-01
9.567746068601220566e-01
9.453876786827302148e-01
8.220961380397567853e-01
8.060171506340572112e-01
7.778744965150534707e-01
8.156071146808584471e-01
8.523601396044737655e-01
7.914389727453273737e-01
8.111262263854616128e-01
7.179904001309511674e-01
7.918747802069496800e-01
7.876511536110148981e-01
8.413963131065858025e-01
7.087319909710347865e-01
8.355361811546447859e-01
9.129697935442770973e-01
7.375168922449332198e-01
7.508971264846185933e-01
8.032822706663492740e-01
9.191948310539208578e-01
8.451103174467138324e-01
6.629656133280931174e-01
8.512313264398201351e-01
6.312567588892002979e-01
7.749945415678592964e-01
8.738055715298742587e-01
9.252281295773716607e-01
7.208133376644558776e-01
8.274150203396354319e-01
7.463655448814139337e-01
7.042076252959972305e-01
8.664070654983114794e-01
8.501859604530070946e-01
7.738716913654363205e-01
9.171984570658721081e-01
7.466183849803130768e-01
7.407192683611319994e-01
9.095523128325749829e-01
7.606687315462089538e-01
6.562914425931649642e-01
5.450342649288469898e-01
6.953249654111852696e-01
7.283043189582592003e-01
8.039806112064612487e-01
7.179843530106955196e-01
7.698702812976735421e-01
7.034613737540947875e-01
4.367066065513220963e-01
8.027254448959406652e-01
7.351326859504972999e-01
6.628882405373299758e-01
7.837767448376530277e-01
7.832976892995378027e-01
6.261120436185368954e-01
7.189213923203187084e-01
8.711529394030695927e-01
9.272174031108180170e-01
8.220133715662061302e-01
4.848167526004034666e-01
7.733507079340244950e-01
8.005224703790572161e-01
8.214727193579246523e-01
9.172479100480036562e-01
6.987493035575766953e-01
8.396399175478634902e-01
9.731289153833366790e-01
5.995153701502144994e-01
6.385150209060755921e-01
7.755378600759793573e-01
7.921858104023321578e-01
8.011636416678944439e-01
7.698170542613039791e-01
7.186398084435237088e-01
4.638671220286394448e-01
9.329092562040639525e-01
6.368894966351182907e-01
5.014058030174964875e-01
9.423334278129905650e-01
8.295465171796625459e-01
7.602596589615897571e-01
7.471013336201520749e-01
7.078345318684113874e-01
8.422304386467168724e-01
8.176527361771943614e-01
7.374107221822889802e-01
5.857928773368958897e-01
7.972830063289804148e-01
7.477720950344889372e-01
8.516713898828395246e-01
7.834752435097184220e-01
7.473763617458678565e-01
6.960551286197232956e-01
6.400977264401540578e-01
7.387818600119833157e-01
9.395254629629629095e-01
8.254289407348612828e-01
6.082869108668506053e-01
8.576395472154826338e-01
7.397520483518822410e-01
7.456245049035343797e-01
7.048284613264218512e-01
7.875768963961281566e-01
9.189379157623275285e-01
7.931432157029590924e-01
6.633111181756303765e-01
8.441546783510984753e-01
8.503926767774822038e-01
6.882221891509042733e-01
8.033138672842854433e-01
7.158094561265814226e-01
6.125472363328774428e-01
8.341229096021104406e-01
8.103283595979952070e-01
7.391685644563597002e-01
9.266429512818928904e-01
7.454993546994661546e-01
8.284320591734194439e-01
9.204090860840251631e-01
9.419761370975695547e-01
8.584094319511683668e-01
3.056242312842839537e-01
6.619430488200890306e-01
8.311185451643876565e-01
8.019453598590846610e-01
7.639799661209047965e-01
8.447930651080919340e-01
7.518764565018147827e-01
8.917079153496548782e-01
7.830025908599810291e-01
7.543914229054112797e-01
8.128028841406801375e-01
7.313935398053850179e-01
7.775838457174073515e-01
8.842417680592885576e-01
9.129136135416915376e-01
8.189710351825927326e-01
8.504346937828636266e-01
9.263159514421858143e-01
9.075707612241339373e-01
5.806018423848795518e-01
6.533837974181977426e-01
5.950722003834370000e-01
8.716888088209501229e-01
7.528411492430446827e-01
7.320907382637701355e-01
9.027540407479774931e-01
8.000611906913328575e-01
7.046433512807079858e-01
9.200620108803428954e-01
8.219344841600096929e-01
7.520029667961377617e-01
8.583854328934085176e-01
9.069112353951858108e-01
7.845833050378409057e-01
6.765122679677998407e-01
7.857233216040848678e-01
5.203633747394040832e-01
8.484938308959105724e-01
7.857795186022165090e-01
7.938067777236870182e-01
7.966206214418353193e-01
7.598285307859901083e-01
7.962608271582206632e-01
8.325757280883513411e-01
7.900514581700162076e-01
7.143939296404239192e-01
8.380536365106581176e-01
7.948855964574935706e-01
7.918969869694633124e-01
7.966075934903826816e-01
7.678491186688484182e-01
7.832598880972656552e-01
7.462857217970709778e-01
9.710959311791694804e-01
8.465598167520043127e-01
6.911985695603304336e-01
8.839733722354656820e-01
6.739851723750782675e-01
6.444539688331877292e-01
8.046470218491961202e-01
7.729095010875386418e-01
7.961623929828613999e-01
7.505635096142262430e-01
7.275964190855134239e-01
8.188672612959624342e-01
7.078345318684113874e-01
6.409095124098813656e-01
7.959218869287983944e-01
7.152346399740574512e-01
7.060373956233160220e-01
8.016425779451342715e-01
7.851218451195413062e-01
8.700836450193902838e-01
7.239740991956133964e-01
7.820615507123777066e-01
5.821757394755916470e-01
9.229467697461108955e-01
7.854234624723298586e-01
5.863603091136010415e-01
7.378989723538345036e-01
6.329825711658872978e-01
7.430615882057252097e-01
8.583854328934085176e-01
8.252419473764589508e-01
8.839220542707585393e-01
7.419835929737115254e-01
9.113178104559653825e-01
8.260416496323162994e-01
7.249499368939537058e-01
7.322043378342938391e-01
6.745200977838380352e-01
8.058703270611025093e-01
8.618216479801509289e-01
9.417007165966065907e-01
6.731781380205226206e-01
8.026028324393051916e-01
9.512684224585988835e-01
7.578534368570504220e-01
8.614881486099970065e-01
8.302402727240406621e-01
4.851547913621618857e-01
6.503880658002439974e-01
7.964796828801338213e-01
6.635079083485799778e-01
7.528451536226693497e-01
7.052456073001559522e-01
8.153132388566989297e-01
7.266833354064365924e-01
9.262626263580677755e-01
8.822845952379894108e-01
7.549169026236836055e-01
9.238508910871673363e-01
7.498364174260565562e-01
9.492653089090964391e-01
8.576395472154826338e-01
8.514588375986066326e-01
7.957213589391405328e-01
8.037125048468831690e-01
8.262973485475093582e-01
9.056662786088111039e-01
5.374640986009648902e-01
8.183040348278717291e-01
5.858183572087863888e-01
8.166436227022810801e-01
7.083880714873291851e-01
9.213897269034169168e-01
9.244570639241729282e-01
6.938972379173091731e-01
8.379499848769933479e-01
7.614395597080596545e-01
8.757907491420126034e-01
8.698306067923058382e-01
7.937510474341834543e-01
6.650735309164824693e-01
7.836327164592673533e-01
8.742162707820871903e-01
7.660394507095535932e-01
9.686975979622350907e-01
6.399035015469306531e-01
9.049558988710426632e-01
7.759747932064577913e-01
7.627513613273705362e-01
8.409211400348310939e-01
6.943100001194175697e-01
8.211818607652761060e-01
8.061147117476302748e-01
8.013904153226308891e-01
6.929779583034307855e-01
7.735634200685235218e-01
8.239386913886976860e-01
6.685618723035311461e-01
7.101189864223513837e-01
8.715713905555327878e-01
8.111583773815572718e-01
8.731384898956744411e-01
7.540525008344622915e-01
7.903487015000981719e-01
7.069549256250449165e-01
5.960759989371475775e-01
8.757907491420126034e-01
5.757870754264718949e-01
7.896147216252663581e-01
7.481271961211849453e-01
7.954669621717562755e-01
8.816307609873335061e-01
6.361206343044011335e-01
7.663302035054627703e-01
6.600093081816963414e-01
6.951519227316461658e-01
7.390381428832141220e-01
8.578412082801926131e-01
7.419880920300100380e-01
9.681411326706130804e-01
8.498642531184403826e-01
6.900540819939185999e-01
8.198188841935938331e-01
8.111650976460971219e-01
4.788900903040834711e-01
7.034672222189095603e-01
9.582568610080186566e-01
7.656631879938041729e-01
7.449433733401059632e-01
9.144948468897698968e-01
8.188539117802015044e-01
7.856871011402918326e-01
7.290344361284438746e-01
7.670103594278770975e-01
7.503635655641270885e-01
7.846865796461569564e-01
7.948493573590178496e-01
6.777297573939584652e-01
9.273402590967089187e-01
7.079536114649523926e-01
8.810428654976558693e-01
9.253898276116604427e-01
5.722626216289046219e-01
5.120937353141448156e-01
8.725358436901323733e-01
9.537514197207650479e-01
8.192655570196786252e-01
7.925231519052513551e-01
8.142940036142063409e-01
4.595868929609609466e-01
8.814936183524516577e-01
7.038757064985773360e-01
7.457922801641786448e-01
7.558571174988252261e-01
8.015272006591080967e-01
5.873136122106973334e-01
8.051517874368276928e-01
7.351535622111630142e-01
8.428584692017613289e-01
7.089375932934995905e-01
8.059307061791910476e-01
7.001136816948326791e-01
7.677897540223639350e-01
9.459565597562521466e-01
6.389872049477819393e-01
4.499209451554909145e-01
7.862887657678092612e-01
8.579076029948984328e-01
8.277132151519313030e-01
6.600517784520532061e-01
8.668328043179468478e-01
7.974309883812578104e-01
9.016420884550008230e-01
8.391498264242813754e-01
7.558078726408775649e-01
7.760912153980296102e-01
7.919180076850502736e-01
8.046386641777915072e-01
6.660022718670525199e-01
8.071512958769838653e-01
8.039623498848786909e-01
8.107162972688035651e-01
9.193966259532893037e-01
7.620059969923239640e-01
7.742740048642690054e-01
8.086183795908675753e-01
8.066659866005497781e-01
8.074692074701823596e-01
7.667149521125674605e-01
8.008353771006039290e-01
8.562970000404211968e-01
8.376210245584291281e-01
7.921786156240675503e-01
6.776604512692007143e-01
7.880510612768505396e-01
8.680665607821289598e-01
6.125472363328774428e-01
8.449704702014996238e-01
9.855418373514076569e-01
8.058561989094136235e-01
8.528860186533230303e-01
8.152866479914645526e-01
9.843790795333903221e-01
7.646116313329075487e-01
7.822379031140000993e-01
8.059090713527833350e-01
7.550005491125251211e-01
7.639360432941028067e-01
8.097034331620304171e-01
8.412052954458950627e-01
8.001388486199056960e-01
8.334170853781849297e-01
8.746626578931198104e-01
7.641311335328160315e-01
7.852787126059496137e-01
8.878759664170563504e-01
7.357687518884872269e-01
8.380536365106581176e-01
8.017130137840703386e-01
7.572775000602568474e-01
9.045794528947214141e-01
7.651757894431548968e-01
5.560395169942843330e-01
6.102741713012561631e-01
7.941145245763361338e-01
7.753051052873209947e-01
7.824448821020763001e-01
7.810861572916841800e-01
8.024888007969872561e-01
8.134613440360337622e-01
7.059622861377341518e-01
7.772588205270546391e-01
6.664263996536839985e-01
7.930915581676054593e-01
8.701615902573330841e-01
8.832971147736550233e-01
7.137317992016635193e-01
8.494388905184691030e-01
9.103368059532003231e-01
7.914306908067139101e-01
8.177292810875496087e-01
9.113841800365667378e-01
8.175806633944517898e-01
7.689898993184622888e-01
3.875163854462234103e-01
8.338324328075593650e-01
8.001155111683935228e-01
8.917079153496548782e-01
4.926153674903185342e-01
9.056662786088111039e-01
7.780009167967673056e-01
6.144603564122474992e-01
8.132247695610174132e-01
6.637763410034409617e-01
7.903503620677195807e-01
7.862864135138090127e-01
7.750844754123612512e-01
5.431760492002415397e-01
7.737817324925224671e-01
6.819121800002816425e-01
7.490898598697970368e-01
6.953249654111852696e-01
8.740133402807767071e-01
7.823413564061000303e-01
8.398919339151315056e-01
6.082060486318903170e-01
7.483472860763734635e-01
8.265719214033557805e-01
6.140520977275656378e-01
9.427310421612459246e-01
8.261519574397310217e-01
6.912917978476416092e-01
6.558993178986372019e-01
8.019104332180508887e-01
7.743617685931523109e-01
8.051099224152669098e-01
7.821451247451921551e-01
7.577236160899495365e-01
7.230435978758683602e-01
7.181540369925796252e-01
7.971723189715771429e-01
6.192450791708922209e-01
6.571245314483765698e-01
7.874094101761364151e-01
8.385670719945038654e-01
7.953262101557636576e-01
8.493905342953496085e-01
6.681586137393245028e-01
7.845579598961122114e-01
7.314907595466134671e-01
7.783480027916985788e-01
7.750782633938531063e-01
9.380493266915344019e-01
8.286277598886924167e-01
9.040004362092064483e-01
6.143179005921221014e-01
9.035786726427975646e-01
9.282638411252558397e-01
9.492211169458820708e-01
8.660705616062678303e-01
8.345947584024379085e-01
7.600945022121545769e-01
8.169952936080029371e-01
7.843401917747119256e-01
7.975044437035907485e-01
8.294703950632426048e-01
7.265441944210115910e-01
8.659721587957549538e-01
8.101189515718004719e-01
7.395835261430437901e-01
9.419761370975695547e-01
4.042513628182136110e-01
7.899118983602325672e-01
4.788900903040834711e-01
7.138250499641730640e-01
8.957554054952812095e-01
7.666037011903260590e-01
9.295930012054420821e-01
7.704737692794685344e-01
8.079105071939738369e-01
5.362241035082274676e-01
9.659914961824269675e-01
7.991801798706164028e-01
7.522622123010841433e-01
9.339791722460440981e-01
7.575724159279977332e-01
7.918438419110284121e-01
6.843087905686544570e-01
8.270666387868623737e-01
9.397188977825137179e-01
8.933244209126175450e-01
9.140747178626654756e-01
8.181415002633012357e-01
6.748558830353703630e-01
8.120275555474654183e-01
5.642893901261508693e-01
7.949962931452311254e-01
7.803317733053731775e-01
9.855418373514076569e-01
7.715955329690102893e-01
7.082848855366985497e-01
9.482258011045470170e-01
7.977955965609375699e-01
8.068802039578659713e-01
7.422413584688259958e-01
5.580276230016542049e-01
6.827651869797416451e-01
5.931963584731620998e-01
7.814049154629326699e-01
8.905351408853990902e-01
8.107638394908864843e-01
8.117790405345528537e-01
9.122535623655775305e-01
8.967035002490378881e-01
9.794960953089388855e-01
5.836268355330714863e-01
7.557551091494798534e-01
8.104980548722209299e-01
6.614522127195169299e-01
8.223767335794295308e-01
7.443103046607899564e-01
9.092859403443694921e-01
7.769153683468241756e-01
8.275381703507306286e-01
8.171696793872682552e-01
7.424255822135580329e-01
7.961825203203698464e-01
5.916407453092339397e-01
7.898762484456366417e-01
8.223983037562818676e-01
7.868283662291034597e-01
8.190417181770750510e-01
7.835086828723144547e-01
7.413272632238918636e-01
9.129516372682540126e-01
8.274420094802642511e-01
7.412159582247539458e-01
8.439723991130102521e-01
9.000505900315347585e-01
6.862875936237921026e-01
7.451469754314142824e-01
7.492468682987224460e-01
7.549134997739693764e-01
5.447577332938956518e-01
8.104921012581279838e-01
7.498578974574298117e-01
7.750902854264077879e-01
7.540615095357381392e-01
6.422429102982625260e-01
5.449868947858647061e-01
6.140478928097165001e-01
6.550829029960933969e-01
7.928612898535459808e-01
8.740989366007712036e-01
7.815334913624020219e-01
8.188575355894771590e-01
6.764086501211484803e-01
6.689010214358409590e-01
7.190034332208573575e-01
8.479759152049374249e-01
8.034269203323142206e-01
9.105113145366385830e-01
7.758882366210034798e-01
8.479815772921585060e-01
8.234514553337798359e-01
7.595595129289373082e-01
6.851409585749742570e-01
6.939961924896324019e-01
6.812776780828401213e-01
7.017817589768207132e-01
7.874094101761364151e-01
7.625006095229076575e-01
5.323654330128384515e-01
8.341550581965765376e-01
7.504850605133858155e-01
7.048783361907670075e-01
7.806817356791743157e-01
8.418554602279648691e-01
6.361424363972614238e-01
8.840363640941962808e-01
7.738827477495344720e-01
7.905834492129888424e-01
8.032035884458487152e-01
8.968766801653259568e-01
7.367158051514386408e-01
7.614425349387001773e-01
8.320464676784393721e-01
8.885272394666563489e-01
7.255147001534476559e-01
7.081616346496110159e-01
7.219955036883882737e-01
7.786256449445858596e-01
7.664912504283764028e-01
7.996871898458632888e-01
8.059090713527833350e-01
7.045309411779354658e-01
7.685564768772673583e-01
7.057267189519033090e-01
8.082201884717434837e-01
8.032335256602932683e-01
9.380493266915344019e-01
6.098497743170968599e-01
7.927164699237198020e-01
8.120275555474654183e-01
6.708719544780086252e-01
8.447061351830325027e-01
8.595993489814734989e-01
7.844968691203579869e-01
6.547549581919985817e-01
8.066265830777185064e-01
7.800966565928322272e-01
8.304018926732531503e-01
8.317010836858972356e-01
8.059260703082160582e-01
7.589842762275558208e-01
7.712676280280921226e-01
9.868751555763840555e-01
8.162083285934362831e-01
8.568937219427407159e-01
