8.218707488718868248e-01
8.076435432830733063e-01
7.933609191891070056e-01
9.042957712791155345e-01
8.066153339071335804e-01
7.510477914659491327e-01
8.564460478984665670e-01
7.399776388226906310e-01
7.853502163826685534e-01
8.388849598115641903e-01
7.959447278501431411e-01
8.432388984877104976e-01
8.473204298617391661e-01
7.923151096577962793e-01
7.173720887268004720e-01
7.799600679895509758e-01
8.539573086911712574e-01
8.228989635498965560e-01
8.077803071620894837e-01
7.523434383561095062e-01
8.612334530270099320e-01
8.698058417329164183e-01
8.649919439168173296e-01
8.244191104486846555e-01
8.176623104796045816e-01
7.988901948638817974e-01
8.627073020169625517e-01
7.830666280142359881e-01
8.289502300693005754e-01
7.640192638356678723e-01
8.860189737079119388e-01
7.235691446802925419e-01
8.549658541215039431e-01
7.597320111004753906e-01
8.435024900459495711e-01
8.672435805071333492e-01
8.433808768755942653e-01
7.726929977325105448e-01
8.808733618907257368e-01
8.514759693651144934e-01
8.518073504593207668e-01
7.664541836735717650e-01
8.448196943039190110e-01
7.606322570888438550e-01
8.228388133367218193e-01
8.286780905083416249e-01
7.712861471465195518e-01
8.607269410489621908e-01
8.757594574098301887e-01
7.019033300964442335e-01
8.271384320300790849e-01
8.155647145504649753e-01
7.045321400646943344e-01
8.958191363919922878e-01
7.830604926076502048e-01
8.725839406997463188e-01
8.119655531078092681e-01
8.099561057008148879e-01
8.476790652834250706e-01
8.272409172969119595e-01
8.876498191186261710e-01
9.038173222724374956e-01
8.065990927136652555e-01
7.808270786990394452e-01
7.931916120632001022e-01
8.619158162653014488e-01
8.853991324506933491e-01
8.396037854461879668e-01
8.836149767567826885e-01
8.681261352632495543e-01
7.819401651206278059e-01
8.177394480069668514e-01
7.790945114452644260e-01
7.901347015574082810e-01
8.306122747300000997e-01
9.244934979444187073e-01
8.847476066110228077e-01
8.026246823376024242e-01
7.404439949881875815e-01
8.389396547824643502e-01
8.257959620062482742e-01
8.666848035424158381e-01
8.248815494749279775e-01
8.374839118449955988e-01
8.796347509238425788e-01
8.477630234524609065e-01
6.998830197612992965e-01
8.210850775094642451e-01
8.724159720545454633e-01
7.795134908370985327e-01
8.115847838048059204e-01
7.622925608981924173e-01
7.758771847509267072e-01
8.160362852184398497e-01
8.672957530932358106e-01
8.928423510748367820e-01
7.643298558540767562e-01
7.608149224014796319e-01
8.610261483685746065e-01
8.226938937996790546e-01
8.678323748404244142e-01
7.777293878616060585e-01
8.457892379480986822e-01
8.895318660749790274e-01
8.751337366844795795e-01
8.696956116637598599e-01
8.984281833158122010e-01
8.460377295140358855e-01
7.690581048286069255e-01
8.402849802179989114e-01
8.219182486105399699e-01
7.917725303797108483e-01
8.038841150884538100e-01
7.950247624654547263e-01
8.305062929560822482e-01
8.125357650959333933e-01
8.633441409701214653e-01
8.323649639780756893e-01
7.914753690947018416e-01
9.570670274844158554e-01
8.593856779159786408e-01
8.286467842328993916e-01
7.450356604711053654e-01
8.099961257697709804e-01
8.029003677178332410e-01
9.488696960955604887e-01
7.790549509017501428e-01
8.374009985866631700e-01
7.374845087767716301e-01
8.450327331163811628e-01
8.645601010726956526e-01
7.984024968763838714e-01
8.212676500858967499e-01
8.510361347669871401e-01
8.883573199903069817e-01
8.263647215616675146e-01
8.255038489327117812e-01
8.115091889941659087e-01
8.597895152500999449e-01
8.367026632331749925e-01
7.988565063601656968e-01
7.910834127015664574e-01
8.568838883631014758e-01
7.609052662876880646e-01
8.534966527860187169e-01
8.517109962179346683e-01
8.988773055724056382e-01
7.965703046885520555e-01
7.259049088171430908e-01
8.041012193655867613e-01
8.043920920968973265e-01
8.052975220042613014e-01
8.565630162797162050e-01
8.510977545063150851e-01
8.173580214680511435e-01
7.265758860625930460e-01
8.642879208621019327e-01
8.160775900109799030e-01
8.202694271758618205e-01
8.371827275809866631e-01
8.106126218961470231e-01
7.898136737282042130e-01
7.730007109532065490e-01
7.643228120329519371e-01
8.007435393500145215e-01
8.621331386753212644e-01
7.464641816660749774e-01
8.178792114096824495e-01
8.249923652576652833e-01
9.177201593951898051e-01
8.028206497886233306e-01
8.876658124577224696e-01
8.481249272453552646e-01
9.119667263672445179e-01
7.244286494912847152e-01
8.290288372867659072e-01
8.224173406207531123e-01
7.270755190473076057e-01
7.752573020038628915e-01
7.966809953458056093e-01
8.346339592964736598e-01
8.129247619712952622e-01
7.856447147196862213e-01
8.713913195431031156e-01
7.450857500177614501e-01
8.066496686380245640e-01
8.289986951206519405e-01
7.596858137471006467e-01
7.022198827201308058e-01
9.570670274844158554e-01
8.153505925827818634e-01
7.878090718320800434e-01
7.978872317844339923e-01
8.244965659292339266e-01
7.227340520104299504e-01
9.259326189929089068e-01
8.093457761097763159e-01
7.900258331610332529e-01
8.726182742918168200e-01
8.863615174726926504e-01
8.464853137526673343e-01
7.962588121320803847e-01
8.221100805260030953e-01
8.317305345031991148e-01
7.789586904049377036e-01
8.515732112008163046e-01
8.110641632450894534e-01
8.139921582713435244e-01
7.559882283857394247e-01
8.552593450640059158e-01
8.274943537023856654e-01
7.619761770614383867e-01
8.385299615969592502e-01
7.883105442193537593e-01
8.617004683580127278e-01
8.084678431467119397e-01
7.607044329620848977e-01
7.677239149478207736e-01
7.588453249433385617e-01
8.781158061546666671e-01
7.547212164193113360e-01
8.307345139483490737e-01
7.866550720484024595e-01
8.554712625258235059e-01
8.217763603125575189e-01
8.099598992679248877e-01
7.690281998583206047e-01
8.481969259135685446e-01
7.881438488549367127e-01
7.526402266575513700e-01
8.674859104425809431e-01
7.375325674691726174e-01
8.770063438134733103e-01
8.631933331590614378e-01
7.683931103558436781e-01
8.488979545347195010e-01
8.319143714051592253e-01
7.894252952761803277e-01
8.418991195017248019e-01
9.170919099003937980e-01
8.112678983697237944e-01
8.312598200069787335e-01
7.662273505717648314e-01
8.658797160340275800e-01
8.991183592339093700e-01
8.567395765047728373e-01
7.739818409372667407e-01
8.993346263365481486e-01
7.865882255052923933e-01
7.519459373557797477e-01
8.724149373148311071e-01
8.008313744486932340e-01
7.528467760770278794e-01
7.091619930829508034e-01
9.411742778785250341e-01
7.049908151162044279e-01
8.213359220935926297e-01
6.636581239994939763e-01
8.405854630520182003e-01
8.386832173294396231e-01
8.541175224839798741e-01
7.786978425551801530e-01
7.787493305620875050e-01
8.013253578564590862e-01
9.073148675384118400e-01
8.667164191404397311e-01
8.331490872827372884e-01
9.008152393260692170e-01
8.565392505441301596e-01
8.250494398439204291e-01
8.026590397410025002e-01
8.126120830004210926e-01
8.243186232534973623e-01
7.718835431715537210e-01
8.556413733324378379e-01
7.818163515008748066e-01
8.054555623413408583e-01
8.688378654868049722e-01
7.451243024235507662e-01
7.495602396540541612e-01
7.337623285403443996e-01
8.462077903932690992e-01
7.505204484183177760e-01
7.709343048497734330e-01
9.732139070190931607e-01
7.857269380373365086e-01
7.594167939033688031e-01
8.352896436411397785e-01
8.770713049993613675e-01
7.860651713525543816e-01
7.402414973510050844e-01
8.289570858954921073e-01
8.391852828437323941e-01
7.733580970396638499e-01
8.346063117639478390e-01
7.951525443199823906e-01
8.713668235258122952e-01
8.422681768614270759e-01
8.040298385718941399e-01
8.980458787334980597e-01
8.673925338168965160e-01
8.704168227779909284e-01
7.772040625248382018e-01
8.112193759174490815e-01
7.715695788039945713e-01
7.484554005243814201e-01
8.146368976098361525e-01
7.845244046686479233e-01
8.717693059773983233e-01
9.552153609720080985e-01
8.892048977151431055e-01
7.741761532208135677e-01
8.079418133315322548e-01
8.151196612011547549e-01
7.847446403180885488e-01
7.844227753979563511e-01
9.001145821640791356e-01
8.333106860414285499e-01
8.229203807770435475e-01
7.865488655969384846e-01
8.679499367488663353e-01
7.594071520999966518e-01
8.153951948823818796e-01
8.043555816297084382e-01
8.679534865819661382e-01
9.102040224255102396e-01
8.233236165254365080e-01
7.715366384727426752e-01
9.272472294949328786e-01
8.175941507354511639e-01
8.984326667874399375e-01
7.915017583200628648e-01
8.218881045707066013e-01
8.489692032091105123e-01
7.881236710383976440e-01
8.608579504712572383e-01
8.423148635004950036e-01
8.074479211272150847e-01
7.822165224417189089e-01
8.450095145444453948e-01
8.655147310467175004e-01
8.761455996337567109e-01
8.126839211618752667e-01
8.093389504500644316e-01
8.451166016833965289e-01
8.079613456349662437e-01
7.175977915647373528e-01
8.028298814379506432e-01
8.458258282914662418e-01
9.258883109415602108e-01
7.595586325301741937e-01
9.248509992052764694e-01
7.268518981662833722e-01
7.317264853529021895e-01
7.478074131347032250e-01
7.415367987161093355e-01
7.762093775710915411e-01
8.273460188586017061e-01
8.304195285453772613e-01
7.937237549000957237e-01
7.260875561921903421e-01
8.125357650959333933e-01
8.103061822817422266e-01
7.531043354271645951e-01
7.603194683927572139e-01
9.195613379017372191e-01
8.954608864811829383e-01
7.469866003041497615e-01
8.125197977869239585e-01
8.273392342472241090e-01
7.229300418685705720e-01
7.233454689210478961e-01
7.613227590947695411e-01
8.852668741568858746e-01
8.364391233034585982e-01
8.047381584916557529e-01
8.497079656091451882e-01
9.402523648064049500e-01
7.957627763861445658e-01
8.868315590818373062e-01
7.105708459095628760e-01
7.003646946748489643e-01
8.561827624749327459e-01
7.397872221081919220e-01
8.189028759618225406e-01
7.913613101193224253e-01
8.803158251130822620e-01
8.492185310685272936e-01
8.519310757385785138e-01
6.975248324198222161e-01
8.793310459499720233e-01
7.769318796818059925e-01
8.697169595640439343e-01
8.153423032018657368e-01
8.473923268931020658e-01
8.431341737200854780e-01
7.387747664680736071e-01
7.818561938349470886e-01
8.532811372435736841e-01
8.894664140839191324e-01
8.495308422031238038e-01
7.799977597504244020e-01
7.755604090438760201e-01
8.131122110137050107e-01
8.018724230933018671e-01
8.091847140441719155e-01
8.173151154792429596e-01
8.413495704474528436e-01
7.707473701119429421e-01
8.712101178957972758e-01
7.795403557700476549e-01
7.572260867568127995e-01
7.997153502016236537e-01
7.523336961119767574e-01
7.406154941431059013e-01
8.221514677615613387e-01
8.745268642364217859e-01
8.800838037855770457e-01
8.115005296821030667e-01
7.799414436247706917e-01
7.247265039276540310e-01
7.914568027394711658e-01
7.486834505048431954e-01
8.235150624530378494e-01
7.861417258698827348e-01
9.439475982003147081e-01
8.394487827274886849e-01
7.306796620888300620e-01
8.176008154020406593e-01
8.006491874952375021e-01
8.880222204663431596e-01
7.067528405687923954e-01
8.441955537879179960e-01
8.883403831658406302e-01
8.264307529770239524e-01
8.056201601549896063e-01
8.988932513719489759e-01
8.273452701099655027e-01
8.399165615079140501e-01
7.492721730185006868e-01
8.327877068031505070e-01
8.173061506954838462e-01
8.532659423108228669e-01
8.084678431467119397e-01
7.135101877933203163e-01
8.281782547273949247e-01
7.916500889344399994e-01
7.582573939129881868e-01
8.532389662208946790e-01
8.167443057414630614e-01
7.662726852837375979e-01
8.970146554817831630e-01
8.076965815451851993e-01
7.306235654690892423e-01
9.293322887571374702e-01
7.354143128631965842e-01
8.501143350270782273e-01
7.916091305326998784e-01
8.477630234524609065e-01
8.996569127273814637e-01
8.293886993161762033e-01
8.631928994921888032e-01
8.063587704221784058e-01
8.185922321624052866e-01
8.515910090149173550e-01
7.566473160873721238e-01
8.614317215184837950e-01
7.099801395211378097e-01
8.526503086490033745e-01
7.565958166121912187e-01
8.653524794083864435e-01
8.100288102458074180e-01
8.549615936235661628e-01
8.021334157121345898e-01
7.565631941163413199e-01
8.246851000302505286e-01
7.753914170761796454e-01
7.340734748452016900e-01
8.943968687380712268e-01
8.750767324541823822e-01
8.286933607408604185e-01
8.118590195551472766e-01
8.126839211618752667e-01
8.124527744778839988e-01
8.269568159745718239e-01
8.828015943712304026e-01
7.789067976796878456e-01
7.557339927723571993e-01
8.984004380530410394e-01
8.386757052361075715e-01
8.193215190446792029e-01
8.539924032398008569e-01
8.359373074914636659e-01
8.080615212712881634e-01
8.479778740592461839e-01
7.469247094346698201e-01
8.251199928293769803e-01
9.593266579699029073e-01
7.805382167627096246e-01
7.587242428799760852e-01
7.730518765054871233e-01
7.936823568408253315e-01
7.607185945785275294e-01
8.731905352454850666e-01
8.202626550961598095e-01
7.563006475580928978e-01
9.046830520808762932e-01
8.077868278053687012e-01
8.655801684012809361e-01
6.784554248761731632e-01
8.672542726025231907e-01
8.499768887614455037e-01
9.126239404602172200e-01
8.118590195551472766e-01
9.423160514119378606e-01
8.746891840297247311e-01
9.036343398675695804e-01
7.569301764382694309e-01
8.120820269818838089e-01
7.353792126150998643e-01
7.581682727899413665e-01
7.632291235888268854e-01
7.904765096238625111e-01
7.892986700862143490e-01
7.956337899134383607e-01
8.288020867912276879e-01
8.977085880412941643e-01
8.030237300622636853e-01
7.545327072267492552e-01
8.109102561462926406e-01
8.511223010853391502e-01
8.723703442201292679e-01
8.273136716727266249e-01
7.726106254279847541e-01
8.958191363919922878e-01
7.149869809659077369e-01
8.795383653884774056e-01
8.185922321624052866e-01
8.870308948476057775e-01
7.723485481168594902e-01
8.973583671786790061e-01
7.102934685579305185e-01
8.347860063120511320e-01
9.017515299307674592e-01
8.339343654795775551e-01
7.599657746141192938e-01
8.138307992731843576e-01
8.491128488168186994e-01
7.440558009703330811e-01
8.382311747655384337e-01
8.066942982074293278e-01
8.941352757723869393e-01
8.479548739994144935e-01
8.414810226656902481e-01
7.378861996223147202e-01
7.290878457497645959e-01
8.087239187463763912e-01
8.190693673873847835e-01
7.051038634761694901e-01
7.974854766536374484e-01
7.604812334597046419e-01
7.881811681007898640e-01
8.609333380074711828e-01
7.814707011423420724e-01
7.419964641858295407e-01
8.076945534457803388e-01
7.971257293606267558e-01
7.951331363447726730e-01
8.263897284557835121e-01
7.889365405582292601e-01
7.472565326107849515e-01
8.577252204953748072e-01
7.737297534571579982e-01
8.226406256960445695e-01
7.492721730185006868e-01
7.531043354271645951e-01
8.168670886840475598e-01
8.573994466628320765e-01
8.203650265455351143e-01
7.098841269680210564e-01
8.498143956345562966e-01
7.845915560835639013e-01
8.192904433910708217e-01
7.135862075167251906e-01
8.398914755965625201e-01
8.650255656041715424e-01
7.929334667463787678e-01
7.910742858558555968e-01
8.035876180304118988e-01
8.412231627346458129e-01
7.911883298231048300e-01
8.799383443654537063e-01
8.050183967514794592e-01
8.528936493680171482e-01
7.954292334535861819e-01
7.187132224073160547e-01
7.585404343831181340e-01
8.723812110243387430e-01
7.897865984984265841e-01
8.074950721801706921e-01
8.235025797394854852e-01
7.766758449898156780e-01
7.553786006847378331e-01
8.318584393839699720e-01
8.999600728607249911e-01
7.716114107454268289e-01
8.054727831990153852e-01
7.342350744934387219e-01
8.492082020060572889e-01
8.299772157841173170e-01
8.120766863498178889e-01
8.604696642842161181e-01
8.798015194432775576e-01
8.190331484064775625e-01
8.560054668197734085e-01
8.427979234978468792e-01
7.974815055067845382e-01
8.840905377787641184e-01
7.835976152916872550e-01
7.668923300142167498e-01
8.310516511811699703e-01
8.362238378777091530e-01
7.696495874184841046e-01
7.511248534071085503e-01
7.461347125592142637e-01
7.782790307669017471e-01
8.422363555304290816e-01
8.101280461068142147e-01
8.655801684012809361e-01
7.684542565515120049e-01
8.126951985585463278e-01
8.442294000117041008e-01
8.788102593914043359e-01
8.422872472865070570e-01
8.623269067254215603e-01
7.532955978167337197e-01
8.890378510947589685e-01
7.874685365873084208e-01
7.500860176218689945e-01
8.181150069209733866e-01
7.797596475313750553e-01
8.534011646235248882e-01
8.934632537006136355e-01
8.579969443757420322e-01
7.847825090609973353e-01
8.311055506227128520e-01
8.668725435046392702e-01
7.818163515008748066e-01
8.607341137498749628e-01
8.015358798014839969e-01
7.943434940842166725e-01
6.828576650675503013e-01
9.064675746187482730e-01
7.421490720148123943e-01
7.588673070803951815e-01
7.607040509810748530e-01
8.966182987784634406e-01
8.830383726732529137e-01
7.858882872006386355e-01
7.367919688562302172e-01
7.301330582905868338e-01
9.406634309175986308e-01
8.298083901838914089e-01
7.560725970103405746e-01
7.727869452611277890e-01
8.305449765816115271e-01
8.637754358406004584e-01
7.980260494173312402e-01
8.590468267841125938e-01
8.181770685120892672e-01
8.544555498666094318e-01
7.538983300570076818e-01
8.354334447296550836e-01
7.913882226556118171e-01
8.199051725616561814e-01
8.004414925135969749e-01
7.457640244158814102e-01
8.094750787426067129e-01
8.406810353137419423e-01
8.438905956537279263e-01
8.453750955743595252e-01
8.417010307043542028e-01
7.469247094346698201e-01
7.139139314272190395e-01
8.412544101635655025e-01
7.319651227252408354e-01
7.271500583382057847e-01
7.898917987275075880e-01
7.951754115610653040e-01
7.556470299286629499e-01
7.946256668189458638e-01
8.057920333242556410e-01
8.904087025079846507e-01
9.237262366565213156e-01
7.497943980690392474e-01
8.137783204469605236e-01
7.841928429431693770e-01
8.057920333242556410e-01
7.819170378404786126e-01
8.034085076734257536e-01
6.842865751403982566e-01
8.328461874089785333e-01
7.944697407920062737e-01
8.252461317948006636e-01
8.020823647391110978e-01
9.194514467432276517e-01
9.126548263418571283e-01
7.729566751161391913e-01
8.161821188699118768e-01
8.201816568877414726e-01
7.855473181275652861e-01
7.985691302713231465e-01
7.742788742493861287e-01
8.350977904638826610e-01
8.499768887614455037e-01
7.302553282138944946e-01
9.175946130727392624e-01
8.228989635498965560e-01
7.965924880852029988e-01
8.760191686369627195e-01
8.431407917812654418e-01
7.833564761658848852e-01
8.973847835995717448e-01
9.241404481446264807e-01
7.431235186114680813e-01
8.703464743377054003e-01
7.265758860625930460e-01
8.430410922482332037e-01
8.773290416236203537e-01
7.574113856050476157e-01
8.289966275228924930e-01
7.744386680307375759e-01
7.609151217271732381e-01
7.239254211910759462e-01
8.838716420047706412e-01
8.890378510947589685e-01
8.889374422533175002e-01
7.934989680618605989e-01
8.840237331326284975e-01
8.257949297036424330e-01
9.093176076256687113e-01
8.859103112439927763e-01
9.194514467432276517e-01
8.344326044577958790e-01
7.562303666080543163e-01
8.830462308921542824e-01
7.483038770421729380e-01
8.323443347492065492e-01
7.091619930829508034e-01
8.914825676123157017e-01
7.898359412894864207e-01
8.695146456616830166e-01
7.647019669341381665e-01
8.750495377836369215e-01
8.166656863142273126e-01
9.154083122207220535e-01
8.225411085335748718e-01
8.074305893203239659e-01
8.159256578611986388e-01
8.923270703426744443e-01
7.430647012351125902e-01
7.709235986416353992e-01
8.545572526008892167e-01
8.170044839280340421e-01
7.922937121092925583e-01
7.540560733969415841e-01
8.786235614576248798e-01
8.809909382076360762e-01
8.252452212925271979e-01
7.771080121523218365e-01
8.055241472092427024e-01
8.793310459499720233e-01
8.517613636165413116e-01
8.388521994146209693e-01
7.848603385842497504e-01
8.087764846217913028e-01
7.242751047004648557e-01
7.811562284793085453e-01
8.429632018629984458e-01
7.299077433705294382e-01
7.879077779767627021e-01
8.591266817476476136e-01
7.214128767888597915e-01
7.571332378955331066e-01
7.785287294647806888e-01
7.714100417144112987e-01
8.109271862202273029e-01
7.351212746987982882e-01
8.241714375848279150e-01
8.391806311272452801e-01
8.375198483908986580e-01
8.543742990369965762e-01
8.296716216565257485e-01
7.302009419209105623e-01
9.204862437119071261e-01
7.448068880854763485e-01
7.538552225568939669e-01
7.814847479638830086e-01
7.542342510427928470e-01
7.593818070074423998e-01
7.910668152640956130e-01
8.401525910268743402e-01
8.310474878631650686e-01
8.458258282914662418e-01
7.860794575126747175e-01
7.768027645303142714e-01
8.518328587023986653e-01
7.717743914943763217e-01
8.002515071712623662e-01
8.263201382679891127e-01
8.448045911686217213e-01
8.006881737275516331e-01
8.763907352741191481e-01
8.642315607546683376e-01
7.470609033467898730e-01
8.031600080000311781e-01
7.899778799024537168e-01
8.005891396462976317e-01
7.951331363447726730e-01
8.106198296947610960e-01
7.579202971031364644e-01
9.189940469984070326e-01
8.521647980007017731e-01
7.857066495955450369e-01
8.234489425548964237e-01
7.993517194871513354e-01
8.888636258997376638e-01
7.558024622390558944e-01
7.932186958811694444e-01
8.225166382335502568e-01
8.885526946654790370e-01
8.592158201579729315e-01
7.785118943285179727e-01
7.563389990411061303e-01
8.070834405313553894e-01
7.306206336138838520e-01
8.512168261812136372e-01
8.546501509134905028e-01
8.238070357326796600e-01
8.852379954719956645e-01
7.716379675475379951e-01
8.217813609109422268e-01
8.072470041786899975e-01
7.326464721288753479e-01
8.188063222942937314e-01
8.647236518027043850e-01
8.676254468017291499e-01
8.691762251806581796e-01
9.242148097416342800e-01
8.141958150605419497e-01
8.492728138784633174e-01
7.722604931051088029e-01
7.266089928101577833e-01
8.202660033086617286e-01
6.859824517182000481e-01
8.712111221793309435e-01
7.903815975627032087e-01
8.416289506817735688e-01
7.256541207605640142e-01
8.927581520448110153e-01
8.607502057668096063e-01
8.451460423804029176e-01
9.162867691391715086e-01
7.503504388218473764e-01
9.326893026901912354e-01
8.631675778697568413e-01
8.223706104577314102e-01
8.101209379554277223e-01
8.047732756399204046e-01
8.245345746255466901e-01
7.749302619574047757e-01
8.218588288479862225e-01
8.163180587032816682e-01
7.570944879016233697e-01
7.605319282693181471e-01
7.841427250677133198e-01
7.808672638966493995e-01
7.985021157207565778e-01
8.899263947688834664e-01
8.241086136884547830e-01
8.776799070467714570e-01
7.452393041634519655e-01
8.005309951467470819e-01
7.291342727405641932e-01
8.158339336660768160e-01
7.795318667168273929e-01
9.228885690559505139e-01
9.020183646893434881e-01
7.968074914085643279e-01
6.824555770035473090e-01
8.427145026231556146e-01
9.116919902931003294e-01
7.354358460644738749e-01
7.630855283422023350e-01
7.395377671689219445e-01
8.267340111773806566e-01
7.521238804037679859e-01
8.556413733324378379e-01
8.275144292051328510e-01
7.820704495040341486e-01
8.071081100571114719e-01
7.383929262647374037e-01
8.156832118887034078e-01
8.099598992679248877e-01
7.144589906517926359e-01
8.727203458387033930e-01
7.585591944724042746e-01
8.612521011467559884e-01
8.215598668521938430e-01
7.978630170418060663e-01
9.029946422034914599e-01
8.959961357325386677e-01
9.596536481480334446e-01
7.308194244335636247e-01
7.987742711298985165e-01
8.763294071399829743e-01
7.752923372789811696e-01
8.427640634066169145e-01
8.419593259974376132e-01
8.400056203472392458e-01
7.340967225666351625e-01
8.051416885493328790e-01
7.270298137538541150e-01
9.039015725870466200e-01
8.643305882068035295e-01
8.293886993161762033e-01
9.031915627548064984e-01
8.242604061031596485e-01
7.204273844522947057e-01
7.829644088146560099e-01
8.338757581271625252e-01
7.560770319827657682e-01
7.712840642172396066e-01
7.965687786460708963e-01
8.393021517081561411e-01
8.019451210019939991e-01
7.826719626233779037e-01
7.658691510195869689e-01
8.919451824382094163e-01
8.250138958247571486e-01
7.888823110936427074e-01
7.477009849774243211e-01
8.617934200710076764e-01
8.108853639284117065e-01
8.649586169585127271e-01
8.746625053834273800e-01
8.166963466295925622e-01
8.035746821422858899e-01
9.540296768666918226e-01
8.061910885210811228e-01
8.357856567817096849e-01
8.608131237333366270e-01
7.765449657364447145e-01
7.523336961119767574e-01
7.992502395685436856e-01
7.982620847090721172e-01
7.575480208881102406e-01
8.471452891115831552e-01
8.508922772753010344e-01
8.091740715229079894e-01
8.067483030632829344e-01
8.929048700379241810e-01
8.186555762415410609e-01
9.289096282968727358e-01
7.770600028922091118e-01
8.613804901580589535e-01
8.270298347782670811e-01
8.030717375126251723e-01
8.658068732405478363e-01
8.513621607830229587e-01
7.852749248512509439e-01
8.284879534736723228e-01
8.591266817476476136e-01
8.027630079778459438e-01
8.400162983357954971e-01
7.387298269640998338e-01
8.306847825773457927e-01
8.879285966181648115e-01
8.523676339264050217e-01
7.800314152621162789e-01
7.871091273515312681e-01
7.914944361401972106e-01
8.147865365378685887e-01
9.268145767474280650e-01
7.898846708153639540e-01
7.710778475236651497e-01
8.651076034150277927e-01
8.653920815928376475e-01
8.966416538687690396e-01
8.540346923196004969e-01
8.363715154559617782e-01
8.073981374429298752e-01
9.022062654437587037e-01
8.560727881169447606e-01
9.477080095447433239e-01
7.432694270243022094e-01
7.985021157207565778e-01
8.348884532521827495e-01
8.607267221676027091e-01
6.931374205400647748e-01
8.403026331923483250e-01
8.522493089425575707e-01
7.336444290372661214e-01
7.575413006479676525e-01
7.730744633524549991e-01
7.744046037889018574e-01
8.824342830639665403e-01
9.252745039725762677e-01
8.781160584750853371e-01
8.187277769358159984e-01
8.242541269661372016e-01
8.068175302075378807e-01
9.105814301664697519e-01
8.312038717634493423e-01
8.723705032943769311e-01
7.771157120276481756e-01
9.362756593283538820e-01
8.093243463328813059e-01
8.711113226547407828e-01
6.857645891288810525e-01
7.474162969880372431e-01
8.123863520402728744e-01
7.644072827058733255e-01
7.505204484183177760e-01
8.236359437929168248e-01
7.445281214656592761e-01
8.114713600973767482e-01
7.412805017379977546e-01
8.057182657558071837e-01
8.826545242238224009e-01
7.310406397783074661e-01
7.549648299922063766e-01
8.297956669160209131e-01
8.071757308552970356e-01
8.612342151699938775e-01
8.006167903894086946e-01
8.126396396829438373e-01
7.773823852722050454e-01
8.082724753391391515e-01
8.313623833992455081e-01
8.940772440719193526e-01
8.817743208930557408e-01
9.105503347266866720e-01
9.001325135083613205e-01
9.001145821640791356e-01
9.912779828651228087e-01
8.383501072507530960e-01
8.374116090544470037e-01
8.083034976091458823e-01
8.576289037339208665e-01
8.691568669659242019e-01
8.556479990111081069e-01
8.145426385986448414e-01
8.765815757627868354e-01
7.480628834056456400e-01
8.370694017406046239e-01
8.986498638922916227e-01
8.485128160340168479e-01
8.036734376175627137e-01
9.100599073258921479e-01
6.919647302241590525e-01
8.199997239173454355e-01
7.535490232296845337e-01
7.822610912660976634e-01
7.370805775556984463e-01
8.231553170489331883e-01
7.743945172748148975e-01
7.753051823567171930e-01
8.268390168258905604e-01
8.876498191186261710e-01
7.845065676433879975e-01
8.014783079671746746e-01
7.589438192723497734e-01
8.763221927374853504e-01
8.049985276196982564e-01
8.054013153133207092e-01
8.635903301964836798e-01
7.055569148618265896e-01
9.003194168480068704e-01
7.611807341722225395e-01
8.103145301202375750e-01
8.194999621242222698e-01
7.797885753007353093e-01
7.867860031051610026e-01
8.447748283835649907e-01
7.637211608426510701e-01
8.396413081608511408e-01
8.745126251986906629e-01
8.234430037724096429e-01
7.839918186889197615e-01
8.786301259112766493e-01
8.307403961907406931e-01
8.252578733896879237e-01
8.573399771469689679e-01
8.382525618631205822e-01
8.189598005723107699e-01
9.372939614040127765e-01
8.838914112837984449e-01
8.313071767235422627e-01
7.966809953458056093e-01
8.555243393079985381e-01
6.916245933083312591e-01
7.914819795139381720e-01
8.061161331366830662e-01
8.747545850589620864e-01
7.064838389653199657e-01
7.934797079427049482e-01
8.783615948611654956e-01
8.029265986963908253e-01
8.125953673291219648e-01
8.148629576195786095e-01
8.630721723588559158e-01
8.063069862088558803e-01
7.773595391256736820e-01
8.027745182359555809e-01
9.066959332675870176e-01
8.988381744644824423e-01
8.083548353843176271e-01
7.943096641631332000e-01
7.391616227208398504e-01
7.888823110936427074e-01
7.795200795871652932e-01
8.564884352987676142e-01
8.554712625258235059e-01
8.316067423882596010e-01
8.136391584608230199e-01
7.781473996670095206e-01
8.592953072286501071e-01
8.428877708386321999e-01
7.404166190126345581e-01
8.303457672094186615e-01
8.387373071084384124e-01
7.480692466388723094e-01
7.718594820298348980e-01
8.755286891132825211e-01
7.872697067134696303e-01
8.700711541798110682e-01
8.766163344511598288e-01
7.803160173671462863e-01
7.777945125689816885e-01
8.142721641542103317e-01
8.463919475618796318e-01
8.178031660618555465e-01
7.639305254478250262e-01
7.713225457166312804e-01
8.373980759323292888e-01
9.072297399663948880e-01
7.403408147867533984e-01
8.402700212771707644e-01
8.442047015894443840e-01
7.933149321040080526e-01
8.251722531758053369e-01
8.257061746864337026e-01
8.338499326009822799e-01
8.058763875661402176e-01
8.290751686549899802e-01
8.652564596305130085e-01
7.976086591912473489e-01
8.589784682613218481e-01
8.434356048948105089e-01
7.136876233354985111e-01
8.319129541008852824e-01
8.055715121314631633e-01
8.051387396561938692e-01
8.733963675209290844e-01
7.825994354169458767e-01
7.759668393426396582e-01
8.428195145413875933e-01
8.122627353644376047e-01
8.867388935473812239e-01
7.956828734474213904e-01
8.245251383227245601e-01
7.715392385328134761e-01
7.736454829095822383e-01
8.491249949853770795e-01
7.928130384058982294e-01
7.150490123990322910e-01
8.150977905221259423e-01
8.566138970512963136e-01
9.184148278399671961e-01
8.244658964565861892e-01
8.335553301255149705e-01
8.228989635498965560e-01
8.063209751891409205e-01
8.400387589679582101e-01
8.451398473210235407e-01
7.141624119037439655e-01
8.523619300304771107e-01
8.694091494638265250e-01
7.772112513628789410e-01
7.249738192749287657e-01
8.734438615050168497e-01
8.749195549639379177e-01
7.914447277729755870e-01
8.240027879348990059e-01
8.005473556970864601e-01
9.215930200636401892e-01
7.606895401798436929e-01
7.621648688468617427e-01
8.472954189453412166e-01
7.425574971272207447e-01
8.698058417329164183e-01
7.804245791742635552e-01
8.092683129690777522e-01
9.317649439955318913e-01
7.374845087767716301e-01
7.817133454824682914e-01
7.696201262333931536e-01
8.413495704474528436e-01
7.154728769925520204e-01
7.488324892849476111e-01
7.936767347437219122e-01
8.544646161298800058e-01
7.355114123087325151e-01
8.142948300837455911e-01
8.650431621430775264e-01
7.964748214301561324e-01
8.532718830813665889e-01
9.225012511569774531e-01
8.666362092147558149e-01
8.769551246460317584e-01
7.563861235329694122e-01
8.466278871488425173e-01
8.584803973543169153e-01
8.475958574742472607e-01
7.540818821855762577e-01
9.093176076256687113e-01
8.084327541619173996e-01
8.533690403100669952e-01
8.739558713446543559e-01
7.042795844273206374e-01
7.606072111977728589e-01
8.664248196407766667e-01
8.422925453467647872e-01
7.680844561051380914e-01
7.757483746119611112e-01
8.282277346284357966e-01
9.228631798002908670e-01
8.938233405595752412e-01
9.233572720112623866e-01
8.303775863824904846e-01
7.856493197065945733e-01
7.659195668632796661e-01
8.274624071516701873e-01
8.599837497312823320e-01
8.409795413576347523e-01
8.557533268415474792e-01
7.598638753723278016e-01
7.940114600552273805e-01
8.264033103407366632e-01
8.803907375448835060e-01
8.188804131898458349e-01
8.181457653654226059e-01
7.954603195496049439e-01
7.687615052388617753e-01
7.671574670498360060e-01
8.514764765229065890e-01
7.749434383109611302e-01
8.326071624259534509e-01
8.773279570670624583e-01
8.250039411455599714e-01
8.645344744624597899e-01
7.163900458611193178e-01
8.304195285453772613e-01
7.680844561051380914e-01
9.768580084790117191e-01
8.226938937996790546e-01
8.341809301972306079e-01
8.193266302494297548e-01
7.777979995640366129e-01
8.141853457841271569e-01
7.855663703185923330e-01
8.142948300837455911e-01
8.003407037414359548e-01
9.515547469482077414e-01
7.968469845625472114e-01
9.367644026515817846e-01
8.036734376175627137e-01
7.318460064673026899e-01
8.643509049249067377e-01
8.466956631584990900e-01
8.241791355641510108e-01
7.450751808318437641e-01
8.775483495217764052e-01
8.032153750108136370e-01
8.807933293118671569e-01
8.304904125906924506e-01
8.894523350918863702e-01
7.558512437845327225e-01
8.078617031954650196e-01
8.447881280874356413e-01
8.811349759673799964e-01
8.507071693328336348e-01
7.948211366289255064e-01
8.986031849041420383e-01
8.638494015651204672e-01
8.887869352184936123e-01
7.123990855454307436e-01
7.096001094296280343e-01
8.329900563729285556e-01
8.684820319068907724e-01
7.747959264979193961e-01
7.763874028120764104e-01
8.109847918640346043e-01
7.830604926076502048e-01
8.368255570507147079e-01
8.163574335223805489e-01
9.821025372956372346e-01
8.645908172451840512e-01
7.632170545714056509e-01
7.855663703185923330e-01
8.411991925459521013e-01
8.541779131841331640e-01
8.513789942097433894e-01
7.539044575377197299e-01
8.134871280818529726e-01
8.226406256960445695e-01
7.594307431944795628e-01
8.999926449914757987e-01
7.604485582265471111e-01
7.948756487090157252e-01
8.234474029238330051e-01
8.896042183809618198e-01
8.301507287889566822e-01
8.465986282481059444e-01
8.518419354918348452e-01
7.830045749348598649e-01
8.910070687118818444e-01
8.714002213722638057e-01
7.804136271143320425e-01
7.650931735774061382e-01
8.147818702520940315e-01
9.167726209696269724e-01
8.770713049993613675e-01
8.438237366120344696e-01
7.768549838262120977e-01
8.226533622254000866e-01
7.215544600605540149e-01
7.556850538806607620e-01
8.420884229966434376e-01
8.251184902860074777e-01
7.431098792705923550e-01
8.204175927410191083e-01
7.491450390853275909e-01
8.362965617140157848e-01
8.085412845096565659e-01
8.000975100675290497e-01
9.152017848442164372e-01
8.592225852074786285e-01
8.378004847560306390e-01
7.472653711213544936e-01
8.719387003611506204e-01
8.611605444434478063e-01
8.399672994019037331e-01
8.343932582991437918e-01
7.462232813268441234e-01
7.313542439040713328e-01
7.801001712493577100e-01
7.784200584057884287e-01
7.581654211127676346e-01
7.045786731780586676e-01
7.624460972938367220e-01
8.094240505171429456e-01
7.653623333812060725e-01
8.125197977869239585e-01
8.666697772808126254e-01
7.267792463422557692e-01
7.934008318348737543e-01
8.714681525082116353e-01
7.720307268760105979e-01
8.957920856344195881e-01
7.190756363645236515e-01
8.894098179003395721e-01
8.128539240640411112e-01
7.842935681766469713e-01
7.091648464062660917e-01
7.604025019832554300e-01
8.321130572442816398e-01
8.639592377875379148e-01
8.959012023632839661e-01
7.247265039276540310e-01
8.983601177344447963e-01
7.651431322605671825e-01
7.690694628496654861e-01
8.277722603886821240e-01
8.546353167703599762e-01
7.394721215896384869e-01
8.042136080277942911e-01
7.804384516735924926e-01
9.091943345054354086e-01
8.237943841337410644e-01
8.022822032973451201e-01
8.772946156472114509e-01
8.805835571020678154e-01
8.426510392838267860e-01
7.962588121320803847e-01
7.714993695481343616e-01
7.765734008268541100e-01
8.370013111970026065e-01
8.301554213445533348e-01
7.959068786704635023e-01
8.450241215107648918e-01
7.469157091141586102e-01
6.956673554501130452e-01
7.692886957210330889e-01
7.969958764118829642e-01
7.895118339707932753e-01
7.511579393605529731e-01
7.323864180860190087e-01
7.862486511981665593e-01
8.577246054855420798e-01
8.064027681130685465e-01
7.064012903277381294e-01
7.546717683103598695e-01
8.069874850006403255e-01
9.143549896365730234e-01
8.811349759673799964e-01
7.739669329958559496e-01
8.551018714449510894e-01
8.030684626903068501e-01
8.560984669050401008e-01
7.395359506498901947e-01
7.719155673275254204e-01
7.519897554991376021e-01
7.203442965992248315e-01
8.545516697072702561e-01
8.977688533281346084e-01
7.233610619293263655e-01
8.681726519858642410e-01
8.279476183284246726e-01
7.233588542923583553e-01
8.719370976130188522e-01
8.698636434166507891e-01
8.764442263818715828e-01
8.021700769490398564e-01
7.227340520104299504e-01
8.848708921314790699e-01
7.341636490648251190e-01
8.738728979006760156e-01
7.734920401224489872e-01
9.042388138962842437e-01
7.540818821855762577e-01
8.399286615522146837e-01
8.058800423767163990e-01
7.749744423905748913e-01
8.514514025701784838e-01
7.597918585439104033e-01
8.950934007830220196e-01
7.744758077641501481e-01
8.405101423760658053e-01
7.854851294276041784e-01
8.243212957494733262e-01
7.685494770276822818e-01
8.308937097972629582e-01
7.834891557551357799e-01
8.709434989840686425e-01
8.187864024161667365e-01
8.934467013819537007e-01
8.323649639780756893e-01
7.664444903292646494e-01
8.305755579742178929e-01
8.220324491796959787e-01
9.137079689303120311e-01
7.943434940842166725e-01
8.119832371987654174e-01
7.876855075140896112e-01
7.727670522658025565e-01
7.956187278057811341e-01
7.512862027150147837e-01
7.959988247162591568e-01
7.819170666311109352e-01
7.985962628509037931e-01
8.623269067254215603e-01
8.793282878693908788e-01
8.407402322580442844e-01
8.202653752346646954e-01
7.877149673853777179e-01
8.237993349831752576e-01
8.387598674800107457e-01
7.249541038484862421e-01
9.009888486843103950e-01
8.811184621690445473e-01
7.303840475418992284e-01
8.693577392032904028e-01
8.859255591382164674e-01
9.055053639728350978e-01
7.441290771646137392e-01
7.828845444129491904e-01
7.207461854484131791e-01
7.871766279868119831e-01
7.693294614377914620e-01
8.285021449064097210e-01
8.898149252475836546e-01
8.654443504978152069e-01
7.606544411723200616e-01
8.510819425564899454e-01
8.001948824727956877e-01
7.801202076707597355e-01
7.799289551643865392e-01
7.858405207164389505e-01
8.286650203480135923e-01
7.497054889034932001e-01
7.734175359089850987e-01
7.566586970727865458e-01
7.180130097431617342e-01
7.718644443266208244e-01
8.775718326262075264e-01
8.510628688931967112e-01
8.367768388854232020e-01
8.236179341284798339e-01
8.147500553053341754e-01
7.804569948451733907e-01
8.838914112837984449e-01
8.659644428846896558e-01
7.934961206812993773e-01
8.405854630520182003e-01
8.359397831123642764e-01
8.134593695663537849e-01
7.461144559370518348e-01
8.099294804330898767e-01
8.139868781267035613e-01
9.090108146571235226e-01
8.047569339373025210e-01
8.742139024919034496e-01
7.924899240083620455e-01
8.142630797960793698e-01
8.604824941589321874e-01
7.857066495955450369e-01
8.273651579121229505e-01
8.150015282348241907e-01
8.613863139235510280e-01
7.623065558996245938e-01
7.922889954734324558e-01
8.960046786595452506e-01
7.976918717945897797e-01
8.495616713705407275e-01
8.420930019511289055e-01
8.075758550659665191e-01
8.840905377787641184e-01
8.308223393701449355e-01
8.572744850163153130e-01
7.756180703750501504e-01
8.180650153476469733e-01
7.936681159129482799e-01
8.538204260718575966e-01
8.919644020462242917e-01
8.188804131898458349e-01
6.923215656735517420e-01
7.633094753233751195e-01
8.749814362131573819e-01
7.893849429067100187e-01
8.494340593196848532e-01
7.918987963841178646e-01
8.060887306167259236e-01
7.957940874204764148e-01
7.870738375189941793e-01
7.535046403530848425e-01
7.788104776470294865e-01
8.683753389046122706e-01
8.172968845913725078e-01
8.023506505199643479e-01
8.614998614078607231e-01
9.447821027583493958e-01
8.775949016512220036e-01
8.001433631635758159e-01
9.037190494994735701e-01
8.232974278018194703e-01
8.017511182620169485e-01
7.676698271100266258e-01
7.934697320267322107e-01
7.907847848479254704e-01
7.568278992300381258e-01
7.763738073961016228e-01
8.049597105207686454e-01
8.273223547738023376e-01
8.812402014816734797e-01
9.934421440399207048e-01
7.148236202712663356e-01
8.773420444435165999e-01
7.724865794756257120e-01
7.774461811038599901e-01
8.059288986394070875e-01
8.773786247499472113e-01
7.785453015515885200e-01
7.508336536897741720e-01
8.558207626592823081e-01
7.861101264017834600e-01
7.535257381845544833e-01
9.038124038520629622e-01
8.035448631561271648e-01
8.782456897686167219e-01
9.553130604072311849e-01
7.632443428014784592e-01
6.658588644063532236e-01
7.249769943382675663e-01
7.730233496205254351e-01
8.273561559032660551e-01
9.291064326016960084e-01
8.308639051368587047e-01
8.398375998429754574e-01
7.986362237495615579e-01
9.113249583199563020e-01
8.355888527743067229e-01
8.068677183733915514e-01
8.145058621145035982e-01
7.441994880263174128e-01
8.505245975562474303e-01
8.231201987618955718e-01
7.552038162222013407e-01
8.707108911404600748e-01
8.793391024110538412e-01
8.308395229131840809e-01
8.072337334619817950e-01
9.420514459903149840e-01
8.373473133122666390e-01
8.881463463918570778e-01
8.149758966934811388e-01
8.650431621430775264e-01
8.318538580749382794e-01
8.390016139584857147e-01
7.567644779777782382e-01
8.318690674793198792e-01
7.862232221126871368e-01
8.550617729269415213e-01
8.056548762806190478e-01
7.708540872025474444e-01
7.881293066661488878e-01
8.544777646927659287e-01
7.760529273063985212e-01
8.202685531538093100e-01
8.324541598122540131e-01
8.015460333109566404e-01
8.591939502629537539e-01
8.951797535942097594e-01
9.062865785285891818e-01
8.962101190887659108e-01
8.353779626050862328e-01
7.606190100438783297e-01
7.966722878740233327e-01
7.585239269255105166e-01
7.942377536642833968e-01
8.797480646410770211e-01
8.277987905418698888e-01
8.360926565939384991e-01
8.878680109887807648e-01
9.166191972196500171e-01
8.501126386004740354e-01
8.459286940787738018e-01
8.408066444827697605e-01
7.017942267524515110e-01
7.678285456643428875e-01
8.203115322787397634e-01
7.265637392435982944e-01
6.579654132034262748e-01
7.502894935709720770e-01
7.731496318070866236e-01
8.156014741896475684e-01
7.604389966437576920e-01
7.678447109708004259e-01
8.955503108112794486e-01
7.938778525679315301e-01
8.684820319068907724e-01
8.127389688174890825e-01
6.960984822681837159e-01
8.362608759451995999e-01
7.298776911911024623e-01
7.858695774777646470e-01
7.171447320614797727e-01
8.204373235970082723e-01
8.207870713526667084e-01
8.212572065553527256e-01
8.140444896380996109e-01
8.505753149909714983e-01
7.952234797708810365e-01
8.691228367737756644e-01
7.628173964660744932e-01
7.778296378715631176e-01
7.333821790282838426e-01
9.700202927335674907e-01
8.398354343744109940e-01
8.319158308834172511e-01
7.448020262159084082e-01
8.054371329050709072e-01
8.147208087826351974e-01
7.938744276497801122e-01
7.440936722162160288e-01
7.825984940745268625e-01
8.201671303850094352e-01
8.559823282634194674e-01
7.330312578526205769e-01
7.575300606499364431e-01
7.137449244974590767e-01
8.036535611056960793e-01
7.507177858266192993e-01
7.252255779455202278e-01
7.791249771137968017e-01
8.846490067222451126e-01
8.991065924059593595e-01
8.630181595315319365e-01
8.396413081608511408e-01
8.120766863498178889e-01
8.374839602231086699e-01
8.428678359949798304e-01
8.820434201677127550e-01
7.678371195714345232e-01
7.942568400998402112e-01
7.939440942303297444e-01
8.287497545736842719e-01
6.998330315475531638e-01
7.565444326405031950e-01
7.502137887337252398e-01
7.978779557818158619e-01
7.986063205494253747e-01
7.651302188417756778e-01
9.023695219180193350e-01
8.150196381704807314e-01
7.584163534687567987e-01
8.364668785507670679e-01
8.211514616603090566e-01
7.943096641631332000e-01
7.107146695367582145e-01
7.502114321947704889e-01
7.871863628018649361e-01
7.765439796567299435e-01
8.129247619712952622e-01
7.927466877942438428e-01
7.532834187835083517e-01
8.328935648738861053e-01
9.133117486848126854e-01
7.731093252674208216e-01
8.734516510120452493e-01
8.393347751422300940e-01
7.871091273515312681e-01
9.105006683995052752e-01
8.012828197338019987e-01
8.398718676918486281e-01
8.049298858797896417e-01
9.047404843223743054e-01
7.855068443435091474e-01
8.548682546010647476e-01
8.499701605234986079e-01
8.830458438066631777e-01
7.848403736321294399e-01
8.405730955357060274e-01
9.300603653045554919e-01
8.450053657173791644e-01
7.949455798755248326e-01
8.937221618146642399e-01
8.148970588058808140e-01
9.592100946259485283e-01
8.220409173480053289e-01
