8.185601583337379639e-01
7.379568082151178876e-01
9.294207591096432797e-01
8.315123274485503035e-01
8.676454561411920396e-01
8.009043563603257532e-01
7.064835248419557567e-01
7.555361844685826167e-01
8.530067271913592819e-01
8.788336815318896766e-01
8.173250416016559772e-01
8.428149521703076630e-01
7.033231578306562426e-01
7.745873916911436563e-01
7.148773941641131113e-01
8.211927766626858638e-01
7.713997929604936576e-01
8.496356960206502551e-01
8.358192444922026842e-01
8.512240515645640437e-01
8.478189248486305285e-01
8.678488773470036666e-01
7.330312578526205769e-01
8.933360881211034332e-01
7.716977103343688471e-01
7.863640088383283544e-01
8.991622739515160445e-01
7.538381789666930288e-01
7.285022730941005387e-01
8.467437425575130572e-01
8.377028193589020066e-01
7.857135325356792155e-01
8.114318306954780846e-01
8.157007081863981712e-01
8.333876976860695729e-01
8.573399771469689679e-01
8.884164092554998060e-01
7.857606925997077107e-01
6.860578210429575385e-01
9.039433046289935270e-01
7.882494528484702556e-01
8.391547519903195251e-01
7.536662970277848705e-01
8.612380937518313573e-01
7.490422842710486862e-01
7.585591944724042746e-01
8.189028759618225406e-01
7.748425975780992569e-01
9.016752913681251869e-01
7.256693316720046472e-01
7.072946534709910749e-01
7.883239305514611051e-01
7.399181752547835389e-01
8.864070041767676544e-01
8.073144548231491191e-01
7.892389832159478757e-01
7.969138077129681585e-01
8.106198296947610960e-01
8.812402014816734797e-01
8.375631337702752477e-01
8.044581556258573185e-01
8.134863238585701151e-01
8.241709626516011689e-01
8.503115665466913775e-01
7.787333645580684083e-01
8.565462271342286771e-01
9.359788648127175259e-01
8.693926668980560546e-01
7.359400146948085197e-01
8.820422703259518382e-01
8.481222811059588862e-01
8.108286092217839025e-01
8.163549043973011843e-01
9.058053837400199537e-01
8.147352363997399927e-01
8.331920939270478499e-01
8.638063756538213456e-01
9.259481277595638105e-01
7.936578258666050489e-01
7.895301534871772553e-01
9.341848816459149552e-01
8.382621421156667418e-01
8.270053218517416926e-01
8.166963466295925622e-01
8.650255656041715424e-01
8.269515929380844010e-01
8.729889266487442789e-01
8.859964710720523717e-01
9.164397555897378922e-01
7.822720140608139250e-01
7.418701899027607682e-01
8.825258066987334837e-01
7.630855283422023350e-01
7.412432279468744722e-01
7.292952832539221220e-01
7.899378280700678490e-01
7.882950517997793227e-01
8.313203285754642291e-01
7.822083415328252576e-01
7.787628347658372974e-01
9.178042789539502255e-01
8.759164261527528916e-01
7.900512081217747618e-01
8.085537788829519901e-01
7.832203233171022294e-01
8.890378510947589685e-01
8.206684612542538559e-01
8.014221671196792851e-01
7.637211608426510701e-01
8.460409888432522951e-01
8.444382271615141766e-01
8.962429241609785047e-01
9.492025978789844221e-01
8.410008677446887404e-01
8.608062308774647731e-01
8.592162579207418549e-01
7.530773557740638724e-01
8.381773431218199066e-01
7.599668722712275004e-01
8.719387003611506204e-01
8.485790330337115162e-01
8.197669814070542849e-01
7.872904496303976263e-01
9.128619201362953017e-01
7.538405194295465517e-01
7.651431322605671825e-01
7.392143028840277852e-01
8.742995664257686705e-01
8.052321096096368702e-01
7.843039537805006622e-01
8.696338706548329966e-01
8.105950777479274949e-01
8.049781377620550682e-01
7.633081481701653459e-01
7.830387607081255030e-01
7.778737813175196081e-01
7.888116302838441563e-01
7.133446411899359019e-01
7.962633709087955092e-01
6.993793902608673729e-01
7.672499456810496499e-01
8.374808429231049844e-01
8.957082836009802040e-01
8.043731904120726695e-01
8.338904222687754109e-01
8.149662663828445286e-01
7.523436457377210562e-01
7.804796983516629760e-01
7.470365959693261448e-01
7.345142803589536085e-01
8.742921687649983786e-01
7.420619130438543820e-01
8.040383190710912453e-01
7.704269970979774618e-01
8.233356647537737327e-01
8.203455201929326090e-01
8.187517809737957508e-01
9.283358781208597144e-01
8.263466012337210564e-01
7.983834488485406222e-01
8.388743620334623285e-01
8.100806622942356983e-01
8.106433828616833592e-01
8.129676380561892124e-01
7.774999493437061426e-01
8.283985557817877821e-01
8.298684632186731358e-01
8.312238547921507736e-01
7.351644931345332479e-01
9.153685281259192896e-01
7.373843308563419185e-01
7.761193273072302112e-01
7.469856080102039719e-01
8.013210465908804370e-01
7.804153655565849723e-01
8.231189697341403377e-01
8.712363960644117222e-01
8.200302325755346455e-01
7.471623941174121430e-01
8.069057816724025667e-01
8.900886592300141231e-01
8.005309951467470819e-01
9.719674529195320156e-01
8.884638387260714865e-01
7.217057795753737404e-01
8.683387895941350187e-01
7.282544663929378936e-01
7.646699231186551149e-01
8.323323281846414234e-01
8.092971921172786853e-01
8.324250768650495180e-01
8.076329338304869543e-01
7.458493906905188098e-01
8.851602018819464401e-01
7.274257209593473217e-01
7.633081481701653459e-01
7.871863628018649361e-01
6.854675644033642046e-01
8.473923268931020658e-01
7.023377721137864516e-01
7.483464956356827846e-01
7.736890211213894863e-01
8.200302325755346455e-01
8.145581464879226852e-01
7.829993451830116191e-01
7.816684460120635336e-01
7.528012552668519319e-01
8.912046750893695135e-01
7.808305518444894622e-01
8.372260418314980690e-01
7.831331779683264882e-01
8.785966311514420424e-01
8.059288986394070875e-01
8.593413875190580864e-01
7.862609509142383102e-01
7.889268126105092316e-01
7.893847093871054765e-01
8.618717548710729259e-01
8.490037736792417356e-01
7.653722762017713954e-01
7.823442411232327531e-01
8.693577392032904028e-01
8.284879534736723228e-01
9.167223205236699757e-01
7.022544733186427690e-01
9.181248575239706611e-01
8.360896789747951363e-01
7.597901511557649812e-01
7.469866003041497615e-01
8.788800465327782918e-01
8.687114216101623487e-01
7.791691571432998176e-01
8.043989037703301870e-01
8.674802497613449681e-01
7.786861903277951802e-01
7.702064445492637912e-01
7.828869775244237106e-01
8.501948293248067223e-01
6.808617331930528760e-01
7.976441518259721475e-01
7.843654426648493105e-01
7.746156476605244867e-01
7.996061121855106979e-01
8.637654400618050010e-01
8.329722155120863336e-01
7.505204484183177760e-01
7.719086659357883295e-01
7.888666991140858009e-01
7.282544663929378936e-01
9.067023777403323548e-01
9.837377553601965863e-01
8.655664819878614580e-01
7.606072111977728589e-01
8.106306220241711324e-01
7.768386106962194004e-01
8.076965815451851993e-01
7.453724930706366880e-01
7.460125860483612925e-01
8.017249055078277120e-01
7.919195873251723139e-01
7.075537797569718679e-01
7.674467541017750971e-01
8.465639231337886983e-01
7.978779557818158619e-01
8.385557653246884513e-01
8.993349103910021070e-01
8.266491500729282738e-01
7.031388129032212220e-01
7.270261624696933156e-01
7.830138492312784804e-01
9.606803518969216915e-01
8.162698460398537526e-01
8.703469993846485453e-01
9.222093017355006417e-01
7.974902204177243270e-01
8.150371532892591864e-01
8.357152959440257156e-01
7.603229500218334769e-01
7.720891340771021127e-01
9.117025340102187236e-01
7.947117378738326465e-01
7.757341918600032526e-01
8.017730569256183992e-01
7.997928112519138155e-01
7.601576121367420447e-01
8.374201726185963590e-01
7.768699020893525820e-01
8.139675081625193931e-01
8.983601177344447963e-01
8.305542753372129328e-01
7.808469560071913396e-01
7.663956113710752582e-01
8.989837173096587586e-01
8.569541584619944086e-01
7.865442027594437002e-01
7.832487619180833471e-01
8.984124600993962373e-01
6.943337443097711281e-01
7.232756319660037514e-01
8.904087025079846507e-01
8.818296632020635739e-01
8.930675357614663579e-01
7.725648554655742961e-01
7.710391772042496372e-01
7.746538534227658257e-01
7.591631352778607233e-01
7.322482948650871348e-01
9.053384055464717139e-01
7.777945125689816885e-01
7.693215624225718807e-01
9.016305037353165019e-01
7.536018495032368314e-01
8.328867163074088475e-01
7.074139850456827583e-01
7.781240245524954080e-01
8.112678983697237944e-01
8.758476333268265801e-01
7.508769115539690731e-01
7.698743749582489526e-01
8.105350549671082039e-01
8.667747694647601753e-01
8.441102920698938528e-01
8.500254309705890243e-01
8.245936422268750343e-01
8.688513287685875053e-01
8.471946215514979395e-01
8.727815874698094945e-01
8.246851000302505286e-01
8.564975981831399743e-01
7.920693934587448304e-01
8.509370536066962476e-01
9.321055977157426398e-01
7.238718589803696535e-01
8.134283102415287292e-01
8.321491055476544219e-01
7.952251112550245971e-01
8.547328241667098148e-01
8.813149345389666989e-01
8.469060380457664738e-01
7.722613422489483792e-01
8.567395765047728373e-01
8.814210442986624150e-01
7.302782192617099932e-01
8.709615232758344261e-01
7.382466035874741817e-01
7.742306944132270052e-01
7.406699787041371996e-01
7.864029094151921973e-01
7.981893717052920278e-01
8.373291387044861089e-01
8.250645312482275395e-01
7.857418279310840470e-01
8.472354663343656389e-01
8.195774801969936130e-01
8.420515891526492158e-01
8.228944660090898866e-01
8.173565457622746777e-01
8.183818240500514429e-01
7.855587536726067466e-01
7.726942186686386327e-01
8.289876165896336024e-01
9.072450525315809422e-01
7.657732132515497891e-01
8.058333531724413135e-01
6.871497127853471998e-01
7.340725124807744306e-01
8.327877068031505070e-01
8.656440838999971410e-01
8.256215938606126237e-01
7.879347574394544029e-01
8.938069476587525708e-01
8.420739123506383317e-01
7.515141918833996293e-01
7.829502364764686639e-01
8.549658541215039431e-01
8.231541743910842923e-01
7.562318693276096626e-01
8.106374059558592027e-01
7.592109688469468320e-01
8.279317463603030891e-01
8.253123920709968253e-01
7.559160437807505017e-01
9.005289125938210626e-01
8.445320700170488859e-01
7.223222902773377418e-01
6.939798000463327510e-01
6.802951533629085779e-01
8.126120830004210926e-01
8.864767493538774357e-01
9.104494192127412511e-01
8.010639203705972600e-01
7.015995652412395645e-01
7.522949344358160761e-01
7.668947143931491572e-01
8.732052822887966803e-01
8.726484786050870968e-01
8.094330481905429586e-01
7.674325140329997241e-01
8.383996017405113133e-01
9.357346338509172634e-01
8.057301401483953907e-01
8.400162983357954971e-01
7.697078196924189708e-01
7.579929162902123707e-01
7.274256968873046292e-01
7.886611870839526084e-01
7.779989917849098324e-01
7.394566138549542034e-01
7.842661014126346419e-01
8.882444148313128895e-01
8.024389365616015901e-01
8.623996139461242993e-01
8.102500842496888067e-01
8.079059148951490688e-01
8.959651991217383316e-01
7.871766279868119831e-01
8.128787708174914917e-01
9.377253393811934012e-01
8.453655458571760484e-01
8.068395878609559979e-01
7.812658157831450234e-01
9.000129745309588536e-01
8.693585304959167148e-01
9.093801542434959417e-01
8.120730812410593691e-01
7.502894935709720770e-01
9.352216601389864437e-01
8.530661135549788554e-01
8.642879208621019327e-01
9.427211428381747638e-01
6.964965793762786239e-01
7.033872642753138393e-01
8.713898634801395815e-01
9.507845123986565783e-01
7.699653321852110155e-01
8.569224229477329091e-01
8.460233160718622081e-01
7.443491348965665111e-01
7.612241633282684772e-01
8.558944344387114933e-01
7.698585706941033502e-01
8.450165165463100481e-01
7.490675599811890129e-01
8.825382772746566129e-01
7.528891547622397207e-01
7.673391608666428887e-01
8.073880322263371490e-01
8.766956477199447928e-01
8.651427402171755210e-01
7.643068958600574003e-01
7.575300606499364431e-01
7.581069707756454834e-01
8.863130292687482203e-01
8.840979886236132179e-01
8.393778440647331474e-01
8.165605702033535973e-01
7.431772935187742624e-01
7.949951407145356974e-01
7.559154905281463277e-01
7.419310914528751688e-01
7.809007549921916924e-01
8.654356600594321769e-01
8.542674578234269456e-01
7.726760750235983632e-01
8.462705672211191521e-01
8.100790118658517391e-01
7.795200795871652932e-01
8.286616650351023017e-01
7.761735906501820992e-01
9.149950173505185802e-01
8.020058876417952565e-01
8.787014528463736873e-01
7.475837290333534613e-01
7.421490720148123943e-01
7.674025900975945946e-01
7.040586229334713231e-01
8.107897651194646560e-01
8.220794765355283751e-01
7.637484075408659256e-01
7.147507382439020063e-01
7.521736444620262807e-01
7.907891946563911922e-01
8.367221187749724898e-01
7.892526571459830276e-01
7.848004193856806809e-01
8.928123289653154826e-01
8.484008676452884368e-01
8.168965200670880167e-01
7.965703046885520555e-01
7.294959524566427822e-01
7.301292162191443946e-01
9.580410065291681265e-01
8.111424690515569580e-01
8.042342540167689569e-01
8.668363957595869307e-01
7.580928004738494153e-01
7.335168876359537959e-01
7.437641342068459505e-01
7.864888715052441581e-01
8.310474878631650686e-01
8.631230156526886743e-01
8.922464522308766188e-01
8.350955661804638774e-01
7.864469055584327739e-01
7.728196992268060450e-01
8.395644568651765560e-01
7.560283520756323483e-01
9.005283030368494979e-01
8.446368592129182007e-01
8.709132000524658634e-01
8.537710709299765055e-01
7.199606740350565914e-01
8.445070240458244504e-01
8.550285568482381970e-01
8.162375915103103896e-01
7.708540872025474444e-01
8.377659479098994444e-01
8.278113403618444499e-01
8.411556717262674843e-01
9.330411935330580331e-01
8.669486483407675692e-01
7.490873823366862583e-01
8.345220647633766475e-01
8.231167250034124860e-01
7.772884767531098582e-01
8.296076687588052057e-01
7.637821578459627059e-01
9.252303539567596768e-01
8.431334804893716450e-01
8.165229641060928190e-01
8.216502812643761144e-01
8.080096026172295387e-01
8.379023734042999605e-01
8.567277542440367988e-01
7.451009209769305919e-01
7.929223425804631242e-01
7.698743749582489526e-01
8.603944846647996192e-01
9.092184189043420739e-01
8.846504131217864941e-01
9.377312124308417873e-01
8.936015828868765221e-01
9.070130148018770155e-01
8.489610750080793800e-01
7.778025710722056285e-01
8.868571735746213491e-01
7.990514239755346360e-01
7.860194521306905768e-01
8.473080692441140593e-01
7.613645289157877638e-01
8.027014907228677831e-01
8.609035113912970605e-01
7.329395918819562317e-01
8.869036253887701005e-01
7.444489913506899814e-01
7.944769442355543720e-01
8.315407095502678203e-01
7.268896303257527114e-01
7.443096501973690549e-01
7.898917987275075880e-01
7.275497093100701251e-01
9.483569494863866023e-01
7.825966102824467585e-01
7.884126317026565189e-01
7.458134594428396102e-01
8.126353187710299020e-01
7.772040625248382018e-01
7.615516041629311061e-01
9.207273042219829007e-01
8.986157959792874239e-01
7.933149321040080526e-01
7.976616883566122196e-01
7.671310787400101860e-01
8.908249445626948981e-01
8.575717080092767342e-01
7.977285184895083203e-01
8.442168456091402318e-01
7.981214399054898934e-01
9.408613719274708798e-01
8.482376501812761704e-01
7.171579564447957411e-01
8.371558407279243719e-01
7.150783954316010105e-01
8.079373132310218031e-01
8.673925338168965160e-01
7.953173657298195920e-01
8.336555226248051342e-01
8.013466637860549024e-01
8.622710271377438396e-01
7.826077543596589026e-01
8.284917332997793205e-01
7.730119565374024004e-01
9.366984108151049648e-01
7.074725334493193740e-01
8.391817908753336219e-01
7.380321773226139470e-01
8.049673643899475373e-01
8.666034023824634724e-01
8.568399196741849355e-01
8.396731748436094822e-01
9.276409863859281790e-01
8.097252097989459108e-01
7.969147256760759079e-01
7.070196968332053133e-01
8.439722152420435775e-01
7.758922157603422853e-01
8.231807636917708448e-01
7.734313491881231739e-01
8.066664183905531971e-01
8.830383726732529137e-01
7.231885493447109958e-01
7.962995861217488924e-01
7.904232365129294502e-01
7.298023927625607588e-01
8.007981785513269557e-01
8.465460302810881021e-01
8.721923947103147334e-01
8.886918612147447494e-01
8.599668491492937772e-01
8.236664908552382425e-01
7.916697601756601532e-01
7.906846927924086055e-01
8.591842220231526994e-01
9.144549110471288378e-01
8.006487968423171564e-01
8.040302762877808984e-01
7.937237549000957237e-01
8.999311009608356171e-01
8.018253486504991479e-01
8.921682636759581397e-01
8.074798132442591037e-01
8.334444806000510519e-01
8.098313976165011363e-01
7.651195431680289927e-01
8.125253073502443080e-01
7.975585885425818811e-01
7.890742214423661638e-01
7.536696130064679533e-01
7.431098792705923550e-01
7.378941437505169842e-01
8.095171465525156096e-01
8.583180861949357698e-01
8.786188073222078732e-01
9.014371780780262577e-01
8.231807636917708448e-01
7.878597046111617264e-01
8.532600486354477987e-01
8.444210186422708153e-01
7.766302713973045613e-01
9.466074677025544393e-01
7.813483591673471285e-01
8.537904380897576306e-01
8.137556742857277037e-01
8.435526806068491812e-01
8.955565371854098400e-01
9.097459222705717163e-01
8.035746821422858899e-01
7.400103681908580811e-01
8.145677680525841291e-01
8.510819425564899454e-01
8.218588288479862225e-01
8.862111536483054941e-01
8.065559893114949697e-01
6.905670802644423567e-01
8.613804901580589535e-01
7.938929301315617026e-01
7.727982585935513349e-01
8.648994329529905434e-01
8.513935375638324032e-01
8.073937934454884502e-01
7.700841785109152626e-01
7.949186191472733531e-01
8.717378954337302588e-01
8.950452883605134469e-01
7.859806211589182023e-01
8.289621830533425717e-01
8.454761825895796834e-01
8.840905377787641184e-01
7.901368670702126895e-01
7.856349018685183649e-01
8.051932102873035069e-01
7.424078524051580530e-01
8.417214767699512379e-01
7.833209174403080732e-01
7.777633890657762450e-01
8.319158308834172511e-01
7.638403553744036456e-01
7.140361836153266140e-01
8.548252319453479853e-01
8.139868781267035613e-01
7.728135846347494731e-01
8.654583761912821860e-01
7.632787714491415798e-01
8.010734360649995889e-01
8.480751043549239476e-01
8.086637307162434229e-01
9.667406773146280941e-01
8.973260649401570976e-01
8.395682664622049485e-01
7.975884529831173131e-01
7.195566002152213869e-01
7.083298364082557530e-01
9.179303837183232506e-01
8.147628270560127728e-01
8.634515839961248718e-01
8.855940803271575845e-01
8.234593746409772930e-01
8.291078882646351067e-01
8.575790719075893076e-01
8.567116275264660130e-01
7.874117796271812297e-01
7.617281757415327315e-01
8.763603021380279579e-01
8.240594612098047778e-01
8.826224549448857815e-01
6.605177900977529104e-01
8.787648406280876845e-01
7.884655600502689099e-01
8.470136223855556645e-01
8.076493344838011623e-01
7.536900364706838884e-01
7.446965336812788605e-01
7.414040314740942827e-01
8.605237745185658760e-01
8.686320040390180797e-01
8.893953329729774593e-01
6.986589611489990581e-01
7.453817016501090853e-01
8.983601177344447963e-01
7.707473381060330198e-01
8.961960889308053790e-01
7.985889919766239187e-01
8.906836638540922557e-01
8.126105129262817250e-01
7.664394385634156759e-01
8.253445055922988827e-01
9.139979749880939863e-01
7.966346634705445684e-01
7.833413836562245214e-01
7.169979306946971942e-01
7.949914965873463579e-01
7.655158241309115708e-01
9.056029151859784632e-01
7.564863999915655279e-01
7.474122029626272257e-01
8.408323745917517522e-01
8.407590312309798364e-01
8.461066891887717434e-01
7.444504746924298644e-01
7.966892521079276257e-01
7.315395695021686961e-01
8.463930639524026578e-01
8.305449765816115271e-01
7.942491195332698206e-01
8.117104016216432072e-01
8.402797155311322319e-01
7.988266275259745530e-01
8.323443347492065492e-01
8.909300698808193530e-01
8.261125720748075940e-01
8.380924146988664170e-01
7.606416065938369497e-01
8.313585148011121140e-01
7.041531402050553723e-01
8.325656164470555121e-01
8.399873471988776874e-01
8.993346263365481486e-01
7.912685360259049672e-01
7.911883298231048300e-01
8.015772538528626034e-01
7.365379755181387100e-01
9.030272064456633663e-01
7.142178772819272048e-01
7.726327236470796889e-01
7.548693176948475525e-01
8.080524779206947894e-01
7.981384669432993739e-01
7.529688143988418902e-01
7.347696471121133444e-01
8.702710849007428973e-01
7.687586475889988114e-01
7.950392270837126629e-01
6.849872018052921563e-01
8.372207127053797882e-01
7.377660515189572443e-01
8.202008649666893136e-01
8.523261958343631983e-01
7.875144190515710463e-01
7.672800036718759875e-01
8.527337903535234798e-01
7.581682727899413665e-01
7.076415896485303003e-01
7.809328754309255993e-01
7.666712184961003151e-01
8.441102920698938528e-01
7.179413668224341460e-01
8.387373071084384124e-01
7.063562242513814482e-01
8.484867038511311188e-01
8.520263230832765267e-01
7.022178744691831564e-01
7.535501294790112325e-01
8.532433115962312353e-01
7.836327683845031311e-01
7.857135325356792155e-01
7.215568652253347981e-01
8.810902422847288751e-01
7.691442532601733273e-01
8.954182126947404230e-01
8.485084270441231036e-01
8.603259059886905202e-01
7.033872642753138393e-01
7.589557128334026848e-01
7.394720689591253171e-01
8.673593786179134568e-01
7.906600790804395595e-01
9.663645461916744450e-01
8.919465859399644536e-01
7.169125024020392978e-01
8.566920908243129684e-01
8.630691235870521227e-01
8.323967698384172609e-01
7.795537722334563435e-01
8.194999621242222698e-01
8.246851000302505286e-01
8.488844660830057176e-01
8.029044798741175049e-01
7.814437026576047662e-01
8.075320801571433948e-01
7.952593024671930078e-01
7.922937121092925583e-01
8.621546050133986894e-01
8.329343979600086767e-01
7.882809364223714033e-01
8.627940520557740856e-01
8.031535407437118135e-01
8.539248366682606894e-01
8.510628688931967112e-01
8.360926565939384991e-01
8.078617031954650196e-01
7.615862368331193233e-01
7.667897352261655586e-01
8.645487565734750746e-01
7.172929423138086902e-01
8.321207238821297647e-01
8.138016695621804741e-01
7.641158424106918590e-01
7.799957566759275762e-01
7.615862368331193233e-01
7.770885283374185937e-01
9.046709046908656404e-01
7.655158241309115708e-01
8.959961357325386677e-01
8.758572707952010372e-01
8.678661844018709104e-01
7.029762183541284903e-01
7.967724913212429483e-01
8.203680476290940993e-01
7.224869672706075718e-01
8.107967246775866776e-01
8.307774695102263518e-01
8.346339592964736598e-01
8.494480729587583490e-01
8.289876165896336024e-01
7.328280284107148157e-01
7.576737221295680724e-01
7.919816830725174839e-01
7.922180504409697122e-01
7.661922041607018841e-01
6.878355973585427163e-01
7.633015833189681354e-01
7.931419125335654741e-01
7.794135832072349723e-01
8.490649678745351148e-01
8.600177122454970569e-01
7.867257425696055906e-01
8.541530786171895873e-01
7.897350694389647652e-01
8.182864589898102281e-01
7.647756586442361337e-01
7.967864678788384447e-01
8.307444806832898765e-01
8.890756601248085422e-01
7.715874052103359748e-01
8.367221187749724898e-01
7.753055810556920280e-01
7.143857477915446230e-01
8.893253178838449458e-01
8.095884025714347176e-01
7.845689466236145382e-01
7.531356919961978980e-01
7.946256668189458638e-01
8.889829416774222004e-01
8.986257434080020534e-01
7.562787548600616860e-01
8.585575990755894837e-01
9.446736979286476377e-01
8.328422839091249585e-01
8.575867150834231012e-01
8.474230038691930034e-01
8.362757356616393745e-01
9.037343013301004646e-01
7.104857562774002933e-01
8.387773865058160139e-01
7.872608307507868997e-01
7.356904352854906071e-01
7.500346858553577079e-01
7.538400607704911494e-01
8.785426131774352054e-01
8.681726519858642410e-01
8.593769686072412206e-01
8.354054635689087682e-01
8.382110176475369157e-01
9.577113672844386194e-01
8.325703628445487725e-01
7.669387247565356835e-01
8.208292731517621288e-01
8.881317143716974671e-01
7.933609191891070056e-01
8.183058676820942345e-01
7.529688143988418902e-01
8.520535168922716007e-01
8.370502513345687845e-01
7.976268149040866007e-01
7.581395026549258009e-01
7.451767475438129118e-01
8.427969549272378291e-01
8.439571482533054780e-01
8.071922204084438501e-01
9.345651836344880392e-01
8.885763038944191061e-01
7.458512574738039858e-01
7.910668152640956130e-01
7.288408084441400092e-01
8.349251537032427173e-01
7.473863797133956099e-01
7.483464956356827846e-01
7.824191289563923180e-01
8.234510626907814990e-01
7.653271130328704874e-01
8.720965172681008903e-01
7.317323562510935631e-01
8.079546384747638976e-01
8.145426385986448414e-01
7.556470299286629499e-01
8.513731220605819106e-01
8.885763038944191061e-01
7.523434383561095062e-01
7.682667559998749285e-01
8.048544756239828235e-01
9.300159007736793493e-01
8.603416415398997819e-01
7.781607949294756521e-01
7.806990387016304878e-01
7.143803330236642157e-01
8.620394093549170744e-01
8.810021680799443589e-01
8.090032700316972525e-01
8.717413337316722854e-01
8.194849405418723753e-01
8.826544243644861565e-01
7.308965505326012746e-01
8.535103970254788175e-01
8.757019784755321057e-01
8.126414429190886857e-01
8.673348132552499701e-01
8.134871280818529726e-01
8.672002952060660075e-01
7.219689398100093136e-01
9.121890915212138573e-01
8.368146075997783262e-01
8.005891396462976317e-01
8.224328712182454870e-01
9.646305932232606128e-01
7.896426787293343574e-01
7.125917430586646839e-01
8.000975100675290497e-01
7.175827562630057166e-01
8.691568669659242019e-01
8.562481512824463570e-01
8.168929232154562570e-01
8.410207570601584415e-01
7.821487089181364816e-01
8.351390586469885635e-01
7.901220371663275621e-01
8.502588120633230995e-01
9.488696960955604887e-01
7.477253009349615898e-01
9.347581612067575874e-01
8.371074297825737975e-01
7.614382471449622214e-01
7.323247226721637526e-01
8.322769647675810623e-01
8.360926565939384991e-01
7.480246074402701062e-01
8.718686705664047132e-01
7.408309036707551032e-01
8.160858876867023159e-01
7.567971163412762214e-01
7.832203233171022294e-01
8.046625476197386551e-01
8.127824881112875044e-01
8.921358765588950357e-01
8.610740572016730709e-01
7.511024993023247553e-01
8.454664995944999317e-01
7.872697067134696303e-01
7.393754312685517638e-01
8.038988660304704492e-01
7.113556134450690349e-01
7.756673692132999287e-01
7.839954605937147214e-01
9.746048479845215162e-01
7.568158451322302138e-01
7.249672060628153947e-01
8.016778304908994679e-01
8.917282036392091271e-01
8.782087808810163931e-01
8.045169254498603095e-01
8.807171343125180796e-01
9.225012511569774531e-01
7.991088710271713191e-01
8.101214156782470255e-01
8.740697016162767286e-01
8.825327622719810750e-01
8.812165916078997796e-01
7.096939645731875634e-01
8.471452891115831552e-01
8.582399220907640514e-01
7.826573692258784742e-01
8.183818240500514429e-01
7.267633743557495585e-01
7.274700503316503530e-01
8.179525466102054443e-01
8.088530998798373339e-01
8.533505530509878367e-01
8.099598992679248877e-01
7.567971163412762214e-01
8.381773431218199066e-01
8.338227372327919884e-01
7.703983389110352631e-01
9.136335679111133867e-01
8.465103662559885223e-01
7.845150901211548344e-01
9.057318704012197186e-01
9.064531675829561319e-01
8.753740699235422751e-01
8.140186819020598374e-01
8.131122110137050107e-01
8.283555610754756993e-01
8.222950123263620403e-01
8.829046733974369454e-01
7.048980003304287090e-01
7.951031196818869606e-01
8.527034525573151669e-01
7.469247094346698201e-01
8.969966218079937770e-01
7.228488476467103130e-01
7.251145772101020848e-01
8.603953049356847238e-01
7.844335305884136966e-01
8.374375076857418776e-01
7.455992053776314687e-01
8.090348733648330404e-01
8.498547979388333395e-01
7.988848014607609072e-01
8.540090244592759561e-01
7.445966388186475715e-01
8.427358418406059037e-01
7.732224515421228794e-01
7.889618946557090950e-01
7.616371520875463430e-01
8.337850644550179879e-01
8.960454194727089927e-01
7.535630457100624957e-01
7.702276217860447582e-01
8.076945534457803388e-01
8.051276298311901281e-01
8.175177915787754657e-01
7.941025809569567384e-01
8.440764304198780099e-01
9.053908060345560171e-01
7.899546183037559066e-01
7.978271156561259625e-01
8.102527436626590918e-01
7.538400607704911494e-01
7.543579912688010980e-01
7.407602012064536945e-01
8.678323748404244142e-01
8.775483495217764052e-01
7.738511330332032978e-01
8.456998296072975041e-01
8.654697260609901521e-01
8.549929555780091395e-01
7.910424082529013967e-01
8.671083547661302404e-01
6.808617331930528760e-01
9.200649131505428402e-01
8.944048507990123298e-01
8.322218815749122811e-01
8.684283672159721634e-01
9.012796520334216410e-01
8.024176244757175169e-01
8.567028481993093081e-01
8.532389662208946790e-01
8.535854757462368880e-01
8.592481254862852635e-01
8.291195992289510652e-01
8.466143020714096412e-01
8.254327357049829894e-01
8.168670886840475598e-01
7.996286431444405984e-01
8.157453675200706522e-01
8.769834691760619583e-01
7.954292297863734262e-01
7.825203520638647214e-01
7.628871374295191909e-01
9.053384055464717139e-01
8.150307108333469941e-01
9.250734404878937500e-01
8.086877566014663010e-01
7.544267265746713580e-01
8.226476712567308835e-01
8.329517311986240902e-01
7.139957013136714048e-01
7.821516115820437154e-01
7.085789685135224225e-01
7.202602647687780246e-01
8.556518138462303469e-01
8.952209666017354461e-01
8.013019530228230325e-01
9.740152990219456131e-01
7.146040101225251684e-01
7.540560733969415841e-01
8.003088978386482255e-01
7.741108156455211997e-01
7.686880688404140738e-01
8.142630797960793698e-01
8.100012759165835519e-01
8.333106860414285499e-01
9.061395412914560188e-01
8.363243647350547816e-01
7.052789723298635849e-01
8.428193104392247559e-01
8.527226859808105797e-01
7.962499385857395584e-01
9.167726209696269724e-01
8.988381744644824423e-01
8.387797581202364183e-01
8.222875733420538236e-01
8.063207032136362473e-01
8.988839159520356503e-01
8.461942384795967387e-01
8.761748966637910030e-01
7.935748797950441524e-01
8.172174553579456546e-01
8.134557541367797295e-01
7.615365407722366475e-01
7.763832625314528446e-01
8.203746105696597679e-01
7.827838735262181435e-01
7.799859285102890283e-01
7.962310084156197787e-01
7.604025019832554300e-01
7.460630958047639316e-01
7.957662612565384874e-01
8.071404907959081054e-01
8.372070901649717456e-01
8.292023156388264038e-01
8.185598962768321218e-01
7.979678859756219600e-01
7.395359506498901947e-01
8.364770992795825810e-01
8.186659630338536386e-01
7.445805107223361086e-01
7.829638270269908551e-01
7.114377049760114424e-01
7.662072084075679523e-01
7.081374775364654983e-01
7.432093702529076751e-01
7.838887277750758997e-01
8.857270287074967552e-01
8.404271201247597300e-01
8.048572043093411565e-01
7.523763657226596457e-01
7.608137052375639753e-01
7.487270099081002606e-01
8.073598511587183335e-01
8.577049507163088116e-01
7.829256909040287482e-01
8.698820820247176178e-01
7.638943293345040741e-01
8.210143283264323966e-01
8.897295729393859265e-01
7.472896519357588030e-01
8.861781394700165571e-01
8.208767900856400734e-01
8.973260649401570976e-01
8.398047823613032925e-01
8.797764771211304957e-01
8.051028802836994736e-01
8.100585963044926174e-01
7.691633847226715393e-01
7.530537340724849926e-01
7.804173075832139261e-01
7.525337068960099574e-01
7.268518981662833722e-01
7.043712346326149731e-01
8.883573199903069817e-01
8.419909255956775640e-01
9.128592333048155538e-01
7.855729874913097710e-01
8.138896375388511295e-01
8.206917138175688908e-01
8.448833318327734210e-01
9.049981883183226827e-01
8.144286271453238246e-01
7.640364477867861437e-01
8.225723820008884468e-01
7.456119840213886185e-01
7.755653466714362843e-01
7.214060241038622312e-01
8.107218784481365903e-01
7.429118314544473911e-01
8.897220195185837621e-01
8.557609350664416858e-01
8.763849404920917019e-01
7.784588533777739849e-01
9.789903870445779699e-01
8.135511745560124464e-01
8.016087438044788849e-01
8.831782006067797619e-01
8.469628528251961219e-01
7.644909617201310903e-01
8.216596951115132663e-01
8.571466444070517943e-01
8.534966527860187169e-01
8.536483812447493991e-01
7.542880081578658968e-01
8.566181105921444328e-01
8.369236918146343296e-01
7.965924880852029988e-01
8.376561243615335828e-01
8.643393052447858604e-01
7.975867472615881804e-01
7.943304993690393223e-01
7.522412158475857424e-01
7.949455798755248326e-01
8.488784494873929942e-01
7.887474482969494272e-01
9.458949533918943331e-01
8.828278254675567815e-01
7.841705591052605673e-01
8.265027266384519233e-01
7.624855566073596158e-01
8.003632533424619444e-01
8.315407095502678203e-01
9.202680786242736222e-01
8.271884211092289663e-01
8.589763713568584480e-01
8.029630797173231693e-01
8.172904059608530059e-01
8.045645914993219128e-01
8.571378052631589695e-01
8.287633082067207280e-01
8.669596929648659689e-01
7.038267759767119491e-01
8.698320243423334208e-01
7.761226839604516980e-01
7.347240020945587924e-01
8.566906497130722942e-01
8.617265160617223474e-01
9.254060931682273061e-01
9.159759271521404900e-01
8.237993349831752576e-01
8.472668288028246675e-01
7.849850321728202296e-01
8.049612859375457896e-01
8.173136731271711808e-01
8.016385501664786695e-01
8.126064114057676147e-01
8.071622253210516407e-01
9.007856166105960849e-01
7.745786025226645277e-01
8.959263595643275346e-01
8.304887768695270456e-01
9.000948862551811924e-01
7.535581488348753743e-01
8.739687217255603935e-01
6.902761401953403375e-01
8.830058487514984567e-01
8.153023161736177027e-01
8.398437564804022148e-01
7.961770914610855066e-01
8.451803141454470314e-01
8.487929272833178995e-01
8.031357428344843008e-01
7.563966806682490551e-01
7.521238804037679859e-01
8.433874176046819438e-01
8.426398372094886513e-01
8.588621913195866320e-01
8.073702993625559987e-01
7.341246342680637360e-01
7.392839091166203414e-01
7.872842729429347930e-01
8.036535611056960793e-01
8.389086242622383338e-01
7.576737221295680724e-01
7.771795865295855199e-01
7.988903413179045954e-01
8.531180037639501945e-01
8.865221408722929741e-01
9.332950995310116404e-01
7.253235267275327525e-01
8.240482669002606730e-01
7.722604931051088029e-01
8.301078194325270942e-01
7.753044372237849480e-01
7.250094528590075305e-01
7.374455479391746060e-01
7.830974789706527384e-01
8.754222508974319750e-01
8.536784777510612043e-01
7.720336039001914896e-01
8.455746747280140641e-01
7.978404813765859194e-01
7.791860128823274723e-01
7.745096124185285591e-01
9.053908060345560171e-01
8.391355811368067519e-01
8.395043191090200141e-01
8.419352035946586765e-01
7.651302188417756778e-01
9.615787709714406217e-01
7.377660515189572443e-01
8.964581859876834535e-01
8.346780382611533877e-01
8.320958419052629784e-01
7.927159771845755376e-01
7.272525829993541358e-01
7.704661454129719811e-01
7.130477534359235259e-01
6.914304227608361053e-01
7.019385532640076697e-01
7.045209892801475027e-01
8.326956669774455699e-01
8.749195549639379177e-01
7.574738883126185263e-01
8.074717938305255860e-01
7.754207439434204208e-01
8.833784294349011912e-01
7.606826452981646502e-01
8.567116275264660130e-01
8.996658488481342753e-01
8.681261352632495543e-01
7.101798027082678599e-01
8.650255656041715424e-01
8.137453731207729968e-01
7.728978030491848727e-01
8.258620992691912965e-01
7.822131429052432416e-01
8.150813964193756034e-01
8.943480051674643772e-01
8.838542881868577394e-01
8.019468220627804511e-01
8.094992484048546544e-01
7.676603907404990768e-01
8.788614672089374302e-01
8.825732508635256712e-01
8.384794024472662644e-01
9.012010299254890056e-01
7.556971050248444399e-01
7.797583159975529643e-01
8.345131140145586324e-01
8.185922321624052866e-01
9.255968814336494876e-01
8.128954022202090623e-01
8.471429940130608127e-01
8.460790923632856009e-01
8.459697146766936848e-01
8.773420444435165999e-01
9.819611735717820311e-01
7.140825087741639043e-01
7.947675682314399026e-01
7.690694628496654861e-01
7.993670723591030924e-01
8.646370578733161283e-01
8.436859311006609241e-01
7.357827932903766577e-01
7.626334996714081438e-01
7.891897880233108564e-01
7.704615238150718248e-01
7.922180504409697122e-01
7.491405347076276477e-01
8.854312861947322144e-01
8.500254309705890243e-01
8.504444075643937673e-01
7.432478068353882694e-01
7.922972182364315108e-01
7.178389789350348993e-01
7.855233462001059985e-01
7.491405347076276477e-01
7.539079889942074120e-01
8.425782978361406883e-01
7.665006483230901724e-01
7.674232410110685132e-01
7.920225351563704441e-01
7.870196982780205408e-01
7.874117796271812297e-01
7.193181726198313308e-01
8.264188210287675140e-01
7.507589733626424122e-01
7.877007745197996957e-01
8.101488770374142279e-01
7.560613128102332547e-01
8.746625935252744233e-01
8.296240061757642614e-01
7.843007622310662619e-01
8.022478302029986130e-01
8.668486951982539157e-01
7.437746369736037977e-01
9.103363781452379344e-01
7.404859616001294720e-01
6.966667348722395126e-01
8.569139998383188406e-01
7.419956447105091613e-01
8.560982049609255906e-01
7.904052772888207068e-01
8.775637217567578974e-01
7.268862809653375834e-01
7.841160840258727394e-01
7.620361059141210758e-01
9.283358781208597144e-01
8.866138438794705090e-01
7.999969656610854685e-01
9.095768441472750210e-01
7.425130076817061386e-01
7.771417719386444212e-01
8.677475459032440996e-01
8.045126103629505199e-01
8.813559767713895488e-01
7.444329985504821723e-01
8.283857106540385429e-01
7.740297382068879184e-01
7.466328327624628391e-01
8.281645944223686717e-01
7.464665146349774849e-01
8.285657277237743479e-01
7.728252564204347586e-01
7.772531165751837001e-01
8.327633959918016027e-01
7.689038771824100449e-01
8.215866951245375249e-01
8.458919573551586524e-01
8.333379607717547044e-01
7.403728496224329936e-01
8.423218198154454051e-01
8.319158308834172511e-01
8.647696655449134129e-01
8.306703716978438568e-01
7.583195721599230721e-01
8.954004647372295622e-01
7.566795913570810717e-01
8.652810741871217459e-01
7.554520919834604165e-01
7.823444885183346020e-01
8.001948824727956877e-01
7.734407712924565859e-01
8.027306117238425243e-01
7.816072384692869246e-01
8.211598178858332542e-01
8.690876859278350297e-01
8.419482481471416424e-01
8.350211999118187789e-01
7.532955978167337197e-01
8.190289015845759746e-01
8.730709790516594238e-01
7.567487865353847987e-01
8.152975114432525761e-01
8.896294083722994239e-01
8.367648690778350939e-01
8.172513388071878104e-01
8.264552993054179453e-01
8.729992495580922718e-01
8.804219907977623993e-01
7.631344764808759562e-01
9.065299783639665376e-01
9.276409863859281790e-01
8.649406637916704499e-01
8.082098030687138168e-01
8.549615936235661628e-01
7.924227201198136283e-01
7.742699666905955569e-01
7.874189892045340144e-01
8.717128668719338336e-01
7.749434383109611302e-01
8.366080709263105097e-01
8.273223547738023376e-01
7.489387787428020138e-01
7.759102139152191935e-01
8.416127883949993116e-01
8.270118161405360935e-01
7.549394259646378114e-01
8.670399295424320307e-01
8.391574865108214487e-01
8.786242290545726030e-01
7.369650117301871362e-01
7.281336551782325861e-01
7.854337452930788555e-01
7.607103635143971365e-01
8.056030078109457371e-01
9.531008744800006927e-01
8.179914412487961917e-01
9.132199019864201128e-01
7.538381789666930288e-01
8.806785593219140784e-01
8.869686513994479160e-01
8.171316085477712265e-01
6.949232194689162201e-01
7.835548770020389631e-01
8.825732508635256712e-01
7.983504192820750633e-01
9.241894393881817660e-01
9.001558883404596756e-01
8.194899463145158824e-01
7.931596741082779234e-01
8.266342146215720499e-01
7.812780293365688689e-01
8.786242290545726030e-01
8.224196307027304975e-01
7.458399318998885086e-01
8.540935486530292220e-01
8.533505530509878367e-01
7.560113089582188861e-01
8.586737608384056308e-01
8.360574485258582822e-01
8.403599403943504687e-01
9.142714656020185515e-01
8.233454612439128351e-01
7.663624549250563911e-01
8.072911056531003604e-01
7.021837177922817252e-01
8.207948446787584063e-01
8.146192068100136519e-01
7.944747848677572444e-01
7.889300425882523893e-01
7.312179077887351886e-01
8.268886169375350148e-01
8.982446846507495808e-01
8.125253073502443080e-01
8.293188593747874426e-01
8.542766110045960648e-01
8.260661337190484677e-01
7.792622650143575802e-01
7.762967114598946505e-01
9.246806406441997472e-01
8.323511339985030233e-01
8.639627048534667120e-01
7.531619293780773550e-01
7.531356919961978980e-01
8.295509258482610671e-01
7.912143421608978100e-01
7.788904893964064824e-01
8.777821858113393771e-01
8.326905607291700262e-01
7.633785578044864906e-01
7.914806985448971099e-01
8.929171907292122734e-01
7.819258014612112673e-01
8.174170855085227672e-01
8.531094812398588578e-01
6.865761537238751488e-01
7.539079889942074120e-01
8.138155865141079026e-01
9.133117486848126854e-01
9.302654393757300300e-01
8.115318450605606415e-01
8.148591860656104746e-01
8.630432885422398837e-01
7.835101955818722930e-01
8.542310834520625562e-01
9.053284613656471524e-01
7.255537281068381583e-01
8.342683079638764099e-01
8.289612440220029965e-01
8.657287386618567337e-01
8.562852941374847759e-01
8.195093283422104635e-01
8.076491061779880187e-01
8.063974160047640005e-01
8.459735717388305876e-01
7.249395352528045233e-01
7.121967794574215471e-01
7.693579892113118213e-01
8.859347306619923534e-01
7.698271788867483423e-01
8.303292940851236814e-01
8.223405421763331224e-01
8.071922204084438501e-01
7.761589538917880171e-01
7.838604232554469142e-01
8.077248431950342367e-01
8.252541981396810389e-01
7.872042747125065354e-01
8.145218406783722997e-01
8.850530201972153233e-01
7.609093112529904390e-01
8.795117939744255819e-01
7.007949277928849918e-01
7.560518942001861475e-01
8.409436929657366777e-01
9.528994809264830224e-01
8.030684626903068501e-01
8.673539112477490765e-01
7.653343303537911702e-01
7.090772651023241613e-01
7.277984545142991424e-01
8.375689187909777234e-01
7.918369988628120026e-01
7.777360785689455547e-01
8.342647887842639109e-01
8.327623358147968613e-01
8.892750258422424947e-01
7.907771261683125275e-01
8.372085662924553251e-01
8.372624243077041450e-01
7.320272587250172824e-01
7.816178766687951196e-01
7.946202329520011265e-01
7.467823956658148354e-01
7.842705131243734584e-01
8.828841150183901476e-01
8.348272998914419984e-01
9.093858444343816405e-01
7.507021563501812267e-01
7.724198726337386800e-01
8.119832371987654174e-01
8.416304297725536454e-01
8.392068041097214826e-01
7.188691278299360610e-01
7.977102322229105980e-01
8.631430567765239203e-01
7.936823568408253315e-01
8.740975460076598758e-01
8.112161080790033507e-01
7.175090074094231385e-01
7.946624724698557740e-01
7.860912631427973141e-01
8.826500184997314591e-01
7.722058768326889311e-01
8.250227437166706146e-01
8.875297931385779382e-01
9.017507790943021240e-01
9.241894393881817660e-01
8.173918309333675358e-01
8.684496395428197291e-01
8.807267878890258084e-01
7.329322219343958889e-01
8.202378308463117440e-01
8.242982287771353223e-01
8.267837893764321544e-01
7.536502482227007693e-01
7.929907286776096687e-01
8.738586411962623313e-01
7.382711508436734515e-01
7.739818409372667407e-01
7.373749333420978047e-01
7.011893285506137774e-01
7.827057522061854344e-01
7.702271723017778404e-01
8.376103953460137808e-01
8.021626797668115483e-01
8.854920727476933706e-01
7.249868185063105264e-01
8.238542201301385370e-01
8.202381446123925279e-01
7.871685613763187428e-01
8.413422032233044412e-01
7.767648593276983426e-01
8.616812651236503973e-01
7.480993839920913047e-01
7.791386780752418417e-01
7.648626395159631164e-01
8.823550188457690568e-01
8.304293673671542253e-01
8.653260772059933048e-01
8.333106860414285499e-01
8.100767916295738003e-01
8.567116275264660130e-01
7.658788782135066420e-01
8.149662663828445286e-01
9.026211780584234567e-01
7.379257170058188819e-01
8.483894752030667341e-01
8.555456384307247308e-01
8.410694602696382471e-01
7.555157902961294747e-01
7.444489913506899814e-01
9.129165533036466273e-01
9.000948862551811924e-01
7.839120635542656812e-01
7.786498926976926915e-01
8.907859828724320472e-01
7.864937392637598723e-01
7.515141918833996293e-01
7.759040622367735507e-01
7.446588862792755670e-01
8.010639203705972600e-01
7.745040674576840756e-01
8.345675448655561768e-01
8.469002768187524621e-01
7.188258503286490964e-01
8.045668728514939749e-01
8.774797487125353124e-01
7.839489410015691995e-01
9.140599270619174099e-01
8.376429954757360630e-01
8.303204564732022952e-01
8.164449085474483336e-01
7.591139280826264546e-01
7.222720664617559017e-01
8.318538580749382794e-01
7.596374233578724322e-01
8.928893735698938405e-01
8.928419159293915497e-01
7.941890219005397489e-01
7.913882226556118171e-01
8.704669738174957150e-01
8.566260785927303223e-01
8.321982883674146070e-01
7.996223586199728839e-01
7.951930513150869961e-01
7.238718589803696535e-01
8.273350154029386339e-01
7.764758544741856561e-01
7.567952336372361088e-01
9.293322887571374702e-01
7.725423345277752096e-01
8.348124489305887019e-01
8.883403831658406302e-01
7.266744958026822854e-01
8.298771894470533539e-01
8.458656193518409028e-01
7.954138431104841311e-01
8.213607083285661137e-01
7.736640141306215801e-01
7.633077899336175864e-01
8.402552000264694732e-01
7.894436376917748355e-01
8.244715872263800316e-01
