7.674204501755682584e-01
8.077067417623443601e-01
7.360384752745641190e-01
8.697626814258023753e-01
8.130601095893902341e-01
8.293886993161762033e-01
7.547779932091883692e-01
8.310619604831315232e-01
7.092582399198344989e-01
8.904084846149826760e-01
7.637463162857887067e-01
8.306195188305981469e-01
8.459680080247183875e-01
8.652721057929477766e-01
7.431447356337110843e-01
7.455058972818003893e-01
8.036416132522963274e-01
8.577252204953748072e-01
7.962905514994884637e-01
8.074426054693204513e-01
9.133921723092974787e-01
8.123761683831383085e-01
8.517718343408479109e-01
7.792533682533903105e-01
8.094008801525063301e-01
7.950612989100311889e-01
7.776726989836109105e-01
8.146368976098361525e-01
9.009260560414307228e-01
7.569650622476516988e-01
7.818275901980210607e-01
7.334340258201271778e-01
8.130601095893902341e-01
8.251524242668952791e-01
8.636832104188588710e-01
8.516390935625590686e-01
7.383964266084410699e-01
8.340196028854517385e-01
8.319765859333130287e-01
7.862232221126871368e-01
7.889655193403679601e-01
8.398937388021417982e-01
8.041638361088622178e-01
7.802132953145365368e-01
7.333079893876899291e-01
8.877854912080689331e-01
7.683910514017954219e-01
7.961821372421084009e-01
8.287661309102858365e-01
7.584875985390603370e-01
8.261463680728278192e-01
7.692441430055578788e-01
7.988289067318354864e-01
8.671083547661302404e-01
8.612582528770073020e-01
7.463831549912485208e-01
8.265159313260407314e-01
7.415882191698933701e-01
8.616828001185790065e-01
8.210487038325502418e-01
8.539924032398008569e-01
7.146751808350376711e-01
8.523676339264050217e-01
8.158897348301791252e-01
8.510819425564899454e-01
7.108069981197454590e-01
8.575979600625691646e-01
7.790938151012661850e-01
7.912397056168173348e-01
8.162698460398537526e-01
7.960105950394984475e-01
8.368354516789808795e-01
7.582026858544098635e-01
7.859688218916753844e-01
8.527457177306996261e-01
8.814684294129543352e-01
8.557422184540438570e-01
6.902721681081094296e-01
8.678205068805356914e-01
8.289540696117009277e-01
8.634193839981482155e-01
7.464823857322538947e-01
7.824622429242833466e-01
8.887818491199720450e-01
8.193279925119895113e-01
7.538735118822529335e-01
8.481969259135685446e-01
8.060533483241761887e-01
8.985042674578992417e-01
7.681998067770537952e-01
8.694939944952950750e-01
8.787441701941344219e-01
9.097009351122904430e-01
8.623911138311616265e-01
7.726760750235983632e-01
8.276898263100539443e-01
8.300374567370125689e-01
8.029044830774100250e-01
8.057118812686161480e-01
8.872610441367519973e-01
8.120777276196794459e-01
7.876974665510674267e-01
7.255823415273825461e-01
8.014919722293614157e-01
8.312598200069787335e-01
7.387720249223879154e-01
8.001468437036766135e-01
7.628493619685910998e-01
8.338729106362420262e-01
8.072491724320294271e-01
9.138928210954402331e-01
8.374639107338597288e-01
7.118146122385689001e-01
7.262166768437703368e-01
8.079059148951490688e-01
8.094346371708945886e-01
8.773786247499472113e-01
8.619153749256256436e-01
7.378293336832069116e-01
7.607553082826020718e-01
9.464605315570738808e-01
7.671649722515886394e-01
8.349756471313807271e-01
8.610494013501798216e-01
7.547797429528054769e-01
8.205443627659710915e-01
7.170943139098596708e-01
8.192063405626696104e-01
8.163928242602818131e-01
8.238127528271049771e-01
8.075395697472363965e-01
8.071622253210516407e-01
7.306174029921144175e-01
8.031463738925556095e-01
8.134905877749298853e-01
8.566310120437672371e-01
9.117892503030757823e-01
8.095884025714347176e-01
8.485128160340168479e-01
7.463152957037958446e-01
9.190297360007373406e-01
7.867544907765271489e-01
8.182070464044408631e-01
7.654521277456599604e-01
8.203867955236769927e-01
7.826260031955760699e-01
8.402934980047239710e-01
8.052650173022246616e-01
7.488324892849476111e-01
7.833907414620223664e-01
8.273460188586017061e-01
8.932358304735480425e-01
7.618720297357095550e-01
8.069503200625537387e-01
8.603495093695830986e-01
8.024176244757175169e-01
7.809871729119471917e-01
8.793282878693908788e-01
8.492728138784633174e-01
8.274774179095265580e-01
8.174789384698702976e-01
7.176237205450022305e-01
6.987847616271398721e-01
8.891487687562085185e-01
8.386146270041990869e-01
8.377947108638501561e-01
8.525463287108887567e-01
8.434285104635074193e-01
8.693522007259109063e-01
9.269061821562273318e-01
8.196830651952325963e-01
8.141727355219401385e-01
7.849850321728202296e-01
7.359431194953853783e-01
7.134303715439057614e-01
8.923409520821619090e-01
7.453750261791689535e-01
7.867351510502920142e-01
8.543093505846275360e-01
7.719485825711126514e-01
7.941245909793558377e-01
7.609933403499380411e-01
7.549180608543041293e-01
7.422676583819290963e-01
7.488140502838411816e-01
8.343633055722980973e-01
7.929199154789593473e-01
8.557366374237911355e-01
8.187611421954060775e-01
9.042957712791155345e-01
9.248821627164863779e-01
7.785103121973823148e-01
7.756252938560517229e-01
7.961770914610855066e-01
8.162120639806642597e-01
7.455834840775870109e-01
7.734138743592746668e-01
7.822071451776243523e-01
8.457542705334076816e-01
8.186247211248226519e-01
7.676603907404990768e-01
8.726634028681464761e-01
9.149736615591437250e-01
7.530572934196390067e-01
8.118260239411358992e-01
9.625759496450974062e-01
7.907841914222589752e-01
9.012796520334216410e-01
7.979266018275041894e-01
8.965544837013097457e-01
8.955263152672489069e-01
8.836537621888073124e-01
8.137332320672823194e-01
6.650215787407310897e-01
8.339168599867193832e-01
7.553346798157681841e-01
8.140846719404016829e-01
9.044756127258780642e-01
8.909300698808193530e-01
8.287444293468126943e-01
8.754286920591135557e-01
7.583195721599230721e-01
8.993346263365481486e-01
7.957856422455494849e-01
9.048959327060580593e-01
7.292055535398535016e-01
8.883600397672158921e-01
8.306491579959439653e-01
8.259079362163114224e-01
8.295293040230226067e-01
8.076493344838011623e-01
8.931353033835051081e-01
7.545599030061820311e-01
8.307321998355424730e-01
7.998189550500672818e-01
8.245716380151668634e-01
7.310938178053971725e-01
8.541204251735881048e-01
8.130410594795641765e-01
7.442214360728877098e-01
8.851558632080531730e-01
8.324837302990746313e-01
8.235054463900710608e-01
7.315914313124777246e-01
7.344381114929834364e-01
9.064706762736532975e-01
8.385774817826024963e-01
8.636615555241322628e-01
8.548682546010647476e-01
8.178423185580702137e-01
8.637754358406004584e-01
7.901220371663275621e-01
8.923201082664296013e-01
7.744178634985733334e-01
7.907259335296594749e-01
7.676925375284621156e-01
7.804086593422494555e-01
8.344660794071461218e-01
8.214907184081396974e-01
7.551024255680958142e-01
9.274338386379834542e-01
7.147017490491555103e-01
8.576763159015067250e-01
8.546472085702279120e-01
7.045505202210353701e-01
8.647696655449134129e-01
8.516910325904888390e-01
8.716357464942007249e-01
7.755758089521381793e-01
8.108450034303137377e-01
8.580289477970770573e-01
7.938981573803194358e-01
7.695616833929956879e-01
8.426652884235121821e-01
8.908601958748482152e-01
7.426541839880065332e-01
8.063348098342586479e-01
7.175334344990274005e-01
8.699626763091499182e-01
8.539504045612981153e-01
7.589486741481632492e-01
7.577367606411598011e-01
8.654356600594321769e-01
8.124457714946591302e-01
7.937237549000957237e-01
8.512240515645640437e-01
7.757913005302067289e-01
8.503343834125821621e-01
8.569822928362142989e-01
7.986878604545869509e-01
7.533001968017092320e-01
8.415108484199198546e-01
8.341367913532024003e-01
7.984726489973075214e-01
7.536522788516071270e-01
7.537969854301328487e-01
8.228782652598278791e-01
8.831840715992422819e-01
8.725232612098366980e-01
8.232881224615680171e-01
8.212474098000044354e-01
7.914805955763776213e-01
6.970184305634041788e-01
8.079613456349662437e-01
7.973081780173131294e-01
8.949655462114183280e-01
7.144203699650689687e-01
7.843588199927592486e-01
7.834325755762635568e-01
9.042957712791155345e-01
8.932358304735480425e-01
7.914710389647514610e-01
8.387127867779078372e-01
7.615365407722366475e-01
8.557840634161697491e-01
7.800314152621162789e-01
8.189118462115763108e-01
7.478333192964979892e-01
7.704930832047891531e-01
7.694532358614984968e-01
8.607893711100975676e-01
7.802082577985518519e-01
8.616564653495775161e-01
8.223345774594433832e-01
7.103488985467866224e-01
7.933609191891070056e-01
7.427836769771569703e-01
7.844227753979563511e-01
7.774612925768631388e-01
8.246756508890804582e-01
8.482693584060650993e-01
7.440050574633253477e-01
7.604091794261097492e-01
8.041341397310809436e-01
8.862118530871745392e-01
8.040627977318854924e-01
8.828848924568627465e-01
7.680005622470129634e-01
8.092267601874497673e-01
8.453655458571760484e-01
8.041341397310809436e-01
7.597901511557649812e-01
8.374116090544470037e-01
8.870836090006444241e-01
8.509050691825968959e-01
8.567152772303557873e-01
6.596174243385671820e-01
7.571225149966884782e-01
7.297377714791409842e-01
7.246639386493650692e-01
7.951872634660318573e-01
7.194221609422605246e-01
8.993635722141098965e-01
7.805215190003839121e-01
8.072337334619817950e-01
7.592085210616639213e-01
8.408265509050427688e-01
7.465460033282066421e-01
8.257329427394166643e-01
8.815301733919104210e-01
8.891011684690720562e-01
7.838349046327877101e-01
8.472787532091471396e-01
8.284917169754587585e-01
7.351347939417816058e-01
8.826765921018933092e-01
8.079059148951490688e-01
9.760247999517399631e-01
7.673087314294144701e-01
8.697169595640439343e-01
8.717725490660140908e-01
8.958240808077552186e-01
8.530265041992871611e-01
8.524637655018283411e-01
8.121146319733166807e-01
9.143549896365730234e-01
8.527126633461686867e-01
9.141513325514671884e-01
8.245094363257354786e-01
8.884164092554998060e-01
6.555916445271223747e-01
8.760807566582766714e-01
9.322674043038265967e-01
9.563428408823516635e-01
8.773786247499472113e-01
8.122377004795447997e-01
8.001959098824941163e-01
8.796786232395098493e-01
8.252578733896879237e-01
9.143549896365730234e-01
8.478189248486305285e-01
7.637436784972717607e-01
8.942722458093577131e-01
7.402378032160902288e-01
8.271344869477581518e-01
7.819553759862806208e-01
8.479548739994144935e-01
8.873374840903813787e-01
7.555153711633633140e-01
7.633077899336175864e-01
7.813963845143245823e-01
7.454894689788691409e-01
8.406049352546143272e-01
8.908347536102180220e-01
8.787555422769044444e-01
8.418467789174641780e-01
8.705857467074294975e-01
7.648923165584973205e-01
7.109637743186045800e-01
8.952319443249523445e-01
9.019356167903676003e-01
7.662926517488221068e-01
6.595964122813777752e-01
9.167726209696269724e-01
8.803719689461257936e-01
7.170144735283315862e-01
9.427366317863420386e-01
8.068923421367644178e-01
7.651118831537810916e-01
8.547129213976787376e-01
8.362570950852097340e-01
7.956706132228406059e-01
8.861387115371978096e-01
7.512086101118334858e-01
7.322691125717217808e-01
8.580830549767273219e-01
8.772049538235484611e-01
8.735680980260648321e-01
7.958070444069386129e-01
8.275629957764703004e-01
7.993670723591030924e-01
8.769252478039891718e-01
7.741555025085707920e-01
8.767940568159171555e-01
8.314688266074721223e-01
8.792597251452028972e-01
7.503018784408320707e-01
7.679438092131068982e-01
7.736683235187803431e-01
8.438261613373373438e-01
7.890368484712039221e-01
8.494463506036744604e-01
7.912533183958204708e-01
8.607893711100975676e-01
7.003230637804146452e-01
7.445583282950639648e-01
8.098488978355329326e-01
8.542586725378995549e-01
8.136470934081444506e-01
8.784094895247077650e-01
8.238152134288315720e-01
7.924864473692674327e-01
8.172968845913725078e-01
7.578534129229047567e-01
7.887340953881086802e-01
8.159686547286323366e-01
8.805853945311713504e-01
8.667936337939464719e-01
7.960153358333691420e-01
8.072855636950573288e-01
9.104242574375955854e-01
8.111371168300348655e-01
7.544372826610554750e-01
7.435473194635201510e-01
8.064015386118997819e-01
8.176143343514814532e-01
8.976027757627930148e-01
8.684202326007801620e-01
7.618226424537482000e-01
7.058470449678426739e-01
8.214119951326389613e-01
8.482626040437238890e-01
7.418259170854721862e-01
8.852436606072614511e-01
8.161821188699118768e-01
7.335168876359537959e-01
8.245345746255466901e-01
9.218042317149077736e-01
7.754192485464390661e-01
7.725246190416440450e-01
8.797480646410770211e-01
8.407621246681885596e-01
8.943968687380712268e-01
7.999860890911696387e-01
7.927714801834646607e-01
9.106209938889098243e-01
7.874554337221466582e-01
8.163928242602818131e-01
7.615799372552378710e-01
7.949979008704015637e-01
8.093243033563439770e-01
6.794113189440458278e-01
8.881696298160823844e-01
7.942688232990985364e-01
7.781568117982649024e-01
7.810422134452708054e-01
8.303530369938354472e-01
8.587602107080948288e-01
8.423777341799736362e-01
7.993839585627645627e-01
7.986362237495615579e-01
7.807961955791393738e-01
7.876855075140896112e-01
9.574106274833160679e-01
7.488237671895662251e-01
7.768549838262120977e-01
8.340838619886882244e-01
8.802379821010838379e-01
9.002023802824496990e-01
8.027006987468913168e-01
7.067987236380949279e-01
7.761789658546478510e-01
7.689275411114697700e-01
8.611590214278417310e-01
8.615738468748415091e-01
7.536859297008400294e-01
7.928711176942583316e-01
8.594069240013636479e-01
8.466143020714096412e-01
7.847289566222553914e-01
8.694939944952950750e-01
8.298828213911508822e-01
7.471878949992306618e-01
7.536217345041237303e-01
8.712436586902821967e-01
8.128539240640411112e-01
7.512862027150147837e-01
7.098841269680210564e-01
8.700442644384899227e-01
8.334479762510457190e-01
8.061091732076383076e-01
7.936434497833195767e-01
8.332688368319330907e-01
8.592857496217208846e-01
7.966937967870183490e-01
7.574958212298682492e-01
7.544889039945302800e-01
8.195774801969936130e-01
7.672964507451975891e-01
8.616696131230426881e-01
8.045668728514939749e-01
7.272525829993541358e-01
8.245829276328057178e-01
8.374614032220923932e-01
7.459252938133072997e-01
8.034152928304967300e-01
8.121960115721664764e-01
7.521021954220084016e-01
8.516851043086457462e-01
8.278936971448976889e-01
8.342130029649812428e-01
9.161461965372401650e-01
8.307345139483490737e-01
8.237389078948644805e-01
7.189936835522661163e-01
8.187852522234114749e-01
8.445255687055119864e-01
8.558293627056980934e-01
8.257689529356173619e-01
6.998356241411621825e-01
7.947087638463240511e-01
7.930613789803552249e-01
9.546223418182931963e-01
7.753108942566415696e-01
7.834318737544037070e-01
7.880597189316084217e-01
8.650591627704633524e-01
8.452900553695188446e-01
8.420697710462997643e-01
7.984242592777078817e-01
7.190958383342103133e-01
7.649928100727909630e-01
7.872567550590736651e-01
8.638325180213639598e-01
8.845060031224304398e-01
7.276738906073562108e-01
8.185922321624052866e-01
8.141959898845856358e-01
7.638914500546125641e-01
9.615787709714406217e-01
7.758922157603422853e-01
8.546320942796504783e-01
8.946793824731705813e-01
8.108473364301663766e-01
7.642931047689791590e-01
9.580410065291681265e-01
8.591706453200576021e-01
8.014722879639679665e-01
8.141982010533066472e-01
8.001275504410387818e-01
7.808100778447717438e-01
8.896139497066393176e-01
8.038110738327741700e-01
8.193038443536548865e-01
9.758657844976856843e-01
7.568293119319442486e-01
7.922363424727544290e-01
9.511573982012051509e-01
8.470281864772093439e-01
9.078849056957603025e-01
7.787034808715302958e-01
6.945095797260985027e-01
7.662681191618351262e-01
8.207948446787584063e-01
8.647696655449134129e-01
8.261476288524504108e-01
8.938233405595752412e-01
8.419395172153526508e-01
8.008779141493600484e-01
8.248463268816745853e-01
7.645898517508966652e-01
9.278305003732996159e-01
7.804173075832139261e-01
9.308877799648790363e-01
8.178224289290098037e-01
9.059806241270074167e-01
7.202072368332357311e-01
9.168872526469684647e-01
8.117104016216432072e-01
8.382110176475369157e-01
7.676827263480970887e-01
7.392939263228580637e-01
8.659644428846896558e-01
7.581967627778520846e-01
8.066792521594413623e-01
7.768284942621312972e-01
7.447102407931244228e-01
8.909228516574745349e-01
8.548252319453479853e-01
9.293322887571374702e-01
8.148461050487294521e-01
8.390935704157346242e-01
8.593413875190580864e-01
7.978690610246078618e-01
8.594174478038819620e-01
8.223274257881839633e-01
8.158139148188007228e-01
7.480102208896191041e-01
7.981551533546845656e-01
8.478616273791071967e-01
7.544111730171858543e-01
7.954377642428979156e-01
7.310876269735330224e-01
8.841555437268485695e-01
9.029131285324593081e-01
7.946694815048160887e-01
7.842935681766469713e-01
8.305234850454207285e-01
8.364263162256075912e-01
8.044578476904638009e-01
8.831923518513655758e-01
8.145218406783722997e-01
8.705087764768333347e-01
8.006622945259622703e-01
8.056747296516083567e-01
9.064095759335530911e-01
7.647730994219651413e-01
8.165995234626819421e-01
8.396696520209939729e-01
7.871688743545668387e-01
7.881293066661488878e-01
7.267264314673926862e-01
7.625074874184452067e-01
7.367919688562302172e-01
8.170452578119683507e-01
8.041244065196017088e-01
7.954346376565346599e-01
7.865010749438345883e-01
8.010190258605816016e-01
8.356633833391443611e-01
7.825984940745268625e-01
7.481972273613646252e-01
8.712006701276889808e-01
7.109637743186045800e-01
7.576256029550532123e-01
9.147038555209693333e-01
8.779077789171996216e-01
8.050729785278017969e-01
7.945317964480138606e-01
7.088683793159314961e-01
6.987847616271398721e-01
8.045830104849781561e-01
7.504991699254839332e-01
8.378762596553273045e-01
8.304293673671542253e-01
8.314450358108552708e-01
7.736683235187803431e-01
9.534725672963276777e-01
8.127912988438950048e-01
8.254186192842004610e-01
8.597932075283601927e-01
8.047381584916557529e-01
7.615919254271352745e-01
7.859076529704267511e-01
7.950392270837126629e-01
8.310069335269004709e-01
8.646643320678677469e-01
7.934856183492325910e-01
8.565750485374967749e-01
8.777890527591268865e-01
8.118267856457488385e-01
7.732338256768850338e-01
8.836537621888073124e-01
8.606752121426046731e-01
8.626242644665949033e-01
7.293336381166133364e-01
7.840466766055721459e-01
7.458656152043559029e-01
8.005682368275092164e-01
8.269620178450380887e-01
7.753914170761796454e-01
7.090115945268928854e-01
9.475563831069830911e-01
7.931814837791435480e-01
8.570751455499119320e-01
8.547314795134609566e-01
7.709908253752369989e-01
8.544752296638554734e-01
7.786065547831573230e-01
8.873320521610678080e-01
8.424664665732489732e-01
7.886470606707552955e-01
8.493270251336832999e-01
8.103589649598059719e-01
9.399424040971529060e-01
8.065990927136652555e-01
8.499129407190927354e-01
7.931419125335654741e-01
7.740833911379860766e-01
7.626199948457733635e-01
7.310818183408303028e-01
8.531930983836238935e-01
8.327877068031505070e-01
6.981477035701537659e-01
7.335972052450000502e-01
7.515885842952001461e-01
7.769471306528735743e-01
7.977606798678983369e-01
7.696368471128566258e-01
7.945582713128471752e-01
8.427969549272378291e-01
8.197703512199989717e-01
7.588432430188998268e-01
8.377343064919081650e-01
7.765795104566081131e-01
7.815460993022687042e-01
8.152415274442178506e-01
7.965382081823719762e-01
8.249379143267404624e-01
7.961598043693484117e-01
8.984326667874399375e-01
7.572719834317304111e-01
7.532955978167337197e-01
8.887528819273072811e-01
8.344205598044969197e-01
7.789645884092432082e-01
8.544822599731691781e-01
7.753603321166909756e-01
7.920693934587448304e-01
8.838142825440561401e-01
8.227914035855672381e-01
7.551258092170356484e-01
8.941352757723869393e-01
7.341564540913609882e-01
8.879702297373007758e-01
8.047569339373025210e-01
8.881696298160823844e-01
8.369919668966238069e-01
9.684370440148355463e-01
8.458334195980519166e-01
8.777368116353191363e-01
7.806863548111521167e-01
8.459968103701644981e-01
8.880222204663431596e-01
9.097633243095943900e-01
8.071622253210516407e-01
7.693215624225718807e-01
7.970340045398291995e-01
7.816370922522721809e-01
8.835866428290553021e-01
7.700454401531576787e-01
8.753963839605036767e-01
7.962810678412296506e-01
8.947042176269041081e-01
8.738884214771049930e-01
8.631430567765239203e-01
8.666262221388703058e-01
7.867642800854578455e-01
7.791031156766661248e-01
9.050056263277687085e-01
8.382525618631205822e-01
8.217365542902832498e-01
7.614202719948138798e-01
7.459734993070454845e-01
7.972948410595360746e-01
9.039646434518679996e-01
8.229716161965091592e-01
9.038173222724374956e-01
8.020060514517731720e-01
7.312455716161297969e-01
8.265652814432358220e-01
8.806892122668493750e-01
7.653497166102137816e-01
8.988343436468332337e-01
8.405287286474336650e-01
8.602322294072908271e-01
8.071572432411340259e-01
8.384794024472662644e-01
7.486126445088339132e-01
8.329519941439371689e-01
8.673169857898717083e-01
8.775035460605555837e-01
8.213178066709715397e-01
7.918314919839030130e-01
8.367330661345362408e-01
8.323533237111623295e-01
8.603953049356847238e-01
9.579180854676055956e-01
7.860794575126747175e-01
8.372757976653514289e-01
8.439762910235094617e-01
9.382759659791599649e-01
8.282494346204607449e-01
8.287633082067207280e-01
8.677165489055183034e-01
8.338381052336485411e-01
8.224196307027304975e-01
8.521367970847151252e-01
7.729188900696047915e-01
9.183303373816377180e-01
7.705725940880010505e-01
8.714423096625498744e-01
8.123867087258817010e-01
8.223154189055770225e-01
8.578617484303577845e-01
8.404971800523004521e-01
8.400417687248517007e-01
7.609293726259493962e-01
7.633537600324852290e-01
7.993909619051547955e-01
7.447262169585248115e-01
8.628298949455738276e-01
8.149134710945742377e-01
9.422457705425422159e-01
8.797330116784589649e-01
8.584514667013735112e-01
8.086744708594865161e-01
7.362658830944281974e-01
8.347075829120110813e-01
7.289360449621066218e-01
8.706800609133453772e-01
8.693522007259109063e-01
6.942986944403073402e-01
7.774722005433291061e-01
7.200473373788812692e-01
7.894409775835319332e-01
7.027819464304301267e-01
7.669561076315906112e-01
8.214822346184317281e-01
8.340358560662710641e-01
7.101886818329804507e-01
8.324023337423138713e-01
7.961770914610855066e-01
7.543859153246226246e-01
8.067483077600565711e-01
8.748762654459351085e-01
8.945402895063785387e-01
8.077327580476145741e-01
7.946896461517466426e-01
8.381149298916674706e-01
8.265616808788794900e-01
8.800095777189304025e-01
7.121959473028327547e-01
7.361032968041216762e-01
8.206435941450612725e-01
8.081624977232492180e-01
9.352216601389864437e-01
8.226790156547317823e-01
8.869070268049220607e-01
7.746768051523836851e-01
8.312806894557234205e-01
8.582718160069975344e-01
8.210185453599104788e-01
8.821496869804361651e-01
8.693522007259109063e-01
8.432294888231780527e-01
8.313395919039467952e-01
9.097009351122904430e-01
8.878258118683427513e-01
7.468851318173542753e-01
7.225684154533480452e-01
7.972948410595360746e-01
9.066108094346327917e-01
7.945057419708644320e-01
7.666876700708498138e-01
7.305719591444879146e-01
8.245094363257354786e-01
8.968866290565200572e-01
8.620922902600109961e-01
8.274689555831323817e-01
8.745096236711004112e-01
7.722432482573055035e-01
8.068005129943373044e-01
9.232968724284310591e-01
8.302464993460033638e-01
8.118373393740000443e-01
7.930452814557280572e-01
8.612475472318419367e-01
8.597434191848991603e-01
8.079172257275981650e-01
7.825334412977903442e-01
8.415421807949203803e-01
8.499340443564074032e-01
7.662726852837375979e-01
8.677502807124326534e-01
8.687475265347821551e-01
8.199997239173454355e-01
8.158661703164775680e-01
8.521729802633913886e-01
7.590070729374291947e-01
7.409264011581478959e-01
8.228053714725881429e-01
8.466278982205169834e-01
8.436815490384975691e-01
8.112161080790033507e-01
8.107655913484035359e-01
8.436000157670971999e-01
7.563966806682490551e-01
8.174941565333836424e-01
7.430829626339349181e-01
8.559925894637729904e-01
8.173937615613116048e-01
7.676603907404990768e-01
8.074305893203239659e-01
8.275614785854663591e-01
7.652584653509493240e-01
9.427211428381747638e-01
7.981737558022009571e-01
8.806485949012470282e-01
7.970110800052500055e-01
8.710570322406957500e-01
8.700711541798110682e-01
7.991088710271713191e-01
8.940772440719193526e-01
8.360657062255359984e-01
9.175946130727392624e-01
8.136343090967611547e-01
6.921543177742585096e-01
7.666017595211604974e-01
7.634949741576224636e-01
8.303310980146408893e-01
7.552332099993597225e-01
7.312121445794751429e-01
8.667986676834809057e-01
7.546040234717119599e-01
8.184340372533055463e-01
8.059376843847858574e-01
8.711116207542077827e-01
8.332710648123718977e-01
7.142920866854617357e-01
9.531008744800006927e-01
8.231302380628696680e-01
8.467437425575130572e-01
7.832487619180833471e-01
7.562458175089596946e-01
8.875618636923183757e-01
8.491109464972101950e-01
7.548736635330508538e-01
9.105503347266866720e-01
8.029147641538680880e-01
8.619153749256256436e-01
9.269061821562273318e-01
7.450373983356710639e-01
8.512240515645640437e-01
7.758922157603422853e-01
8.419395172153526508e-01
7.302666860716576780e-01
8.243186232534973623e-01
8.211428605232464761e-01
7.671722558313792684e-01
7.936031503859137803e-01
7.426541839880065332e-01
8.027277001503497766e-01
9.155245789368052778e-01
7.604025019832554300e-01
9.258883109415602108e-01
8.753907146199060296e-01
7.514852529519417956e-01
7.575718775974837893e-01
8.691514643529455464e-01
7.988035855211925718e-01
7.776732799028042153e-01
8.818854577087188451e-01
7.567772663107675823e-01
7.532919005116972544e-01
7.329121354221648232e-01
8.135693817157225727e-01
7.980260494173312402e-01
8.704594107782838153e-01
7.922397940244845227e-01
8.433398433930024973e-01
8.071978606638665621e-01
7.792333633622552380e-01
9.329959263283402748e-01
7.748356537574597747e-01
7.771438690451356601e-01
7.921077847298918506e-01
8.438248195494665316e-01
8.073625004923354886e-01
9.088800855263760026e-01
8.223433486591154029e-01
8.776430254275460197e-01
8.838143972156051742e-01
7.728978030491848727e-01
8.402702327567518337e-01
8.314819015586171203e-01
8.896736242114198223e-01
8.418455753231259830e-01
8.108605518238164445e-01
8.381090911992920001e-01
8.908347536102180220e-01
8.689364836450255147e-01
9.755430231425392673e-01
8.472648515802372327e-01
8.861011822147915051e-01
7.747445850680615420e-01
7.164988509702774344e-01
8.094008801525063301e-01
8.673539112477490765e-01
8.921682636759581397e-01
6.905875542036146175e-01
7.852057013591168255e-01
7.543099312142129698e-01
7.576737221295680724e-01
8.594362938532683627e-01
9.102404533922117125e-01
8.011673338490108431e-01
8.191750349212544302e-01
7.688461868717055836e-01
7.164988509702774344e-01
8.581798588235476366e-01
7.905267092542754837e-01
8.817615228406555650e-01
7.420121038475357977e-01
8.508853241916003451e-01
7.109637743186045800e-01
8.835312740841931856e-01
9.050284288679797395e-01
8.002863975331055979e-01
7.349607612505556498e-01
7.608823775486562857e-01
8.220200708094662634e-01
7.093596132992027181e-01
7.745304788715612343e-01
8.561102253062683465e-01
7.075715826695699873e-01
7.852089814634368725e-01
9.139979749880939863e-01
7.634191145477094986e-01
8.314101113853137326e-01
7.053276574606320848e-01
8.569537007995047251e-01
8.859107912514544436e-01
7.951393557914246957e-01
7.979674606544401305e-01
8.038194628502025596e-01
7.174265334481579881e-01
8.368803518997842694e-01
7.445966388186475715e-01
8.337317152982139934e-01
8.206355963211643401e-01
8.403016587063543152e-01
7.622925608981924173e-01
7.488128128140109085e-01
7.622925608981924173e-01
7.112009145101448881e-01
8.130410594795641765e-01
8.163934066119872268e-01
8.291078882646351067e-01
8.233509861411681952e-01
7.885952793619611656e-01
7.884452997521530504e-01
8.282011477601075589e-01
8.095963828764911607e-01
8.008581208444706112e-01
7.401843760503231673e-01
8.579755836738260921e-01
7.741631261292644117e-01
9.001613430341903754e-01
7.802271732715482244e-01
8.191220075792419175e-01
7.803213231954702067e-01
8.733465025104090174e-01
8.208330054713464108e-01
7.729566751161391913e-01
9.139979749880939863e-01
8.390994887446393546e-01
7.730219485606695251e-01
7.132481689470666630e-01
9.073798251884637178e-01
8.266909815373825188e-01
8.085537788829519901e-01
8.789378197146250349e-01
7.214901180843149575e-01
9.134959070628639877e-01
8.387598674800107457e-01
8.837220786970745312e-01
7.330327667802757352e-01
9.858577553964741336e-01
7.898648878453442546e-01
8.726271202265004634e-01
7.762438016708340660e-01
8.619153749256256436e-01
7.754268673534795431e-01
8.229962820333488471e-01
8.965116320358714752e-01
7.524851944516920410e-01
8.781138554468762569e-01
8.289570858954921073e-01
8.242030963001524269e-01
8.168058530657705818e-01
8.776430254275460197e-01
8.884969538451649163e-01
7.814082737281876634e-01
9.677586752571060158e-01
7.015125784937846776e-01
7.329249815068602514e-01
8.321802630301177173e-01
7.647729467973396478e-01
8.397294647253709110e-01
8.055810088689320247e-01
7.455646538199297568e-01
9.255968814336494876e-01
7.168255045705526074e-01
7.898906456737230242e-01
9.166682276724226197e-01
9.179751855038470465e-01
8.732082743673712510e-01
8.658357623417634041e-01
8.420907634435089717e-01
7.297600051846657720e-01
8.465090824422948357e-01
8.422968583889626215e-01
7.859688218916753844e-01
8.508782930922280663e-01
8.619153749256256436e-01
7.537148868816624381e-01
7.452393041634519655e-01
9.004828644024843731e-01
8.319009978618102652e-01
8.050110754446255790e-01
9.195176111274798725e-01
8.532585215139949497e-01
8.110669998941629766e-01
7.777779603545638132e-01
8.847625196142319126e-01
7.564765270524617113e-01
7.708177512021072708e-01
8.327633049570465351e-01
7.946324569265480475e-01
8.741782560817327186e-01
7.704328639672383128e-01
7.327000063905997340e-01
8.596255473673001246e-01
7.882824891258309874e-01
9.167726209696269724e-01
7.653623333812060725e-01
8.056747296516083567e-01
8.138761760644609433e-01
9.160630272428194054e-01
9.280313628173210150e-01
8.261379098642827046e-01
7.945582713128471752e-01
8.563397052186854097e-01
8.222559308029523395e-01
8.940276233024533337e-01
8.418715549888071692e-01
8.655034653199265016e-01
8.447515138693526549e-01
8.530159129112361294e-01
7.939899860195769321e-01
8.406876068961761650e-01
8.717128668719338336e-01
8.036734376175627137e-01
7.881328654179964310e-01
9.587331882559677609e-01
9.820430474321113490e-01
7.666712184961003151e-01
8.594335319430121967e-01
8.253413339960750106e-01
8.858110542571078216e-01
9.130641025671774047e-01
8.785550699941047093e-01
7.047680298246316033e-01
7.882354272196888667e-01
8.253445055922988827e-01
7.772438415752952467e-01
8.487545764870929599e-01
7.957486297397711184e-01
8.079546384747638976e-01
9.064095759335530911e-01
7.336581383717398763e-01
9.224744350870985876e-01
8.650983613957858864e-01
8.513584387893583516e-01
7.977917453704103101e-01
7.851641691925232980e-01
9.519970200423595319e-01
8.527126633461686867e-01
7.670503559310490882e-01
7.465343145954969062e-01
8.184749071783867791e-01
7.829993451830116191e-01
7.187864561437695698e-01
8.960454194727089927e-01
8.574436369948440495e-01
8.376366534658237217e-01
8.249953235570381960e-01
8.396696520209939729e-01
7.999718782599870570e-01
8.241554509189222832e-01
8.270038109955520911e-01
8.301507287889566822e-01
7.947212657254151269e-01
8.700758319189131340e-01
8.633358004429616539e-01
8.113135267561973896e-01
8.750232353852893663e-01
7.014700482993523334e-01
8.305683853092957758e-01
8.765029520023985832e-01
8.075395697472363965e-01
8.696167050699000756e-01
7.728316928064717928e-01
7.733723960476740489e-01
8.369236918146343296e-01
7.580390459575214734e-01
8.079690929948855072e-01
8.306122747300000997e-01
7.934862326147456013e-01
7.380321773226139470e-01
8.147909943578616199e-01
8.317832517445944429e-01
7.992489626526758650e-01
8.023269037958045136e-01
8.150265936826769364e-01
8.659644428846896558e-01
8.651068824061083351e-01
8.651427402171755210e-01
8.184172475072570840e-01
7.539530939973642099e-01
8.539443346054285122e-01
8.921591557268192529e-01
7.710314476585081733e-01
8.222880084119453814e-01
8.113996494820645555e-01
9.269238115752062024e-01
7.264542549313729447e-01
8.374171242202881338e-01
8.749685662076406301e-01
7.531874609472914983e-01
8.988825975643263133e-01
8.289876165896336024e-01
8.830693009313997921e-01
9.028775416361560779e-01
7.774684100440737433e-01
8.041025069096692235e-01
7.474033810165991998e-01
8.118382525083956969e-01
8.015057954871542822e-01
9.601678288599200251e-01
7.731872069275289583e-01
7.631089983608064786e-01
8.673348132552499701e-01
8.378762596553273045e-01
7.631695610221314041e-01
8.149277948332771526e-01
7.848422099571221722e-01
7.798720943827891494e-01
7.405151949247940069e-01
8.026859356382567423e-01
7.406355362228724815e-01
8.612448825882482728e-01
7.934797079427049482e-01
7.572782548137979575e-01
7.806799368481396328e-01
8.314450358108552708e-01
7.055569148618265896e-01
8.668644925753502539e-01
8.114111832506202271e-01
7.293183561435655493e-01
8.866138438794705090e-01
8.229074522245451995e-01
8.452556473856044361e-01
7.934536729131043131e-01
7.159841371034076918e-01
9.300436255190560608e-01
7.881118440446310824e-01
9.012010299254890056e-01
7.397097338466679384e-01
8.420001421356478888e-01
8.689912909913403150e-01
8.485339559148761257e-01
9.589000332842931851e-01
8.123944871080307495e-01
7.874189892045340144e-01
9.511573982012051509e-01
8.384195975782263721e-01
7.682667559998749285e-01
8.933360881211034332e-01
7.935501961771439516e-01
8.941458845937249045e-01
7.804136271143320425e-01
8.504031446485853518e-01
7.614584893554419143e-01
8.959813519708393903e-01
7.837506583625426515e-01
7.409546661648144239e-01
8.217534805832205080e-01
8.565820337088069225e-01
7.269046493509897511e-01
9.023319085838067410e-01
8.165912168419948713e-01
8.606294556252142014e-01
7.812981735765642810e-01
7.794696722373330999e-01
8.500047356111701813e-01
7.129777981250667862e-01
8.765978322923713151e-01
8.505664149411791275e-01
8.837455891429328858e-01
7.382083786580070361e-01
8.999600728607249911e-01
7.916077308889447606e-01
8.250846784724720218e-01
7.645335260284733536e-01
8.116263331770392497e-01
7.063019837474447948e-01
8.452495278514177146e-01
8.518958187431573403e-01
7.670889284028040711e-01
9.265490982427366795e-01
8.867388935473812239e-01
8.902597547979256287e-01
8.558070797983172717e-01
9.056487267001415153e-01
7.765752988923129152e-01
8.257689529356173619e-01
8.802571032134394180e-01
8.047730424019648998e-01
8.936015828868765221e-01
7.839954605937147214e-01
8.207179151173521481e-01
7.737297534571579982e-01
8.882296285840548533e-01
8.318584393839699720e-01
8.580979965435958645e-01
8.406839644458259375e-01
7.657690811790464069e-01
7.917217230768601732e-01
8.612582528770073020e-01
7.973900245294789357e-01
7.670941653716188968e-01
8.161203051789284180e-01
7.773633477255234014e-01
8.792847279515221270e-01
7.541058471185715373e-01
7.768284942621312972e-01
8.652817924999319787e-01
8.509912597596962502e-01
8.259991273889634167e-01
9.018130371920752841e-01
8.288843214655252645e-01
8.386882795042761574e-01
9.227324529237997952e-01
8.533505530509878367e-01
7.634590693674229156e-01
8.053761247328746764e-01
8.909725513365447380e-01
8.889772773435042907e-01
9.336830033839947918e-01
8.601019152299498316e-01
6.998356241411621825e-01
7.913882226556118171e-01
6.856313642348953463e-01
9.483569494863866023e-01
8.639467999437325796e-01
8.281483802427942464e-01
7.791204847452020132e-01
7.705124610644890071e-01
8.495800817872102284e-01
7.091685739284152579e-01
7.200133287517005432e-01
8.297407806486953863e-01
8.333007639101721598e-01
8.385833389875239074e-01
8.052748802046530985e-01
9.180690773779370817e-01
7.289182018896941395e-01
8.672770284802649998e-01
8.012843471511059690e-01
7.977917453704103101e-01
7.696495874184841046e-01
8.277978351219335007e-01
8.570053037380211958e-01
8.647934495896527629e-01
8.162375915103103896e-01
8.887317072586549127e-01
7.523905521574263400e-01
8.047732756399204046e-01
8.762397544090362311e-01
8.770450958271035491e-01
8.991577626449914762e-01
7.974087280723487492e-01
7.541058471185715373e-01
8.210595282510726456e-01
8.500254309705890243e-01
7.544111730171858543e-01
8.930287156864079590e-01
7.481689574716385849e-01
8.443918581735393447e-01
7.313201441007141090e-01
8.796208660337246910e-01
8.753969280014288756e-01
8.702091813638644924e-01
8.820434201677127550e-01
7.033872642753138393e-01
8.133772066036777382e-01
7.249389479551321402e-01
8.574532174567381926e-01
8.423203312400201481e-01
8.857377018457364137e-01
8.234780148043145953e-01
9.373930877570251230e-01
8.085431908336139228e-01
7.653642844387050781e-01
8.471764161305416208e-01
7.842913934243971319e-01
8.177061904422135985e-01
8.162375915103103896e-01
8.767158925574192185e-01
8.034160948417441439e-01
7.573080833457322969e-01
8.180941326547681580e-01
8.223292335473423309e-01
7.855587536726067466e-01
8.187880156386004860e-01
7.046432824003501239e-01
7.531043354271645951e-01
7.839719993158872358e-01
8.445090705982509771e-01
7.293845932929310383e-01
7.441290771646137392e-01
8.613804901580589535e-01
7.842818847780368419e-01
8.658841965172626720e-01
7.619207420850234724e-01
7.450356604711053654e-01
7.961025815836876296e-01
9.179591839497845962e-01
7.760434189479217260e-01
7.522595962164351224e-01
9.068444309589736019e-01
8.283063075053127555e-01
7.658788782135066420e-01
8.654154648569863939e-01
8.107655913484035359e-01
8.407180945907760661e-01
7.397097338466679384e-01
7.478630723648540535e-01
7.593407011244739380e-01
8.305234850454207285e-01
7.034849335086742483e-01
8.342423188556608027e-01
8.912729399456632562e-01
9.133117486848126854e-01
8.146821500415551975e-01
8.639762142808712353e-01
8.511462704075325458e-01
8.372196217619861658e-01
7.644989287864309979e-01
7.694563730665667789e-01
8.516082178017749804e-01
8.516457897626825702e-01
7.760434189479217260e-01
8.612545590089013547e-01
8.746075589752361212e-01
8.362274787919160568e-01
7.544800527337567342e-01
8.241771552318848393e-01
9.182033828878813919e-01
8.266632669305811199e-01
7.516970414807521150e-01
7.324140922229315231e-01
8.188082817513221423e-01
7.898163707861002303e-01
7.554214609379579226e-01
8.085899336069117815e-01
7.381317162745620886e-01
8.278463206472304048e-01
6.927392303939650109e-01
7.196152446289429960e-01
7.487781345579784809e-01
7.802132953145365368e-01
7.636639232399038413e-01
7.541421287049882016e-01
8.546537537753526870e-01
8.483110549541508227e-01
8.552859330230496715e-01
8.055304019118407766e-01
8.414671172115000264e-01
9.162252094010097103e-01
8.184879381675307375e-01
7.868899543127060303e-01
8.761799983370652800e-01
8.269962649874421645e-01
7.313057326648770839e-01
7.715874052103359748e-01
8.287444293468126943e-01
7.022582470476574912e-01
6.914304227608361053e-01
8.245008919842838901e-01
7.887088939569927293e-01
8.488411391720107613e-01
8.903884580332193099e-01
8.934467013819537007e-01
8.704669738174957150e-01
7.820704495040341486e-01
8.666448870302132512e-01
8.002115831438562088e-01
8.732185291369352065e-01
7.122425135521190942e-01
7.984125298498306877e-01
7.834916762618299169e-01
7.558073505333041675e-01
7.782057287285349956e-01
7.615822621684131821e-01
8.507914985635829375e-01
7.848350884826041929e-01
7.622258438697372407e-01
8.481213091452023400e-01
7.302219454529368381e-01
7.684179673692748125e-01
8.066764549974246856e-01
7.241668604087757588e-01
8.580326432209185450e-01
8.199051725616561814e-01
8.307693128263529125e-01
7.483464956356827846e-01
8.646643320678677469e-01
8.797236905533030171e-01
7.681048013846206723e-01
7.736890211213894863e-01
8.771226764768504935e-01
8.116980759096082965e-01
8.509768446606017500e-01
8.381674562177400256e-01
7.097800833140459620e-01
8.302205024520983301e-01
7.184019550169813417e-01
8.999011883824997726e-01
7.063323859522414594e-01
7.923567191974899560e-01
7.892191904734804364e-01
8.005846376252422347e-01
8.925337017078390778e-01
7.835822519344328718e-01
7.305955756578556004e-01
8.430133618761356251e-01
8.386726432274631549e-01
8.807262975908313196e-01
7.718644443266208244e-01
7.804569948451733907e-01
8.021334157121345898e-01
8.760985905626896830e-01
8.008581208444706112e-01
8.879934142842192957e-01
8.579018303990453287e-01
7.937445179446710464e-01
7.774734493849211336e-01
8.523938615853500211e-01
7.393035687270617107e-01
8.777840939348072746e-01
7.973379164700896693e-01
8.182161014624597106e-01
7.764215101873997993e-01
7.267678210590652332e-01
7.311016371159837490e-01
7.337491111511581510e-01
7.738046284441266742e-01
7.829128284681464711e-01
7.386647512896065138e-01
8.941561929798964581e-01
7.835236090743790127e-01
8.771638821547351750e-01
7.601846273913338559e-01
8.473801241732276113e-01
7.141624119037439655e-01
7.184149041061608232e-01
7.918784349732400640e-01
8.146821500415551975e-01
7.536717132180235090e-01
9.139078435000972389e-01
8.548232557976275237e-01
7.546965599356884047e-01
7.724365243648484425e-01
8.652112680766236297e-01
8.482059371538785975e-01
9.458949533918943331e-01
7.910212984067297448e-01
7.679033580509424528e-01
7.839962703828733392e-01
6.826047351480954983e-01
8.268465976473590162e-01
7.841381565988412294e-01
8.650582349735099763e-01
7.990010263227450560e-01
7.840309553766190431e-01
8.101575557795065441e-01
7.774524447456568899e-01
7.405500566872029733e-01
7.339670726370050025e-01
7.286553586791215675e-01
7.653343303537911702e-01
7.820983106837995358e-01
8.352342477568946988e-01
8.104389353993056710e-01
8.282669008040673964e-01
7.843009771135404096e-01
8.632848689342863535e-01
7.774734493849211336e-01
8.486038517809183501e-01
7.750199161693465122e-01
8.472622574734118839e-01
7.616038309214894220e-01
8.346305925931575276e-01
7.337491111511581510e-01
7.786721435332755181e-01
6.971720916756647402e-01
7.710778475236651497e-01
8.061807673763977666e-01
9.269061821562273318e-01
9.606731152268670471e-01
7.792622650143575802e-01
8.056766093612842683e-01
8.157044355134051017e-01
7.552592289565155381e-01
8.933790488775509298e-01
8.750737551244041068e-01
9.228390893872118195e-01
8.619656231182163397e-01
7.443870864659813957e-01
7.872597482528834734e-01
7.252727941563438252e-01
9.020653728458798426e-01
8.330075924543284271e-01
7.246639386493650692e-01
8.328558842802999962e-01
7.625359260567897701e-01
7.354168986973622646e-01
8.643509049249067377e-01
8.611559277936013945e-01
8.063575191992714553e-01
8.878626599313761414e-01
8.332222686156198765e-01
7.455160109818660397e-01
7.368282006208353163e-01
8.904001179851906977e-01
7.870392642916153036e-01
8.843710272795093363e-01
8.689729845391584995e-01
8.950796459417957873e-01
8.952182892642246426e-01
8.304890979482938418e-01
7.965621824395738848e-01
7.599528154641588262e-01
7.744046037889018574e-01
8.123733741226383254e-01
9.125433578177322147e-01
7.606381561218571452e-01
9.249462850195624419e-01
7.440917166614778866e-01
9.002686171207550103e-01
8.148629576195786095e-01
7.988472551445565673e-01
7.726649089314037155e-01
7.485531547995991630e-01
9.217789091661214851e-01
7.397262755620495067e-01
8.509178129299507232e-01
7.769318796818059925e-01
8.362738359678177913e-01
8.350977904638826610e-01
7.658228301869909327e-01
7.856641655275934388e-01
7.824631132558862445e-01
7.907189549412327878e-01
8.481839039554452953e-01
8.428149521703076630e-01
7.208701093598510745e-01
8.741248769714451416e-01
8.525453477623766707e-01
8.837455891429328858e-01
8.701679316774295625e-01
8.216220893821685189e-01
8.050669879815990360e-01
7.347240020945587924e-01
8.806593033955150140e-01
7.713997929604936576e-01
8.658357613006576470e-01
8.862111536483054941e-01
7.863407292727458975e-01
8.352404171578728942e-01
7.552651293201697591e-01
8.428119359302226332e-01
8.468185300861474918e-01
8.140555905616765342e-01
7.918784349732400640e-01
7.752458098071178805e-01
8.789804592528039917e-01
7.974087280723487492e-01
8.068779315878839009e-01
8.240632394085748436e-01
7.494656598273201631e-01
7.505204484183177760e-01
8.808044371207338630e-01
8.357465251496051239e-01
7.229157530527874354e-01
7.560673495091125851e-01
7.885952793619611656e-01
7.864714939251753467e-01
7.632443428014784592e-01
7.671752301920469197e-01
8.766950626261598156e-01
8.076329338304869543e-01
8.692368357798676559e-01
8.089701676415951281e-01
8.278183261432927598e-01
7.734313491881231739e-01
8.222021612847107974e-01
8.263655647547171190e-01
7.627106167315946816e-01
8.100203519931312712e-01
7.671311510796856581e-01
8.822859079224592005e-01
8.370013111970026065e-01
7.944795842550265164e-01
7.911381737759851651e-01
8.501361508460955063e-01
8.526479630539846033e-01
7.638111718080149437e-01
