9.065866179891374221e-01
8.305542753372129328e-01
8.548902174753226779e-01
8.363667555970827339e-01
8.518232042510932578e-01
8.229756483010720602e-01
8.718173047137053322e-01
9.037942779304325436e-01
7.837228010368365583e-01
8.105342427714880005e-01
8.209571978567934414e-01
8.352407594679652769e-01
8.273452701099655027e-01
7.681478721537117194e-01
8.545791880136757168e-01
8.086730121006437955e-01
8.304051317766203422e-01
8.359421791520550427e-01
7.951728266941692214e-01
7.558360412413579477e-01
7.741078584288755282e-01
8.321491055476544219e-01
7.763486960730688891e-01
7.955087137026252142e-01
7.938551737177346190e-01
8.596026014604163379e-01
7.240896394495370814e-01
8.349442629989088926e-01
8.609333380074711828e-01
8.767430318347394502e-01
8.203650265455351143e-01
8.910622959319201009e-01
7.875112593873615507e-01
8.460564785725950276e-01
7.894535715040950086e-01
8.617001876867667054e-01
8.530272187021200603e-01
7.666594446713812516e-01
7.458399318998885086e-01
7.575962055553970842e-01
7.117011456982478279e-01
8.159882781056350121e-01
8.158429572155948550e-01
8.540090244592759561e-01
8.150651934477761706e-01
7.874212019359241310e-01
8.298529792374226277e-01
7.997255183054380323e-01
8.117968691124506364e-01
8.238212177168097172e-01
9.346348970355956576e-01
8.991384786839599075e-01
8.607341137498749628e-01
8.163319946625862134e-01
8.122282692190854192e-01
7.145019235037997074e-01
8.498376486667895691e-01
8.565630162797162050e-01
7.706594320972048884e-01
7.756514784531397533e-01
7.424789578824787517e-01
7.142665279646888132e-01
8.106126218961470231e-01
9.362796463357176968e-01
9.066748250733832615e-01
8.327633959918016027e-01
7.985257499606633891e-01
8.312598200069787335e-01
9.482150952031547231e-01
8.323533237111623295e-01
8.555833329081993233e-01
8.222672363761590608e-01
9.108612103356090728e-01
7.796531412878592304e-01
8.828015943712304026e-01
8.188063222942937314e-01
8.151507458732836220e-01
7.565381338256421673e-01
7.463406261828061661e-01
8.306612546725569146e-01
7.846615469628838158e-01
7.996509357084591318e-01
7.892653302563344964e-01
7.595477007216334675e-01
8.215086908663032927e-01
8.223292335473423309e-01
8.077757483365398672e-01
7.808967573854420641e-01
8.831883863260188150e-01
8.216220893821685189e-01
7.874685365873084208e-01
8.369448121782467886e-01
7.961821372421084009e-01
9.167053643505150839e-01
8.240804196347140120e-01
7.317829930683891204e-01
8.315407095502678203e-01
7.862189774006241860e-01
7.924864473692674327e-01
8.031655379149950091e-01
8.511744138653248859e-01
8.644573070024091921e-01
8.202785769555355211e-01
7.748659206829314749e-01
8.706800609133453772e-01
7.427822857920503008e-01
8.114796922761725595e-01
7.001073570306595162e-01
7.333079893876899291e-01
8.338757581271625252e-01
7.785945220950296619e-01
7.251145772101020848e-01
8.702290235081888703e-01
8.792095798222205882e-01
7.877416807135695365e-01
7.613586951614194076e-01
7.629988587898034469e-01
9.215930200636401892e-01
8.043555816297084382e-01
8.789560735200562247e-01
8.002115831438562088e-01
8.107509514241384441e-01
7.366033203582841304e-01
8.042215102065555232e-01
8.416289506817735688e-01
9.055903999826039330e-01
9.066349789982017793e-01
8.414048282624695396e-01
8.876730099584277944e-01
7.732304953243870349e-01
8.327633959918016027e-01
7.771118859107639665e-01
8.392569686545819918e-01
8.881317143716974671e-01
8.031277362472132308e-01
7.545268254932228080e-01
7.898371378817139465e-01
8.358562652985010999e-01
7.990010263227450560e-01
7.815202144154034247e-01
8.321207238821297647e-01
7.505098812717047041e-01
8.638788883314678646e-01
8.744989661249265023e-01
7.525337068960099574e-01
8.643154066545220005e-01
7.938545854641867461e-01
8.532572065165103803e-01
8.154145916875470412e-01
8.172746342993726376e-01
8.861524995418519346e-01
8.040315442453097594e-01
8.492518351623231654e-01
8.862021501492610698e-01
8.910204154186303072e-01
9.055254937592241982e-01
7.895043408765749504e-01
7.434222360308538891e-01
7.796158199427879465e-01
7.697592653835854115e-01
8.426134369578623939e-01
7.892347000216991537e-01
7.790945114452644260e-01
9.507845123986565783e-01
7.792187181133148899e-01
8.762831124575246600e-01
7.662672078180922108e-01
7.234244663393987196e-01
8.630181595315319365e-01
8.079613456349662437e-01
8.668556084717029542e-01
8.217365542902832498e-01
7.610224761417607731e-01
7.819553759862806208e-01
7.528026235110995001e-01
9.315267805239448862e-01
8.935576864794075869e-01
8.202626550961598095e-01
7.724865794756257120e-01
8.985217728473080534e-01
7.603194683927572139e-01
8.297001461768439556e-01
7.734271325078695414e-01
8.268719146884548898e-01
7.760459838076020356e-01
8.506566246312853297e-01
7.584806309838991734e-01
8.727815874698094945e-01
8.436000157670971999e-01
7.506927190670897865e-01
7.671574670498360060e-01
8.653524794083864435e-01
7.703440521872489954e-01
8.217554169647212081e-01
8.922985923675649245e-01
8.223345774594433832e-01
8.711881096082370046e-01
7.865882255052923933e-01
8.991927165692197299e-01
7.402493908394321975e-01
7.708975956045036604e-01
7.708115369626891145e-01
7.280766504502679259e-01
8.757518532311032722e-01
8.237536355707166802e-01
8.669569616776612309e-01
8.179525466102054443e-01
8.346339592964736598e-01
8.132319735485471490e-01
7.846055811756172949e-01
8.558944344387114933e-01
9.254539567716116855e-01
7.901392641288339513e-01
7.382697102527444599e-01
8.045530636451889706e-01
8.693388082116939586e-01
8.221032352234141083e-01
8.173448060491158573e-01
9.574106274833160679e-01
8.827854108947077449e-01
8.195774801969936130e-01
8.040315442453097594e-01
7.245282808945898712e-01
8.319158308834172511e-01
8.133673497751077175e-01
8.237733092906666110e-01
8.117812010683866930e-01
8.333998808534838210e-01
7.753055810556920280e-01
9.166682276724226197e-01
9.095290711672867623e-01
7.158008736026432173e-01
7.791763616275190207e-01
7.938551737177346190e-01
8.290401764120431949e-01
8.312064241532033382e-01
9.029552881564224531e-01
8.437400988164212023e-01
8.300632547632413871e-01
9.869458352367534992e-01
7.989202262960762857e-01
8.422872472865070570e-01
8.063765245123620806e-01
8.276161825100942782e-01
8.770675546758230912e-01
8.412053099243783638e-01
8.970339315599971108e-01
7.499218261890004955e-01
7.807171501019648518e-01
8.384404382808245959e-01
8.162120639806642597e-01
8.256546571327697537e-01
8.050669879815990360e-01
7.678606406941275164e-01
8.548682546010647476e-01
8.228388133367218193e-01
8.982922538880572239e-01
9.259481277595638105e-01
8.501143350270782273e-01
8.326905607291700262e-01
8.217559470783127873e-01
8.614327873449110218e-01
8.082416750255336790e-01
7.782310752706304013e-01
7.527979394585557760e-01
9.180774179164363780e-01
8.125953673291219648e-01
8.603953049356847238e-01
8.072025081775374700e-01
7.914810076836726882e-01
7.572981115482823045e-01
8.695587227895854587e-01
7.887474482969494272e-01
8.716585729259701543e-01
7.958329316790772046e-01
8.166288578178413360e-01
8.301518584990105198e-01
8.039860958180737871e-01
7.855318668564676976e-01
7.718299636824922372e-01
8.235389095843500540e-01
8.090866432530009478e-01
8.268719146884548898e-01
8.314560673621396170e-01
8.679682617788186949e-01
9.204128730541405456e-01
8.390842498126659388e-01
7.845117477795299221e-01
9.106026363642408805e-01
7.864026410320321681e-01
7.242788058113897032e-01
8.988340634167142351e-01
8.487215313980586151e-01
7.112109571402375208e-01
7.276544715432854415e-01
8.572298596893948019e-01
8.370294238732512992e-01
8.427955170196487211e-01
8.123178473505219266e-01
8.271738980003979780e-01
8.768911934770876604e-01
7.665806328255573288e-01
7.785654355896054479e-01
7.077041300975716043e-01
9.131872382801690113e-01
8.635224254800457633e-01
8.715809024466285582e-01
7.993823575398564252e-01
8.187611421954060775e-01
7.760529273063985212e-01
8.085537788829519901e-01
8.174578483666113948e-01
8.554361591636213680e-01
7.575489509865031001e-01
7.185558900130313287e-01
8.196101899882034525e-01
8.156777535530620460e-01
7.848403736321294399e-01
7.754609506237426508e-01
7.882864507476745608e-01
8.376332424315479086e-01
7.872364752806874089e-01
7.785103121973823148e-01
8.533656218884905220e-01
8.178423185580702137e-01
7.670889284028040711e-01
8.717662142379957180e-01
7.913613101193224253e-01
7.676827263480970887e-01
8.783801560414383758e-01
8.558229231035604512e-01
8.274064041192370489e-01
8.035519149018973684e-01
8.709391959203547362e-01
8.114713600973767482e-01
8.484742916970432480e-01
8.205058408250942570e-01
7.539713162135297519e-01
7.839458039511644216e-01
7.702276217860447582e-01
8.514686131778936851e-01
8.046969863363853115e-01
8.075524610080407895e-01
7.942429740249367098e-01
7.309101992890475463e-01
8.646852400828914931e-01
8.238646910931277656e-01
8.530293981388852309e-01
7.141624119037439655e-01
8.912011132171669958e-01
8.539496683036895686e-01
8.624868182077364276e-01
7.280982350406670633e-01
8.559079459930221123e-01
8.570484721076103707e-01
8.492082020060572889e-01
8.451499276283990225e-01
7.872904496303976263e-01
7.522414242845693044e-01
8.248088119772557514e-01
7.660146402640628516e-01
8.040706685436970202e-01
8.715093747319775375e-01
7.920693934587448304e-01
7.571225149966884782e-01
8.152415274442178506e-01
8.877334810174319912e-01
7.813963845143245823e-01
7.889599975887379157e-01
7.861322453766547147e-01
7.761226839604516980e-01
8.503228579495089035e-01
7.370250222245277039e-01
7.849910716936572275e-01
8.571756878641897393e-01
8.866297087325861748e-01
7.471878949992306618e-01
7.910431725606730247e-01
8.322232946865919523e-01
8.803167531863173023e-01
8.155589851849929239e-01
8.829843872069806920e-01
7.959925018244090600e-01
8.477630234524609065e-01
8.723353735403894804e-01
8.805578983991598774e-01
8.440764304198780099e-01
7.086387532576978732e-01
9.107640554544725875e-01
7.585591944724042746e-01
8.298735276996277443e-01
7.988989680998179743e-01
8.503716073566189859e-01
8.679645407190169637e-01
9.296142185172415751e-01
8.203680476290940993e-01
8.698503119098353054e-01
7.796276087845221969e-01
8.095223664148905041e-01
7.914447277729755870e-01
8.541964512150957978e-01
7.755785426141393879e-01
8.905151767514896122e-01
7.586389997773118621e-01
8.337122328167965168e-01
8.552554264633255299e-01
8.053992640993160590e-01
7.999591502415493993e-01
7.056516029175764482e-01
8.189824346957712553e-01
8.208215604641559970e-01
8.399242866186364953e-01
8.006290478650114339e-01
7.848466858880506214e-01
7.829502364764686639e-01
8.367133183092847482e-01
8.430195812482911277e-01
8.394507112817485295e-01
8.163574335223805489e-01
7.585682074636830308e-01
8.116781180857559619e-01
8.319278140488134410e-01
8.227448283059695111e-01
8.227547737899310043e-01
8.608351611521153357e-01
8.333100509117462584e-01
7.750170130983515815e-01
7.459430981317815013e-01
7.792062842506953801e-01
7.582918167977223955e-01
8.293736673564721107e-01
8.473080692441140593e-01
7.895043408765749504e-01
8.468030805954773754e-01
8.379613678184809622e-01
9.758657844976856843e-01
7.599441479161146429e-01
7.697119532182982171e-01
7.511401502309402733e-01
8.781138554468762569e-01
8.867574474573453047e-01
7.956706132228406059e-01
8.453655458571760484e-01
7.139139314272190395e-01
7.002304049293412991e-01
8.491249949853770795e-01
8.988343436468332337e-01
8.286096752451611591e-01
7.597505797229189284e-01
8.590212790188307412e-01
8.480707155354352267e-01
8.453804899396342165e-01
7.735973914990111888e-01
8.546594506002247460e-01
8.008592192164525336e-01
8.097136815251265718e-01
8.058130021851058755e-01
8.620135695114286012e-01
7.226772758200588065e-01
8.943968687380712268e-01
8.344805028952148040e-01
8.644617286073942308e-01
7.714100417144112987e-01
7.706312779193937867e-01
9.423160514119378606e-01
8.077757483365398672e-01
8.558944344387114933e-01
8.138723796355665785e-01
8.005682368275092164e-01
7.511503412890560005e-01
7.584682060676231075e-01
8.494350296228869723e-01
7.655123246760865419e-01
8.621331386753212644e-01
7.583987593916616810e-01
7.549425969215504129e-01
7.867544907765271489e-01
8.223139316152049405e-01
8.408323745917517522e-01
8.284947880226456451e-01
8.381149298916674706e-01
8.821691223055081466e-01
8.375702061741819859e-01
8.221848222727596855e-01
8.002829750244297990e-01
7.894503276537915282e-01
7.229204990836390898e-01
8.221578083889761190e-01
8.367921404898079896e-01
8.374614032220923932e-01
7.578808358442400417e-01
8.768678706514937415e-01
8.491936311782992686e-01
9.228390893872118195e-01
8.040411813404023667e-01
7.653497166102137816e-01
8.972522940444812578e-01
7.532740156082994298e-01
6.959903504139461905e-01
9.108414920899040590e-01
8.606193549648659680e-01
8.635181817319845798e-01
9.170919099003937980e-01
8.796786232395098493e-01
7.366033203582841304e-01
7.851501022045332956e-01
8.386442377788362323e-01
8.640259602883813006e-01
8.992942228589266840e-01
7.823012628092647081e-01
8.197822736274635869e-01
8.360896789747951363e-01
8.191991422300828329e-01
8.184316981632461241e-01
8.848207366713189970e-01
8.471393200614533159e-01
7.573383862816523981e-01
8.305137387194507781e-01
7.249988260015479691e-01
8.323533237111623295e-01
7.967269927719857758e-01
7.914283052049404521e-01
7.817450035309447820e-01
7.387223868186296727e-01
8.279545700791728358e-01
8.646995105297127227e-01
7.875003318889167714e-01
9.270684131573838638e-01
7.630789497401467836e-01
7.785287294647806888e-01
7.255474707819710156e-01
7.614784679964103908e-01
8.285612769336845318e-01
8.899000416994927720e-01
9.014686439649917116e-01
7.801512221854681739e-01
8.427230271605894441e-01
7.414663937303692665e-01
7.578636296760914437e-01
8.696800679717016092e-01
8.944564159817092186e-01
8.536789626017229349e-01
8.023175382338390005e-01
8.103421373580397269e-01
8.095292132495657267e-01
8.788800465327782918e-01
9.102867272898536033e-01
7.770070608382226851e-01
7.536018495032368314e-01
8.094121390639088531e-01
8.711791791878049640e-01
8.040130236151568077e-01
8.386442377788362323e-01
8.949786610095642470e-01
7.251171327764988073e-01
7.308514454078854916e-01
7.847418489482327342e-01
7.409694076800571461e-01
8.357997180064199449e-01
8.024016838578320598e-01
8.398488687539928943e-01
8.704479533476281450e-01
8.333100509117462584e-01
8.142948300837455911e-01
7.827346754258017736e-01
7.730233496205254351e-01
8.757212800621484439e-01
8.256422925541675450e-01
7.995340197969125207e-01
8.639030120828290471e-01
7.945036903266304851e-01
8.443201499359822559e-01
8.126396396829438373e-01
8.452401771927915419e-01
7.370341362289933862e-01
8.156777535530620460e-01
8.455560256153797916e-01
7.964945605208165746e-01
8.317961121512932321e-01
8.633565971917621651e-01
7.825631784990769724e-01
8.785550699941047093e-01
7.881291772691314534e-01
8.141982010533066472e-01
8.348092060348679677e-01
7.478313325685085333e-01
9.163956560349926228e-01
7.519248898934398628e-01
7.659540815186599572e-01
7.590793837922392706e-01
8.590212790188307412e-01
8.644585939177720224e-01
7.468468707676186868e-01
7.898359412894864207e-01
7.304523518209415922e-01
7.111666093941048095e-01
8.149758966934811388e-01
7.591472265919910756e-01
7.777015061810411689e-01
8.446288010171254523e-01
9.285266653600596776e-01
8.079690929948855072e-01
7.576357217989431181e-01
8.011325701298219748e-01
8.772946156472114509e-01
7.346334735817241501e-01
7.118191349296424386e-01
8.405763007535411724e-01
7.226558944893616276e-01
8.514686131778936851e-01
7.996286431444405984e-01
7.778862533100423526e-01
7.962633709087955092e-01
7.996328689398246592e-01
8.348272998914419984e-01
8.313668508628833109e-01
7.674232410110685132e-01
8.316977599688930578e-01
8.158661703164775680e-01
8.334107601972643442e-01
8.037766060984319338e-01
8.380072312303128435e-01
7.784558361903399781e-01
8.946855020842576778e-01
9.187604404276994430e-01
7.849364425717431093e-01
8.864139446300836056e-01
8.072676997847211267e-01
7.002494147846595185e-01
8.262550632990450783e-01
7.394941681079507667e-01
7.872904496303976263e-01
8.071621592293010128e-01
8.127808963413102328e-01
9.152262287842862776e-01
7.467122084253765557e-01
8.053714219317212875e-01
8.276161825100942782e-01
8.071622253210516407e-01
8.860526420783380042e-01
7.034619407472411101e-01
8.335925731660507321e-01
8.867388935473812239e-01
8.954792251568968187e-01
8.432401879925001120e-01
8.259866476423256554e-01
7.502366877963458913e-01
7.617566195031676424e-01
7.474232314100318630e-01
7.826516490159977080e-01
7.662698326886889788e-01
9.224594747305877585e-01
7.455058972818003893e-01
8.684945725328816479e-01
7.356255716883879359e-01
7.783484544334224875e-01
7.356117512887333509e-01
7.344355026276760956e-01
8.888218423401960111e-01
8.756999273497509950e-01
7.552332099993597225e-01
8.746075589752361212e-01
7.894620773144997994e-01
7.857975537695712775e-01
8.023745769042711640e-01
7.703525331832443701e-01
8.476346438021192808e-01
8.343963187576459717e-01
7.046233396473841060e-01
7.077852574684954101e-01
7.165027381418352936e-01
8.523005314308286229e-01
7.820649658400994353e-01
8.558127419560738192e-01
8.238212177168097172e-01
8.166656863142273126e-01
8.789423172440143928e-01
7.000576462775048858e-01
8.140734221891947620e-01
7.484809476910753157e-01
8.468007676657716143e-01
8.738618054785770584e-01
8.401375406547414437e-01
8.301970770924522736e-01
7.495839664972834271e-01
8.078621808602364229e-01
8.125864256600329183e-01
8.055746718832675901e-01
8.917085952517609382e-01
8.199605098183180285e-01
7.769471306528735743e-01
8.503403586401477865e-01
8.462077903932690992e-01
7.286162309526533765e-01
7.794135832072349723e-01
7.851493360970553947e-01
7.286553586791215675e-01
8.672022953475726492e-01
7.879347574394544029e-01
7.819672375207248338e-01
8.924718517783926108e-01
8.337242655067149677e-01
7.858736560696154561e-01
7.607778347026322718e-01
8.249803383834464210e-01
8.223215357630575539e-01
7.593351785933860620e-01
8.762397544090362311e-01
8.183331908880612238e-01
8.274404550734181241e-01
7.615260276485460444e-01
9.471876417544491389e-01
8.685243008774276019e-01
7.962531099167825532e-01
8.566284155863366223e-01
8.321982883674146070e-01
7.860144049410690004e-01
7.391526510631349911e-01
7.590864155844697647e-01
8.596577816079125078e-01
7.928368270074316326e-01
9.362650835481748368e-01
8.785755102222513324e-01
6.520530727384583614e-01
8.191819014258361342e-01
7.266124826968327621e-01
7.293183561435655493e-01
8.679284602544393712e-01
8.547314795134609566e-01
8.172090561211521331e-01
7.531234878464460047e-01
7.520478840101220142e-01
7.310674999269158869e-01
6.902761401953403375e-01
8.238646910931277656e-01
7.780819575343329575e-01
8.104088271427178913e-01
7.778296378715631176e-01
7.909076356619663128e-01
8.976020448575762201e-01
7.725647851366457264e-01
8.352418531346130770e-01
7.586260462306233521e-01
8.071364715901193643e-01
8.640120687652572684e-01
8.994128122411810811e-01
7.800314152621162789e-01
8.491170468796391813e-01
8.462626047177931321e-01
8.323323281846414234e-01
8.836522283550498624e-01
8.511582143454839988e-01
7.502033402848312660e-01
9.420237531806090470e-01
7.803172448080964996e-01
8.730921180378112822e-01
7.531356919961978980e-01
8.068864173331556922e-01
7.839962703828733392e-01
7.227340520104299504e-01
8.262121700370129718e-01
7.805637874721331748e-01
7.987377884220856483e-01
7.777779603545638132e-01
7.785851469578788375e-01
7.947193898773013965e-01
8.006384264582515620e-01
8.215489669325741762e-01
8.145426385986448414e-01
7.771704621551444037e-01
9.047446389927986665e-01
8.355832173105781635e-01
8.362333254468137245e-01
8.105866896169426905e-01
8.024509692904415736e-01
7.691050674208347315e-01
9.017679721635343260e-01
7.344913242695345623e-01
7.970239372623086904e-01
7.894938501054405977e-01
8.566260785927303223e-01
8.422697888623960072e-01
8.359802103527693706e-01
7.877320439795905127e-01
8.137843261730890454e-01
8.523619300304771107e-01
7.766758449898156780e-01
7.508672667304547854e-01
8.383802283000296729e-01
7.164345405363614638e-01
8.109143356028832850e-01
7.581967627778520846e-01
8.206039424364308665e-01
8.600676641545629275e-01
8.979993052345415228e-01
8.259652022489224477e-01
9.104400291434271431e-01
7.447194660168277025e-01
7.845244046686479233e-01
7.468851318173542753e-01
8.041187230670456820e-01
8.724515004460279277e-01
8.925337017078390778e-01
7.557578937304053612e-01
7.551242500749817399e-01
8.376892852747243046e-01
8.124446181995620409e-01
8.299976029381578302e-01
8.187992138802031583e-01
7.315288258057093262e-01
8.097226352621890166e-01
8.624717824725711690e-01
8.736693777096508073e-01
8.115400394702405595e-01
8.573868282271449592e-01
8.173774227204236853e-01
7.977606798678983369e-01
8.733963675209290844e-01
7.500952644754171894e-01
8.955940732232875456e-01
8.609035113912970605e-01
9.141506035522832807e-01
8.407706170117591471e-01
7.606895401798436929e-01
8.073144548231491191e-01
7.597918585439104033e-01
8.735276401003115865e-01
7.402378032160902288e-01
8.767384290111361889e-01
8.341809301972306079e-01
8.129676380561892124e-01
8.871914201410724399e-01
7.994310176775770715e-01
8.057770817156122423e-01
8.435024900459495711e-01
7.787830924290413126e-01
8.595548756934613399e-01
8.015995612917937718e-01
8.270116187560007104e-01
8.896499985040215996e-01
8.649661382512028318e-01
7.633094753233751195e-01
8.903969164112719437e-01
8.218588288479862225e-01
7.643306387685171455e-01
8.516390935625590686e-01
8.575717080092767342e-01
8.267973723031911693e-01
8.219929884480335902e-01
8.734629856836395589e-01
8.939532684416464647e-01
9.934421440399207048e-01
8.590591829868339246e-01
7.136343029891495382e-01
7.610914780388577938e-01
6.914304227608361053e-01
7.128131301112976548e-01
7.853076752025509588e-01
7.837228010368365583e-01
8.638209256483020404e-01
8.460402924753546161e-01
8.017830610761434995e-01
7.551242500749817399e-01
7.846421187889812687e-01
8.348095398759333152e-01
8.673161541200075098e-01
9.415908304319091648e-01
9.218347315174340029e-01
8.051761402055754857e-01
8.639762142808712353e-01
9.246715570068332335e-01
7.864332524968101756e-01
8.146389654625396659e-01
8.584143528344772012e-01
8.197525175134925401e-01
8.697255943719142124e-01
7.657088058231230621e-01
8.094509271448891985e-01
7.950300387910529398e-01
8.547859249181861685e-01
8.382110176475369157e-01
7.649242058791538845e-01
9.309839638759085378e-01
8.531094812398588578e-01
8.814765491940429465e-01
7.513558208791587534e-01
8.723331757510131013e-01
8.044623035597985306e-01
7.733939252087490557e-01
7.813530358626435968e-01
9.134959070628639877e-01
8.244712497659810735e-01
8.301518584990105198e-01
7.552304356067108815e-01
7.076907442017725813e-01
8.000096008815450466e-01
8.157732482857930068e-01
9.257807090169130060e-01
7.148805377675657713e-01
9.217392651322658947e-01
8.064269636225283033e-01
8.065612128443515605e-01
8.268596732349203782e-01
9.144127983659475767e-01
7.573295234564910716e-01
7.935399079916694021e-01
8.354406955758875153e-01
7.705670971259284130e-01
7.793719888066882318e-01
8.399280061646235973e-01
8.573193460253707432e-01
8.855940803271575845e-01
8.747910968220842243e-01
7.916019223238885960e-01
7.653343303537911702e-01
7.547147654290660146e-01
8.573998654312096068e-01
9.391077383732251427e-01
8.273452701099655027e-01
7.206157417072286409e-01
7.810910304565926721e-01
8.028503349165682090e-01
8.194002405770095532e-01
8.193555189530460359e-01
8.629797933440243041e-01
7.883239305514611051e-01
7.397505641335551108e-01
7.691057944988239914e-01
8.103142197443625738e-01
8.301217737795857365e-01
8.391522734609874190e-01
9.056620485482417271e-01
8.938431823586281411e-01
7.757913005302067289e-01
8.176070812130168397e-01
7.366926173104186848e-01
8.660382247902912445e-01
7.528922354172881137e-01
7.167573135418666697e-01
8.250250932239814317e-01
9.229626362024562214e-01
9.369068407650715802e-01
8.394443647023894783e-01
8.814674879120192319e-01
8.378567058734336381e-01
7.572148307491912700e-01
7.486277770202168780e-01
7.847959911452134785e-01
7.980278446568124240e-01
7.445281214656592761e-01
8.058364019709713943e-01
8.605215496974585321e-01
8.243034090503119637e-01
7.662072084075679523e-01
8.092353547101931444e-01
8.451499276283990225e-01
7.202072368332357311e-01
7.640051361731047264e-01
7.808577722849812108e-01
7.267983031221812995e-01
8.867388935473812239e-01
8.058924584123192680e-01
9.112857469963662194e-01
7.414127900995979292e-01
7.857105880137562615e-01
8.051761402055754857e-01
7.861989304321761463e-01
8.377343064919081650e-01
8.763925466244373297e-01
8.361106307501400270e-01
8.097341736256682410e-01
8.063348098342586479e-01
9.124087559834391792e-01
8.991065924059593595e-01
7.767317936352222674e-01
7.657814719547006987e-01
8.677818582087658550e-01
8.224328712182454870e-01
7.724691535702982170e-01
8.197525175134925401e-01
7.421271522019674549e-01
8.034078087710053717e-01
8.693577392032904028e-01
9.570670274844158554e-01
8.650093783688680427e-01
9.049869114416563276e-01
7.089336946239498394e-01
8.485567292076101609e-01
7.886618313850121131e-01
7.864045201625521342e-01
8.338564161352679527e-01
8.956274504101914280e-01
8.807543149370514746e-01
8.321982883674146070e-01
7.209601754716379318e-01
8.363715154559617782e-01
9.358681323289300691e-01
9.108086384174178818e-01
8.225616823917285547e-01
8.049557234860392763e-01
7.637821578459627059e-01
7.197827931500166976e-01
8.408043902911760403e-01
8.323321900466368328e-01
7.736671312854985771e-01
7.299318490425790174e-01
7.756006305157966407e-01
8.250328882362188976e-01
7.696930497798865067e-01
7.077710878427838637e-01
7.697855351458706696e-01
8.115091889941659087e-01
8.625383478585773034e-01
8.814765491940429465e-01
8.424120807836414926e-01
8.027306931985284111e-01
7.640192638356678723e-01
7.723849223428133071e-01
8.050110754446255790e-01
8.376419902036552623e-01
8.080623322998733427e-01
7.847825090609973353e-01
7.599111918757484041e-01
8.174170855085227672e-01
7.804564165060881020e-01
8.258620992691912965e-01
7.729630300864339665e-01
7.543520640515889442e-01
8.445070240458244504e-01
8.865787388326071827e-01
8.804994839420965391e-01
7.707913748931525255e-01
8.609035113912970605e-01
8.861781394700165571e-01
7.828020089294260853e-01
8.980388615624175230e-01
8.765950073321939762e-01
8.772195979261281362e-01
8.847581092496835664e-01
7.771680314862214889e-01
7.884106950916623946e-01
7.784200584057884287e-01
8.092419657553315826e-01
8.107509514241384441e-01
8.747963818578838868e-01
8.764756374117058657e-01
7.966143542787151866e-01
7.543884262124773699e-01
7.747058764199241665e-01
7.176846872111048992e-01
8.711157230115298411e-01
8.027632512198952242e-01
8.212435802484039371e-01
8.682092301827875058e-01
8.130358508188961775e-01
8.744008698672766089e-01
8.485803749978050314e-01
7.158768147109134672e-01
8.902689377360938350e-01
7.973081780173131294e-01
8.131855263761467167e-01
7.690809913257093955e-01
8.403870106321382760e-01
7.641200329777780853e-01
9.060817105742965394e-01
8.459735717388305876e-01
7.101186832315155018e-01
8.548853524450115149e-01
8.851558632080531730e-01
7.145842306170643310e-01
7.594071520999966518e-01
8.474202379649512507e-01
8.340240379278133220e-01
8.940334159344969223e-01
9.270290835821640707e-01
7.181458706766912226e-01
7.784200584057884287e-01
9.303432013129289135e-01
7.925917019117763029e-01
8.413460146152382801e-01
8.955748468174030696e-01
7.615717188647105340e-01
7.607169945533455158e-01
7.287165313851629023e-01
7.880101932748656557e-01
8.667986676834809057e-01
8.307394775077522331e-01
7.733857836058666280e-01
7.731014663762750816e-01
8.408323745917517522e-01
7.877022750592753697e-01
8.914825676123157017e-01
7.501456235671805084e-01
7.930387614926216466e-01
8.591893456212258418e-01
9.528733154456145993e-01
7.481126007000332701e-01
9.331670451128233346e-01
6.854004373586675136e-01
8.607865213429035656e-01
8.984867090517374422e-01
8.712408348135145530e-01
8.076945534457803388e-01
8.202553874527577227e-01
8.117560574635974691e-01
8.245094363257354786e-01
7.684431773304818414e-01
8.584143528344772012e-01
7.974815055067845382e-01
8.439757103327015786e-01
9.022318173704699795e-01
7.786065547831573230e-01
7.770212766800729254e-01
8.052650173022246616e-01
8.006491874952375021e-01
8.752160085181400762e-01
7.951872634660318573e-01
8.346605419056978281e-01
7.740570017388425095e-01
8.341809301972306079e-01
8.540519085508438968e-01
8.444382271615141766e-01
9.166682276724226197e-01
8.260961769705568170e-01
7.402301310314223226e-01
9.786442528079626335e-01
8.625383478585773034e-01
8.409795413576347523e-01
7.927644571612993962e-01
8.295209882350267350e-01
9.283358781208597144e-01
7.729188900696047915e-01
8.258797800363839592e-01
7.613227590947695411e-01
8.678896480083487797e-01
9.137625142207426165e-01
8.952182892642246426e-01
8.090051739529613428e-01
9.143549896365730234e-01
7.494732944608265557e-01
8.904001179851906977e-01
8.800095777189304025e-01
8.252351927638500451e-01
7.386763188587497364e-01
7.313648883518594213e-01
8.270887919281494360e-01
7.923526553754159929e-01
8.005424290731659731e-01
7.090667108855015499e-01
7.214808867548574423e-01
7.790659787724115715e-01
8.535403763088535989e-01
8.055655496417852834e-01
8.486444442274646560e-01
8.732185291369352065e-01
7.987427607698527332e-01
7.284979882662740991e-01
8.941407407729194956e-01
8.030343577763987550e-01
8.242577762088360016e-01
8.481128144349321385e-01
7.786918586762757721e-01
8.677870552635226220e-01
8.225232946543368229e-01
7.581632611918688314e-01
8.177897796649264972e-01
8.310966265175403489e-01
8.204014946215851811e-01
8.534289563738404194e-01
8.473757552115108727e-01
7.983260996387387953e-01
8.485999265025711003e-01
7.170629510039459031e-01
7.481074309551973833e-01
9.304924778639892535e-01
7.917332714088912704e-01
6.981509220089434642e-01
8.642993256932010038e-01
7.843001004393164166e-01
8.327104692837354882e-01
7.943406761911394609e-01
8.281517284192799755e-01
8.392896711884513250e-01
7.585806133083640157e-01
8.693042780699336003e-01
8.439722152420435775e-01
7.994130774233054737e-01
8.869665935011753488e-01
8.869686513994479160e-01
8.155589851849929239e-01
8.309337561692129448e-01
9.450776904540248990e-01
7.486834505048431954e-01
8.712436586902821967e-01
8.433545972598309737e-01
8.306717701593326897e-01
7.861417258698827348e-01
7.778296378715631176e-01
8.319158308834172511e-01
8.695433854614756930e-01
8.196505130742518519e-01
8.535103970254788175e-01
9.026640450017264783e-01
7.548487924486478873e-01
7.507306830212731041e-01
7.367527782137983650e-01
7.734313491881231739e-01
8.241026843382719402e-01
8.610261483685746065e-01
7.390757518323056718e-01
7.371773570368134187e-01
7.829256909040287482e-01
8.349485052577937383e-01
9.046386255562444134e-01
8.712867063678387813e-01
7.888666991140858009e-01
8.141853457841271569e-01
7.709279033474095710e-01
8.611679546392184692e-01
8.696167050699000756e-01
8.850709401369167839e-01
8.518624669557317564e-01
8.595253931919196733e-01
8.173036161030666769e-01
8.009806731569479865e-01
8.767906759605845757e-01
8.295482240558017528e-01
8.890193965485797545e-01
8.464505106572959292e-01
8.167175774483302897e-01
7.983504192820750633e-01
8.231807636917708448e-01
8.529894650615889029e-01
8.938624636644242338e-01
8.076493344838011623e-01
7.357234435456296850e-01
8.164787200429394209e-01
8.606407787436469725e-01
8.558293627056980934e-01
7.132990416762965413e-01
8.405218496996464950e-01
7.757422398099271810e-01
7.977006719986178274e-01
7.487270099081002606e-01
8.798015194432775576e-01
9.606731152268670471e-01
7.363376672827325331e-01
8.648996841962784954e-01
8.254327357049829894e-01
7.761554460415277523e-01
8.635875525276228704e-01
8.628558506529260264e-01
8.472781076533590916e-01
8.146368976098361525e-01
8.448379947225101994e-01
8.339138584995077208e-01
7.768549838262120977e-01
8.372069230340926094e-01
7.741848826561046337e-01
8.833255067935437133e-01
7.586455028310724602e-01
7.992996645023490165e-01
8.254065192739598045e-01
8.117070165662996217e-01
7.119944857792317450e-01
9.193701307007642320e-01
8.884638387260714865e-01
8.451640444849667366e-01
8.377612416395809891e-01
7.870816283510956302e-01
8.352613457650748252e-01
8.137744132256705676e-01
7.917209280837861352e-01
7.486776479923553662e-01
7.924227201198136283e-01
7.081341658161437458e-01
8.143169668732769262e-01
8.016542844555080150e-01
7.923939964905539757e-01
8.836537621888073124e-01
7.828845444129491904e-01
8.392589570511762576e-01
8.597977056509966687e-01
9.290319960175609237e-01
7.457600418126663078e-01
8.176143343514814532e-01
7.788104776470294865e-01
8.209390723050505878e-01
8.206537668114339823e-01
7.574791014180825011e-01
7.287165313851629023e-01
8.173840437658332903e-01
9.059087560555384444e-01
8.454761825895796834e-01
7.561095613854339481e-01
7.125139340161238399e-01
8.410694602696382471e-01
8.246110166985717305e-01
7.835251344639889703e-01
9.056487267001415153e-01
8.704669738174957150e-01
7.740499786273148386e-01
8.632933913474575283e-01
7.671072738471044206e-01
7.090667108855015499e-01
8.767430318347394502e-01
8.233461966321118375e-01
7.942697777213694188e-01
8.916063535476826951e-01
8.222643767655584135e-01
7.805734937798711748e-01
7.766356799818253664e-01
8.490484144647977294e-01
8.550880386881913875e-01
7.667968087033933955e-01
8.073144548231491191e-01
8.991183592339093700e-01
8.536231220703179856e-01
8.319143714051592253e-01
7.531040437519715969e-01
8.483197216645921301e-01
7.330312578526205769e-01
9.108866609092075572e-01
8.147500553053341754e-01
7.420199554893351923e-01
7.943820033719639628e-01
7.771438690451356601e-01
8.304152243929145971e-01
7.807632631401679735e-01
8.916707443607749806e-01
8.779127693347493766e-01
7.678403140364300494e-01
8.444030249803107235e-01
7.723847960738596807e-01
8.420948043622932255e-01
8.506078657284045219e-01
8.645733053052168104e-01
7.677838637549466716e-01
8.255364001379976724e-01
8.203138267440961418e-01
8.804028681439930448e-01
7.767754383652732963e-01
8.152728583223780578e-01
7.593043598955678819e-01
8.724259759701593619e-01
8.253075918262112731e-01
8.344378532657727998e-01
9.426489919905093329e-01
9.064928044966452658e-01
7.389205400508425114e-01
8.183195586755966922e-01
8.112386024202179469e-01
8.436660284462282888e-01
7.896113365724755084e-01
8.445070240458244504e-01
7.830437769833417105e-01
7.894620773144997994e-01
8.893424233794245959e-01
7.902016170672272466e-01
8.511815262479976996e-01
8.126942664379898096e-01
7.559290197519766830e-01
8.541964512150957978e-01
8.389374542569347781e-01
8.310619604831315232e-01
8.869665935011753488e-01
7.409407398720239124e-01
7.062336602362484506e-01
8.520757464937849246e-01
8.485346786778468209e-01
7.529145800008152367e-01
8.569541584619944086e-01
9.189976560079509138e-01
9.237262366565213156e-01
7.958403117371600777e-01
7.109637743186045800e-01
8.215642359634908187e-01
7.736251768755717517e-01
8.097048742579876501e-01
7.945701246052095934e-01
8.375536550714688389e-01
8.034751961797231834e-01
7.327837376196797425e-01
7.587934639369641188e-01
7.779990844297497432e-01
8.839401205821989516e-01
8.418264690018125718e-01
8.615452235046315854e-01
7.718314394225025410e-01
8.692849722049713623e-01
8.925255553527750019e-01
8.271978385944854795e-01
7.766061793104319655e-01
8.608116872287084886e-01
8.412231627346458129e-01
7.662065406368472331e-01
9.166191972196500171e-01
8.238542201301385370e-01
8.405101423760658053e-01
8.356536928761376659e-01
7.884079718207432919e-01
7.607185945785275294e-01
7.486834505048431954e-01
8.399651134190142532e-01
7.315914313124777246e-01
8.693577392032904028e-01
8.505187852745867971e-01
7.580905370127393184e-01
7.877320439795905127e-01
8.264188210287675140e-01
8.250481503898410285e-01
7.564872806732517718e-01
9.029131285324593081e-01
7.953471339038894472e-01
7.584127162406444356e-01
7.633081481701653459e-01
7.535643073832749561e-01
8.750605625087209960e-01
7.917709993573953664e-01
8.620760797520761187e-01
8.811597566537854309e-01
7.991761058641128068e-01
7.799581223283827969e-01
8.441599831694104328e-01
7.781188631742073092e-01
7.899378280700678490e-01
7.889301543754975166e-01
7.326464721288753479e-01
8.215791362442448342e-01
8.725030980693909699e-01
8.546472085702279120e-01
7.722424334266209112e-01
8.512157133605336989e-01
7.534605554406047512e-01
7.591026912891314371e-01
7.352251936474915039e-01
8.472628951249063789e-01
8.842551212302321995e-01
7.992502395685436856e-01
8.807171343125180796e-01
8.831444667468841825e-01
7.898301976629321652e-01
8.119855301593968955e-01
8.190584777726687138e-01
8.719648289168849820e-01
8.254065192739598045e-01
8.569243012088566536e-01
8.897451983095000516e-01
9.290765854619316144e-01
7.340725124807744306e-01
8.159206103661380549e-01
8.108760648339399246e-01
7.723695030388465499e-01
7.781319824370368510e-01
8.260678253387682135e-01
8.279413464243877696e-01
8.679820368068815739e-01
7.762229185565353573e-01
7.887088939569927293e-01
8.213016530792335290e-01
8.316977599688930578e-01
8.333998808534838210e-01
8.923567782116189617e-01
8.405287286474336650e-01
8.236893028745750911e-01
7.609490057468312196e-01
8.236104845943335029e-01
9.244857070204118843e-01
9.220865060973856275e-01
7.915017583200628648e-01
9.705399637098671706e-01
8.783962517318618657e-01
8.442551323775527861e-01
7.891713151592966158e-01
8.079059148951490688e-01
8.076945534457803388e-01
8.462252731226670432e-01
7.613158258945051937e-01
8.416127883949993116e-01
8.030560016805976531e-01
8.712363960644117222e-01
7.998402860670218439e-01
8.502900974462963557e-01
8.117968691124506364e-01
8.776904488227924572e-01
7.622258438697372407e-01
7.975431051855611519e-01
8.302525564222005272e-01
8.673171610301868562e-01
7.948687268995534572e-01
7.684862456578851475e-01
8.873958757766872152e-01
9.635101191015251754e-01
7.536491333909873802e-01
7.961581796860381921e-01
7.492721730185006868e-01
8.244658964565861892e-01
7.017942267524515110e-01
8.056318060490399446e-01
8.283918178284384037e-01
8.186271301055682015e-01
8.072639262795908710e-01
7.869756197605666248e-01
7.922591769695627173e-01
7.845362824662795997e-01
8.284347043326617532e-01
7.734270803339144962e-01
9.068444309589736019e-01
8.101209379554277223e-01
7.823741324252729834e-01
7.458498073672850115e-01
7.986902227153914735e-01
7.486277770202168780e-01
7.076748742986086471e-01
7.959905436750994712e-01
9.022587201027517656e-01
9.334704891036541552e-01
8.934170911765813017e-01
8.167585681678488641e-01
8.384195975782263721e-01
7.810078341074088160e-01
7.427858096391382059e-01
7.852594051579243617e-01
7.308784090181253967e-01
8.059785156029911635e-01
8.462077903932690992e-01
8.573205979111649944e-01
8.146192068100136519e-01
7.437842734466626471e-01
9.114613942011027259e-01
7.801397553245200678e-01
8.420264680097360177e-01
7.173791351700986585e-01
8.510227876463974939e-01
8.689921460820566601e-01
7.356660673227403135e-01
8.368289654069120953e-01
8.346113220144004696e-01
7.657060869424828775e-01
6.915221188311128087e-01
8.532389662208946790e-01
8.271366754358189244e-01
8.265772919186663570e-01
8.344934329025447406e-01
8.004806455157723599e-01
8.407893032366152708e-01
7.858129724054933041e-01
8.098833638528470935e-01
8.869036253887701005e-01
8.197381048348868493e-01
8.112386024202179469e-01
7.246319630741994144e-01
8.914550346787628587e-01
8.664248196407766667e-01
8.950796459417957873e-01
7.853093499756141904e-01
8.403550143834501718e-01
8.241242965936673714e-01
8.868804087005416337e-01
7.784150048808035072e-01
7.977285184895083203e-01
9.071463008387539162e-01
7.539113550084924897e-01
8.273561559032660551e-01
8.585707555844183103e-01
8.051516139066083877e-01
7.908092317446090425e-01
8.407621246681885596e-01
7.421012884061239934e-01
8.908346915425378043e-01
7.319698179874586375e-01
8.357298873795161454e-01
8.086472675539145838e-01
8.493484133073958553e-01
8.240686231146879814e-01
9.343542061911717100e-01
8.566575613096685249e-01
8.219869042115937052e-01
7.516888417033937841e-01
7.918973042091245196e-01
7.474177648551527664e-01
7.569141381395195767e-01
7.279182276917425254e-01
9.194278415410495064e-01
8.222074541690314042e-01
9.078127415173549153e-01
8.438899892542048864e-01
7.348313341455238179e-01
7.966355880462521188e-01
7.452290750918696416e-01
7.792786639709345931e-01
8.099486363797201438e-01
7.800323368792784207e-01
7.966556118672728504e-01
8.292105068897021036e-01
7.632994527821145292e-01
8.915329144473616019e-01
7.384423235774936201e-01
8.681018725942449832e-01
8.448379947225101994e-01
7.488324892849476111e-01
8.326438308955850243e-01
9.033520022907626235e-01
8.667747694647601753e-01
8.759771345494743455e-01
7.625926630307791054e-01
7.242165556760722378e-01
8.500020382410126141e-01
7.822720140608139250e-01
8.122627353644376047e-01
8.796289492067104199e-01
7.313542439040713328e-01
9.093176076256687113e-01
8.482059371538785975e-01
8.177114181049874864e-01
8.089395810543144050e-01
8.493378140106780938e-01
7.235387856168514764e-01
7.488140502838411816e-01
8.313030799802552107e-01
7.315914313124777246e-01
8.648537415180878041e-01
7.773508639899404660e-01
7.316512186077224200e-01
7.316611649674513718e-01
9.511573982012051509e-01
8.339114077825510174e-01
9.150631957603098110e-01
8.813876452759239477e-01
9.737911415593364373e-01
7.913882226556118171e-01
7.714284508761111159e-01
8.104973534354849019e-01
8.424664665732489732e-01
7.105218927568095477e-01
8.321463488990151758e-01
8.326438308955850243e-01
8.375110551334830067e-01
7.690809913257093955e-01
7.803692812399478651e-01
7.898294775428674752e-01
9.325125522602086825e-01
8.465468205746102814e-01
9.370037232551424733e-01
7.775046270381336111e-01
8.029936780226105686e-01
8.537746934074379457e-01
8.501126386004740354e-01
7.373872209635868868e-01
6.289956053949775638e-01
8.412424589968175992e-01
7.458134594428396102e-01
8.415157323589655958e-01
8.183806339699966070e-01
8.518992507804662440e-01
7.389205400508425114e-01
8.297995013535592879e-01
8.530157251254921746e-01
8.591849264653291796e-01
7.965344877257298783e-01
9.616450842498946994e-01
7.659379534353435437e-01
8.333827282601941056e-01
7.729566751161391913e-01
8.390201834797256231e-01
7.214665888929007176e-01
7.925688920514051272e-01
8.906679109848923970e-01
8.282157431791938862e-01
8.797480646410770211e-01
8.217336128184140609e-01
8.445738656223336083e-01
8.159637335220245591e-01
8.252936666880054117e-01
8.051717216360178009e-01
7.659286125085869035e-01
7.779937599104520540e-01
9.005516940391823377e-01
7.839458039511644216e-01
8.674859104425809431e-01
8.276560518848883330e-01
8.278676793394370570e-01
8.388849598115641903e-01
9.576173851394998993e-01
8.067173774629646799e-01
7.650845491219729899e-01
7.734405930156711406e-01
7.464641816660749774e-01
6.905342798400910809e-01
8.516457897626825702e-01
8.737727156612973278e-01
8.593574757140342024e-01
8.592481254862852635e-01
6.987045753114371482e-01
8.594056073440544674e-01
7.340305770665209728e-01
8.105883393380161062e-01
7.502114321947704889e-01
7.691378896624364581e-01
7.989982231864688478e-01
7.469984800257387647e-01
8.862021501492610698e-01
7.929334667463787678e-01
9.154083122207220535e-01
8.256727926776935567e-01
8.187645674346122338e-01
8.486375514630533079e-01
7.828869775244237106e-01
7.637425499326520040e-01
8.130358508188961775e-01
7.567282471382994480e-01
8.303541109863689096e-01
7.993839585627645627e-01
8.455746747280140641e-01
8.488604717807692879e-01
7.835642280992788367e-01
8.205893055606442443e-01
8.549658541215039431e-01
8.980407808211313681e-01
7.297610487902302934e-01
8.118916143167277388e-01
8.812325706938247682e-01
8.759249808085172173e-01
8.145299458577246465e-01
7.516970414807521150e-01
7.766780680515854574e-01
8.052650173022246616e-01
8.459735717388305876e-01
7.233588542923583553e-01
7.289856378457333363e-01
7.555647104953069348e-01
7.033872642753138393e-01
8.842655162334576158e-01
8.418991195017248019e-01
9.439553589211159279e-01
6.951486720511014239e-01
7.874500939743923622e-01
7.315914313124777246e-01
7.629851946523100725e-01
9.222093017355006417e-01
7.024595296052124072e-01
8.575270224288817911e-01
8.892048977151431055e-01
8.275435639659481923e-01
7.613534334654974423e-01
8.420739123506383317e-01
9.194544923512533163e-01
7.200308369088589400e-01
8.035977077270721747e-01
8.703911369452043134e-01
8.055304019118407766e-01
8.508227408118577140e-01
