[ 2.84396998  3.53695177  3.65263341  3.66096138  3.61069428  3.54719324
  3.60010821  3.74211935  3.5207975   2.95370744  1.98371929  2.85165265
  3.0001916   3.44642453  3.53820963  2.86129698  3.31352764  3.45629134
  3.28687142  2.6578236   2.61089777  2.40365904  1.46498632  3.40687988
  3.47656593  2.44288676  1.40007274  2.97274749  3.05673499  2.75218498
  2.97756641  2.992002    3.29051781  3.39451667  3.21794908  3.40044112
  3.37405391  3.30869173  3.37754721  3.26158925  2.94801194  3.24636125
  3.1239384   3.09160511  3.2721455   3.03531965  0.61155258  0.5936336
  3.01603028  3.2977441   3.44287076  3.48688242  3.21570063  3.09025202
  3.49596153  3.1805099   3.31174304  3.22428774  3.25275583  3.49987624
  3.54883524  3.20553811  3.12784871  3.25577251  2.92187643  3.09666875
  3.20609515  2.85832257  3.48787269  3.5217863   3.30055376  3.30464514
  3.19866037  3.08010263  3.54507761  3.13465738  3.37377695  3.02183617
  3.64279407  3.00073303  3.48202626  1.71264034  2.89529768  2.99801772
  3.52924563  3.41681574  3.14889493]