1.337672992636016911e+00
4.813914419471237993e-01
1.473107167582385912e+00
6.126514550257006197e-01
1.931400208149088193e+00
2.275134775867225123e+00
2.224360660810856594e+00
1.148337525984397089e+00
1.539894758004879183e+00
7.452576321721933184e-01
2.120306103255991559e+00
2.231099241223464702e+00
2.251190434429387821e+00
1.497711462440080243e+00
1.089475095794151471e+00
1.010454574371701053e+00
1.420850018474076881e+00
2.352878394467957879e+00
2.623689441591780636e+00
2.073597392616119528e+00
2.148973727920737264e+00
4.626735201541192222e-01
1.299205583463094671e+00
1.271944683725332537e+00
2.572585449991313666e+00
2.327354746753210080e+00
1.601759146271068524e+00
2.741229249435429338e+00
2.361246957491918597e+00
1.224987563165904403e+00
1.404407193923405961e+00
1.430561492984101069e+00
1.446363059340250112e+00
1.404630039616699522e+00
1.953783985985902971e+00
1.551722163428955970e+00
1.588072807346442294e+00
1.104180901746409704e+00
1.486884992193840072e+00
8.944044508140791550e-01
9.035919091602687692e-01
1.020760605705047563e+00
1.339201006507108271e+00
1.843491936882379001e+00
1.720065533053476869e+00
1.835922919473237380e+00
1.700788503128594753e+00
1.324780969267310038e+00
1.199958675877327519e+00
1.319497885156402317e+00
1.100672123313510831e+00
1.345227680117224933e+00
1.650042541571457910e+00
1.692980678067534051e+00
1.519618626864757571e+00
1.273867361275321519e+00
1.429198809369768952e+00
1.497005471906692753e+00
1.803318250005070178e+00
1.985195779765157376e+00
2.327554291866495539e+00
1.854979077833112111e+00
1.998498380290776311e+00
1.874701125776392141e+00
1.225448462610526867e+00
9.841226110377889746e-01
1.012481709963364951e+00
1.008285342346050051e+00
9.115273381595571101e-01
8.098696450850461082e-01
1.168595191970887015e+00
1.266570719173040871e+00
1.267116014095745813e+00
1.419491703029704066e+00
1.672663878400232784e+00
1.383966379976180328e+00
1.702893366995906987e+00
1.024858229743328630e+00
1.314990286512971451e+00
1.354690314467433376e+00
1.391862520022244087e+00
2.149979971527185896e+00
1.607119538743918108e+00
1.449245851396702811e+00
1.186247593299587066e+00
2.014555704972305961e+00
1.490136444114749548e+00
1.229810906062546172e+00
1.164362546591140690e+00
1.159055277457545330e+00
2.152250909643079524e+00
1.558524400538621180e+00
1.401206761337632889e+00
1.818593795032953153e+00
1.457127662302787563e+00
2.284442268625328509e+00
1.820615930255164550e+00
1.639696879696941112e+00
1.825743804538292991e+00
1.368422222314300329e+00
1.735099916063441272e+00
1.734918940539180943e+00
1.567438703570712466e+00
1.540821734297893819e+00
1.334764686369909414e+00
1.905122101546990132e+00
1.730403330727533051e+00
1.158384462926857816e+00
1.801336844431699502e+00
1.577731962215223049e+00
1.339741654452182518e+00
1.588452145742758059e+00
1.926707270902133118e+00
1.714907704680364908e+00
1.890757640274193019e+00
1.360617025188646245e+00
2.182605164225777994e+00
2.285309381712843813e+00
2.002576372602509647e+00
2.736238273404091537e+00
2.112066219071325968e+00
2.144600824872729294e+00
1.895300978159614846e+00
1.625012525933224872e+00
1.739076927680704321e+00
1.358254780238990378e+00
1.840044025950239082e+00
1.780847297621684477e+00
1.509511914866794813e+00
1.264654152432120426e+00
1.909778765613753482e+00
1.800565901740023955e+00
1.781859876212799509e+00
2.007590549071851527e+00
2.038753441521694132e+00
1.901784506829836463e+00
1.730204290381121668e+00
1.801840309593031542e+00
1.561145792544553546e+00
2.114110992429912628e+00
1.518851335550741588e+00
1.877418608018351698e+00
1.450042789393414910e+00
1.744067205341070848e+00
1.959687142618998124e+00
1.795817589331753839e+00
1.511059838352196483e+00
1.791598977915974444e+00
1.752417592927603573e+00
1.946649251319892526e+00
8.943445710294034567e-01
1.258845522655006377e+00
1.071930920393754150e+00
1.594882268981698159e+00
1.221772772104967597e+00
2.011645661082490655e+00
2.066466601557357397e+00
1.859085300874586233e+00
1.722738916396183706e+00
1.491625562494099055e+00
2.063275545608417527e+00
1.211364962502569531e+00
2.076791292938779510e+00
1.194715686118173359e+00
1.054582274609300985e+00
1.698804379172586865e+00
1.954945834174531383e+00
1.731014073579937529e+00
2.060982330963819109e+00
2.231906094451068245e+00
1.765342252264796796e+00
2.007751237857895887e+00
1.783538654809917245e+00
1.946672827622146107e+00
1.567481059985263325e+00
1.260824570555963309e+00
1.216631330146510814e+00
1.025429879499645924e+00
1.119180972267147967e+00
1.142480197563963573e+00
1.771044053399795981e+00
1.739836546115020699e+00
1.995855494095728044e+00
2.223625545196778130e+00
1.406141967153139438e+00
1.724283010325283083e+00
2.101775570393197512e+00
1.830246489061017945e+00
2.059293263873146707e+00
2.104407576294340831e+00
1.845364663389647442e+00
1.847372850760421237e+00
2.054254275137876729e+00
2.199276498166082394e+00
1.418085365965234601e+00
1.263559815179241985e+00
2.054015934570507351e+00
1.745178748028507698e+00
1.820866985604323585e+00
1.940205846359921660e+00
1.642600304212720852e+00
1.463517965991404823e+00
1.285671870818609452e+00
1.517253545467126763e+00
2.028612516155588796e+00
1.209726734786798152e+00
1.737348036282896135e+00
2.024512162845625962e+00
1.471651620534472737e+00
1.569857503470050597e+00
1.543529251242659495e+00
1.779170194454086307e+00
2.385804932211892826e+00
1.083577698897312702e+00
1.019502124372370755e+00
2.389997962499772477e+00
2.288499610320561928e+00
2.174725067116323629e+00
1.985850047628758164e+00
1.996544119013231366e+00
1.968740418829841854e+00
1.739979143501223957e+00
1.448475557705755534e+00
1.540429169148454625e+00
1.627064587781982041e+00
1.687767794410228284e+00
1.489269091571004511e+00
1.418301316637020637e+00
1.287530424513861460e+00
1.979993989891527084e+00
1.604082235357583652e+00
1.383450203319591676e-02
1.744922415554678086e+00
1.961461618944592811e+00
1.508951735055365617e+00
1.412133833486345580e+00
1.715596320420002208e+00
1.288862021518940359e+00
1.099836500525579908e+00
1.823531805994473398e+00
1.648052635238262731e+00
1.745653238586288625e+00
2.198860976941106937e+00
1.782259434443568713e+00
1.429538855641566020e+00
1.404149814885100822e+00
1.659178191387429280e+00
1.875257576508864821e+00
1.117898586639633152e+00
1.657435777857105164e+00
1.386310464404584053e+00
1.259651397066523737e+00
1.564274310047852223e+00
1.813579173913053788e+00
1.342840553826104344e+00
1.607009786835917442e+00
1.301810693359520821e+00
1.304235160839101182e+00
1.439977446389683280e+00
1.165366866464943252e+00
4.051853381938454873e-02
1.694312142314469138e+00
1.640039273647161844e+00
8.917143244196099605e-01
1.771594617823948781e+00
2.001389998488759758e+00
1.739813667602193137e+00
2.023346314469534946e+00
1.231912529318269112e+00
1.893026244186397644e+00
1.436244742835907306e+00
1.657664799623801200e+00
1.870547541814948866e+00
1.485805430518325032e+00
1.847758258692843825e+00
1.686018229360448872e+00
1.536490626839679186e+00
1.711272357276079958e+00
1.698113864925365313e+00
1.222739014478816832e+00
1.642958768966295224e+00
2.113422411848000060e+00
1.446042209444039495e+00
1.758696841386804488e+00
2.014108071380213527e+00
1.787718029293361655e+00
1.852892526470716117e+00
1.695718650099222957e+00
1.154395159310494190e+00
1.218879065395261030e+00
1.246387555542005421e+00
1.168853779532076587e+00
1.667650307211098415e+00
1.973467383302397904e+00
2.249738110675137737e+00
1.405981752656245254e+00
9.451895779498357131e-01
1.369830178977156088e+00
1.411121958528992693e+00
1.410000426495043868e+00
1.892992757136437110e+00
1.910251085982308972e+00
1.714021671829031535e+00
