1.284642121837474837e+00
1.599627075191798253e+00
8.123753936201991710e-01
6.414072863462489948e-01
1.823942311949666939e+00
1.384665775886605221e+00
1.941322353642926046e+00
1.680065271167905605e+00
1.479245666544088067e+00
1.431328044913511510e+00
1.190218809410513279e+00
1.980318221368521980e+00
9.059092897993765714e-01
1.244855631285087805e+00
1.790254042845451199e+00
1.369246854687337311e+00
1.872126813991577654e+00
8.848247881891264655e-01
1.651145507651210709e+00
1.620110796454661939e+00
1.372492828739661830e+00
1.408820732627211081e+00
1.426002192621733444e+00
1.245642435026496297e+00
1.337723785391468967e+00
6.078008756143621349e-01
1.380926413057525171e+00
1.238862359293402271e+00
1.059050096456150447e+00
1.235168953413897652e+00
1.703674492547294417e+00
2.184680310222056221e+00
1.702907654983780050e+00
2.041092216244873914e+00
1.510149720797670625e+00
2.119210123096896048e+00
2.250917666152679519e+00
1.932443901461591285e+00
1.265125199356351926e+00
1.376327093422435421e+00
1.972102421406501493e+00
2.063088720315763069e+00
1.775615827299917626e+00
1.844720874516174058e+00
2.121842850414296322e+00
1.706863467619552432e+00
1.884967177069090338e+00
1.202799769321718060e+00
1.315852205994887392e+00
1.207609730167016338e+00
1.273105925764417723e+00
1.622664681724882874e+00
1.479197580702279469e+00
1.120138089309788088e+00
9.334555391933523349e-01
1.232919379280818850e+00
1.081691756961457918e+00
1.446674898507801066e+00
1.410516846364322063e+00
4.260712405253843649e-01
1.875196877353563885e+00
1.545418202873617197e+00
1.268018281026264127e+00
1.628016707864227586e+00
1.269839634921355875e+00
1.363656750116149396e+00
1.696633140391089700e+00
1.603624247638121947e+00
1.730117748604005135e+00
1.427214919423200001e+00
1.873926963845618188e+00
1.719996193185305389e+00
1.192047905467048308e+00
1.432766621686834441e+00
1.283541141420130094e+00
1.486975464388182733e+00
1.583614339210755340e+00
6.450275261643610980e-01
1.057302114588083208e+00
1.555076145690697187e+00
2.043789319295621354e+00
1.650339752663037451e+00
1.740331336809576968e+00
1.180541423764881692e+00
1.659313432172131231e+00
1.477120505682395724e+00
1.208394295143742303e+00
1.609832464389484352e+00
1.515878992800299585e+00
1.756909131498624266e+00
1.087931816637720539e+00
1.023610604625549092e+00
1.048727912905303095e+00
1.061012522794385182e+00
1.560390332451826234e+00
6.980063951666819477e-01
9.864634167580894619e-01
1.501471941477955596e+00
1.141487369260937301e+00
1.729019954481244792e+00
1.462886367940432253e+00
1.232371590462110422e+00
1.537584284119092759e+00
6.671960932764391394e-01
1.001194613689301960e+00
1.729061385545469731e+00
1.770864869263681030e+00
1.557354827245308382e+00
1.314894613519096200e+00
1.573072977687011820e+00
6.908182643265624590e-01
1.347115397878719811e+00
1.366352923720238310e+00
1.015136345673658402e+00
1.334103330503475515e+00
1.644337089144173758e+00
1.162043263773439916e+00
1.044203153908023207e+00
1.218045922682662985e+00
1.670203734169677823e+00
1.096371034201939709e+00
1.578735531997463193e+00
1.449415471931444932e+00
1.057676972649092217e+00
1.287299526768359126e+00
1.536379616164083695e+00
1.640690907105142538e+00
1.593385610568016197e+00
1.766216407957732937e+00
1.564462138135724212e+00
1.369304162488220733e+00
9.215967891527617750e-01
1.869805791446478738e+00
1.078378398088770895e+00
9.711332694840033586e-01
1.381105445465631743e+00
2.249261617174201255e+00
1.939641736619277967e+00
1.716101054973198314e+00
1.313244192369537711e+00
1.823400486570134760e+00
1.425751521343583628e+00
1.644428570105342713e+00
2.056374938127431218e+00
2.115956460241952719e+00
1.682351885473078790e+00
2.093232022624706978e+00
1.034065380092556330e+00
2.234543370485460922e+00
1.847376842063128466e+00
2.202168302786438048e+00
1.338911365511081142e+00
1.958068285542186926e+00
1.931315939200956455e+00
1.662734766001262576e+00
1.574886587618011591e+00
1.180503346774208984e+00
9.002028673539576031e-01
1.753187887043453186e+00
1.606154356793002336e+00
1.866966540945989683e+00
1.670861598420845029e+00
1.205742607750342588e+00
1.293302882190649150e+00
1.303637560803261985e+00
1.757908015713689265e+00
1.717635132115147734e+00
1.881383464218965962e+00
1.263855976342060261e+00
2.158161717051227058e+00
1.307968063436887984e+00
8.698373024318816205e-01
1.547115499545880901e+00
1.453957510999906111e+00
1.581278043033949476e+00
2.029205837056917261e+00
1.723464288211862927e+00
1.586376767959712275e+00
1.479442102536708603e+00
1.759232391644593552e+00
1.125913497730147261e+00
1.875025442703333489e+00
1.242110031576392215e+00
1.462041908346096708e+00
1.853785933098417216e+00
1.761411467886998095e+00
1.324567252403930251e+00
1.735242039640970013e+00
1.770580606378880484e+00
1.645751029499570528e+00
1.810385203307932400e+00
1.570222443071759288e+00
1.546215201163885888e+00
1.129025966445405649e+00
1.609129413528113339e+00
1.512052055681137652e+00
1.732150587702926181e+00
1.583348527660694893e+00
1.595872600279266917e+00
2.103141882753929437e+00
1.907718663201431575e+00
9.651704170458461629e-01
1.790002508787650326e+00
1.126367136487547826e+00
1.845463164717529025e+00
1.633532086716778187e+00
1.066046705531976890e+00
7.697931393792399879e-01
1.581803327759062849e+00
1.858299099446421687e+00
1.053177743668619160e+00
1.376801955663476740e+00
1.479882282944007921e+00
1.590425029788201439e+00
1.190308101693312581e+00
1.079167399030311225e+00
1.511463525655430740e+00
1.114084130094399994e+00
1.305475112401371929e+00
1.028370046069738697e+00
1.868498968776267199e+00
1.289916027624178341e+00
1.488545388303836203e+00
1.485131468287310685e+00
1.705413104826917658e+00
1.531513063231288996e+00
1.733289672863542297e+00
1.093687082972198521e+00
1.637580677249775629e+00
1.341317548104988155e+00
1.039791241088102725e+00
1.755708850274350530e+00
1.490211368286409099e+00
1.752623091899527363e+00
1.434451263231385498e+00
4.411853860571018360e-01
9.487414697251889129e-01
1.336734788186897616e+00
1.260632228160003310e+00
1.430431683897360751e+00
1.512650979888020553e+00
1.708650600286645282e+00
1.458804154229303762e+00
9.219518690863588439e-01
1.153775905217930164e+00
1.544118561205656270e+00
1.818004704258869397e+00
1.856174600944730857e+00
1.778565379737267360e+00
1.737778470337155934e+00
2.005774907402878782e+00
1.046644298861620692e+00
9.629684586428771675e-01
1.748779114820577130e+00
1.522234839072384549e+00
1.690307881244765165e+00
1.615887603627282232e+00
1.374878387222259857e+00
9.993900645114426329e-01
1.704790562393012632e+00
1.491696749952288403e+00
9.318847554094573660e-01
1.470601117414892522e+00
1.222552539134892813e+00
1.071387025578183216e+00
1.095639478117095500e+00
1.460924600096470627e+00
1.084099141248622944e+00
8.842191607119769259e-01
1.314903966717772210e+00
1.592221072599937282e+00
1.685632905045318486e+00
1.357365751697270140e+00
1.436537351469128865e+00
1.071587764726270375e+00
1.533713231140912070e+00
1.275159502040775550e+00
1.334015295631036935e+00
1.719967907434715837e+00
1.576199408504774579e+00
1.589296462880168015e+00
1.813601766149433692e+00
2.510038316086479870e+00
1.990264870964124411e+00
9.829648212864001700e-01
2.686933616435819849e-01
6.546346699944091130e-01
2.436932704935582006e+00
2.164383524167979633e+00
1.993146767521739804e+00
2.161054912909956549e+00
2.078161003532960294e+00
2.296997552745851490e+00
1.596860788010068255e+00
1.845381321255492590e+00
2.019285996583390475e+00
1.117258751166835262e+00
2.162646555977896679e+00
1.623026210588394802e+00
1.777962334617090967e+00
1.581223542169401197e+00
7.918167750122646620e-01
