5.014653153803839691e-01
1.981619685916334861e+00
1.737016412708623392e+00
1.466607235364417727e+00
1.660075834022989305e+00
1.829772051285440959e+00
2.399372226856051782e+00
2.315532672857714580e+00
2.081551962347087503e+00
1.208987687818970258e+00
1.624628360442785358e+00
6.527609312784306006e-01
1.612743707160194662e+00
1.471805446112289362e+00
2.383428762846745652e+00
2.647776238620963341e+00
2.479142361292862695e+00
2.406184075695309232e+00
3.799729372274807809e-02
1.983016547155525444e+00
2.151295699848506437e+00
1.697585693010300600e+00
1.370794615179438569e+00
9.732990799116087999e-01
1.786069542835484913e+00
2.000062611851610939e+00
1.985990865913041858e+00
2.217666545777754461e+00
2.620818040054768261e+00
2.207409062793490584e+00
1.936663660715357560e+00
1.800881123332801037e+00
1.474220879219539482e+00
1.607322405204772320e+00
2.101949887588454580e+00
2.135493030511606882e+00
2.493601520797573912e+00
2.444815854546399603e+00
2.551069293706216712e+00
2.530828756163080229e+00
1.745973102142715394e+00
1.563304965708302241e+00
2.593439645290529949e+00
1.737820872665965855e+00
2.003898909252596283e+00
2.279592203657085925e+00
1.814318102135100474e+00
1.982109261320718963e+00
1.981843017463394085e+00
2.298637568358488537e+00
2.257967549678502550e+00
2.614705412227789516e+00
2.189717076959079467e+00
1.974724635569232944e+00
2.129295514184616600e+00
1.604527147144414911e+00
1.669059992919081692e+00
1.341486196750581117e+00
1.658152502777472392e+00
1.088422015399749698e+00
1.215710417776876939e+00
1.582015935203202384e+00
1.428347450262155816e+00
1.484012293023832640e+00
2.004021704989310315e+00
1.235008499704932206e+00
1.976723714024362089e+00
1.532187909617450217e+00
2.354620832849618761e+00
1.921046747570744007e+00
1.833366936537650371e+00
1.914891605979661904e+00
2.125239995547498317e+00
1.759142201241836956e+00
1.358232506668181738e+00
1.747879393728614783e+00
2.164984461621283440e+00
1.852979298074701076e+00
1.446608331110458501e+00
1.683353088653580132e+00
1.328284910840765942e+00
1.986267648160960020e+00
1.635958864511712685e+00
2.163618387846314661e+00
1.905477945791802741e+00
1.492839796619156001e+00
1.645124858011462798e+00
1.954704805782317756e+00
1.414180945590697958e+00
1.604569033005847301e+00
2.142933079233117599e+00
1.582776523927146073e+00
1.752157930143393605e+00
2.268163429060075398e+00
1.926572996186078468e+00
2.045069805019479769e+00
1.170476391620168144e+00
2.375702563459407557e+00
2.035596414207069937e+00
1.479461871793973815e+00
1.862885897837408544e+00
2.125845335480921250e+00
1.697559360389733873e+00
1.641746090514906831e+00
1.737652678189877786e+00
1.530620803332260360e+00
1.689829990177708963e+00
1.400827560855672171e+00
1.495571953497048634e+00
2.049078025745633802e+00
1.213662191989511641e+00
1.909133014211401580e+00
2.002657522885211705e+00
1.554929252772747628e+00
1.573976865902960709e+00
1.571384007873290800e+00
2.102726357498335918e+00
1.633531391074036776e+00
1.550628329877409506e+00
1.722564690775075125e+00
1.630769552836642822e+00
2.074267210999384048e+00
2.006913916511237961e+00
1.887746656907011600e+00
1.880211966440743732e+00
2.135823424941559967e+00
1.710081361987201953e+00
1.808878350380791256e+00
1.688411553283189814e+00
2.086241774908530910e+00
1.794586848681692048e+00
1.404966822307821550e+00
1.281374196138712174e+00
1.279169946273355229e+00
1.764636953345878334e+00
1.616502469731440517e+00
2.095070202068742837e+00
1.530470358763909022e+00
1.474201222263369804e+00
2.013821832293899661e+00
2.135520712255790432e+00
1.221126356619161468e+00
1.871145890685357083e+00
2.023343553717784626e+00
1.601227266564735352e+00
1.371470031744473683e+00
1.312655598750990027e+00
1.918015979408774108e+00
1.126800392318691779e+00
1.871076919072684142e+00
1.887392298830993020e+00
1.817911087461259845e+00
1.448959298572850329e+00
1.940150369815880405e+00
2.048663245103677699e+00
1.192043509243323918e+00
1.923050711131442769e+00
1.639998986322148911e+00
1.581430923660692489e+00
1.814050504050563228e+00
2.191060112353328204e+00
8.167694044618857285e-01
1.475459425051431905e+00
1.499661486538943045e+00
1.477337686018831198e+00
1.726979661567210389e+00
1.837775279216174784e+00
2.049612442434896487e+00
1.742487656735091095e+00
1.493054357898275564e+00
2.386378757774203052e+00
2.943739418703266164e-01
1.922089187930847709e+00
1.908925127185925774e+00
2.101433773463897481e+00
1.673659485847230011e+00
1.271918102074226731e+00
1.413384438752794292e+00
1.526294272506331096e+00
1.426975330184950153e+00
1.987880397322358883e+00
1.430594595349321096e+00
1.595496600948425048e+00
1.865768883982070081e+00
1.648928696044418718e+00
1.671905037338339062e+00
1.581925749354246236e+00
1.769176449603831136e+00
1.981017722310812967e+00
1.815674477783835838e+00
1.755978421063162820e+00
1.953705890522884570e+00
1.786607379118411165e+00
1.852116471387096563e+00
1.756185999690256905e+00
1.860951190614840600e+00
1.816358585360757782e+00
1.177641085016975842e+00
2.208457717419260113e+00
1.379388445897145044e+00
2.123427245717461442e+00
1.465587622561008052e+00
2.028685627991932527e+00
1.874333335986372306e+00
1.749869345036039414e+00
1.713508212394127872e+00
1.706641535492164907e+00
1.888745317619296094e+00
1.934066589826551663e+00
1.821224963224230553e+00
1.749051677913349367e+00
1.988164828806620044e+00
1.856850743983283980e+00
2.065356920793701700e+00
2.261027169122475922e+00
1.776296825506442190e+00
1.820803630974931808e+00
2.176713060668017619e+00
1.297901703878729274e+00
1.956554720127444691e+00
1.229938304783108061e+00
1.459438350749690638e+00
1.433893287739460787e+00
1.222104460969912765e+00
7.214516269362005740e-01
1.611367788827970271e+00
1.311430671309542717e+00
8.670398357466182482e-01
1.515441721924675855e+00
1.629777306523778613e+00
1.490731565311467222e+00
1.495210850908509581e+00
1.184255844856541673e+00
1.969295251343817998e+00
2.058522303457429814e+00
1.322234534071597079e+00
1.552249356230977373e+00
1.838711143638073198e+00
1.652899337731076113e+00
1.553245321686832270e+00
1.163509935298237652e+00
1.909960422372786626e+00
2.124668620528863183e+00
1.467935064051734795e+00
1.466393535369554968e+00
1.602847735278050578e+00
1.659449923804781291e+00
1.782240126178098905e+00
1.874481020209780135e+00
1.744800166082081772e+00
1.658590810737765375e+00
1.410416852538529442e+00
1.925596463721349183e+00
2.138328879409640226e+00
1.500729304794586438e+00
1.434855353234230746e+00
1.314546434944157571e+00
1.120916219391764113e+00
4.635832845352721998e-01
6.015875319756186501e-01
1.333599419711239298e+00
5.909680090324856971e-01
9.178759956119109109e-01
1.434457733570280169e+00
8.831906637404984828e-01
9.276283809538837799e-01
1.407693570535778260e+00
1.362746439681318034e+00
1.476629379113727714e+00
1.788989577857435176e+00
1.881008648355692703e+00
1.948931868435383796e+00
1.672424933980227513e+00
1.422512268627430077e+00
9.503819554758938803e-01
8.471812885279697003e-01
1.715998722865418102e+00
1.996622055088050685e+00
8.817009819019592243e-01
1.211685982027030706e+00
9.838640801622547949e-01
8.113749485459652577e-01
1.211638106772521928e+00
1.375859603104565787e+00
2.008799600869020541e+00
9.324457888727001320e-01
1.068399305722193215e+00
7.602171754384049462e-01
1.262889412648080745e+00
7.712707023667481065e-01
8.760635158733396377e-01
1.883234016400792799e+00
1.570086785129070961e+00
1.699594279492408599e+00
1.355840747170278471e+00
1.339765493451294809e+00
1.803712020546177630e+00
1.484826045419035401e+00
1.608970700593433500e+00
1.261892831159260764e+00
1.402910350328436140e+00
1.363757943475730539e+00
