1.815912791378335056e+00
1.964788566467958963e+00
1.534681737531841783e+00
1.377982110376043901e+00
1.816789130246625250e+00
1.809143504356583110e+00
1.063843097423012196e+00
1.712287950992861685e+00
1.467268769310842824e+00
1.925391343710276759e+00
1.804005542807528562e+00
1.051811567710931428e+00
8.942486936092960415e-01
9.033352672154356666e-01
1.057789532531153931e+00
9.864958213756850336e-01
6.021971501239256064e-01
1.478958001925410271e+00
1.829889083912524139e+00
1.970457326634375672e+00
2.034562815674364700e+00
1.550514500484811098e+00
1.434734300697270815e+00
1.486975239068559773e+00
1.624593598890596624e+00
1.226318717900234390e+00
6.517489193548416937e-01
2.065850285090240934e+00
1.835212224909405165e+00
1.851304283902893033e+00
1.741624948941434825e+00
1.810247578407804037e+00
2.214028228110412222e+00
1.724247063896521270e+00
1.445442891410971376e+00
1.229414667005736650e+00
1.046113187323946647e+00
1.356012996964917283e+00
1.402391300867940505e+00
1.530777048330160373e+00
1.723799838349537206e+00
1.690878280160610814e+00
1.434974626409273979e+00
1.224396817927150938e+00
1.744786411908231027e+00
1.801061529122831351e+00
1.398687681607085898e+00
2.153777412499548571e+00
1.526852258479487023e+00
7.717008323456642227e-01
1.218953670341832662e+00
1.481612455699681474e+00
1.539114293186704341e+00
1.482017058278714439e+00
1.441102583597270614e+00
1.480555704993067767e+00
1.980047964293837781e+00
1.265561364552036494e+00
1.298427669250310945e+00
1.348820156113488267e+00
1.627242571374751368e+00
2.124682479699603110e+00
1.813172586873794012e+00
1.938672541536629268e+00
1.612673856169636544e+00
1.619232653960013257e+00
1.830569690828457219e+00
1.788008451581347691e+00
1.180793219297987529e+00
1.432242344487685504e+00
1.123693408319814235e+00
1.277543538429352976e+00
1.951604470623105492e+00
1.349884976060232944e+00
1.463705466171066671e+00
1.566201891486293851e+00
9.769398862915830151e-01
1.582994203916707310e+00
1.793725008322287318e+00
1.313722319184386311e+00
1.331266674972881203e+00
9.948556638901733251e-01
1.831725884455082332e+00
1.414134410766475503e+00
1.220438666560305530e+00
1.898107540625814327e+00
1.477814969215354823e+00
1.083467125654991259e+00
1.001341068421430114e+00
1.391123730899507249e+00
1.416487525161410854e+00
1.218126656230259952e+00
8.425299032384998554e-01
1.297886202054465699e+00
1.285303849582285718e+00
1.212731296896881084e+00
1.456076107279838050e+00
1.196173668445736027e+00
1.531211442449643245e+00
1.230105513036895193e+00
1.249220290537915501e+00
1.689380104147049311e+00
1.765268967945037959e+00
1.574773039114549134e+00
1.288619055899200783e+00
1.589399607207296894e+00
1.739196451749371874e+00
1.367822354013991326e+00
2.061746794883462019e+00
1.349620398791204545e+00
1.936115977126527499e+00
1.440675794035005453e+00
1.647884011878686605e+00
1.537531926674841287e+00
1.747480134329503221e+00
1.299695685546111923e+00
1.729253214229345081e+00
8.242389921191448643e-01
1.218318015084816963e+00
1.028486867218140643e+00
1.476126075121065195e+00
1.089551820318233499e+00
1.098208982004503120e+00
1.138841520042248368e+00
7.519268216251515646e-01
1.457803076934076403e+00
1.539322746756515148e+00
1.397179617619777048e+00
1.066012994286104298e+00
1.105382956621706159e+00
1.984046845105333468e+00
1.654421250158203183e+00
1.691563180051755433e+00
1.348111314915965586e+00
1.168631087796268009e+00
9.184521217045340524e-01
9.075996744008106853e-01
1.147905284499080469e+00
1.045511803587208632e+00
1.141403838309048568e+00
1.378514536780592437e+00
1.109878505606972876e+00
1.616119226737619430e+00
1.590522124070951282e+00
1.206472939792263332e+00
1.095145315136879738e+00
1.676623224281551305e+00
1.466158331366894219e+00
1.583463816350631159e+00
1.082940856191835000e+00
1.463525855842566337e+00
2.100343215049218504e+00
1.315516278259856842e+00
1.888285926190368613e+00
1.344601900300934183e+00
1.524278873743522000e+00
1.123826104588679264e+00
1.193543824453079161e+00
1.288191121261764271e+00
1.223403270819685584e+00
5.213538120518633745e-01
8.863213019792892666e-01
9.798756103242745041e-01
1.359384266315668777e+00
1.424764142021802904e+00
1.023652949855222039e+00
1.166430930015704304e+00
1.396345346411306476e+00
1.610710590142685916e+00
8.575023556610961162e-01
5.317666188982828057e-01
1.243039081938731361e+00
1.295099000961877023e+00
1.216046973130646469e+00
6.891557163337029834e-01
1.057720884299906405e+00
1.299116538138454180e+00
1.675369956024225893e+00
1.468661350628631013e+00
1.380846794898418661e+00
1.347201321406567898e+00
2.530454597914439496e+00
1.251135247401511608e+00
1.049286458650614096e+00
1.045786733681506764e+00
9.874970294851588282e-01
1.122902020758836716e+00
1.127240384470345802e+00
8.858927432393703949e-01
1.450675033316311868e+00
7.343810474639526076e-01
1.450548081733117112e+00
1.600605334208314634e+00
1.613455788758937137e+00
1.280339010583002368e+00
1.500296132996189691e+00
1.566739620406594646e+00
1.370786220641142306e+00
1.376202628539983541e+00
1.480122341878944203e+00
2.403825534757161098e+00
1.600124077139468248e+00
1.309482439842823531e+00
1.622556403100225086e+00
1.979243696951469511e+00
1.216608478965192530e+00
1.213215773793708818e+00
1.961201740494145751e+00
1.536774939308660048e+00
2.588890840262255466e+00
1.775630690134840428e+00
1.487404571083488225e+00
1.313636742390450252e+00
1.174294495367877778e+00
1.548147764801514725e+00
9.744406043947942964e-01
1.187888771877061656e+00
1.604497393963721263e+00
1.515437708337024958e+00
7.203193335654641816e-01
1.144566621885233504e+00
1.579279576446304567e+00
1.663402740385523382e+00
1.863843079273809877e+00
1.294104212625794004e+00
1.202894483566449901e+00
6.895237040838795295e-01
1.415652222863719611e+00
1.400251038534094050e+00
1.388921070613975628e+00
1.608927522287318945e+00
1.618691872718564628e+00
2.172279522516390671e+00
2.077677028866872444e+00
9.410226105580723477e-01
1.253017055317264150e+00
1.210258308771216651e+00
1.745997411268045196e+00
1.925082180635412588e+00
1.867607590585136146e+00
1.690408603183330971e+00
1.464533936315692619e+00
1.321514192232442930e+00
2.083728262758347327e+00
1.357777678581057135e+00
1.457826581739296801e+00
1.836816955579441801e+00
1.125555707824585694e+00
1.707469087711966260e+00
1.426336801075421823e+00
1.577427375053291447e+00
9.997551677484460830e-01
1.043113447500408464e+00
1.280694686540314153e+00
1.542831038937076960e+00
1.450932908298439683e+00
1.035045460151875263e+00
5.124870057175465732e-01
1.236511735263333911e+00
1.056091424089925734e+00
1.437716835821151840e+00
1.371619394408716497e+00
8.928817218720064286e-01
1.028580463678567147e+00
1.140598415337587213e+00
1.064700745780127855e+00
7.761797697722573330e-01
1.174018961337107925e+00
1.131807444306275556e+00
1.858604938030006037e+00
1.745092881283378583e+00
1.832457972059702733e+00
2.006434763416600653e+00
1.978564753674679544e+00
1.695886667648251800e+00
1.516728368042083330e+00
1.618525552572604331e+00
1.016930479688034961e+00
1.230491690417182538e+00
1.600906167343424835e+00
1.549353527558195553e+00
1.414514596858674977e+00
2.161367426909496459e+00
1.373393852031172813e+00
1.310891102868668279e+00
1.568345410175712162e+00
1.525708277530230195e+00
8.358355953766716251e-01
1.734604345357802835e+00
1.944440307820781921e+00
1.743694129208461341e+00
1.419003117296474992e+00
1.456337494492718765e+00
1.364507774690699282e+00
1.292210919616615827e+00
1.674588432303653729e+00
1.543741082827067901e+00
1.429550724101999348e+00
1.712316281083399394e+00
1.314171192515747988e+00
1.372858128350319395e+00
1.685711060261821270e+00
