1.005108126999181284e+00
1.536778105877263156e+00
1.686439536956164886e+00
1.317805863845914249e+00
1.326731146111820525e+00
1.500965973418768140e+00
1.817452211831951603e+00
8.329027500565833186e-01
1.958951660548692963e+00
1.505545346437020537e+00
6.019983693812778203e-01
1.455139715898080555e+00
1.043766706955867152e+00
1.000638636890452959e+00
1.284941131065264752e+00
2.034866076778234945e+00
1.598980372003423689e+00
1.630878415614364529e+00
1.569324311694132890e+00
1.254349070498026242e+00
1.734657647998253172e+00
1.130593247703882476e+00
1.267263114009248959e+00
1.269659553634751692e+00
1.241580601812946272e+00
1.123210346404593940e+00
1.215785318352628153e+00
1.393708254344309561e+00
1.705569707608015628e+00
1.316103434046556941e+00
2.031751012477348795e+00
6.636649274369720297e-01
1.156032228248360827e+00
9.502057580048408614e-01
1.541131086193644251e+00
1.457889017155199696e+00
1.163892476726818170e+00
1.179131975382111897e+00
1.389196176118844495e+00
2.024626433326972563e+00
1.773730569717569372e+00
1.207363066558318376e+00
2.250883957809224345e+00
1.280689177742873941e+00
1.239468612783234835e+00
1.343360019712596776e+00
2.001803676241521668e+00
1.483723573489857284e+00
1.832316627204627846e+00
1.811244659675832480e+00
1.531355105638454894e+00
1.147054932005402650e+00
1.387570780659957981e+00
1.287098139836822641e+00
2.038886629836124786e+00
1.684450860402646688e+00
1.462818175996319248e+00
1.676543093121166228e+00
1.411716239915405735e+00
1.486990318505389874e+00
1.478791481335962166e+00
1.554632472348137950e+00
1.572152584035377387e+00
1.175015298768834482e+00
1.551637564638065347e+00
1.645597023697974448e+00
9.106355289983447676e-01
7.774828708058478810e-01
1.432185564866133909e+00
7.882249508157829210e-02
5.198829529745808697e-01
6.443441735450105012e-01
1.696895382468291746e+00
7.572352930342319821e-01
7.424414221246247170e-01
1.257448914786592153e+00
1.373308188903454408e+00
1.278743858646887999e+00
1.765016155612841864e+00
1.772096772495585393e+00
8.783448094167564113e-01
1.768494272053857674e+00
1.492017559644353897e+00
8.850923299497969188e-01
9.513940639802137555e-01
9.678339388306571589e-01
1.622543179851381190e+00
1.452370157325754585e+00
1.005729472042365735e+00
1.364220295559213092e+00
1.721503234923357217e+00
2.018361672139163510e+00
1.003036587140901936e+00
1.614377939765150760e+00
1.037560172304414330e+00
1.607052867876074265e+00
1.212556328242140991e+00
7.698349863637891088e-01
1.218085650816342236e+00
1.246230803614819083e+00
1.296221494499878224e+00
1.643872553999524699e+00
1.294077107835392981e+00
1.228945495991908388e+00
1.234321937200501651e+00
1.548053538717672151e+00
1.834063663620174589e+00
1.363699651623893061e+00
1.345098964195102997e+00
1.732632340105205948e+00
1.746171135299945831e+00
1.251927103031813093e+00
9.487440041284042058e-01
1.134550270985452913e+00
7.130026166618620431e-01
1.176443810679619784e+00
1.330494229542021678e+00
7.403828291665277561e-01
6.244734439313142094e-01
1.315283422678770631e+00
1.107375548278672461e+00
1.073968492471922387e+00
1.203209472645043299e+00
1.447541885259096661e+00
1.004432345552857209e+00
1.748891222145388058e+00
1.425496977976008939e+00
1.187284361765212015e+00
1.453951799829409364e+00
1.406122303641634375e+00
1.548439817366538351e+00
1.016211009964167911e+00
1.545605303384278040e+00
1.125189474865583961e+00
1.424966893146772495e+00
1.748927873614592565e+00
1.523881103224854705e+00
1.090041552793888924e+00
1.506017428591230889e+00
1.491024486549249684e+00
1.415311873817624688e+00
1.466221941426121056e+00
1.619784853910062772e+00
1.789236872803713130e+00
1.528141622204027827e+00
1.282147133202658384e+00
1.026504582310910907e+00
1.488300794483994327e+00
9.450912463387171059e-01
1.077868744354504527e+00
1.348264553261535381e+00
1.494208339717564948e+00
1.693952292919146840e+00
1.960466317051963392e+00
9.812612688437463149e-01
1.345215439250442069e+00
1.107840901865005723e+00
1.556660377113376237e+00
1.367468744108591983e+00
1.442194149080860077e+00
1.618474875078669717e+00
1.644926712137829483e+00
1.442343049645520514e+00
1.630036986662906084e+00
1.679512313956500691e+00
1.496677164503383839e+00
1.628623339823384475e+00
1.257571862100891780e+00
9.621784873778931324e-01
1.351881848005598519e+00
1.557931809367068876e+00
1.549715956860194810e+00
1.544895338711447019e+00
1.018472810993458877e+00
1.216764928804663803e+00
1.606442582685733145e+00
1.682879056130016648e+00
1.068189527215361645e+00
1.453036150255188508e+00
1.593439875487125956e+00
1.381730237990461241e+00
1.581472656375253472e+00
1.510481139887775992e+00
8.541775791107153459e-01
9.302107077012046199e-01
1.470843551783499015e+00
7.893554726979497005e-01
1.806936766460741639e+00
1.583576708730654481e+00
1.045060874066359835e+00
9.582385151034961135e-01
1.232665546995580286e+00
1.478697914712009620e+00
1.555582153464104778e+00
1.422680336884422747e+00
1.501207590544429982e+00
1.630689963019233524e+00
1.760620534047793395e+00
1.867490674977590803e+00
1.412118230614611170e+00
1.802587066172707253e+00
1.605480200858774520e+00
1.235172013217181730e+00
1.659213991635927865e+00
1.282043474893647783e+00
7.159746995886461240e-01
1.561897876898298732e+00
8.354503355757946226e-01
1.410618113782497129e+00
1.253038723548136169e+00
1.667142405159933505e+00
1.723307408676981956e+00
1.312572265753502387e+00
8.837524911508565229e-01
1.704473826975542394e+00
1.012822915926115064e+00
1.105699521380815176e+00
1.433739111929863919e+00
1.697983193018304471e+00
1.173376125146205817e+00
1.189836155896373704e+00
1.224847499062141187e+00
1.282934757395393754e+00
1.441053005911398177e+00
1.070503775612176911e+00
1.069203823175860268e+00
1.146426820991838014e+00
1.215247618452720557e+00
1.692393823150916798e+00
7.722950066123316359e-01
1.313142714179992732e+00
1.060918273189708660e+00
1.301965052972391179e+00
7.843785564592294923e-01
1.430511808261942575e+00
1.334961471864678950e+00
1.316331161311632414e+00
1.434094432648287176e+00
1.281346338025850518e+00
1.877387694438760191e+00
2.006218285598360129e+00
1.685279001069657001e+00
9.713805044472425543e-01
1.069852794520254502e+00
1.521651049984834136e+00
1.169971935506743499e+00
1.294698218531177059e+00
1.777134527889526971e+00
1.542729907406348300e+00
2.276840840358187013e+00
1.628970080925309372e+00
1.291652992841373138e+00
1.759100749857506862e+00
1.410789273063951077e+00
1.468467650711618777e+00
1.134896635075449245e+00
1.475818587471124266e+00
1.329686515788593093e+00
1.542093890870491091e+00
1.597351972477972559e+00
1.443329270062437830e+00
1.868338385336116625e+00
1.480442996809294476e+00
1.250017100792988556e+00
1.373247332987107328e+00
1.518275506649679363e+00
1.529440774460333996e+00
2.063046438785204550e+00
1.784220385768704009e+00
1.880263872250941715e+00
1.999795152936950871e+00
1.791461940739972558e+00
1.482007845942680868e+00
1.322051186486828289e+00
1.549052902981782553e+00
1.616579556996029954e+00
2.171707629219426394e+00
1.517332151175326382e+00
2.210221966850215214e+00
1.275535567253158309e+00
1.327133591303875093e+00
1.394240730150574814e+00
1.420194443715863342e+00
1.461141990290332204e+00
1.752000260425985889e+00
1.464286609399452210e+00
2.146304666221095836e+00
1.486420879715267374e+00
1.396691450609516494e+00
1.486955762790586721e+00
7.211179990923454186e-01
6.631883909523428322e-01
1.713188743012214132e+00
1.805788332714509226e+00
1.582729269505517733e+00
1.127418348676588078e+00
1.176001378287595989e+00
1.593302865352203668e+00
1.205709581772464789e+00
1.614879893600736471e+00
1.857127290379523732e+00
1.527624784919610734e+00
