2.291255230257490005e+00
1.871751395042816402e+00
2.146859057730249987e+00
2.269324636862424693e+00
2.352488213051132870e+00
2.362999827190140678e+00
2.446817957567181789e+00
2.370493756164048893e+00
2.282341255939573266e+00
2.324642967582907005e+00
2.349071409651219966e+00
2.642556377354200237e+00
2.613991997853418958e+00
2.597623277687982846e+00
2.539195915603781106e+00
2.425727215290043759e+00
2.558936921839928935e+00
2.510544502680827961e+00
2.376979343550210011e+00
2.478136978011723279e+00
2.238467393150529894e+00
2.024736881582912762e+00
1.729835893770297561e+00
2.275088226482684384e+00
2.054590635787981956e+00
2.149873264803745077e+00
6.362229128034287140e-02
1.937425232032597755e+00
1.843391715202274073e+00
1.684349670206717331e+00
1.873223774638486105e+00
1.801923417136207517e+00
1.989611993690059144e+00
2.065243722595677678e+00
2.121912857637898053e+00
1.994030989675614540e+00
1.787675268688458274e+00
1.960696598942678559e+00
1.884970273141910235e+00
1.965054339611504330e+00
2.020362610344739629e+00
1.946643158879163726e+00
2.227514165426366599e+00
2.320470335709163390e+00
2.029341367215387049e+00
2.109037266179748293e+00
2.309199168191260920e+00
2.355002588482944859e+00
1.918399985130450514e+00
2.163168847766039349e+00
2.302564244976241348e+00
2.162307350134978101e+00
2.396409538840104769e+00
1.913928687356161840e+00
2.073773629880831582e+00
2.148471651362235058e+00
2.156211798623563602e+00
1.960135366052851325e+00
1.958509928542297107e+00
2.093741774145515322e+00
2.224949994859680924e+00
1.767525782412354696e+00
2.063007885876328995e+00
2.181767511227136858e+00
2.264865877061983834e+00
2.404489212030241685e+00
2.410548076320191413e+00
2.483854500545919386e+00
2.096196893601917299e+00
2.495760604358208568e+00
2.314626959537473105e+00
2.177972234133578322e+00
2.405793057316808259e+00
2.209960874574189216e+00
2.364186252905966068e+00
2.085685461722756262e+00
2.382739890924084669e+00
2.243533033678638322e+00
2.463080900432549125e+00
2.228889544494258690e+00
2.280217920864313186e+00
2.192760132671068618e+00
2.088069477833983001e+00
2.115390819904788167e+00
2.237073476658642868e+00
1.725595935584538498e+00
2.052040219279508193e+00
2.150232523413130981e+00
1.919728960318495936e+00
2.133826468454879333e+00
2.429420372238169534e+00
1.793387202124497204e+00
2.409327749630625348e+00
2.061540799185713091e+00
2.024436348380356243e+00
2.262622690838491213e+00
2.006731571119878321e+00
2.227323761337463015e+00
2.238335431349399940e+00
2.277054946799294211e+00
1.764598416152405536e+00
1.323035827393785668e+00
1.633687485478278134e+00
1.169315258021159432e+00
1.602476936321807433e+00
1.904675320461406418e+00
1.816727352898651393e+00
1.508169556248241339e+00
1.585155481792636989e+00
2.374973634273183087e+00
1.995940579646154234e+00
1.450848705097449454e+00
1.940231961416944095e+00
6.314552759072790122e-01
1.988066089904009903e+00
2.206828999652044487e+00
2.450510684196614442e+00
1.819529175971315471e+00
1.923412965200467006e+00
2.107955549668602213e+00
1.076196003248412802e+00
1.253448482786958307e+00
1.185556952354318794e+00
1.448262302260038492e+00
1.258261482390088393e+00
7.841926107035630533e-01
9.463555097497142743e-01
1.602567841140661864e+00
1.733833027835442353e+00
1.110973729644643582e+00
1.737469132975398178e+00
1.620809195073700248e+00
1.676829926409898253e+00
1.992178547627709406e+00
7.711009615677737461e-01
8.461393287377553252e-01
1.734886491331309788e+00
9.315708209822388675e-01
1.278948658339903899e+00
2.129228474730654685e+00
1.683018132370749820e+00
1.514738261398699271e+00
1.288804707478200973e+00
1.032007943089484625e+00
1.134461050309973462e+00
1.165107903370601994e+00
1.306192226384354171e+00
1.207463447337757234e+00
1.083740164974119402e+00
1.387675884830839479e+00
1.739268987929012411e+00
1.838092764670019585e+00
1.673973335524893802e+00
1.853833330465432527e-01
1.900741433348459575e+00
1.537010966047298144e+00
2.000432809359182329e+00
2.211397918972349164e+00
1.572355383550110508e+00
1.436134773176428681e+00
1.531463697021246961e+00
1.280118579420392644e+00
1.421243904039307226e+00
1.797828045428385035e+00
1.512798359435977069e+00
1.871014306078706335e+00
1.093199392035460793e+00
1.449946217741111321e+00
1.194576496639520258e+00
1.189942213542714233e+00
6.396801560149641963e-01
1.307102700896692227e+00
1.010580050023191623e+00
1.494949484153629493e+00
1.777589432796502944e+00
1.167679791950105184e+00
2.912793501061123336e-01
1.692811681899586418e+00
1.138205751524772325e+00
1.533772881166138857e+00
1.671665637067987653e+00
1.145976944727907121e+00
1.532059423596525916e+00
2.061139325843213577e+00
2.104384320235636707e+00
2.089111113909534190e+00
1.149074170134651629e+00
1.566151164125090256e+00
1.752239455940859392e+00
1.515142579566141290e+00
1.062925960980090734e+00
1.457791408337217209e+00
1.650521988893774328e+00
1.912856678161085400e+00
1.648190688703261797e+00
1.664912543781253751e+00
1.950706934191942299e+00
1.964635528994945979e+00
1.482889626962176077e+00
1.731046688346863593e+00
1.980858236985262311e+00
1.212519222869937296e+00
1.737542635957243897e+00
1.830042490745489303e+00
1.384873525113113013e+00
1.439246539560842253e+00
1.669879429566845319e+00
1.926596211521596880e+00
2.036202644888285729e+00
2.273096580564664126e+00
2.094711666960987095e+00
1.949345789891617997e+00
1.235836354044524965e+00
2.097196968388153504e+00
1.697842320429779450e+00
1.912754463319857434e+00
1.989563232383316338e+00
2.064456647872054074e+00
1.989148969479969997e+00
2.197370509754354995e+00
1.970310637092575590e+00
2.205740953341809085e+00
1.938031403438932987e+00
1.633251715014488958e+00
2.532819250638745912e-01
2.078138853608901826e+00
1.807763291708005760e+00
1.963682383295715761e+00
1.355581961692892801e+00
1.210516198252497011e+00
1.513488445947828609e+00
2.123333152965597659e+00
2.131855719771858393e+00
1.918220015638953058e+00
1.479349267528669243e+00
1.645319500738948060e+00
1.377764433833390756e+00
2.015101710485078801e+00
1.960762495150115470e+00
1.318287675404269166e+00
2.270124230705469870e+00
1.455638524959619096e+00
1.682506760520265487e+00
1.260968387005568792e+00
1.685717248334456908e+00
1.206505854878279882e+00
1.100626900214436876e+00
1.447335419579591109e+00
1.675211902423755950e+00
1.725670728531717657e+00
1.283832440285120002e+00
1.099348871885671874e+00
1.680636615584861104e+00
1.483606453177638951e+00
1.201038565616632470e+00
1.725038230213516321e+00
1.823137922074923756e+00
1.103393769291579618e+00
1.329268857006520532e+00
1.619665070893427927e+00
1.646560821398243446e+00
1.589076382376744423e+00
1.095882236270028010e+00
1.222218484275918504e+00
1.261603199560385802e+00
1.534250931007407059e+00
1.146496630963538488e+00
1.226839638031585356e+00
1.128999403485669850e+00
1.748551382101448448e+00
1.706768456006729107e+00
1.981694491075832287e+00
1.512893851808386536e+00
1.129926133506246044e+00
1.335546065970699026e+00
9.492701594292686229e-01
1.184994145769233231e+00
1.438433604451864189e+00
1.772076292375838857e+00
1.594735337161991895e+00
1.291436179859462463e+00
1.694810421281812474e+00
1.165138314037670764e+00
2.061469313275206883e+00
2.047009906171196825e+00
1.802649317641251692e+00
1.212108824552245334e+00
1.842353791093311877e+00
1.227488173311062969e+00
1.140627219670878656e+00
1.404084156272274786e+00
1.236954089605968310e+00
1.226145658576962116e+00
1.597845622995299752e+00
1.019104610973950775e+00
1.913562444202046020e+00
1.183988381330385087e+00
1.269635974054337924e+00
1.072435616035076533e+00
1.239494838884515282e+00
1.451308359744581722e+00
1.004290589036418657e+00
