2.263236340961969795e+00
1.983957459297284842e+00
1.853727174324052651e+00
1.451685778001035931e+00
1.987922946233855237e+00
1.307611001620498703e+00
2.673842364152745343e+00
1.302065016321986679e+00
9.819352920603908741e-01
1.032710292810060215e+00
1.225119730974916887e+00
1.309605153832944069e+00
2.886116775282096536e-01
2.178850889409247316e+00
3.067903973918256755e-01
8.207018057592131433e-01
5.469573952513508974e-01
7.333816720326639116e-01
2.463932781428753938e+00
2.031695213405542155e+00
1.797863442170799297e+00
1.521426969315400335e+00
1.713904256097696033e+00
1.937858265045142581e+00
1.986727342800610030e+00
2.127527272542049097e+00
1.969968432149404425e+00
1.579399887421852888e+00
2.047212790373908575e+00
1.980568306619808094e+00
1.474759915127112686e+00
1.579979207680308528e+00
1.483652282398611133e+00
1.742662070384793704e+00
1.558723108195267493e+00
1.395333323184098751e+00
1.467115650868555887e+00
1.415109748637088938e+00
1.406046015659980775e+00
1.638066519493673656e+00
1.629285176497886178e+00
1.611967019124233902e+00
1.875133377141342095e+00
1.365842609692994314e+00
1.419105929847718217e+00
7.334635497367139045e-01
1.198347142260702380e+00
8.817196669375280127e-01
1.307892630081427754e+00
1.335325952875750177e+00
1.200655260270020896e+00
1.288544301414597859e+00
1.247110561805280460e+00
8.548537161955469532e-01
1.192397073200395674e+00
9.033927065345047636e-01
1.295233751269691203e+00
1.280560289331796220e+00
1.730790605711529206e+00
1.763563451098272505e+00
1.641057879011851073e+00
1.828786818831749317e+00
1.819638065289941986e+00
1.791894526533211351e+00
1.315910462475260667e+00
2.205978222803007593e+00
1.272143430209447423e+00
1.237692771580849005e+00
1.340249741462847366e+00
1.323780624265839645e+00
9.491805941954973846e-01
1.360577458749793189e+00
1.391450763519926026e+00
1.206121640221932134e+00
1.596106336862483932e+00
1.611566056960115345e+00
7.489592082380917004e-01
1.792332863865299553e+00
1.410302701660119062e+00
1.165752393060456749e+00
1.224094238405390778e+00
1.265486693592782874e+00
1.694626883522294847e+00
1.600752929544926761e+00
1.814422635976386422e+00
1.858648585075689752e+00
1.923849191908240330e+00
1.940007665540126158e+00
9.667165052225410449e-01
1.545127091432339395e+00
1.885338113501389357e+00
1.929067232238476093e+00
1.674291542936090949e+00
1.727428983596223988e+00
1.480896295137859475e+00
1.162274838517957987e+00
1.742341968481632142e+00
2.128247300570611511e+00
1.441950194052975975e+00
1.665530905091519687e+00
1.402285098549869380e+00
1.469019994477902991e+00
1.302643431875346147e+00
1.493589013786353448e+00
1.564256112993757331e+00
1.962355309103565038e+00
1.614795494836790413e+00
1.111370580087971849e+00
1.870336189779739478e+00
1.331864304217710515e+00
1.249493502849319704e+00
1.225729221233361033e+00
5.315858903449915962e-01
1.682086280895980446e+00
1.767655645090422833e+00
1.324036121115293341e+00
1.331066002593947140e+00
1.938139688563277785e+00
1.662884111970917234e+00
1.255862678178548020e+00
1.432203614491489141e+00
1.430758852947187965e+00
1.463322740359956242e+00
1.187079723536971443e+00
1.809257973491328331e+00
1.353438900221823893e+00
9.788532867578040308e-01
1.180828312793452239e+00
1.379097517078590629e+00
1.114012025430338282e+00
1.343284694042782723e+00
1.379695342382286194e+00
1.526854600252984584e+00
1.167920799304376978e+00
1.288748316793181248e+00
1.180782946665278610e+00
1.345013679986879040e+00
2.181939456154477597e+00
1.418724063847184524e+00
1.477388589695125987e+00
1.178172745813933719e+00
1.430251120852648716e+00
1.938503420372884145e+00
1.690760850272266858e+00
1.331066912770078270e+00
1.396288938468875029e+00
1.596272213710483667e+00
1.407281860636504733e+00
1.577767956788882930e+00
1.359408077978807361e+00
1.309094612924197154e+00
1.864049341233428247e+00
2.383561295562234061e+00
1.593493638205562890e+00
1.382812333403095506e+00
1.384316539842709748e+00
1.948061857668745400e+00
9.673378541038866185e-01
1.273412055736876436e+00
1.835406230297824015e+00
1.115775280370442379e+00
1.658616613214903834e+00
1.660989141068720532e+00
2.025224728549253062e+00
1.390434461622773288e+00
9.854430585561938516e-01
1.375445671989255159e+00
7.174807055826988300e-01
1.929961115048992371e+00
1.727950795821068475e+00
1.565058754585205270e+00
1.594518953003507322e+00
1.455446255486543494e+00
1.433220664052908822e+00
1.724253402990107764e+00
1.108387166798965984e+00
1.557542795384394108e+00
1.901436172520712287e+00
1.882027072522306721e+00
1.433519988314464255e+00
1.668243026549447450e+00
1.230761369492340718e+00
1.377184876185710616e+00
1.256104472676220274e+00
1.665800057410546486e+00
1.569237125198855720e+00
1.749116073749761080e+00
1.960631734891473688e+00
1.784173325969519164e+00
2.008390462968019818e+00
2.122340705047187193e+00
2.049309464623262134e+00
1.498251102725087103e+00
1.443815764216622277e+00
1.570385401656857693e+00
1.809552086423883432e+00
1.920513898058517244e+00
1.957913229281442069e+00
9.756125749352616561e-01
1.967601017081022752e+00
1.221194540961801245e+00
8.898609593608471924e-01
1.354121888803752061e+00
1.084427229858698549e+00
1.122509738231344478e+00
1.245873909284371805e+00
1.583059882229256532e+00
1.241094651651794667e+00
1.921320441414629210e+00
1.598950713387086608e+00
1.545684498484475089e+00
1.505092804601218193e+00
2.042099815582073818e-01
1.307066023381085351e+00
1.282009327660209808e+00
1.005800994538849968e+00
1.216308597596597929e+00
1.151722048064629744e+00
1.231669665264486513e+00
1.063497903382768062e+00
9.621817487010108083e-01
1.139449337239004878e+00
1.162903950678372045e+00
1.215101873715326963e+00
1.612531657239554050e+00
1.519339791506969739e+00
1.820232808788034617e+00
1.352697800985540155e+00
5.998035616951388205e-01
1.385086872623873422e+00
2.039645540809873037e+00
1.143991010689005439e+00
9.972219899446970182e-01
5.339525037807530961e-01
1.263735887998395535e+00
1.888566458536929282e+00
2.114136028187183491e+00
1.541287023362088116e+00
1.370464614483282606e+00
1.058815314124389451e+00
1.065693039743743631e+00
1.046783301038527680e+00
2.658676796620210170e-01
5.279076551205887924e-01
2.964976296196686900e-01
1.003231388373024835e+00
1.151937752509646362e+00
1.808321590867450812e+00
2.073973304650608362e+00
2.117204671326095244e+00
2.263569453774978868e+00
2.367110642698420975e+00
2.558892197605115548e+00
2.532211248404156123e+00
2.052804887571922254e+00
2.201025830505385805e+00
2.237065433261503422e+00
2.313434599426194893e+00
2.187711748489074903e+00
2.253787239654994945e+00
1.941890201643575065e+00
1.968265518457619434e+00
1.778214147396730782e+00
1.327015943627886996e+00
2.235776594545534124e+00
2.505712423383117837e+00
1.898790284476153278e+00
1.462938462232552972e+00
1.227471797827702771e+00
1.963130659481626017e+00
4.703722364916649301e-01
1.863431771088884803e+00
1.519393745257245465e+00
1.391156147523337383e+00
1.796523053851355467e+00
1.862484249065915032e+00
2.124296184144115696e+00
2.108748589264406892e+00
2.203052888815055343e+00
2.092842977896738343e+00
2.251526358412265783e+00
2.233616315556369081e+00
2.135507698015686628e+00
2.123591618135216574e+00
1.846398769446050636e+00
1.823834031015676205e+00
1.903633458470393114e+00
1.830249341425502552e+00
1.765643657414526002e+00
1.450003785656489130e+00
1.813914653282529876e+00
1.704002547323030914e+00
5.401860979394946805e-01
1.758497531477411835e+00
1.954240468110031825e+00
1.982387682453413236e+00
1.885398638881481626e+00
1.814130114713256248e+00
1.460550481283247493e+00
1.725082468623077681e+00
1.914031005656123385e+00
1.816715260571649893e+00
1.789419651495613106e+00
