1.501753703975043486e+00
1.464236087742433634e+00
1.500313237400642707e+00
1.387570176702871638e+00
1.397913258215778720e+00
1.853286792580651321e+00
1.543459876221011440e+00
1.297783559489370075e+00
1.821734273685835515e+00
1.171100603168835130e+00
1.775322483376169602e+00
1.563836863066667027e+00
7.152309758025678921e-01
1.970270006363112447e+00
1.687142676596464774e+00
1.291466667675082336e+00
1.310961915784912613e+00
9.582890378445975132e-01
1.699545617496060812e+00
1.110558736815476122e+00
1.204320826109898324e+00
8.318548889284687053e-01
1.949440062064464074e+00
1.257326592344879979e+00
1.202409483230012066e+00
1.220999425539918359e+00
1.119664106147338689e+00
9.318112571519969745e-01
1.411151365982825201e+00
1.042619877498219605e+00
1.139952834682544047e+00
1.498066545133601046e+00
1.694135214289919089e+00
1.661206220384752852e+00
5.820209592701025558e-01
1.485763938019274422e+00
1.486451460439199179e+00
8.390263697356233896e-01
9.400288706479191791e-01
1.250398092923396876e+00
1.108187225434152046e+00
1.071619866271089183e+00
8.119996546687940908e-01
1.468968365794057984e+00
9.769209434759343891e-01
1.382773109515956333e+00
1.688085183411586421e+00
1.115295860900223479e+00
9.920524876779885926e-01
1.603173504472963806e+00
1.841015579513649802e+00
1.162868421950739695e+00
1.424296522999445536e+00
1.626969949504207813e+00
8.636029943085097305e-01
1.050014432371802808e+00
1.374787861634607644e+00
1.526251844191770513e+00
1.232619563844645327e+00
9.866104357214071641e-01
1.668930608782198677e+00
1.233386049918651306e+00
1.091614298656225834e+00
1.316811977912589970e+00
1.212388471092082476e+00
1.258780143641760496e+00
1.739689147436522587e+00
7.891255606553710944e-01
1.125238500787803186e+00
1.144159620457211979e+00
1.583968185006871199e+00
1.966793155652741598e+00
9.301924527605441861e-01
1.710368562986899876e+00
1.099906976185188512e+00
1.794518322114428077e+00
9.085309081845055479e-01
1.257522742357481516e+00
1.535629756033636273e+00
1.078319421763391128e+00
9.617452753019497536e-01
1.522474773016633254e+00
1.337865686663122888e+00
1.790080776002413998e+00
1.209784581722810781e+00
1.566551749533322768e+00
1.201334116187650736e+00
1.881930743885446455e+00
1.175424437912302889e+00
9.497716788709132940e-01
1.565415016069027887e+00
1.154726933396682975e+00
1.076921853875778323e+00
1.554698286969678822e+00
9.453127921469799411e-01
1.074259860810637068e+00
1.182798091688780584e+00
1.639861619503853563e+00
1.495835789765627588e+00
1.515633967317307373e+00
1.619696243435009064e+00
1.710257427189750157e+00
9.902183486139241042e-01
9.901757965180503218e-01
1.572959069340718052e+00
8.242309049735124793e-01
1.281501045441427511e+00
1.435005570584355628e+00
1.036328075381291347e+00
1.261955588706418441e+00
1.306382752847716322e+00
1.641822140310811751e+00
1.121266030400450697e+00
1.512275411625317645e+00
1.668463720858285981e+00
1.202807509487101578e+00
1.444530000817540571e+00
1.418882472962173624e+00
1.091605249637777941e+00
1.429290030546676249e+00
1.517269623259928979e+00
1.049095407633330757e+00
1.880144121166243520e+00
1.843575224209972552e+00
1.818809491886900664e+00
1.660252580023496849e+00
1.708799115066122587e+00
1.887003308605331720e+00
1.445171014316311453e+00
1.654153087040030279e+00
1.925335046824971474e+00
1.407861271036791262e+00
1.371278116747191245e+00
1.795301336928630587e+00
4.962503768865661469e-01
1.101671255956410134e+00
1.433169228205043222e+00
1.343199631232125268e+00
1.647129340347849302e+00
1.333260122977092177e+00
3.250091207017787864e-01
1.535986714770833705e+00
1.532198079506106314e+00
1.313947039019329965e+00
9.055570825940134627e-01
1.297521627778807307e+00
1.129432266927085982e+00
1.159048647053073422e+00
1.330950942618171151e+00
1.326398986026795734e+00
1.098290666894007117e+00
1.399668006332976056e+00
1.448067989852314108e+00
1.290875574852395902e+00
9.909482770868673907e-01
1.354607144455236334e+00
1.154054589650985951e+00
7.921945570134735215e-01
1.048983602597217679e+00
1.277538922493565821e+00
1.642298850029204393e+00
1.144294031567186565e+00
1.012070443434067935e+00
1.105662413190648508e+00
1.398519826692021351e+00
1.399839994713091729e+00
1.113436730575783518e+00
1.271891708720400027e+00
1.828231967152594617e+00
1.561199079551047531e+00
2.102380145846840520e+00
1.119900581752142354e+00
1.432578878168197845e+00
1.597882209958579880e+00
1.713428333515024882e+00
1.521735632272421146e+00
1.907898629904830168e+00
1.311659001277626579e+00
9.729541607966151195e-01
1.046601086779031631e+00
1.065161924466365928e+00
1.198497374818732419e+00
6.116692583273880546e-01
1.234763189189193255e+00
1.628805065859961765e+00
1.808437333631568666e+00
1.430323694010576352e+00
1.418196055788109256e+00
1.802328594161249242e+00
1.841271399188340485e+00
1.698687391876374964e+00
1.703060265720853117e+00
1.229884226406967596e+00
1.429697246835891278e+00
1.690063491529708362e+00
1.027693097374371867e+00
1.300515390571616692e+00
1.837394689001836889e+00
1.514581370213824441e+00
2.032079002647177113e+00
2.181414858513435195e+00
1.412959888407864906e+00
1.202199123525936830e+00
1.665437689324558379e+00
1.561564414961589708e+00
1.200643577175011245e+00
1.717604292003238164e+00
1.683418636239214061e+00
1.073187840446333974e+00
1.214388339763170066e+00
1.074350486127414905e+00
7.541362232680589445e-03
1.033889754778304138e+00
1.378746292549231089e+00
1.637289495965729147e+00
1.592198782786690137e+00
1.238370907944842392e+00
4.479657752522467340e-01
1.059679486293179762e+00
1.572269781988080872e+00
1.289970999150927833e+00
1.566067803360100985e+00
9.294954805184839630e-01
1.317395137678218475e+00
9.348150310475709102e-01
1.357874187621701978e+00
1.717269397131752529e+00
1.142357297551176210e+00
1.873529273485184721e+00
1.201005972695601054e+00
1.118849155755505365e+00
1.624222439351104885e+00
1.272424035294408062e+00
1.514314823634253848e+00
1.196575508954201617e+00
1.162674008701397810e+00
1.267415675801534247e+00
1.135457204696859845e+00
1.306570372859226392e+00
1.286951132790012498e+00
2.009738740348086417e+00
1.691440171503568068e+00
1.611016374155499697e+00
1.241753954459962950e+00
1.589558639968111420e+00
1.209492877429709123e+00
1.882663342002447893e+00
1.687143884728168342e+00
8.832183291876047893e-01
1.978064358744380913e+00
1.531056395343241006e+00
8.851987492333435181e-01
9.505438351741203329e-01
1.098093948125186792e+00
1.583728738982431050e+00
1.469240546809692294e+00
1.984453849406798698e+00
1.835089286614676185e+00
1.338715925919383043e+00
1.261763377718959633e+00
1.801915011538417266e+00
1.903351524489454327e+00
2.309298703769201211e+00
1.662509161952169467e+00
1.888406662775614420e+00
1.701412978308423751e+00
1.187311721460473590e+00
2.035955183804579960e+00
2.199242742670981965e+00
1.346978538371639944e+00
1.576040751568393850e+00
9.967555656206734671e-01
8.362352420084246951e-01
1.421906030605179394e+00
1.280855343692433701e+00
1.373615959216202498e+00
1.556338170420706213e+00
1.225486493247916142e+00
1.449161378713080373e+00
1.273727364049979105e+00
1.862530749706274857e+00
1.046905083039063822e+00
1.049048120895264224e+00
1.109388258450979992e+00
1.404133908557918975e+00
1.138593253998882560e+00
9.398269236069600741e-01
1.593878604376841812e+00
1.863015513370579912e+00
1.672158199601041062e+00
1.573113166910659944e+00
1.159972975626895497e+00
1.035652868068576149e+00
1.400021056366121508e+00
1.433841737296658980e+00
8.649408487444745219e-01
1.394264513586388921e+00
1.102796716627270746e+00
1.424143475009018722e+00
1.747860312274806649e+00
1.089749559025648962e+00
1.096025286586374214e+00
