1.546022265983340471e+00
8.849995398633313526e-01
1.043160335276593242e+00
9.401404870239886691e-01
1.340904653205487573e+00
1.179276115283662163e+00
1.064216013668210392e+00
1.499773550239422271e+00
1.068131396040206127e+00
1.109079802508502022e+00
1.701994649768284518e+00
1.410586316968705400e+00
1.173774933182116342e+00
1.211813192678961260e+00
1.792116108588055701e+00
1.433549570416877472e+00
1.302478868019437908e+00
1.700254688977880013e+00
1.225451389202760755e+00
1.781090824879706824e+00
1.447557056512997598e+00
1.463957127995760832e+00
9.782901276447705241e-01
8.280104760449428225e-01
1.538574044240452521e+00
1.412292117013102422e+00
1.259863961025126988e+00
1.517888625007034253e+00
1.277083483598614899e+00
1.413550221144296515e+00
1.346735927022757462e+00
7.729451935289046727e-01
1.096300763599575845e+00
1.213891382642686478e+00
9.502496458522284861e-01
1.154964430306159917e+00
1.020706881277824385e+00
1.206132484928460036e+00
1.098562970899187974e+00
2.106080540585921757e+00
8.338169952224390169e-01
1.302826161146509065e+00
1.031029631670357993e+00
1.691550341224579590e+00
1.348797657340289335e+00
1.753131550946102957e+00
1.476862038246121056e+00
1.625623960083911745e+00
3.838233136704732318e-01
2.016447943695915512e+00
7.542539294878480849e-01
8.186394623234689583e-01
3.556427155812540847e-02
2.517143420629422423e-02
1.965615797630537037e-02
2.137474032325700421e-02
7.541362232680589445e-03
3.045874398278037437e-02
2.517143420629422423e-02
6.220083313997381430e-02
5.234528555718940268e-01
1.047224952721995450e+00
8.880599392956000093e-01
2.742696145168293853e+00
2.611304938681445975e+00
1.300670156791637222e+00
2.080533531140301484e+00
2.489007337025418209e+00
1.510851340691345746e+00
1.108253377447893318e+00
1.705549332435633669e+00
1.736083163138969043e+00
1.170442761018826383e+00
1.740478142985304899e+00
2.181699301977780614e+00
2.320014207557969499e+00
2.342708896839806432e+00
1.235047849956639521e+00
1.290638478117226873e+00
1.526725451950391443e+00
1.674863771622896680e+00
1.844043871814246449e+00
1.535394330938935736e+00
2.033192516807169170e+00
1.684848570608197926e+00
1.845924103878767264e+00
1.132723088890840613e+00
1.628961017956378932e+00
6.682917047533309951e-01
1.552900852363115813e+00
1.700331719320468338e+00
1.727225447542752867e+00
1.320651521070329126e+00
1.563740185576933506e+00
1.006576805779283657e+00
1.964988053819729741e+00
1.352233097678044338e+00
1.417320044041436855e+00
1.353788474954982002e+00
1.904355772409244807e+00
1.185337566957865629e+00
1.639885947342190287e+00
1.586623323627113669e+00
1.666107807196791413e+00
1.658466175483936267e+00
1.373935486339409984e+00
1.058931360215060291e+00
1.448509692123097992e+00
1.314634978674801280e+00
1.968219323061537462e+00
1.973317667412471721e+00
1.934254101680985549e+00
1.709093154585977103e+00
1.677922005800851712e+00
1.653596443269276461e+00
2.001821705839751608e+00
1.552278901323268512e+00
2.370446501371085368e+00
1.584769212562480600e+00
1.456610071669041329e+00
1.487889142789512897e+00
1.523007152472524606e+00
1.325755481491731613e+00
1.419951364503832858e+00
1.688747978145840545e+00
1.936852188455918000e+00
1.159563767407717494e+00
1.113741079570851333e+00
1.297627139631633231e+00
1.595735049144618722e+00
1.835099788344161098e+00
1.164191964476114949e+00
1.065239021103474570e+00
1.092570187949990057e+00
1.121324379505613811e+00
1.205720979211318378e+00
7.463208538467566155e-01
1.301929271258989829e+00
1.128624480190397517e+00
1.364197051948281114e+00
1.249611880238523653e+00
6.469256351774665958e-01
1.053773436295515120e+00
1.509731303627381838e+00
1.112946958727797142e+00
1.666246028410507840e+00
2.014980947932458744e+00
1.857849386447645523e+00
1.878835974713974899e+00
1.383407710922682332e+00
1.016003452080664227e+00
9.063901493244702623e-01
1.103394398706521118e+00
1.638950523874792564e+00
1.966607577433543863e+00
1.252370340185467334e+00
1.287051331292524248e+00
1.918354948906971114e+00
1.187911155310766853e+00
1.170026426868585823e+00
1.121789819503678842e+00
1.325081778400097665e+00
1.606110804532410397e+00
1.692994091355735975e+00
1.872189908914776213e+00
1.517940574766101447e+00
1.920609036450147800e+00
1.921647904046768662e+00
9.139300821475967451e-01
1.717312277656383834e+00
1.805795846108256164e+00
1.499196644747820661e+00
1.754471028075459849e+00
1.547801892934652868e+00
1.570475687602777448e+00
1.727766175059449294e+00
1.383227066868761401e+00
1.452222369028300708e+00
1.243259033167171346e+00
1.593334996921761393e+00
1.741181058987312236e+00
2.178602408369668453e+00
1.596261548632293081e+00
1.239891558742714617e+00
2.047505862597087667e+00
1.757469352607354152e+00
2.810678237119808909e+00
2.153925545541251818e+00
1.728419933658879248e+00
1.520643766202162128e+00
1.642488084643582313e+00
1.710014925809389963e+00
1.701894493151384191e+00
1.682780898000469927e+00
1.800833943568878492e+00
1.876603510787252294e+00
1.218307486307541598e+00
1.289360467199222038e+00
1.349469266967752379e+00
1.471640042163564477e+00
2.289432157218701747e+00
1.356611208887823494e+00
1.717946471773564632e+00
1.283293255610779005e+00
1.556052359778905103e+00
1.758320172683440763e+00
1.456936543779709936e+00
9.880853122141793898e-01
9.294026121117070494e-01
1.511077732281443708e+00
1.709906937003082605e+00
1.568004656765710214e+00
1.584658228653188505e+00
1.651458986988221689e+00
1.798583320870462687e+00
1.710365622680347863e+00
1.366518827472288145e+00
1.201041673765192330e+00
1.765513200858540577e+00
1.425516036397735720e+00
1.461051211659901261e+00
1.396379918150309374e+00
1.070760387852297990e+00
1.325404068731115270e+00
1.391975972766370084e+00
2.128417696139629722e+00
1.794576934188363726e+00
1.729505340324960949e+00
1.386462672933619800e+00
1.858228627805805777e+00
2.153065275035156212e+00
2.309956665522860053e+00
2.000265694279850681e+00
1.916193269216387218e+00
1.900485950149592984e+00
2.223124179981881277e+00
1.460498034143484780e+00
8.291113469170289241e-01
1.062783248527069846e+00
1.130967805800570103e+00
8.079695520027204703e-01
2.036569715226771160e-01
6.827084812266233094e-01
1.855972613867947318e+00
1.461195658931172314e+00
1.906917780258090778e+00
2.149967541700303020e+00
2.144413594187327021e+00
3.058073460206197414e+00
2.610954713201207422e+00
2.373976928962070687e+00
2.488766370454327692e+00
2.448382512973146241e+00
1.548415841097029455e+00
2.136842132043290654e-01
4.074248123454125570e-01
3.145735002444030037e-01
1.016408459621808147e+00
3.282493843807852141e-01
9.776124500217282520e-01
6.766746989646856836e-01
3.918240246851112940e-01
2.956826795700209232e-01
6.963518243416075837e-01
2.173083043428282402e+00
2.501596237868312311e+00
2.070553842678781287e+00
2.088989944517237962e+00
1.946530591710553093e+00
1.977783303341242194e+00
1.430521370307246576e+00
2.133722319445304105e+00
1.883110321889349681e+00
2.133618927405493526e+00
2.183813334556069741e+00
1.905750614907754770e+00
1.324828459723081719e+00
1.637750300363916889e+00
1.888072493051125900e+00
1.962076136422028494e+00
2.106885327142694386e+00
2.349066554345144997e+00
1.395149226417809141e+00
1.179056652131468264e+00
1.294436071154875023e+00
8.255158198303946815e-01
9.640871022747580232e-01
1.794564187778920239e+00
2.063290523223898720e+00
2.388251419473840453e+00
2.270288198157461412e+00
2.162443621539960059e+00
1.501386849956577674e+00
1.498655126406833293e+00
1.467442845581519162e+00
1.820147397314070714e+00
1.049462811387624983e+00
1.091380898140954958e+00
1.640719849722496848e+00
1.685308660715318485e+00
1.844354865875503346e+00
2.061799748364660179e+00
