1.789012276210039332e+00
1.952530913950863090e+00
1.350857165676444982e+00
1.442159625638955056e+00
1.462868744538008858e+00
7.317977422878145788e-01
3.671189375099317975e-01
1.757635740746964936e+00
1.095297055074015535e+00
1.268383070203050300e+00
1.133691577914570425e+00
8.938160815120050895e-01
1.234313144783418581e+00
1.048602288893845769e+00
1.106605341389186759e+00
7.602756767101089830e-01
1.529461499416749692e+00
1.606668015292713525e+00
8.186954692177597082e-01
1.225767386189688501e+00
9.316877893735435734e-01
1.365200680107338638e+00
1.724325045211955176e+00
7.158523782356351894e-01
5.174254864546886656e-01
1.149352329535267225e+00
1.611577423263039321e+00
1.228211207093924173e+00
1.327266514591449287e+00
8.112314932969892922e-01
1.522617983865801827e+00
7.405478037740917951e-01
1.704661218692698377e+00
1.403695694559898621e+00
1.060124742561752154e+00
1.378702882013141506e+00
1.804525118538883977e+00
2.044404651851251309e+00
1.165910406415700873e+00
1.406807241827302102e+00
1.617418865122391969e+00
1.617710779494348827e+00
1.336651389452729655e+00
1.450969993603981489e+00
7.613338275570147307e-01
1.314192867855629832e+00
1.230164705864243313e+00
1.810850309778397449e+00
1.934552925985848049e+00
2.191201388345035639e+00
1.603086323106349909e+00
1.752480279794561779e+00
1.329007357747719276e+00
1.437279218519065704e+00
1.434741786489307058e+00
1.558935078539679608e+00
1.815155859476607514e+00
1.348496852216353181e+00
1.145260535327200069e+00
1.728860996949991957e+00
1.107743825837074425e+00
1.650963603675454472e+00
1.079672175063000727e+00
2.243115581381629919e+00
1.911402374279888683e+00
9.221309967694135690e-01
1.444308429867176446e+00
1.056205462669071116e+00
1.618257666396957228e+00
2.367408045511922410e+00
1.876388178034808840e+00
1.947217100146984681e+00
1.649823261946237851e+00
1.176506517205932578e+00
8.628081997217731391e-01
1.009460268182542642e+00
1.397592158027683551e+00
1.551996202921950285e+00
1.832473076995245975e+00
1.143494491032574611e+00
1.524951290414559235e+00
1.809253185407171616e+00
1.151632993521460424e+00
1.567882493785016429e+00
1.574712568092377474e+00
1.721638483681048326e+00
1.690961152392103317e+00
1.774574630136994680e+00
1.957322415081288902e+00
1.689526830228739840e+00
1.233303430293816394e+00
1.589135433688923182e+00
1.416584796421796799e+00
1.845371418066145131e+00
1.085000508087018645e+00
1.698824275408409967e+00
1.790140234452413326e+00
1.919617107693127434e+00
6.798398394814418599e-02
1.356375368949186422e+00
1.891407973655863106e+00
1.306957141333617844e+00
1.376817987438957669e+00
1.655765516730966613e+00
1.397741180687839702e+00
1.626472896173949190e+00
1.198180557546558056e+00
1.398644153169596560e+00
1.619763248169536762e+00
8.121408046128520963e-01
1.201590874795118280e+00
9.502663822768298019e-01
1.272136450193710022e+00
1.370430077454808382e+00
1.893791343087100065e+00
1.190704447903601970e+00
1.289997043498645413e+00
1.626910841777353678e+00
1.799716628845970945e+00
1.344759590081434419e+00
1.798742729492101677e+00
1.263073846403703904e+00
1.489938565763414990e+00
1.263104952855926388e+00
2.044026481831517916e+00
1.898646900130001702e+00
1.861625592672955687e+00
1.805685447336661476e+00
1.792233077878190528e+00
1.105311008428369268e+00
1.384817036597515427e+00
1.868275523107626235e+00
1.519328318387821675e+00
1.720780536580424513e+00
1.329604142966241520e+00
1.536446068614465643e+00
1.486133755770135956e+00
2.063025945526436367e+00
1.700709235826999510e+00
1.290802738454915444e+00
1.227099115917346106e+00
1.129440936933015616e+00
2.132546462120382902e+00
1.093292849486229512e+00
1.262269681857177694e+00
1.418835771745734720e+00
2.167373195138912578e+00
1.794883269397976155e+00
1.908078452013950876e+00
1.363468862570216933e+00
1.423109060974468987e+00
1.656369220724482894e+00
1.824831138464187541e+00
2.142925385416758477e+00
1.798659621405120923e+00
1.972838097114749001e+00
2.053603698637098240e+00
1.982464006963289282e+00
1.728369905080268332e+00
1.327566150121259447e+00
1.613898394889669907e+00
1.696421929851874788e+00
1.997615641495510630e+00
1.801582234988723163e+00
1.325896297727959361e+00
1.660256787660102429e+00
1.426997873117387128e+00
1.093470856497489763e+00
1.211113274035392040e+00
1.246046014068618701e+00
1.310030213226745843e+00
2.634133267030691616e+00
1.783194708813242935e+00
1.739988192713460613e+00
1.947647657636721652e+00
1.593372575715392481e+00
1.920719268183906925e+00
1.146551178398592885e+00
1.752160145959661630e+00
1.789539456025483144e+00
1.827990695630363538e+00
1.829496539795542054e+00
1.655161701161306231e+00
2.051512322168939750e+00
1.735314082008640568e+00
1.943992433934997432e+00
1.688749057802287901e+00
1.793093050535162103e+00
1.469409549863710307e+00
1.230365814590416162e+00
1.110315876686434500e+00
1.991815235314157384e+00
1.020826436696748329e+00
1.905583550357739631e+00
1.854845694661210853e+00
1.751780960992834979e+00
1.055419215937711375e+00
1.798437683911104701e+00
1.403729512031758997e+00
1.441756424502173894e+00
1.309814737579980681e+00
1.657479198515344976e+00
1.858346412367093192e+00
1.738951004877890449e+00
1.082280097497878346e+00
1.268350626689783045e+00
1.015956666317319623e+00
1.387301262087603959e+00
1.531623742429611079e+00
9.808802279508189725e-01
1.090189766337522403e+00
2.278407902723480927e+00
1.768814805312296068e+00
1.760666059252621984e+00
1.585012286002642989e+00
1.940154773288175649e+00
1.028215343353233058e+00
1.810396798788189487e+00
1.503454028510387674e+00
1.264614657355994431e+00
1.530868096647406640e+00
1.195188679160223533e+00
1.309252037495011400e+00
1.458399507476904278e+00
1.136516574743586139e+00
1.132326930598070769e+00
1.492751169303708769e+00
6.279187672931725306e-01
1.647470418901894496e+00
1.489800603149845193e+00
1.259207576812628737e+00
1.485964803643627929e+00
1.463366107287974449e+00
1.639855565298065088e+00
1.550244515713191884e+00
1.665311761680771774e+00
2.005730968836938466e+00
1.589141752655062190e+00
1.797532317950363057e+00
1.188455152274172866e+00
1.055237541509469690e+00
1.276399822486584901e+00
1.278213596437972832e+00
1.128125485593587607e+00
1.326549684963362896e+00
1.422821231550095655e+00
1.533318542862090350e+00
1.704573922661805740e+00
1.230401267637948992e+00
1.173918084501424319e+00
1.374009691475037487e+00
1.463949871097236288e+00
4.822325429797683638e-01
1.236671693275829709e+00
1.406831303694651369e+00
1.867524127971572412e+00
1.328049990313413309e+00
1.836492501516553633e+00
1.177102905135138711e+00
1.623509174863133397e+00
1.265656035319224326e+00
1.289584235569331661e+00
1.696429914664347782e+00
1.516331188266575758e+00
1.169501478569649588e+00
1.817285614660818283e+00
1.492295117014904804e+00
2.039770354512177697e+00
1.062762153859954983e+00
1.589255185845325435e+00
1.275898046357174520e+00
1.311876800794133047e+00
1.917976612637695810e+00
1.530385843569247672e+00
1.450728809897068317e+00
2.023711112587147198e+00
2.020178759090307086e+00
1.825559285952866651e+00
1.319607636761744862e+00
1.442065068200806488e+00
1.799291394132477295e+00
1.423660156787583508e+00
1.844382012382825842e+00
1.610546258956243593e+00
1.672208664059907646e+00
7.784430167729774475e-01
1.817502719872091888e+00
1.839157977645782927e+00
2.021030986975798971e+00
1.412725922415741797e+00
1.856338848225305371e+00
1.464185602932214669e+00
1.768540854382532945e+00
9.721206545405703947e-01
1.355189492539000673e+00
1.851044584883865474e+00
1.310228754737909007e+00
1.808524014299168092e+00
1.433973428488766189e+00
1.463874479481149127e+00
1.336592591717860046e+00
1.343525039810115507e+00
