1.888820195330776830e+00
1.680825324399378928e+00
1.516332134377651686e+00
1.892063302176311357e+00
1.847864006060756292e+00
1.778531301679014298e+00
1.582204171585823271e+00
5.623863277137201022e-01
1.480911697701019936e+00
1.567494695211104183e+00
1.809222820591762648e+00
1.849519392893233638e+00
2.035273354225169307e+00
1.562061978226847225e+00
1.440761580335242709e+00
1.665885516468857075e+00
1.308747215075378278e+00
1.721872978255967634e+00
1.149912199970292148e+00
5.739668402157453997e-01
5.321370019492727144e-01
1.351625813620269012e+00
3.222547953143505284e-01
1.055890152304519436e+00
1.695096372799245854e+00
1.367267816644548217e+00
1.820310681193876068e+00
1.441079435100729000e+00
1.583474302957752933e+00
2.023047609689282211e+00
1.318545803333806443e+00
1.169910571339677796e+00
1.714485599477818312e+00
1.746795683529730470e+00
1.775628886266867656e+00
1.856758081678030692e+00
1.577379479885841818e+00
1.514538423758154728e+00
2.018089304605734657e+00
1.802245975837794889e+00
1.203343395165880958e+00
1.541909291486260658e+00
1.184171858397964572e+00
1.489436249194693085e+00
1.879835091463200714e+00
1.277274550901379202e+00
8.600708413799164065e-01
8.189394259781599406e-01
1.661512857316250980e+00
7.487199417400204338e-01
1.012762015804837823e+00
4.396065571674823147e-01
1.529947087365022274e+00
2.048568949495171765e+00
1.429033296149285315e+00
1.396641797365805404e+00
1.661526724545447919e+00
1.388271070178876965e+00
1.337391062272823783e+00
1.560593580276464776e+00
8.549372007557999309e-01
1.645664643195656085e+00
1.476224884668588588e+00
5.932797242066831789e-01
1.103408555814046288e+00
1.209738573168755993e+00
1.127073365589112974e+00
1.692427242314156199e+00
7.738302237771781389e-01
1.147035656159995032e+00
1.178956226076972813e+00
1.653341401576181369e+00
1.272613616386967683e+00
1.824077699335738600e+00
1.391074763433153949e+00
2.000495204493327961e+00
8.442571200366476569e-01
1.450063560313298305e+00
1.169492893227818131e+00
1.766181866421214552e+00
1.663154086837662415e+00
1.348831182289186081e+00
5.688662589898041411e-01
8.236926919281076787e-01
1.163768631667941422e+00
1.569098215071686564e+00
1.807248823989606512e+00
1.426952132912091775e+00
1.158276217601337699e+00
1.604625492050716584e+00
1.090431700415603222e+00
1.288105453172822878e+00
1.517981998011957323e+00
1.424646559925121458e+00
1.656664564077388491e+00
1.426833790795452694e+00
1.481202384370674974e+00
9.339793827442738339e-01
9.676028679410388911e-01
1.040411265739870306e+00
1.358660629302794298e+00
1.214322745663097169e+00
1.646095195907552045e+00
1.889340136034074913e+00
9.988726230191946609e-01
7.179993322539295342e-01
1.587488376132833334e+00
1.634374344609418994e+00
1.686773443758333713e+00
1.211076319866458251e+00
1.908192105964502838e+00
1.264342836204700005e+00
1.207030960549785981e+00
6.868379936931290342e-01
8.935561064596795333e-01
6.546316850829939638e-01
1.195123848484227036e+00
1.015649662849376744e+00
1.389731822719196375e+00
8.418107749008447716e-01
5.195045447256843030e-01
1.057513814704536204e+00
1.839045475511670302e+00
1.596629441773603775e+00
1.326623157577830669e+00
6.220040865755580572e-01
1.221454941246538528e+00
1.315615986657932668e+00
1.230280457607584754e+00
1.303667031429457168e+00
1.563942840845901960e+00
1.315944984997449385e+00
8.305368881225001498e-01
1.440837982498617720e+00
1.513783179567528725e+00
1.094679902562784468e+00
7.397929442220562146e-01
1.149150190978808439e+00
1.151764507510723234e+00
1.042296465438185660e+00
1.364948446682316963e+00
8.764534910957013647e-01
8.940419701289600285e-01
1.537346574513875685e+00
9.679390594370373968e-01
1.252503214119576436e+00
1.071786371001673732e+00
9.458717558175029350e-01
9.760524615013824734e-01
9.241240501309421207e-01
7.326889859848181308e-01
1.953310483962717115e+00
1.801637157944410816e+00
1.615840513615307561e+00
1.415752328599394927e+00
1.350891479726259448e+00
1.527849384049573045e+00
1.404429249842914729e+00
1.528509730481366402e+00
1.607488134154469117e+00
1.502529959229778944e+00
2.084632238547004413e+00
2.043383139757477984e+00
1.417497021108216515e+00
1.241211809685428324e+00
1.124476894474725430e+00
1.223605788295021535e+00
1.013281856306363915e+00
1.723906479781441847e+00
1.003328065760372922e+00
1.100564958598323040e+00
2.053958375338949427e+00
1.289712609021155032e+00
1.522800363864970308e+00
1.815826023941899514e+00
1.552757967629361691e+00
1.992001035104465245e+00
1.378986021942751439e+00
1.078125894476408941e+00
1.387010963769763183e+00
1.241907884043450538e+00
1.187137107858505791e+00
1.589647718450871494e+00
8.486425194668496541e-01
8.160131412147620944e-01
1.719807784640602133e+00
1.382561961715935928e+00
1.441981899789839927e+00
1.414501364135032135e+00
1.389939495611010045e+00
1.237126577736301192e+00
1.378013007128843226e+00
1.624671459006918228e+00
9.743325207323964010e-01
1.291451951285111255e+00
1.253643918776323529e+00
1.267638376551293966e+00
1.016340819506973636e+00
8.906071268065332003e-01
9.331154335104588915e-01
1.221963021415700457e+00
1.160395564573302840e+00
1.833203150983605534e+00
1.197676712892755679e+00
1.118444829620732106e+00
1.539620313584355582e+00
1.808293293352328801e+00
1.394137279641850302e+00
1.628115243694726599e+00
4.466257004553549348e-01
1.282421895417546809e+00
1.465341673357863250e+00
2.232173420572763911e-01
1.796697302042793432e+00
1.717201181070997951e+00
1.997767129817314746e+00
1.933035709217021836e+00
2.354978902752691283e+00
2.108841874284451023e+00
1.170003157231907398e+00
1.895427990398996121e+00
1.520521642060949086e+00
2.028023422924515096e+00
1.694580209987475161e+00
1.074182538608664972e+00
1.445252854331199543e+00
1.526855065674598722e+00
1.753449225303679082e+00
1.254035894466441814e+00
1.867331715823822069e+00
1.659061061731397668e+00
8.698830785591238346e-01
4.944331441843935471e-01
1.897690895916509080e+00
3.308562676616480513e-01
1.925820471619883678e+00
1.324962759938345114e+00
1.521422778400671305e+00
2.003224360503900403e+00
1.171313405089134063e+00
2.107852333614841811e+00
1.515326636841183960e+00
1.756688755580726902e+00
2.027685396571941467e+00
1.054316012422448878e+00
6.390307426184401729e-01
1.568620991492661876e+00
1.693015004039293725e+00
1.852257904166565217e+00
1.213009594605099606e+00
1.283731581603536842e+00
1.468818443546613173e+00
1.546452241965768915e+00
1.111755553010628228e+00
6.926656547394953733e-01
1.462729652427467775e+00
9.445190443165262240e-01
8.774832551813018799e-01
1.253378681830404240e+00
1.082688404268897120e+00
1.146918913416427044e+00
9.841120368820027720e-01
1.156716421949144369e+00
1.176366314256761747e+00
1.230428248477339004e+00
1.061799987745638996e+00
1.622295990983709357e+00
1.480460702644310622e+00
1.803763738474486455e+00
1.235522682574454967e+00
1.246978177838182544e+00
1.445964049539836482e+00
1.670079948610686094e+00
1.552985356331610722e+00
1.944088516496679242e+00
1.282994921064759986e+00
1.401330333892007785e+00
1.004633765643820453e+00
1.448923388874956419e+00
1.027831216166735118e+00
1.517472300999441748e+00
1.742009015586383214e+00
1.598421241494027756e+00
1.428360903759087641e+00
1.190952126040389913e+00
1.530815959506730772e+00
1.555277699053878804e+00
1.422778236826705678e+00
1.336411660431684023e+00
1.883735176803994937e+00
1.490952243380973652e+00
1.839772508864442990e+00
1.203801247135613872e+00
1.332460478428516559e+00
1.481761023052512449e+00
1.541179038432934023e+00
1.099066345115567778e+00
1.169886376296270569e+00
1.867188333171890591e+00
1.405419656108815474e+00
1.094337043421423017e+00
1.245270053909852903e+00
