1.979306125057030519e+00
1.411676095591778202e+00
1.626387722214954312e+00
1.208290234989289003e+00
2.029239599523320337e+00
9.206077356719589710e-01
2.914856124012934924e+00
1.170545652231167910e+00
1.949005783422542493e+00
1.586283486187137104e+00
1.171599890847729863e+00
2.246014060611091878e+00
1.659985813748907857e+00
1.724793304630103608e+00
1.467559746562317358e+00
1.130203759478467518e+00
1.418881496093483241e+00
2.139892946758825687e+00
2.731484674396400081e+00
2.304496766420359943e+00
2.246070712238021017e+00
2.116803331154310186e+00
1.562349697221736999e+00
9.976780045992871271e-01
1.593122908141421989e+00
1.308942884943656626e+00
2.236133021079032002e+00
1.422185832292103269e+00
1.583252413120131985e+00
2.327003975923484624e+00
2.371840594938132707e+00
2.383161127084679087e+00
2.270186199581114117e+00
1.978126436264995736e+00
1.851094461824104975e+00
1.876145814082731844e+00
2.154484155509731380e+00
2.516066698203720531e+00
2.299351645249348763e+00
2.583488591577860483e+00
2.017221190465788627e+00
2.471674536355022322e+00
2.245917128496212278e+00
2.267369665233870180e+00
2.320497073772425534e+00
1.800385345046581653e+00
1.787192710012641461e+00
2.199012388219566461e+00
2.040684909326948127e+00
2.084114352165534978e+00
1.876099751660337045e+00
1.548790716648907440e+00
2.475686046541121677e+00
2.547101565161808967e+00
2.690610562060252953e+00
1.311143064858491414e+00
1.396163739700303497e+00
1.873090821621516966e+00
1.069388591445874948e+00
9.940897304303681903e-01
1.455716004735267077e+00
1.287670502045613619e+00
6.823453412819933117e-01
1.383233141096875451e+00
1.664969788887707969e+00
1.886717294481057516e+00
1.970727639643526707e+00
1.965031828188978480e+00
1.854766670022215180e+00
2.019831621777043118e+00
1.983836917835088753e+00
2.026082814422207612e+00
2.077156800778036327e+00
2.221708926194368328e+00
2.165888660254369658e+00
2.042419967947743054e+00
2.149791549433096804e+00
2.164612915426082473e+00
2.094010176324138328e+00
2.044660108545632404e+00
1.866303558033205467e+00
1.766929505122976307e+00
2.205347313138111609e+00
1.738514503016745927e+00
1.714295883921280517e+00
1.334358890779181461e+00
1.231645358057297024e+00
1.300202285232004096e+00
1.211853371944610291e+00
1.284029014150650294e+00
1.699808062507183415e+00
1.545697514052296384e+00
1.123415372726020101e+00
2.061567425743317195e+00
1.860230254351839418e+00
2.119384494064008528e+00
1.742677386395537820e+00
1.868875938384737978e+00
2.146573113232494112e+00
1.785661534800839334e+00
1.776932337076360557e+00
1.960766081117839121e+00
2.025129744548349819e+00
2.171334999373611296e+00
2.004348590151549647e+00
1.990772785746286022e+00
2.270618561297538918e+00
2.429674557578507255e+00
2.000206049086764803e+00
1.565335706088620826e+00
2.021742334304017064e+00
1.834565617453761455e+00
2.004650615567765470e+00
2.016157217947323943e+00
2.401275796161165932e+00
2.577934794171555577e+00
2.432239227033750950e+00
2.242171767909844959e+00
2.172110214873639311e+00
2.008115928726931010e+00
2.313366865635860581e+00
2.246574297421272348e+00
2.049964610954770450e+00
1.803182369015936093e+00
2.008834787199913485e+00
2.634907742071384895e+00
2.550212136074028635e+00
2.289528872809293070e+00
2.021652923746428243e+00
2.082001629127040232e+00
2.268096069866551545e+00
2.208694068837317559e+00
2.257007657760223829e+00
1.786401760942845085e+00
1.422175588101752597e+00
1.717662653582195054e+00
1.794093729012249616e+00
2.097690055686909361e+00
2.679789794176062334e-01
2.191343353499012103e+00
1.582847196749849195e+00
1.204866764748412811e+00
1.273255384373947363e+00
1.189237838598018238e+00
1.561227742990925149e+00
1.467329920805117371e+00
1.594302798355954787e+00
1.471616937523599233e+00
1.836267892234206611e+00
1.416436305111222982e+00
1.591824357453073713e+00
1.703628629055551347e+00
1.498770287023533765e+00
1.764717782267556156e+00
1.498519112960205568e+00
1.388368407497988954e+00
1.299636435066895190e+00
1.805917621108222182e+00
2.032161284394490508e+00
1.915298741122921422e+00
1.535740862200799750e+00
1.970965287258969800e+00
2.296792401420316043e+00
1.967736417114448688e+00
2.226526394734291703e+00
2.084461285261912433e+00
2.274723038950359655e+00
1.840883850333349669e-01
1.650953491049869992e+00
2.109415138142111790e+00
1.425099204281558674e+00
1.566688726966394274e+00
1.340494933798329402e+00
1.844126165399054162e+00
1.786630094149533443e+00
1.928854142623956491e+00
1.575847820883633066e+00
2.364569389014256284e+00
2.452007983942732228e+00
2.414977583573649778e+00
2.316512454422198442e+00
2.123332972324683876e+00
2.496946775359289994e+00
1.415235327051472591e+00
2.509626562605529632e+00
2.412023589839472848e+00
1.405965553969521720e+00
2.027653526529038075e+00
2.064626656295106777e+00
1.071640702146501090e+00
1.925792279793672623e+00
2.343299300566155985e+00
2.572077709782199850e+00
2.510557104399318451e+00
2.437454904794503552e+00
2.472421835485691943e+00
2.433603201765060398e+00
2.274978048583097934e+00
2.138784447579264558e+00
1.789397582602221926e+00
1.760551373036974177e+00
1.432213656090509879e+00
1.368230917226373800e+00
1.296577003671653516e+00
1.909387483002503716e+00
1.635959499632094305e+00
1.795542116628407348e+00
1.485976799166236262e+00
1.898990574484952676e+00
1.337410552303119005e+00
1.788859285061275894e+00
1.013832366663198314e+00
1.546284419853068970e+00
1.191026950552192654e+00
7.988028720185149645e-01
1.523620619849724411e+00
1.275346095705732541e+00
1.473296359922431797e+00
1.519401200938125474e+00
1.317541327601426726e+00
1.484152161359171940e+00
1.566429212809852478e+00
1.593303606097059788e+00
1.828342306662219752e+00
1.786393935639528863e+00
1.206778268799714837e+00
1.724816189903179087e+00
1.728338725836390477e+00
2.237613088210137047e+00
2.672567165937451694e+00
1.139343086474084110e+00
2.516901830009285135e+00
2.004912835341087440e+00
1.735334165849214072e+00
1.768325440799900283e+00
2.092324371935643246e+00
2.207114650528181787e+00
1.970030245693674131e-01
1.401135138129817381e+00
1.763486013421394549e+00
1.085298945656214098e+00
1.270441458185867400e+00
1.884165699311774134e+00
2.236076274312502665e+00
1.784832646002791900e+00
1.693554136311847813e+00
1.959933927231383155e+00
3.144814439784138216e-01
1.157705607144419391e+00
1.485743834520407480e+00
1.537518313400297210e+00
1.637228151209997540e+00
1.653648255759887720e+00
2.464032695801465778e+00
3.099994533869377955e-01
1.418126119792356477e+00
2.014587249413692494e+00
1.735295613842732676e+00
2.056592021175438934e+00
2.231269658623348473e+00
2.342399415363326298e+00
2.308725119378796098e+00
2.332402207348845735e+00
2.089750936312895657e+00
1.569488379258988209e+00
1.821128263515312540e+00
2.395825679672614061e+00
1.577106178784793755e+00
1.744069914449325243e+00
2.091308392906277458e+00
1.275389741216526929e+00
1.893538932053230539e+00
2.364483726054332102e+00
4.806637371362881828e-01
2.506390372257285559e+00
1.467632176036913538e+00
1.445725032721673964e+00
1.977322626745471101e+00
1.331603996741568485e+00
9.450889046948074412e-01
1.186967468499662726e+00
1.902375275838182445e+00
1.650441879159611380e+00
1.545286801284256883e+00
1.238483408295057320e+00
1.283862891480396229e+00
1.553186243419409029e+00
1.546772783668971973e+00
2.056832012756403927e+00
1.746676839683342086e+00
1.486524684743906644e+00
1.281611421459594613e+00
1.588146234040306304e+00
1.262344219263602074e+00
7.739703375838249411e-01
1.234890282864848698e+00
1.371740323058751487e+00
4.328793721734860989e-01
1.196398899778277070e+00
1.624748728438691225e+00
1.264841177306309739e+00
1.861865633526997410e+00
