1.795449029061804591e+00
1.275679443006610736e+00
1.355691683587300300e+00
1.720574458031927767e+00
1.905182096945200687e+00
1.886654290789970823e+00
1.627846283877956379e+00
2.115015250114837819e+00
1.187075960323276336e+00
1.390934514583172410e+00
1.260008855250849269e+00
1.772895916631853419e+00
1.366902632806060724e+00
1.421449661238001871e+00
1.970779757826130796e+00
1.267325948505929611e+00
1.025222263413086976e+00
1.505966222664642196e+00
1.366765038816442290e+00
1.106776320085124166e+00
2.185642002126365613e-01
1.338905421549317021e+00
1.079526882342638050e+00
1.416818119451145774e+00
7.588347469230430908e-01
1.347520598411272807e+00
1.492063078184589608e+00
2.076770795350004750e+00
1.937847726381099145e+00
1.713763365138915473e+00
2.404078092354516194e+00
1.488773904093367184e+00
1.677201600216082555e+00
1.556338405259345414e+00
1.956732286087000006e+00
1.965047849400735958e+00
1.957240482884671673e+00
1.914746546090198676e+00
1.838770969750982642e+00
1.496106366869172088e+00
2.071187395349661120e+00
1.610436215832610207e+00
2.154829183562164463e+00
1.957089430099480998e+00
1.323412033082196348e+00
1.144711031207150009e+00
1.173949235881006858e+00
1.511822842333290451e+00
2.076708567574307107e+00
1.978429634019482908e+00
1.632606982483018276e+00
1.716005107390294659e+00
1.508314823938536664e+00
1.375102261077082666e+00
1.208968980516113456e+00
1.328438019144319471e+00
1.182885035340134117e+00
1.658327386179903939e+00
1.591271198985868551e+00
2.274757528503678738e+00
1.645834380861783686e+00
1.894380869294535641e+00
1.833671286164813452e+00
1.602212804737904950e+00
1.708176262996706773e+00
1.873636139629528241e+00
1.465606471198606986e+00
1.440347914887839531e+00
1.108762384029799986e+00
1.445415997706054556e+00
1.709966565128149263e+00
1.388302354204734579e+00
1.382486221560120354e+00
1.687192396174584275e+00
1.296513975903650362e+00
1.620795258193520549e+00
1.318533537145403889e+00
1.368943295279856809e+00
2.006065996466739332e+00
1.204546831091265036e+00
1.026120262003382688e+00
1.205477171028455308e+00
1.723312560891680389e+00
1.493137674748612698e+00
1.987401649886784583e+00
1.275815654750325212e+00
1.380192385955141265e+00
1.988077283226194814e+00
1.265514119656708569e+00
2.048954638217420410e+00
1.939557480604444217e+00
1.167160357752381028e+00
1.357133833111544785e+00
2.075183818026524740e+00
2.092468899182569952e+00
7.615190651457744986e-01
1.474092261607789833e+00
2.194200573522507636e+00
2.001957328053102003e+00
1.527388106134245138e+00
1.337078268039586293e+00
1.780547886162948235e+00
1.515921101039710006e+00
1.683170085322014620e+00
9.283515216235491696e-01
1.894754642981029802e+00
1.488699086983391595e+00
1.274777424931098579e+00
1.134829136205454336e+00
1.105198511964278429e+00
1.406171261986160159e+00
1.526559454809961691e+00
1.563108381183623274e+00
1.898233469098688175e+00
2.279412503682833879e+00
2.088354078072676590e+00
1.402271839390188513e+00
1.237243101057514671e+00
1.403251921051289930e+00
1.732416547539767704e+00
1.957965525367851178e+00
1.218168189044896321e+00
1.134386735412204583e+00
1.537921483150301416e+00
3.889357368791325209e-01
1.915895304802381238e+00
1.564306044485408664e+00
2.100285878946615448e+00
1.878840321281635584e+00
1.328049225449713378e+00
1.440012104446043439e+00
1.439708933751711273e+00
1.765504938848925010e+00
1.697946125169707665e+00
1.867755196011151586e+00
9.275232836019277061e-01
1.162024777349193849e+00
1.336828184123404872e+00
1.565913693473304669e+00
8.539249856348901657e-01
1.278459532260766363e+00
1.624035314197689095e+00
1.531274194034965896e+00
1.918724484367721139e+00
1.920659736502172699e+00
2.041061655873282366e+00
1.608572001189165324e+00
1.288805106161972969e+00
1.294330543630446861e+00
1.820996815784263534e+00
1.447544557006395172e+00
1.212732463372055092e+00
1.984962781079633976e+00
1.890328527571049078e+00
1.920546553734214124e+00
9.999733245563141582e-01
1.895368622992247953e+00
1.109282580591469003e+00
1.868114479284288088e+00
1.525773552372479802e+00
1.731081083195519676e+00
1.729497099523856107e+00
1.224041523596950398e+00
1.503122620888345917e+00
1.040908598113903683e+00
1.213494186541054898e+00
1.771279150143730829e+00
1.543034346108728805e+00
1.375670341967515142e+00
1.765657836977945871e+00
1.996205216437664909e+00
1.716755715151453421e+00
1.441242384512654295e+00
1.740932070125202458e+00
1.708105755058896724e+00
2.019451248951621203e+00
2.014152488201160551e+00
1.746105826789520199e+00
1.087894435762636114e+00
1.189569694726134497e+00
1.363227191582077724e+00
1.284219103798260653e+00
1.344787571221769173e+00
8.089935629168052422e-01
1.229768420172189458e+00
1.666375533942647147e+00
1.786394724949264434e+00
1.426009077967555383e+00
1.621643892358739736e+00
1.263317813228515440e+00
1.837544084202624273e+00
1.964504803142058220e+00
1.272503563894858525e+00
1.962009755278883549e+00
2.004945214228465389e+00
1.690079807190283612e+00
1.031638094218962243e+00
8.902532961951141743e-01
1.194224143513303638e+00
1.400465290404719010e+00
1.661861510437916412e+00
1.521945820874315514e+00
1.640670307389591631e+00
1.449102044723444838e+00
1.066790597678401786e+00
1.484362331323063389e+00
1.423546644406311845e+00
1.183305808036286377e+00
1.235228418532266392e+00
1.076191276349035997e+00
1.200095983153688151e+00
1.228123278210656144e+00
1.423712483344466984e+00
1.299369242245633105e+00
1.664621344165910566e+00
1.439955889516716159e+00
1.477185147704585422e+00
1.739358210048538300e+00
1.027582291973398121e+00
8.135237738266766216e-01
8.732463238000270911e-01
1.074194178606141969e+00
1.965615797630537037e-02
1.480379434128410665e+00
1.540862904113505349e+00
9.693330910363732178e-01
1.268850392692827400e+00
1.759346223724471248e+00
1.389866576595503389e+00
1.324404428044185345e+00
1.422150479418031743e+00
1.106211921055074932e+00
1.012902402812270397e+00
1.064603052279101014e+00
1.931491244870556567e+00
1.098925963696612440e+00
2.010369059471795339e+00
1.488399158301005443e+00
1.724817713069205949e+00
1.958355102575154438e+00
1.466546736454109823e+00
2.021682902522594638e+00
1.565192102351103287e+00
1.484637656159581764e+00
1.065397251413939150e+00
2.108541220147105211e+00
1.799145214317231289e+00
1.139288364621413585e+00
1.479527625139664071e+00
1.541296769031512692e+00
1.835564540601636985e+00
2.042025508943392964e+00
1.783565730589042220e+00
1.599156332948861614e+00
1.476107406384263410e+00
1.207426476572474927e+00
1.802276580674043727e+00
2.024234845990352305e+00
2.225880683679271055e+00
8.936096126514424531e-01
2.044110940625388562e+00
1.557586642914303487e+00
1.196699070431578971e+00
1.720653407210658070e+00
5.846337659825764366e-01
9.356697089805315892e-01
9.092715665480360920e-01
1.285723662992186211e+00
1.530086388876032322e+00
1.031865059583650490e+00
1.675270937385298087e+00
1.761870964665218864e+00
1.999827601266952692e+00
1.399172523685910940e+00
2.201052583290918907e+00
1.062862708328512484e+00
1.413600853038411875e+00
1.548559196811512884e+00
1.869739647198642052e+00
2.153543591470046259e+00
1.564564724798471529e+00
1.306842088683865866e+00
8.393714182903100340e-01
5.871496500162306509e-01
1.161197086269133427e+00
1.970876683826281450e+00
1.398161093496824048e+00
2.001292013729563557e+00
1.601755426099998880e+00
1.026615953031309481e+00
1.004971449351507617e+00
1.958619710991161611e+00
1.325987033069234933e+00
6.956232720156274585e-01
9.578625708358241564e-01
1.526346343068474498e+00
1.036353025618790058e+00
1.171657403363935313e+00
7.437511876703378766e-01
1.139340540039044170e+00
1.251055047332741088e+00
8.852585413162444850e-01
