8.522748372027131314e-01
7.760459838076020356e-01
8.427969549272378291e-01
8.606294556252142014e-01
8.058763875661402176e-01
8.222559308029523395e-01
8.350140656839184494e-01
7.191788135320864583e-01
8.504889494024477914e-01
8.298250840322974886e-01
8.959817225730200008e-01
7.158529560615815024e-01
7.995992481331499757e-01
8.265703770470766987e-01
7.801076358038405711e-01
7.549425969215504129e-01
8.191807963722755881e-01
8.012094645303714513e-01
8.244457846615150798e-01
7.814220797658805173e-01
7.385883945817696139e-01
8.223433486591154029e-01
7.620118434252510786e-01
7.875171768772404324e-01
8.759849752619028873e-01
8.116683665895820798e-01
8.023079630283299624e-01
8.392089039736626566e-01
7.565287888555107809e-01
8.412766871009932368e-01
7.958061597121740549e-01
7.439298683656004885e-01
7.958073943374337489e-01
8.845755351054606086e-01
7.891577960455619101e-01
8.798365346402915455e-01
8.194999621242222698e-01
8.577252204953748072e-01
7.581632611918688314e-01
8.145961494877815845e-01
8.068913439767592122e-01
8.295509258482610671e-01
7.418383516392547117e-01
9.653975225152187090e-01
8.891277624356797027e-01
7.873094035203191954e-01
8.663418674003838804e-01
7.733342690783422402e-01
8.160215014382447007e-01
7.093709599834800983e-01
8.784882963130875577e-01
7.618306748963287189e-01
7.738233648830156186e-01
8.245073017106130386e-01
7.874646620857790325e-01
8.220324491796959787e-01
8.859408313934192813e-01
7.985691302713231465e-01
7.056146678494833457e-01
8.723681012971844506e-01
8.614142972833480627e-01
7.640364477867861437e-01
7.759680162079055643e-01
8.147030758217840285e-01
9.112873809632417998e-01
8.535908853502454097e-01
7.999924916336275116e-01
8.056747296516083567e-01
7.393035687270617107e-01
7.730341977245084317e-01
8.565501418302249315e-01
8.367133183092847482e-01
8.783615948611654956e-01
8.455616738249476239e-01
7.698271788867483423e-01
8.990984352990036843e-01
7.253117758879163990e-01
7.730243223346324744e-01
7.568352155422084504e-01
8.235666654178136481e-01
8.556495093017931763e-01
7.674278475215546846e-01
8.935641729996498528e-01
8.890318114288328077e-01
7.691039833870458864e-01
7.552651293201697591e-01
8.443574722360843721e-01
9.293322887571374702e-01
9.222806409519085369e-01
8.707373250409575771e-01
8.008076903359380161e-01
8.104917715602846240e-01
7.790731982106784415e-01
8.120542937103678582e-01
7.605509887452641671e-01
8.826960019006350189e-01
8.809504267000268785e-01
8.256215938606126237e-01
7.681203605339943508e-01
7.314807928894173639e-01
8.204554872292382228e-01
7.923526553754159929e-01
8.905667112690262011e-01
8.473739564005098313e-01
8.193416082331435035e-01
8.307495880363485741e-01
8.102641493601094869e-01
9.308677415024037005e-01
7.981384669432993739e-01
7.979678859756219600e-01
7.835976152916872550e-01
7.164743179816355223e-01
8.728324159608917832e-01
7.855587536726067466e-01
8.225479953418396439e-01
8.552349092220783433e-01
7.766758449898156780e-01
7.147017490491555103e-01
8.817613764270735288e-01
8.358359050604511342e-01
8.458656193518409028e-01
8.997985991395026639e-01
7.826526109551761312e-01
8.647696655449134129e-01
8.195774801969936130e-01
8.132454718456473275e-01
8.063765245123620806e-01
8.798531073121068635e-01
8.835896395232496481e-01
8.553569261320633776e-01
7.556735914371698337e-01
8.466350712065650042e-01
7.819913157403290960e-01
8.570484721076103707e-01
8.141160362474413326e-01
8.089601528963836774e-01
8.561827624749327459e-01
8.701135563279105423e-01
8.463370389058597620e-01
8.552669990756981422e-01
7.078275426022735406e-01
8.417598275721004386e-01
8.939532684416464647e-01
7.454311445331888164e-01
7.910639773207267522e-01
8.127872222651112422e-01
8.589763713568584480e-01
8.653495028587797622e-01
7.988318694333523817e-01
8.633441409701214653e-01
8.260412329421960020e-01
8.121286405523409080e-01
8.837347175920541309e-01
7.264870167663023404e-01
7.900795350937251937e-01
8.710096395699471472e-01
9.139684679032132886e-01
8.292059510152816060e-01
8.031885412447308248e-01
8.633741749543456523e-01
7.195484759585583090e-01
8.150196381704807314e-01
7.383140648850512466e-01
8.022555632185489616e-01
8.157965349208852190e-01
8.135779963057021558e-01
8.115252158597725529e-01
8.129576900679309492e-01
8.966462442658706955e-01
8.459747244241342390e-01
8.630209313346963729e-01
7.851513357709980490e-01
8.375820745048884186e-01
6.927392303939650109e-01
7.600660216701918825e-01
7.427962498029969662e-01
7.536133321842151123e-01
8.435024900459495711e-01
8.239222453082485353e-01
7.230002726588443673e-01
8.863076029351604213e-01
8.788614672089374302e-01
8.950934007830220196e-01
8.246818541760568833e-01
8.343258243066462576e-01
7.846156689195121769e-01
8.761834649576618617e-01
7.254920849755842616e-01
8.202660033086617286e-01
8.606184957085407650e-01
8.110488316266419861e-01
9.066748250733832615e-01
8.472825481760500876e-01
8.597307281088513164e-01
8.642418284675762452e-01
7.637821578459627059e-01
7.374845087767716301e-01
8.116791413990370740e-01
8.094240505171429456e-01
7.860447460733156477e-01
8.598527171255693213e-01
9.291642986183121788e-01
7.191857796769581812e-01
7.333295190413107179e-01
7.737112225240647678e-01
8.494463506036744604e-01
8.515241593603781745e-01
8.338289749264619077e-01
8.542066251922210141e-01
7.578002097533300674e-01
8.209284301410846307e-01
8.476035076967206594e-01
8.627905791826254722e-01
7.489703603432468215e-01
8.654583761912821860e-01
8.181782683998400918e-01
9.022587201027517656e-01
8.008759003118478548e-01
8.340291588881180163e-01
9.453246512059296780e-01
7.326732830062875346e-01
8.620394093549170744e-01
8.576873096713203415e-01
8.829859229588989944e-01
7.101798027082678599e-01
8.353980526288237174e-01
7.850239502196278973e-01
8.243212957494733262e-01
7.395677995282510242e-01
7.862812908756369179e-01
7.966151164392401007e-01
8.344934329025447406e-01
8.897451983095000516e-01
7.606895401798436929e-01
8.966182987784634406e-01
7.926330815209181591e-01
7.801269329107735073e-01
8.690876859278350297e-01
8.072855636950573288e-01
8.428119359302226332e-01
9.179065893264768405e-01
8.160947345109191842e-01
8.368513378884935294e-01
8.346780382611533877e-01
7.912421761969384848e-01
8.166855714174791059e-01
7.724236677146689711e-01
8.016505748820352828e-01
9.225012511569774531e-01
7.778865121676863392e-01
8.299976029381578302e-01
7.806440367607629938e-01
7.895971042648316507e-01
8.399847294124110908e-01
8.052862296244520657e-01
7.824457878975525915e-01
8.580059177205925369e-01
8.671083547661302404e-01
9.372151687698025979e-01
8.397235425025085798e-01
9.484393610505914562e-01
8.250138958247571486e-01
8.446028374064115107e-01
8.724693251312181097e-01
7.941814562526692267e-01
7.482394435105463870e-01
7.902452035982761025e-01
8.654503572907011888e-01
8.124860835629021949e-01
8.518272806699000999e-01
7.307425599304493424e-01
7.332826953018285465e-01
7.679669545404578246e-01
8.550195418193727859e-01
7.507797235710643724e-01
7.910307311286077780e-01
8.162056763591630792e-01
8.553070243765817926e-01
8.408346157299841916e-01
7.765715948364021459e-01
8.515407191271431309e-01
8.550157378613429948e-01
9.015073247475096085e-01
8.639467999437325796e-01
7.634590693674229156e-01
7.342576844200801034e-01
7.480692466388723094e-01
8.204470736938777042e-01
8.903884580332193099e-01
7.552651293201697591e-01
8.862021501492610698e-01
8.023745769042711640e-01
7.551242500749817399e-01
8.710460717836970845e-01
8.973260649401570976e-01
9.128499388678851245e-01
8.420697710462997643e-01
7.761589538917880171e-01
8.326438308955850243e-01
7.947087638463240511e-01
7.359324714491222164e-01
8.455746747280140641e-01
7.861580188894278232e-01
7.806815121668778668e-01
8.874559559441108636e-01
7.968333643647175224e-01
7.538446949851507206e-01
7.907841914222589752e-01
7.948709625166011650e-01
8.860215014514234433e-01
8.226170290019212405e-01
7.574396740546148754e-01
8.453722687119078483e-01
7.418177806379910866e-01
7.450203212308611489e-01
8.648666905683359829e-01
8.303310980146408893e-01
7.950247624654547263e-01
7.189936835522661163e-01
7.278899673626728628e-01
7.474496664098395637e-01
7.516276673452091384e-01
8.428374196855398237e-01
8.439504884404173124e-01
9.695964924955946529e-01
7.646441050812242679e-01
7.528649609373764262e-01
8.045493922822528621e-01
8.261740726321892270e-01
7.613624239015343020e-01
8.569541584619944086e-01
7.311016371159837490e-01
7.849532008925863558e-01
8.464189630703690126e-01
8.591266817476476136e-01
7.396920934957134097e-01
8.365805269392094790e-01
7.284069314628494052e-01
7.961770914610855066e-01
8.024306858752293659e-01
8.577435655471616904e-01
7.625914371045846574e-01
8.645141360177883705e-01
7.716582194477997758e-01
8.035448631561271648e-01
8.075635694305520751e-01
8.124860835629021949e-01
8.178031660618555465e-01
7.008759255438333780e-01
7.737925462177158709e-01
8.418715549888071692e-01
7.734400849429484692e-01
7.622941815002191035e-01
7.629495959872242272e-01
8.940014434521131870e-01
8.285612769336845318e-01
7.112009145101448881e-01
7.959547988870909752e-01
8.257538750604296318e-01
8.912480928641576261e-01
8.374769761526582590e-01
7.701570041436066605e-01
8.267837893764321544e-01
8.693585304959167148e-01
8.525849219704263460e-01
8.705807263959350895e-01
8.089324469946567175e-01
8.218337988135647754e-01
7.809025430522457123e-01
8.212255477027671224e-01
7.801076358038405711e-01
8.722710833351382531e-01
8.255994344234471871e-01
7.270394777686859378e-01
8.150597873166635088e-01
7.874500939743923622e-01
8.213607083285661137e-01
8.287148620883645345e-01
8.885131224803082262e-01
8.423148635004950036e-01
8.340260961088764580e-01
7.371458974082244486e-01
8.717088724658424992e-01
7.943573897679854223e-01
8.960454194727089927e-01
8.957484402819499980e-01
7.130360134813621409e-01
7.931337286113070428e-01
8.532659423108228669e-01
8.067127069629872471e-01
8.275667084507319915e-01
8.234133557928163816e-01
8.373143613816548259e-01
8.850733671438805183e-01
8.806712367755774595e-01
7.093599705962980728e-01
8.123723645563536433e-01
7.686042156655160662e-01
8.492185310685272936e-01
7.780234722987724449e-01
9.140258223994089937e-01
7.125056617995321195e-01
8.420948043622932255e-01
8.188063222942937314e-01
7.814335285497573391e-01
8.603388210901259381e-01
8.965536150851941555e-01
9.003249578930299091e-01
9.167223205236699757e-01
7.493906491712175599e-01
7.509838517018901927e-01
7.747959264979193961e-01
7.977277098783595033e-01
7.236987337213627303e-01
8.635497629628793304e-01
8.006719166978431002e-01
6.017424898336115602e-01
7.703525331832443701e-01
7.829958883492298405e-01
7.316523521178184275e-01
7.474817182446726882e-01
7.897268820427122415e-01
8.789819161640024525e-01
8.001782143726762220e-01
8.987338199241038383e-01
7.742835314039547834e-01
9.172274181955328842e-01
8.087700784616367322e-01
9.093416699691417859e-01
8.385277175947910555e-01
8.643305882068035295e-01
8.446368592129182007e-01
7.615365407722366475e-01
8.027277001503497766e-01
8.074513776754823624e-01
8.586382032093847760e-01
7.130180502908278761e-01
8.156094243896528928e-01
7.422032290560504064e-01
7.193181726198313308e-01
7.638293197465246820e-01
8.543594089718707929e-01
8.525849219704263460e-01
7.894620773144997994e-01
8.138984668155204716e-01
8.750737551244041068e-01
8.042922869724753454e-01
8.254186192842004610e-01
7.631227701725347146e-01
7.596768626613062958e-01
8.416304297725536454e-01
8.115591063529666860e-01
8.280682919826716226e-01
8.348092060348679677e-01
9.305202486349923863e-01
7.765627925288012268e-01
8.787982783316690139e-01
8.148629576195786095e-01
8.656440838999971410e-01
8.726109747049716203e-01
8.486038517809183501e-01
7.305955756578556004e-01
8.863615174726926504e-01
7.651195431680289927e-01
8.824075417989208914e-01
8.804585821523926992e-01
8.513731220605819106e-01
7.073994040160096475e-01
7.820263024486759917e-01
7.680771825790726481e-01
8.178376629548284038e-01
7.022198827201308058e-01
8.275614785854663591e-01
7.979487146444250723e-01
9.296367536698021405e-01
8.831840715992422819e-01
7.531043354271645951e-01
7.504474006364717509e-01
8.179944077727966389e-01
8.977303295222521795e-01
8.105391321710081476e-01
8.225088440327426031e-01
7.724087717730018232e-01
7.994223477420122626e-01
8.010719231079628244e-01
8.767158925574192185e-01
7.903815975627032087e-01
8.354802225901691859e-01
9.048889052387318888e-01
7.571555140561520014e-01
8.313219984288940934e-01
8.229249512177460035e-01
7.999810033070564597e-01
7.528922354172881137e-01
7.962588121320803847e-01
7.609446547699841856e-01
7.872597482528834734e-01
7.567971163412762214e-01
7.799487192083034426e-01
8.633500366545200366e-01
8.267975164183714032e-01
7.539637350180360409e-01
8.547446694857238070e-01
7.835236090743790127e-01
7.142113710828462692e-01
8.646643320678677469e-01
8.429543466121274253e-01
7.524537709508418715e-01
8.253308143502281480e-01
8.423777341799736362e-01
8.948299126949234017e-01
8.213806748237817423e-01
8.182625847944404729e-01
8.265355095950790432e-01
8.840905377787641184e-01
8.410733340038804018e-01
8.892581798725904818e-01
8.462252731226670432e-01
7.021837177922817252e-01
9.115254161289204626e-01
8.913812817085454698e-01
7.996223586199728839e-01
8.057118812686161480e-01
8.177707670440205190e-01
8.931488317715277070e-01
8.517799154351728408e-01
8.842136324755944798e-01
7.567123640720160305e-01
7.811868160100202685e-01
8.874129890100220797e-01
8.779960548441239077e-01
8.775483495217764052e-01
9.123409156346098392e-01
7.581128351441346336e-01
8.635801292029582354e-01
9.101250293380963585e-01
8.333833998484376782e-01
8.831277280784979311e-01
7.936031503859137803e-01
8.171283316894563109e-01
8.333379607717547044e-01
8.117160996921062299e-01
7.766451624900895245e-01
8.118422465655129594e-01
9.256801202948437002e-01
8.906630852465963200e-01
8.854782496089655952e-01
7.757913005302067289e-01
7.602439879562994385e-01
8.423286348660975476e-01
8.818400651134126189e-01
8.818450330542456639e-01
7.798815331125837913e-01
7.519897554991376021e-01
7.954759032828533361e-01
7.242751047004648557e-01
7.402493908394321975e-01
7.657626937314758742e-01
8.052236436990944934e-01
8.145581464879226852e-01
8.463122911349501010e-01
7.492670708443313066e-01
7.667442805384541149e-01
8.209571978567934414e-01
7.788929199268264103e-01
8.285775764878127170e-01
8.335210230760914385e-01
8.060468215049688689e-01
8.369049389331371103e-01
8.684579153784878214e-01
8.342134411532274862e-01
8.040782082049885426e-01
7.806395554912328727e-01
8.533446469797790757e-01
7.735690066138171117e-01
8.589164246144411763e-01
9.006958994326005330e-01
8.094849438372816453e-01
8.908796678615329423e-01
8.560984669050401008e-01
8.457656925426643157e-01
7.994130774233054737e-01
7.075267756560612575e-01
8.517718343408479109e-01
8.167691158228195247e-01
7.480628834056456400e-01
7.713997929604936576e-01
9.194514467432276517e-01
7.075472294545812613e-01
7.753914170761796454e-01
7.834318737544037070e-01
8.280277726275566685e-01
9.056487267001415153e-01
8.058924584123192680e-01
7.512579797626904865e-01
8.835201009321318466e-01
8.683387895941350187e-01
8.807267878890258084e-01
8.423588241827164591e-01
8.231553170489331883e-01
9.024604758049313835e-01
8.509178129299507232e-01
8.122410783805561474e-01
8.008337252964936592e-01
7.634480897102219332e-01
7.875489904948057562e-01
7.426693869479883414e-01
8.020058876417952565e-01
9.235656786989637768e-01
8.002515071712623662e-01
7.974815055067845382e-01
9.065308138222426537e-01
8.394480735789766612e-01
9.029946422034914599e-01
8.931201032377811266e-01
8.556731366232089853e-01
7.675961082654055856e-01
9.593266579699029073e-01
7.504587253501532329e-01
7.850182828922033229e-01
8.323511339985030233e-01
7.957940874204764148e-01
8.377028193589020066e-01
7.304895444288325157e-01
8.409377925122691888e-01
7.431119363234448549e-01
7.548798444245092831e-01
7.870644438686189570e-01
8.502216895463512447e-01
7.371309543524554586e-01
7.943096641631332000e-01
8.510625907389234301e-01
8.868271722523694001e-01
7.981880207130326310e-01
7.912397056168173348e-01
8.488613987686136619e-01
7.652096981985578861e-01
7.849850321728202296e-01
8.006763223869206580e-01
7.508672667304547854e-01
8.696338706548329966e-01
8.672096436576672840e-01
7.445751397944631034e-01
8.968229064436096243e-01
8.125205512077581238e-01
8.116238408628179135e-01
8.319189935810215042e-01
8.096697981170953851e-01
8.915496609605905176e-01
8.837455891429328858e-01
8.646643320678677469e-01
7.861417258698827348e-01
8.191979913746131325e-01
8.204175927410191083e-01
8.652809025407645072e-01
7.469247094346698201e-01
7.624102963125162225e-01
9.106026363642408805e-01
7.525538408663275947e-01
8.823698341957874058e-01
8.594056073440544674e-01
6.991262375268759710e-01
7.510477914659491327e-01
8.891602693575090255e-01
9.143505262045753534e-01
8.896788705774191230e-01
8.330075924543284271e-01
7.972112451464784533e-01
8.553434066438572181e-01
6.961767371657530123e-01
7.858958991224779256e-01
7.841100820424871110e-01
8.649406637916704499e-01
8.651068824061083351e-01
8.308214859063572932e-01
7.850179030409472070e-01
7.850724366086854200e-01
8.349515431039660207e-01
8.365962315284953821e-01
8.392215294630159805e-01
7.768067499431730027e-01
8.236359437929168248e-01
8.448891703876946213e-01
8.533113524274771322e-01
8.747991145157927306e-01
7.836077101351422991e-01
7.812668554047446090e-01
7.854851294276041784e-01
8.357997180064199449e-01
8.825249918895876622e-01
7.784200584057884287e-01
8.769572911338087140e-01
7.810904778072568222e-01
8.314235464735433290e-01
9.333315790444619564e-01
8.521367970847151252e-01
8.483818655298944744e-01
9.074334007271133151e-01
8.224172435482559607e-01
8.138215195464327811e-01
7.850042737755354993e-01
8.227794900852091198e-01
8.201692265173547991e-01
6.984955103470624760e-01
8.257557306011632514e-01
7.765439796567299435e-01
8.048837011366202221e-01
8.354070272861275903e-01
9.162252094010097103e-01
7.231982804824453881e-01
8.074062851498243765e-01
8.515194028382401248e-01
7.943304993690393223e-01
7.959494385048235809e-01
8.548853524450115149e-01
8.215247572023611777e-01
8.473204298617391661e-01
7.974724991033789179e-01
8.746566866602395462e-01
7.093934015447083130e-01
7.918973042091245196e-01
8.374004182143598429e-01
7.345690780105766926e-01
8.566782112973648777e-01
7.955409814123396428e-01
8.027263626952185760e-01
7.881836083402410376e-01
8.116791413990370740e-01
8.026158568587639097e-01
9.044756127258780642e-01
7.835976152916872550e-01
8.403402745564582110e-01
8.386510302188810995e-01
7.289360449621066218e-01
9.047404843223743054e-01
7.877216662500344802e-01
8.256215938606126237e-01
7.002959710492245859e-01
7.445229589902280232e-01
7.986902227153914735e-01
8.450666828057505908e-01
7.746145427530597427e-01
8.534289563738404194e-01
8.929125935120131308e-01
6.866812793566301476e-01
8.488613987686136619e-01
8.090484454687700833e-01
5.540195634902607136e-01
8.013765705990422150e-01
7.979487146444250723e-01
7.313201441007141090e-01
8.946043453382974686e-01
8.485810322387360438e-01
8.043589354720807050e-01
8.275231464211324495e-01
7.574113856050476157e-01
9.349090878545676109e-01
8.471839777715757247e-01
7.652667393301967325e-01
7.066256569070731297e-01
8.650765274314640152e-01
8.384794024472662644e-01
8.313184563508883018e-01
7.556470299286629499e-01
8.625383478585773034e-01
7.785553805797462701e-01
7.723507916266688644e-01
8.888484913762190187e-01
8.041871399698176104e-01
8.341363026571531059e-01
8.359792055080804696e-01
7.601844859054771586e-01
8.605244258141639957e-01
8.405218496996464950e-01
7.663570905192647054e-01
8.091847140441719155e-01
7.962041594318122195e-01
7.304606686034350593e-01
8.048983822399625732e-01
8.002281864393319122e-01
8.449329875474936857e-01
9.010682172816627533e-01
9.172620799222860333e-01
8.223292335473423309e-01
8.678896480083487797e-01
8.590730427328086005e-01
8.639833239435207313e-01
7.833413836562245214e-01
9.026211780584234567e-01
8.052506911855809024e-01
8.715093747319775375e-01
8.001948824727956877e-01
8.302945402529587904e-01
8.301518584990105198e-01
7.487395192914565456e-01
8.157044355134051017e-01
9.256458191676182334e-01
8.250542478592037821e-01
7.235691446802925419e-01
7.116691600483133762e-01
8.716357464942007249e-01
7.581553378953488354e-01
8.183818240500514429e-01
8.359382352440491992e-01
7.749152569403903179e-01
7.304523518209415922e-01
7.977606798678983369e-01
8.289460854966185233e-01
8.335637447987390702e-01
8.716675887799933964e-01
7.791034577996395205e-01
7.542649786736120854e-01
7.531529744305410778e-01
8.488613987686136619e-01
7.029128830766999680e-01
7.632347170022385496e-01
8.313570751330525699e-01
7.690694628496654861e-01
7.786759217007325207e-01
8.502153194380527301e-01
8.345449128952255879e-01
7.650463168595514896e-01
9.106023018469510122e-01
7.885176976363021950e-01
8.560984669050401008e-01
8.145426385986448414e-01
7.544086764485221641e-01
8.327349159054745487e-01
7.563861235329694122e-01
7.751672806312721598e-01
8.580979965435958645e-01
8.221393246796799836e-01
8.398914755965625201e-01
7.537148868816624381e-01
8.313071767235422627e-01
8.344655497197360772e-01
8.320188206645232620e-01
8.890756601248085422e-01
7.891023673203542144e-01
8.518746015729599108e-01
9.378318695885188294e-01
8.862887425539135444e-01
7.173791351700986585e-01
8.034243611719745770e-01
8.663000949624130032e-01
7.445433826113115883e-01
8.403870106321382760e-01
7.953122129658238837e-01
7.342014840751633908e-01
7.202072368332357311e-01
8.708041316298883450e-01
8.068779315878839009e-01
7.895596743313765264e-01
8.190289015845759746e-01
7.638584340430013553e-01
8.393063101453825947e-01
7.793586308829016929e-01
8.023695671492940829e-01
8.386442377788362323e-01
8.103061822817422266e-01
8.521491691377575117e-01
8.752645872647516478e-01
7.957536049096534114e-01
8.050115730454558971e-01
8.752550589192603647e-01
7.882095461150310234e-01
8.946043453382974686e-01
7.045175052526914117e-01
7.768699020893525820e-01
8.688169418393068000e-01
7.606894394216336952e-01
8.393306774117801350e-01
7.442214091820916755e-01
8.205190884080735270e-01
8.674824693848190993e-01
7.061613374317711189e-01
7.740570017388425095e-01
7.345403889903729944e-01
8.615227211236349270e-01
7.393491383201662437e-01
7.660502078661454162e-01
8.000256594991773662e-01
8.869036253887701005e-01
8.429083963072939722e-01
7.571555140561520014e-01
8.342764082630337308e-01
8.778222810418492283e-01
8.049298858797896417e-01
7.945834982752397746e-01
8.663445397306945850e-01
8.552309622228111419e-01
8.033233530200722949e-01
7.547779932091883692e-01
8.215069525154411467e-01
7.624102963125162225e-01
8.189779213413959091e-01
8.079613456349662437e-01
8.916707443607749806e-01
7.978690610246078618e-01
7.597320111004753906e-01
9.174358535071226450e-01
7.491405347076276477e-01
8.172090561211521331e-01
9.008590303972404678e-01
8.216266068079054463e-01
7.055721094541397287e-01
7.837524572491684216e-01
8.885023212188851716e-01
8.451166016833965289e-01
7.857302088459392486e-01
8.394217458627074580e-01
7.490566833376485212e-01
8.533175417250242756e-01
7.502114321947704889e-01
8.636985392914429127e-01
7.465565430021325888e-01
8.196015481631954147e-01
8.002295831343880783e-01
7.765008428614053049e-01
7.718644443266208244e-01
8.097758773550913780e-01
7.542880081578658968e-01
8.313029108393086286e-01
8.066968888012379102e-01
7.839962703828733392e-01
7.571121861278741205e-01
9.201106595440351477e-01
8.894083371671227534e-01
7.726034356339870346e-01
8.693042780699336003e-01
8.073154103671581483e-01
7.503018784408320707e-01
8.566242871497545819e-01
7.402913899889345117e-01
7.550075800588649244e-01
7.251767187028114181e-01
7.544111730171858543e-01
7.808201394656921757e-01
8.654966051393884197e-01
8.446427372644906839e-01
8.222106290255591921e-01
8.132038410211344104e-01
7.084281898418395285e-01
8.189652636501170146e-01
8.533656218884905220e-01
8.654257291503935079e-01
8.535796641907061888e-01
8.535681428904293711e-01
8.510819425564899454e-01
7.710835716730928269e-01
7.881145477669073696e-01
8.392896711884513250e-01
8.688756558425463350e-01
7.132990416762965413e-01
7.792365614155061238e-01
8.960046786595452506e-01
8.180456485478916351e-01
8.143430847274510942e-01
7.353842861820824028e-01
8.204384699542568438e-01
8.038194628502025596e-01
8.447235476321239833e-01
8.846951475765560957e-01
7.204273844522947057e-01
7.290110834179062138e-01
9.429952768814221509e-01
8.654334765289486420e-01
7.676827263480970887e-01
8.056323549370137949e-01
7.704206483103362979e-01
8.216035424693725053e-01
8.564712117783890299e-01
8.988381744644824423e-01
8.723972598389422295e-01
7.845915560835639013e-01
7.604757370132988470e-01
9.236328180829321832e-01
7.668127872633602182e-01
7.352827432441171318e-01
8.150307108333469941e-01
8.809049670301001278e-01
8.514201590882575221e-01
6.496887059438640755e-01
7.791386780752418417e-01
8.184172475072570840e-01
8.073244132617921620e-01
7.458455217180245400e-01
7.975867472615881804e-01
8.392910417576017190e-01
8.648749272897191531e-01
7.977644906286042170e-01
8.261907735978734069e-01
8.549658541215039431e-01
7.994130774233054737e-01
8.672865646959965202e-01
7.860794575126747175e-01
7.080793560776367235e-01
8.787549041188954524e-01
7.803692812399478651e-01
7.081371130003091263e-01
8.222762576297549808e-01
7.677740121850286092e-01
8.979332982425923815e-01
7.634590693674229156e-01
8.543225742169641146e-01
7.193181726198313308e-01
8.028298814379506432e-01
9.199041527929763262e-01
7.692061258100496568e-01
8.500022078937616854e-01
8.439362715645335467e-01
8.965116320358714752e-01
7.149870316086552879e-01
9.592100946259485283e-01
7.185999120006869578e-01
8.629526641238216556e-01
8.634847847689826050e-01
7.303585621096988501e-01
8.994480452780728719e-01
8.015728771836129196e-01
8.904929621006584251e-01
7.694204314259937005e-01
7.979832600414080712e-01
8.259991273889634167e-01
7.916007612722830711e-01
7.728644759086327198e-01
7.989202262960762857e-01
8.050361654998875460e-01
6.930282676432488742e-01
7.771157120276481756e-01
7.510632511247230525e-01
8.445171780602990230e-01
8.675870678330237507e-01
7.536871173872186080e-01
7.327902203718150709e-01
9.691461712612503554e-01
8.144247420660422065e-01
7.672920527415663106e-01
8.270887919281494360e-01
7.941780548489433267e-01
7.665881027317009710e-01
8.841484805413447612e-01
7.793463900962361857e-01
8.712683101933176300e-01
7.947843922593295085e-01
8.868804087005416337e-01
7.691039833870458864e-01
7.871770684541009588e-01
7.714874994605213088e-01
7.515859811988800931e-01
7.427858096391382059e-01
8.123893341882783004e-01
8.027156473921408519e-01
7.747693520040066506e-01
8.491322180073898052e-01
8.371199363170620522e-01
8.047066688008465141e-01
8.168790501198066600e-01
7.284270127750710477e-01
8.177017671588464598e-01
9.128592333048155538e-01
8.142144198853161763e-01
7.644097686706283756e-01
9.721530742358104327e-01
8.313015169221301681e-01
8.767158925574192185e-01
7.395671079372887480e-01
8.326729687175210559e-01
8.374250424935028025e-01
7.796531412878592304e-01
9.194134931314420500e-01
7.575300606499364431e-01
8.050294680255318802e-01
8.741541090839158867e-01
7.597214723002951864e-01
8.394666238534480573e-01
7.206816851180318784e-01
7.293336381166133364e-01
7.322482948650871348e-01
8.972191695452329530e-01
7.268518981662833722e-01
7.245583123168060080e-01
7.412484056306720692e-01
8.459393393776087899e-01
8.032320563389677703e-01
7.872697067134696303e-01
8.497231436528249748e-01
8.405644642689658053e-01
8.603518640330991563e-01
8.530675781197967211e-01
7.532919005116972544e-01
8.404778566120963967e-01
8.216254434544905116e-01
8.293235281033177753e-01
7.915017583200628648e-01
8.397185400366011798e-01
8.546537537753526870e-01
7.110023983572836270e-01
8.440388837515956366e-01
7.597394906275265480e-01
7.895123867938353968e-01
8.631951475228446524e-01
8.168702440998907299e-01
8.682720243679811212e-01
8.870038655168505093e-01
7.827403157744651230e-01
8.832217559124112549e-01
8.367026632331749925e-01
8.596907795642035888e-01
8.486375514630533079e-01
7.916091305326998784e-01
7.914806985448971099e-01
8.446028374064115107e-01
7.551132392771134905e-01
8.362645697208050954e-01
7.321459159442634812e-01
8.614327873449110218e-01
7.899516118283840260e-01
7.756212691903986434e-01
8.356259730563058152e-01
7.889365306781536136e-01
8.808780626121622825e-01
8.852668741568858746e-01
7.497545056151904141e-01
7.315268778037181674e-01
8.695164440964298080e-01
8.356701989423505061e-01
7.334569135886964686e-01
7.241668604087757588e-01
7.469866003041497615e-01
7.591564714400650393e-01
8.022467454639227169e-01
8.859486999675850738e-01
7.573774561338425526e-01
8.126718267807842011e-01
7.538400607704911494e-01
8.173250416016559772e-01
8.218073604144354727e-01
7.746143683422194171e-01
8.871207659266038270e-01
8.308060669335496362e-01
8.771638821547351750e-01
8.757882899820655931e-01
8.093303970848838569e-01
8.533434625291630438e-01
8.509370536066962476e-01
7.410205634636497507e-01
8.869486637537256080e-01
7.715524735472277795e-01
7.856192003660789069e-01
8.141856897210371091e-01
8.517418079400116415e-01
8.177356028800092380e-01
8.530761121578632755e-01
8.338852101005406192e-01
8.606752121426046731e-01
8.161844066713728196e-01
7.755167483797954509e-01
8.543728445732206023e-01
7.684431773304818414e-01
7.947863210660233158e-01
7.463592388636552943e-01
8.702480531093168548e-01
8.551018714449510894e-01
7.627236826226857502e-01
7.678487133668173703e-01
9.433054763723489611e-01
7.354622092642191244e-01
8.806059289655483457e-01
8.676823839791748538e-01
8.750196365312472579e-01
7.996509357084591318e-01
8.434099816859177423e-01
7.699653321852110155e-01
8.667986676834809057e-01
7.875003318889167714e-01
8.881671446336385500e-01
8.463419600443559121e-01
7.541735966617282294e-01
9.080780941351638269e-01
8.307327238063932917e-01
8.984124600993962373e-01
7.828865753788898374e-01
8.729889266487442789e-01
9.444705472154846237e-01
8.335055071540311555e-01
7.800533499815706096e-01
8.984124600993962373e-01
8.257557306011632514e-01
7.738141241289935301e-01
8.627823925808539851e-01
7.859965251290664812e-01
9.093457092342074333e-01
7.449103470648915648e-01
8.928423510748367820e-01
7.606881024657782264e-01
9.744864513260849126e-01
7.096050966523723691e-01
8.090348733648330404e-01
8.582677359854199439e-01
9.038173222724374956e-01
8.022555632185489616e-01
8.630501409125321821e-01
8.636985392914429127e-01
8.858110542571078216e-01
7.997714919223912755e-01
7.340018205347644820e-01
7.637436784972717607e-01
7.632017727920601402e-01
7.666796017447620182e-01
8.172090561211521331e-01
7.812780293365688689e-01
8.372085662924553251e-01
7.690687352567039392e-01
7.809401130566153704e-01
7.970074796026442865e-01
8.099620021564897243e-01
8.291775056268635424e-01
8.139704336216065927e-01
8.448478418588296623e-01
8.388273216728667769e-01
8.381310883262506062e-01
8.074064830672704751e-01
7.990974474669664263e-01
7.931550395292438216e-01
7.802059514456445299e-01
8.283063075053127555e-01
8.423409107659961537e-01
9.077862447319929862e-01
7.336444290372661214e-01
8.435500237538428037e-01
8.149944043615396927e-01
8.193991950085982578e-01
7.872656307766014994e-01
8.408601858429433085e-01
9.046386255562444134e-01
8.230219876997786344e-01
8.063348098342586479e-01
7.830726329020859522e-01
7.591566797805096023e-01
7.932141222305334471e-01
9.048979275854706072e-01
9.161433679532101637e-01
7.536018495032368314e-01
8.373377181806833658e-01
8.197491199157004305e-01
7.910013998271114843e-01
8.328908250669322388e-01
8.823698341957874058e-01
7.942456083825177870e-01
8.525877576102497413e-01
8.146192068100136519e-01
8.186297147131915697e-01
7.867544907765271489e-01
7.613045955846016177e-01
8.000344571415292094e-01
8.722932536584165897e-01
8.161939013255204989e-01
7.415367987161093355e-01
8.438248195494665316e-01
9.107437562953623056e-01
8.338563861171700564e-01
7.728286388577499944e-01
8.719648289168849820e-01
8.690847773595411496e-01
7.343883675447260284e-01
7.594167939033688031e-01
8.645492725495215192e-01
7.394721215896384869e-01
9.145293243422986107e-01
8.041641812851453297e-01
8.326729687175210559e-01
8.238329917488234067e-01
7.060681014671231770e-01
8.630557752346192935e-01
7.557375338987685209e-01
7.800533499815706096e-01
9.073057964295822009e-01
7.962633709087955092e-01
7.501271651788471440e-01
8.666159423459866007e-01
8.092683129690777522e-01
8.645180714959637136e-01
7.861178277900928713e-01
8.939758197437890352e-01
7.569224667797402883e-01
7.522679624856978275e-01
7.706670768872634358e-01
9.167223205236699757e-01
8.394239007194282953e-01
8.703968885300107372e-01
7.561937704121444170e-01
7.592109688469468320e-01
8.926121527170741698e-01
8.330477866112665497e-01
7.858129247754335189e-01
8.850733671438805183e-01
7.937237549000957237e-01
8.589343961649399395e-01
7.689438066299369989e-01
8.607893711100975676e-01
8.183013051482699307e-01
7.764215101873997993e-01
7.256855109130667669e-01
8.732920933928550733e-01
7.827838735262181435e-01
8.266909815373825188e-01
8.591266817476476136e-01
8.525815983594151604e-01
8.491170468796391813e-01
8.099932351076550852e-01
8.804224803048726899e-01
7.912045705969129594e-01
8.303344150036073845e-01
8.392215294630159805e-01
7.860626927989869950e-01
8.933360881211034332e-01
8.624868182077364276e-01
8.287633082067207280e-01
8.418455753231259830e-01
9.222806409519085369e-01
8.490699134320348618e-01
8.163630717054402020e-01
7.896975745226514354e-01
7.761567884865380185e-01
7.580390459575214734e-01
7.927068666627675730e-01
8.108605518238164445e-01
8.060214127621200264e-01
8.201626695637099784e-01
7.818163515008748066e-01
7.554520919834604165e-01
8.027306117238425243e-01
7.883409741816854721e-01
7.572177385201739330e-01
9.119548203583403012e-01
8.246341581853539049e-01
7.842866518668603071e-01
8.342669442109510447e-01
8.749434559636639630e-01
8.570578191072006913e-01
7.378959502232483869e-01
7.724312840116723811e-01
7.976675816354570347e-01
9.105313635415323015e-01
7.268287448412199536e-01
9.684183440398063114e-01
8.599270094542780241e-01
7.233610619293263655e-01
7.554214609379579226e-01
8.045126103629505199e-01
8.472825481760500876e-01
7.858082874349678892e-01
9.401581806798856578e-01
7.288227745324803442e-01
7.894875284627125289e-01
8.356004923554463115e-01
8.340358560662710641e-01
8.029630797173231693e-01
8.073057839459525376e-01
8.276161825100942782e-01
8.553749354204343014e-01
9.553130604072311849e-01
8.150813964193756034e-01
7.860863645562821134e-01
8.788912438994338494e-01
8.289973606507008430e-01
8.425648539538609372e-01
7.862486511981665593e-01
7.962588121320803847e-01
8.631919630626480044e-01
8.167443057414630614e-01
8.136855598486122387e-01
8.681892080756584695e-01
8.074801420642215843e-01
8.315695046512894262e-01
8.100086590604965719e-01
8.393618107990220567e-01
8.561827624749327459e-01
8.683303787796995410e-01
7.460059811737271840e-01
8.482810114215011410e-01
9.349090878545676109e-01
8.324619663426033878e-01
7.795111966546364179e-01
8.955634296905240488e-01
8.312594863362405828e-01
7.622941815002191035e-01
8.309660971783590089e-01
8.010481362389141324e-01
7.527311884116485441e-01
8.500859631745517619e-01
9.496635819480966356e-01
7.666594446713812516e-01
8.205512967036138194e-01
7.527311884116485441e-01
7.976081660089660019e-01
8.118216829504236731e-01
7.596943712982424657e-01
8.259652022489224477e-01
7.828979042158243917e-01
7.352628805042794591e-01
7.538897259423008590e-01
8.357002457396558448e-01
8.994480452780728719e-01
7.938929301315617026e-01
7.942456083825177870e-01
8.046056254832465449e-01
7.776791240988716325e-01
7.987427541034827216e-01
8.533750415852606741e-01
7.743325461013784716e-01
8.806485949012470282e-01
8.735258695613610236e-01
7.534432096113607980e-01
8.194695235498988817e-01
9.366678864843602792e-01
8.069807717794575952e-01
8.140444896380996109e-01
7.566847481570980749e-01
8.457950573201437061e-01
7.796850251404399135e-01
8.073077670049199073e-01
8.538043850402645685e-01
7.652932041254113527e-01
8.894236992387719587e-01
8.184881382072717315e-01
9.504741139977880282e-01
8.797074214790584490e-01
8.226970486172988650e-01
8.061148211869411107e-01
7.874117796271812297e-01
9.439475982003147081e-01
7.532955978167337197e-01
7.961301023105613606e-01
8.444210186422708153e-01
8.713064975111131094e-01
8.757644605025213247e-01
8.278560937931830344e-01
8.204234108776679024e-01
8.184881382072717315e-01
8.026927880305502194e-01
9.073798251884637178e-01
9.578447807959821203e-01
8.465639231337886983e-01
8.250156064097036168e-01
8.741688323265734972e-01
8.109847918640346043e-01
7.514852529519417956e-01
8.050934397577704793e-01
8.630099510065168955e-01
8.553434066438572181e-01
9.357314523697123354e-01
8.335553301255149705e-01
8.585562369306779518e-01
8.908020463110083442e-01
8.002295831343880783e-01
8.023745769042711640e-01
8.172969727910650573e-01
7.484630791025854712e-01
8.655231058712760106e-01
8.569139998383188406e-01
8.347075829120110813e-01
8.448478418588296623e-01
8.966031647967052098e-01
8.477411655428392923e-01
7.998975146240567824e-01
8.722317099320063827e-01
8.101399707704041164e-01
8.296147422661832582e-01
8.417096968171803306e-01
8.118373393740000443e-01
8.130509964013402646e-01
8.839840537885711447e-01
8.525463287108887567e-01
8.296558340036119805e-01
7.789411317728162087e-01
8.294066979578629262e-01
8.080550982439931307e-01
7.481669834901619742e-01
8.122377004795447997e-01
7.395502098621667963e-01
7.776440690018847635e-01
7.998897683123535884e-01
8.510774735316820605e-01
8.255978660076140896e-01
7.136991712832361223e-01
8.030717375126251723e-01
7.942477929137914394e-01
8.614419596234480503e-01
8.090032700316972525e-01
7.712861471465195518e-01
8.337992630458785914e-01
7.860266684041382623e-01
8.066664183905531971e-01
7.890649867374116555e-01
8.100903338439259249e-01
8.318048028613174161e-01
8.006031231455913444e-01
8.258137080636306360e-01
8.585998332486631801e-01
7.170943139098596708e-01
8.058820130849093655e-01
7.861989304321761463e-01
8.424121770405207377e-01
8.452083910435059799e-01
9.162867691391715086e-01
7.952353150591146003e-01
7.755411683358995889e-01
7.169561529786319110e-01
7.024069022440864174e-01
7.531742691359981645e-01
8.346310501440731278e-01
8.089515268441288542e-01
8.569554949991431414e-01
7.781115321407329199e-01
8.097226352621890166e-01
7.922427258746114198e-01
8.331920939270478499e-01
8.846448034155132145e-01
8.249923652576652833e-01
7.829638270269908551e-01
8.827100544686865558e-01
7.561929454296167918e-01
8.213751378596449992e-01
8.948503395462011900e-01
8.616465041367568078e-01
8.564048716794079308e-01
8.234504170446272919e-01
8.410694602696382471e-01
8.147710325928096964e-01
8.994846957106856777e-01
7.542521040728896731e-01
8.364076295487949952e-01
8.171800283004794219e-01
8.665518519406915088e-01
7.944238064257368448e-01
8.956330586806495742e-01
7.599293562072957364e-01
9.840626333305008133e-01
7.960860388448913749e-01
8.185466584988657646e-01
9.564774743027588677e-01
7.293237068331791528e-01
9.662348365983993714e-01
8.621569399463798744e-01
7.647756586442361337e-01
8.531271726037339409e-01
8.647934495896527629e-01
7.807441040217322215e-01
7.588673070803951815e-01
7.847861780369784768e-01
9.597343760148913105e-01
8.762086768530535918e-01
8.842812306279506096e-01
9.289684696569012745e-01
8.206355963211643401e-01
7.563699428712106210e-01
8.557862774059771249e-01
7.400606594391789805e-01
8.371337112411839643e-01
7.876190650166661200e-01
8.609547444985041764e-01
8.148359235874947926e-01
8.846505521361502922e-01
8.860572262556527523e-01
8.652402753667643998e-01
8.065595748730747250e-01
7.664394385634156759e-01
8.895926135723715156e-01
7.908901419555690593e-01
8.694693727199569455e-01
7.652265115626096792e-01
8.751749866107826348e-01
7.913864364240915661e-01
8.877639854683619935e-01
8.540323242272108706e-01
9.152017848442164372e-01
8.612444409189693451e-01
8.394507112817485295e-01
9.253833911011701829e-01
7.328314448916564139e-01
8.248157683765517945e-01
8.622678546470839978e-01
7.799762405714573132e-01
7.547795247592397061e-01
8.070292370642023760e-01
7.803160173671462863e-01
7.914791919945034504e-01
8.156889277713019748e-01
8.846177233994031441e-01
7.450203212308611489e-01
8.548840286035996883e-01
8.980388615624175230e-01
7.911603156013155003e-01
8.828942523152275568e-01
7.902696600213818812e-01
7.219459567456676385e-01
7.836348613889048131e-01
7.471404299005470762e-01
9.072801513946873175e-01
7.374612773310086355e-01
7.263541328617069137e-01
8.435024900459495711e-01
8.107051088564483088e-01
7.523434383561095062e-01
7.715686117568019142e-01
7.901347015574082810e-01
7.823741324252729834e-01
8.662399928025373841e-01
7.807948711353075444e-01
8.092419657553315826e-01
9.064928044966452658e-01
8.629042652909115763e-01
8.218490396708720835e-01
7.404063721662127451e-01
7.603283275039293132e-01
8.236104845943335029e-01
7.802617675068086456e-01
9.180931983341226177e-01
7.492954979574504293e-01
8.273460188586017061e-01
8.277948763277402922e-01
7.631648158574778629e-01
8.605734666307764957e-01
7.916037159715979543e-01
9.304518140903861312e-01
7.935913233371265640e-01
6.797872702109094556e-01
7.514238139640566638e-01
8.422336990641643428e-01
8.288843214655252645e-01
7.482800265117109939e-01
7.495485495834851575e-01
7.531112270545076148e-01
7.401512294252405866e-01
9.589000332842931851e-01
7.835554126900692307e-01
9.086291767894699722e-01
7.977285184895083203e-01
8.631678405677207788e-01
7.506927190670897865e-01
8.022307505178130071e-01
8.149737470870153100e-01
7.560970030016396226e-01
7.852749248512509439e-01
9.260742906448726774e-01
7.366033203582841304e-01
6.253771330729592792e-01
7.687836907650841267e-01
8.206537668114339823e-01
7.645249928837000164e-01
8.305147002819782687e-01
7.946566067411664491e-01
8.727203458387033930e-01
8.191807963722755881e-01
9.087224849070475452e-01
8.371308792056361137e-01
8.086306087628353234e-01
7.078705615302707255e-01
7.548413540544888223e-01
7.344694145540300312e-01
8.524086402122125206e-01
7.869096118397885808e-01
7.955106786713922462e-01
8.210457339439493074e-01
8.515241593603781745e-01
8.142948300837455911e-01
7.169153150375651151e-01
7.731735348872124103e-01
9.423975149728518463e-01
7.273161057673972474e-01
7.743945172748148975e-01
7.299077433705294382e-01
7.201913848746506197e-01
8.752341964042895661e-01
8.621322085219492726e-01
7.308965505326012746e-01
7.263042470628232605e-01
8.243513698126230249e-01
8.588239982905740977e-01
8.156889277713019748e-01
6.981477035701537659e-01
7.874075055938982715e-01
7.513227897467911198e-01
7.955087137026252142e-01
7.881118440446310824e-01
9.605993188620276513e-01
7.860475096649143234e-01
8.533656218884905220e-01
8.961486104320424140e-01
9.059268991897212464e-01
8.741907591350025486e-01
7.741004602646740507e-01
8.297728131925724560e-01
8.294881958291446811e-01
7.860711950982913754e-01
7.895123867938353968e-01
8.184029474582307229e-01
8.020823647391110978e-01
7.111981627756661650e-01
8.425313594669495698e-01
8.726182742918168200e-01
8.217491695317800104e-01
8.248088119772557514e-01
8.673593786179134568e-01
8.605305570675232385e-01
8.776895963161519543e-01
8.847409046706818936e-01
7.618752146536101888e-01
7.872447574024878936e-01
8.474943939024380812e-01
7.348639879654377260e-01
7.875936141973682858e-01
7.674025900975945946e-01
9.164397555897378922e-01
7.720951153715374105e-01
7.536973183024597844e-01
8.950796459417957873e-01
8.272410551310117599e-01
8.304051317766203422e-01
8.163549043973011843e-01
8.970083643359924030e-01
7.452689236771484760e-01
8.646352985644367717e-01
7.441058921951411165e-01
7.120024726100633305e-01
8.815779985501177585e-01
8.861150925567969905e-01
7.592085210616639213e-01
6.996812018324669591e-01
7.590917414879414515e-01
8.761730734436747881e-01
8.367821215758042275e-01
7.865273905045451208e-01
8.077392512404977243e-01
7.967141518763528607e-01
7.500952644754171894e-01
8.429083963072939722e-01
8.976717516265092511e-01
8.946881394852990166e-01
7.249304884938708726e-01
7.118463743583988146e-01
7.097634266934900182e-01
8.238212177168097172e-01
8.297506732626814818e-01
8.779962330562897099e-01
8.110354542487288043e-01
8.262293908155974309e-01
7.392708352169650166e-01
7.560127230435981227e-01
