8.133892602693789664e-01
8.987059875067389125e-01
8.079139698906823153e-01
7.714688366481722293e-01
7.208111494976942035e-01
7.133446411899359019e-01
7.713225457166312804e-01
7.544267265746713580e-01
7.994370656802517461e-01
7.190958383342103133e-01
7.773823852722050454e-01
8.080311198253420368e-01
8.189658190007791383e-01
8.714143499125379666e-01
8.657324428836042918e-01
7.328981914556919053e-01
8.354622996956263536e-01
7.303242235356472989e-01
8.497204036412161487e-01
7.691153550259295368e-01
7.948709625166011650e-01
7.835980551731183130e-01
8.535681428904293711e-01
8.099364353131625061e-01
7.580002970413354246e-01
8.651631863313264947e-01
7.619147721379337934e-01
7.889756188648331392e-01
7.867058098393803212e-01
7.880305259734451395e-01
7.867243241002207510e-01
7.977277098783595033e-01
7.507532891555130927e-01
7.291342727405641932e-01
8.251065951831841883e-01
8.890389972275528629e-01
7.873823073505674675e-01
6.915143095792508632e-01
7.542554460238005687e-01
8.230616249366929926e-01
7.820983106837995358e-01
7.581866591819131918e-01
7.794413325656618374e-01
8.690404925984677176e-01
8.433684187318283287e-01
8.424993864070834393e-01
8.148629576195786095e-01
7.992266249544807133e-01
7.085078790957018979e-01
8.180608124566126627e-01
9.178714807503556283e-01
9.621480742328112346e-01
7.531441058724543947e-01
8.600285412236619020e-01
8.084327541619173996e-01
7.697768622719115550e-01
8.541964512150957978e-01
7.288714672692838681e-01
8.950796459417957873e-01
8.046619865964736995e-01
8.897924356913284871e-01
8.441113596043063882e-01
8.275771701666533309e-01
7.890471883834835332e-01
9.136335679111133867e-01
8.490327648540405558e-01
8.410008677446887404e-01
6.369698720787408952e-01
8.305540195851840446e-01
7.413964511743043051e-01
7.647828533905131065e-01
8.977688533281346084e-01
8.282847686247014618e-01
8.076945534457803388e-01
8.597671780991772428e-01
8.574532174567381926e-01
8.077183629256657893e-01
8.268894525772302329e-01
8.515794699156636893e-01
8.303530369938354472e-01
8.460402924753546161e-01
7.316731932891231693e-01
9.127221010246382438e-01
8.301507287889566822e-01
7.202070478017925659e-01
7.582797232516862440e-01
8.630181595315319365e-01
8.549121634064230646e-01
8.314618874720793862e-01
8.338729106362420262e-01
7.315268778037181674e-01
7.929570950175512944e-01
9.499023310713859969e-01
7.982489336161413540e-01
8.158661703164775680e-01
8.046969863363853115e-01
7.739810976712859780e-01
8.172968845913725078e-01
8.598995439350233250e-01
7.512579797626904865e-01
8.067647400858887208e-01
7.487509368431660706e-01
8.429185161614518584e-01
8.694939944952950750e-01
6.990361998220970818e-01
8.724159720545454633e-01
7.389460603140856065e-01
8.133915463256974343e-01
7.088064982217515686e-01
8.150597873166635088e-01
8.788739880422699047e-01
8.673593786179134568e-01
8.778261702769389885e-01
8.344070672340099248e-01
9.270414968324228733e-01
8.787733228845165945e-01
7.860475096649143234e-01
7.271048471548027248e-01
8.090305590058415319e-01
8.018989145993087320e-01
8.364320952157482392e-01
8.192063405626696104e-01
8.953621598493577416e-01
7.877783994179097249e-01
7.908181271256433664e-01
8.647680327733848760e-01
8.337240852327756357e-01
8.249980539604111485e-01
7.665390802464928655e-01
7.173392117674505242e-01
8.341376860360856238e-01
8.643305882068035295e-01
8.291385853107686721e-01
8.723654221663569297e-01
8.693585304959167148e-01
8.732849095341898016e-01
7.307183833618325908e-01
8.117587336033480483e-01
9.131160004182702350e-01
7.566376211881139513e-01
7.931337286113070428e-01
7.109331770520266325e-01
8.532672982294043917e-01
7.933378704030978890e-01
8.165308704829645770e-01
8.365805269392094790e-01
9.244934979444187073e-01
8.061148211869411107e-01
8.668358009849379542e-01
8.523676339264050217e-01
8.002939693285128220e-01
8.879583626195484136e-01
7.665218615328127649e-01
8.399651134190142532e-01
8.225823987767932888e-01
8.293433274374699682e-01
9.330411935330580331e-01
8.612521011467559884e-01
8.975364132059412414e-01
7.841825657640553171e-01
7.669101875856160211e-01
7.183086704000190004e-01
8.131490331377346781e-01
8.492070255909420773e-01
8.319143714051592253e-01
8.398711772672694531e-01
8.220626387871343699e-01
9.333466903163792905e-01
7.511378272670604650e-01
8.539573086911712574e-01
8.788982616505768286e-01
8.417602052410683156e-01
7.819588221790202409e-01
7.848759109695214731e-01
8.269109856116004797e-01
8.759510855365255644e-01
8.351390586469885635e-01
8.099598992679248877e-01
9.011450984956647092e-01
7.174115719648824774e-01
8.410008677446887404e-01
8.045066296461705901e-01
8.102770943854854524e-01
8.342799489580340344e-01
8.567277542440367988e-01
7.651031861488747365e-01
7.189713466583830259e-01
8.484008676452884368e-01
8.650431621430775264e-01
8.877156425003087659e-01
8.882660837731712888e-01
8.217013364373055850e-01
8.308937097972629582e-01
8.114796922761725595e-01
7.680843247391275774e-01
7.978946999064343570e-01
8.613993438074294406e-01
8.271580154066787705e-01
8.623269067254215603e-01
9.579808793841922965e-01
9.038079902200535365e-01
7.857465430176420185e-01
7.229282602013028525e-01
8.217013364373055850e-01
8.344326044577958790e-01
8.728175402059198396e-01
7.665570279641367168e-01
8.881356888045996989e-01
8.304648078882412854e-01
8.152701222059198782e-01
8.033864071121128436e-01
8.404993137293931271e-01
7.687067598929621104e-01
7.738511330332032978e-01
8.228053714725881429e-01
8.840852526229596720e-01
8.100931252213360301e-01
8.404867545405576568e-01
8.491041769502108982e-01
8.299256612571451752e-01
9.178714807503556283e-01
7.950247624654547263e-01
7.699077035721202389e-01
7.428636692800495434e-01
8.574532174567381926e-01
8.607304553391912361e-01
8.352809519887421930e-01
7.805770339076865127e-01
7.530338518790737901e-01
7.620361059141210758e-01
7.559424949397025584e-01
8.416289506817735688e-01
7.684821454653899542e-01
7.503891125119260819e-01
7.660149637534202638e-01
7.811261083018897766e-01
7.649236051684995541e-01
7.667873079507342426e-01
8.241771552318848393e-01
8.926107882207350297e-01
7.564359703819125702e-01
9.429627058529012062e-01
8.726510386491175275e-01
8.520928808366663443e-01
7.846089860699091423e-01
7.911603156013155003e-01
6.956170482228103413e-01
8.472314057911343177e-01
7.556793120885436643e-01
8.599397332776076430e-01
8.211280224200337985e-01
7.994787361031023831e-01
9.404453602640306942e-01
8.320220060575058696e-01
8.240027879348990059e-01
8.398047823613032925e-01
8.567034072117146737e-01
9.169615487750821803e-01
7.633499829397455416e-01
8.961960889308053790e-01
7.736125305266340346e-01
8.304784451589325434e-01
7.835825813387973238e-01
8.435488646439954774e-01
8.300094012999293946e-01
8.716008414113368685e-01
8.031580182440801741e-01
8.218236924477945182e-01
7.704344665322547803e-01
7.393256579758599178e-01
8.074923699230606156e-01
7.679154912241679121e-01
7.859076529704267511e-01
8.554892072390755109e-01
8.068923421367644178e-01
7.760434189479217260e-01
8.527461499525093025e-01
9.401581806798856578e-01
8.093899171347270771e-01
8.491291221872230288e-01
7.295638221855489380e-01
8.129730316295014081e-01
8.068175302075378807e-01
6.951582198129886425e-01
9.218347315174340029e-01
9.321144815177156984e-01
7.734411563096234010e-01
7.865010749438345883e-01
7.884441335846010812e-01
8.337992630458785914e-01
8.061267839870298602e-01
8.010002919413180544e-01
7.947087638463240511e-01
7.673284736550816110e-01
7.937974882356158002e-01
7.578002097533300674e-01
8.574506082162721698e-01
8.347937576401139870e-01
8.220409019587653354e-01
7.315268778037181674e-01
7.924666199086036755e-01
7.382010521942983239e-01
7.960718645604349941e-01
9.018228397157288523e-01
9.604559949860784762e-01
8.726133612722898336e-01
8.223123523856851191e-01
7.814953708731071647e-01
8.869120475555156702e-01
8.004518694583444560e-01
7.497840271600304529e-01
8.267072222750124766e-01
8.773279570670624583e-01
7.662748152385175926e-01
8.594565074896042267e-01
8.805902355253886205e-01
8.030257318683660106e-01
8.443976938809930610e-01
8.904929621006584251e-01
8.087419628733607535e-01
7.561225431127869268e-01
7.956828734474213904e-01
7.336767738270267847e-01
8.320188206645232620e-01
8.757659305943216177e-01
7.399303627938976780e-01
7.772788754744661688e-01
7.825994354169458767e-01
7.609375238325574164e-01
7.627147657787312074e-01
8.011346943361961070e-01
7.767703034267546824e-01
7.449657236581886943e-01
8.180437812021273958e-01
8.210538555869106858e-01
9.301230066088201909e-01
8.145671997129487751e-01
8.116046534722539674e-01
8.127424660171604920e-01
8.219364123574942615e-01
9.030317182337251891e-01
8.334444806000510519e-01
8.379288621922392766e-01
9.279085903273156521e-01
7.844035510364781860e-01
7.468386615891225988e-01
9.145293243422986107e-01
7.467937655018117571e-01
7.864714939251753467e-01
7.691924229394332402e-01
8.104934616053256491e-01
8.349995983347588968e-01
8.160594312152805729e-01
8.271457517295548456e-01
8.298780937916767630e-01
8.499129407190927354e-01
7.619207420850234724e-01
7.702972535767791396e-01
9.677586752571060158e-01
8.083566397652063307e-01
6.946443892927587349e-01
8.146192068100136519e-01
8.119655531078092681e-01
8.358192444922026842e-01
7.287992449450007015e-01
7.996507909281086457e-01
8.026590397410025002e-01
8.913209151355074855e-01
8.064950762898486225e-01
7.905310796895456127e-01
8.029630797173231693e-01
8.450478103697951493e-01
8.765208249808014163e-01
7.076907442017725813e-01
8.246823968929557491e-01
7.340734748452016900e-01
8.509353647353743444e-01
8.712436586902821967e-01
8.819232399876295592e-01
7.941065589225729804e-01
7.555509677816421021e-01
7.738443625625629485e-01
9.135725330902041419e-01
8.409583145831672768e-01
8.718173047137053322e-01
8.665295803892163473e-01
7.956337899134383607e-01
7.507795539475403679e-01
7.361032968041216762e-01
7.311331649646968245e-01
7.932402171511688804e-01
8.494507643305471145e-01
9.768580084790117191e-01
7.653271130328704874e-01
8.491766713364378161e-01
8.462626047177931321e-01
8.068935976695786882e-01
8.324541598122540131e-01
7.314380625985614781e-01
8.864868493951320039e-01
7.572867858201807190e-01
7.874289394594997660e-01
8.285350558992868875e-01
8.207981692314937350e-01
7.889301543754975166e-01
7.125056617995321195e-01
8.158386291408754598e-01
7.506627751876207011e-01
8.623747586474327376e-01
7.127278170934066015e-01
8.130873478795452858e-01
8.107070642636076130e-01
7.928172158516658685e-01
8.124446181995620409e-01
7.393754312685517638e-01
9.077862447319929862e-01
7.041427071820826056e-01
8.130358508188961775e-01
7.027819464304301267e-01
8.428193104392247559e-01
8.271606132872898476e-01
9.616606287531599406e-01
8.554053864592040535e-01
8.356938167901266645e-01
9.316388836950683094e-01
9.207588151053551773e-01
7.634994805277813823e-01
8.020060514517731720e-01
7.668329885454392425e-01
8.639627439240981088e-01
8.209793244392923350e-01
7.991501486437183610e-01
9.632936249640032811e-01
7.326732830062875346e-01
7.733562199901347078e-01
8.063965486465498600e-01
9.163232166337181850e-01
8.117231149758369346e-01
8.375702061741819859e-01
7.858154701622960259e-01
7.542050656262536679e-01
7.610914780388577938e-01
8.123867087258817010e-01
8.049551373794208153e-01
7.871137634020288765e-01
8.172369529112326614e-01
8.609250751327127693e-01
8.498222190405257948e-01
8.950452883605134469e-01
7.752928487399032287e-01
8.148629576195786095e-01
9.283358781208597144e-01
7.523763657226596457e-01
7.470979978036117464e-01
7.869591525022202605e-01
7.241943742051381028e-01
8.018002323615571747e-01
8.011538349396712944e-01
8.022555632185489616e-01
8.161511098384305329e-01
9.002380992249194858e-01
8.389016240264631774e-01
8.680602803549877233e-01
8.027602168391859694e-01
8.363536881662516631e-01
7.886549643743545612e-01
7.641304265829713671e-01
8.157719745103974018e-01
8.474943939024380812e-01
8.698517755100286797e-01
8.477966206200311383e-01
8.816341629505538569e-01
7.819441730485308106e-01
7.151918460824092660e-01
8.476007578560100786e-01
7.026302877217266429e-01
8.493808857943229151e-01
8.008592192164525336e-01
7.855729874913097710e-01
8.271983003620415609e-01
8.678613329656579278e-01
8.254327357049829894e-01
8.291195992289510652e-01
7.448095198563137176e-01
7.838604232554469142e-01
7.778615587194878112e-01
8.680358982631056763e-01
8.297024985166971955e-01
8.954051583792084212e-01
7.316731932891231693e-01
8.804520186722968322e-01
7.445080603830367405e-01
8.219827199067032408e-01
7.761589538917880171e-01
8.622678546470839978e-01
9.308588904485533000e-01
7.539113550084924897e-01
8.468311121914861017e-01
7.917009799532335190e-01
8.196502704429798891e-01
7.309228913468404087e-01
8.632262019971591593e-01
7.807385098218512232e-01
8.428798643109174371e-01
9.764861119444864235e-01
8.234286289422064753e-01
8.712408348135145530e-01
8.977810702294861667e-01
8.901246899720310912e-01
8.736166772366436017e-01
7.910297151648966185e-01
7.730755755173711607e-01
8.903368821640381681e-01
8.263304430698649172e-01
9.251970322892215659e-01
9.214563182066862757e-01
7.613082415025563821e-01
9.009549796822637902e-01
7.936434497833195767e-01
8.192824879414549732e-01
8.069807717794575952e-01
8.695947309378337930e-01
8.491330820407430036e-01
8.133588674128261475e-01
7.274700503316503530e-01
7.334017474341222309e-01
8.558229231035604512e-01
8.295091756433683461e-01
7.785030581697247598e-01
7.996550039093347495e-01
8.841043952030941400e-01
8.165573808226566088e-01
7.972948410595360746e-01
7.959988247162591568e-01
8.305683853092957758e-01
7.862436987701686419e-01
7.534867621862729736e-01
8.246720138743950379e-01
8.499776799319619380e-01
8.632262019971591593e-01
8.066238826224548797e-01
7.560613128102332547e-01
7.989881272574834714e-01
8.953486898701210617e-01
8.481183350638388241e-01
7.551096785215664076e-01
8.729992495580922718e-01
7.807948711353075444e-01
8.304361389124693682e-01
7.425574971272207447e-01
8.882115298768996636e-01
9.773356388110217008e-01
8.637754358406004584e-01
8.192063405626696104e-01
7.749434383109611302e-01
8.436688824895675065e-01
7.816773666793277453e-01
8.109588600503792044e-01
8.841065841846755813e-01
7.458399318998885086e-01
8.293906763813838623e-01
8.207981692314937350e-01
8.359601824890852129e-01
8.701161139137975065e-01
8.559865740097106768e-01
7.063375949910138951e-01
8.738884214771049930e-01
8.512969342181212484e-01
7.034752361537097709e-01
8.912719492252182407e-01
7.150783954316010105e-01
7.843228666997131837e-01
7.789645884092432082e-01
7.498518959118466443e-01
7.990641139819145700e-01
8.367221187749724898e-01
8.120872681343506150e-01
8.204339581458439667e-01
7.958849417404602056e-01
8.712962715191758800e-01
8.602322294072908271e-01
8.641365716038090783e-01
7.987427607698527332e-01
7.746774599263477334e-01
8.326071624259534509e-01
9.064701894938281823e-01
8.456099788033748510e-01
7.992592952676700335e-01
7.898337289487041835e-01
8.552174938583585462e-01
7.565575943839885076e-01
8.076328106736132550e-01
8.083369238956833458e-01
8.326905607291700262e-01
8.751576155620462982e-01
7.841160840258727394e-01
8.368623280634952533e-01
7.512579797626904865e-01
8.583514906854728954e-01
7.705418483360209070e-01
9.011324598048731094e-01
8.178376629548284038e-01
8.306130255695002296e-01
7.878714067877672367e-01
7.927662632455760860e-01
7.897885351925979514e-01
7.556793120885436643e-01
7.571566508676500495e-01
7.093599705962980728e-01
7.881659174256515632e-01
8.848720706593653507e-01
8.223345774594433832e-01
7.666354296229184184e-01
7.524163007086966948e-01
8.514759693651144934e-01
7.436811034126826758e-01
7.367801618518844409e-01
8.575797637992750300e-01
8.024828054865855709e-01
8.094867637639866498e-01
8.527226859808105797e-01
6.930883070018754033e-01
8.825382772746566129e-01
7.754268673534795431e-01
8.601387403334463944e-01
7.624460972938367220e-01
8.279024618407839764e-01
7.298577370519382379e-01
6.626462171210077967e-01
7.691166533628817081e-01
8.831444667468841825e-01
7.933937596996032404e-01
8.097252097989459108e-01
8.207832068664011604e-01
8.661287299614083279e-01
7.274700503316503530e-01
8.924562438480350135e-01
7.996773317874852349e-01
8.895327729442064069e-01
8.398972003701205002e-01
8.039329127441936507e-01
7.315814478603466231e-01
8.130643008151948736e-01
8.975022231739876455e-01
7.502299018886885440e-01
8.214119951326389613e-01
8.444210186422708153e-01
7.294959524566427822e-01
8.195186435331498487e-01
9.115076521320375491e-01
8.000266660581399902e-01
7.757386428236753284e-01
8.011538349396712944e-01
8.387820479962182496e-01
7.055976492646028886e-01
8.074062851498243765e-01
7.733580970396638499e-01
7.992230823517837424e-01
7.052570801885766905e-01
7.464641816660749774e-01
8.177215398490725873e-01
7.245282808945898712e-01
7.817450035309447820e-01
7.518824402308129651e-01
8.870295432017500925e-01
8.133565139181313519e-01
8.723895036665926250e-01
8.031885412447308248e-01
8.548682546010647476e-01
7.846089860699091423e-01
8.299976029381578302e-01
8.155983922618827986e-01
8.548252319453479853e-01
8.141853457841271569e-01
7.949944685683680845e-01
7.954460351974278476e-01
7.409751990040410741e-01
8.238744450333101987e-01
8.538311809745839920e-01
8.150939162411792172e-01
7.918565405153397130e-01
8.040542498042927422e-01
7.581967627778520846e-01
7.136171538319369123e-01
8.888752425161539072e-01
7.566473160873721238e-01
9.115361153269962990e-01
6.999433595529573893e-01
8.821172461320231362e-01
8.347874778841567478e-01
8.061807673763977666e-01
8.296554640069407904e-01
7.927394756031234113e-01
8.580059177205925369e-01
7.775119959054977992e-01
8.512168261812136372e-01
7.670928815019443237e-01
8.412231627346458129e-01
7.326732830062875346e-01
8.890193965485797545e-01
7.630789497401467836e-01
8.412061940922976877e-01
8.976797175983696198e-01
8.270184396975829300e-01
8.407621246681885596e-01
8.850275483211144101e-01
8.142721641542103317e-01
8.669411516639210502e-01
6.871497127853471998e-01
8.510679863045736981e-01
8.836958096033454835e-01
9.626041764574998494e-01
8.786664479066763622e-01
7.703440521872489954e-01
8.851371536524469397e-01
8.891277624356797027e-01
8.532585215139949497e-01
8.229074522245451995e-01
8.565820337088069225e-01
8.565820337088069225e-01
8.874129890100220797e-01
7.852243959109076465e-01
7.750791261070085758e-01
8.874728634339548172e-01
7.800314152621162789e-01
8.940772440719193526e-01
8.337141147215565429e-01
8.177770866566631547e-01
8.036365251973891510e-01
8.839742669487604676e-01
8.405101423760658053e-01
8.415402196588868122e-01
7.934342204637172546e-01
8.385299615969592502e-01
8.904592089401628385e-01
8.450792689379050815e-01
8.724159720545454633e-01
8.100498767890976781e-01
7.402493908394321975e-01
8.901246899720310912e-01
8.690876859278350297e-01
7.179987092328397047e-01
8.776986688782610901e-01
9.071892562210756017e-01
8.119259955238886661e-01
7.618752146536101888e-01
8.107600754021756506e-01
7.558073505333041675e-01
7.834891557551357799e-01
8.877160167027537963e-01
7.503638144303654833e-01
6.918139960402172051e-01
7.768176030868058080e-01
7.900117265076143092e-01
8.308937097972629582e-01
7.352404723990375590e-01
8.711113226547407828e-01
7.799600679895509758e-01
8.486793245003061426e-01
8.023147241074504166e-01
8.715360649069971988e-01
7.662134566243590239e-01
8.243864232207366305e-01
6.722602992975318381e-01
9.029886093858880969e-01
9.351428309949797457e-01
7.150783954316010105e-01
8.952209666017354461e-01
8.952906786946858153e-01
8.565762941670990172e-01
8.449639944527612689e-01
8.860375032177618682e-01
8.124906096090405150e-01
8.684301491163500808e-01
8.848542975282569500e-01
8.035746821422858899e-01
8.654503572907011888e-01
8.747910968220842243e-01
7.672861200682430383e-01
8.333618112871931105e-01
7.937347912059831145e-01
7.482676197081277181e-01
8.050520502038376325e-01
9.098853153710075858e-01
8.466278982205169834e-01
7.571225149966884782e-01
8.645513656643771805e-01
8.654334765289486420e-01
7.643068958600574003e-01
8.129309851850808899e-01
8.787648406280876845e-01
8.946043453382974686e-01
8.591939502629537539e-01
8.072855636950573288e-01
7.907067279403671156e-01
8.378354876881990432e-01
9.757366652029948462e-01
9.758875545238655524e-01
8.012285738747990660e-01
8.413495704474528436e-01
8.513731220605819106e-01
8.288989629646454915e-01
8.318584393839699720e-01
9.032889599287580173e-01
8.079880219227645322e-01
7.306796620888300620e-01
8.507165163156424903e-01
8.564369716486518458e-01
7.470504902663249736e-01
9.199991084788192719e-01
8.745096236711004112e-01
8.839212066201042051e-01
7.641200329777780853e-01
8.369448121782467886e-01
8.241248057171344232e-01
7.558574786303334792e-01
8.523261958343631983e-01
8.920948702368571848e-01
8.236104845943335029e-01
9.217688646367070415e-01
7.444039752775674090e-01
7.814082737281876634e-01
8.252783498306990317e-01
7.037607030675461228e-01
8.016338871160262336e-01
7.824206195803984354e-01
8.685842537390705553e-01
7.797122261270537091e-01
7.803160173671462863e-01
8.069564059001806955e-01
8.562481512824463570e-01
7.469866003041497615e-01
7.754268673534795431e-01
7.286788950332397929e-01
9.869857387563261142e-01
7.495716847248606873e-01
8.755556185932542590e-01
8.390054781020445107e-01
8.888636258997376638e-01
7.927466877942438428e-01
9.034800784353317349e-01
9.517176971803056329e-01
8.804224803048726899e-01
7.543520640515889442e-01
7.581069707756454834e-01
8.273200170978867174e-01
8.093731397912716785e-01
7.674204501755682584e-01
7.884615974305547725e-01
7.777015061810411689e-01
9.491664278902851581e-01
7.560579191803719068e-01
7.662681191618351262e-01
8.211984807488661442e-01
7.201428620471588271e-01
8.596176652837757004e-01
9.263534125474892633e-01
8.059083028826831141e-01
8.958127061164301574e-01
9.093543292392106681e-01
8.650926389173080322e-01
8.140501237477851815e-01
8.098727380501722362e-01
7.233610619293263655e-01
8.174605248034417793e-01
9.056487267001415153e-01
7.968073529332247995e-01
8.297995013535592879e-01
7.858924513092846453e-01
8.560449414750463948e-01
7.684542565515120049e-01
7.865843719271337076e-01
8.825488349709897928e-01
7.980155882263068046e-01
7.941245909793558377e-01
8.129247619712952622e-01
8.214549921210223538e-01
8.230810993407716714e-01
8.359422303416975675e-01
7.680002325777994798e-01
8.703860685436303202e-01
8.654503572907011888e-01
7.446728420580123187e-01
7.585591944724042746e-01
8.262620561999591828e-01
8.696800679717016092e-01
7.911883298231048300e-01
8.501516890764296841e-01
8.492082020060572889e-01
7.742933253171149222e-01
8.389744485922817629e-01
8.550822533168332962e-01
8.235150624530378494e-01
8.542523177214129682e-01
7.718032447957322573e-01
7.261508379973167226e-01
8.690736015771638456e-01
8.166894488686746723e-01
7.416235904010657354e-01
8.076329338304869543e-01
9.233572720112623866e-01
7.704631796193879278e-01
8.238704348829894997e-01
7.324605861686973585e-01
7.934657710802031083e-01
8.866935578296420983e-01
8.448045911686217213e-01
8.195129896663981839e-01
7.451462518049734030e-01
8.822197529807467298e-01
9.475563831069830911e-01
7.978446080123670070e-01
9.265546394543237030e-01
8.252700482266582815e-01
7.957477517393517497e-01
8.130410594795641765e-01
8.928423510748367820e-01
7.543714781163123329e-01
7.617405450135814604e-01
8.156777535530620460e-01
7.314614736794148309e-01
8.414257815742188784e-01
8.671947703896920601e-01
7.603938436633647102e-01
8.949655462114183280e-01
7.443096501973690549e-01
8.495482731468658733e-01
8.769551246460317584e-01
8.938233405595752412e-01
8.600285412236619020e-01
8.455616738249476239e-01
8.535196178798163391e-01
8.126105129262817250e-01
7.591564714400650393e-01
8.414257815742188784e-01
8.180377601010889732e-01
7.891161877866990082e-01
7.912645734696078792e-01
7.040928454982913198e-01
7.399579200361827702e-01
8.711762301503094275e-01
9.254141853083551750e-01
8.090484454687700833e-01
7.716045017586067312e-01
7.546717683103598695e-01
7.933937596996032404e-01
7.559440084182704744e-01
8.057749081193908980e-01
8.427698424315002157e-01
7.749182598364868779e-01
8.885284148731134035e-01
8.804224803048726899e-01
9.453246512059296780e-01
8.304727376829081908e-01
8.089510992751687279e-01
8.018253486504991479e-01
8.960653142139741734e-01
8.711113226547407828e-01
9.218042317149077736e-01
8.927711654382666229e-01
8.093460703353276831e-01
8.851707067980143506e-01
7.680387697356537702e-01
7.894875284627125289e-01
8.452679584056823625e-01
8.468030805954773754e-01
7.287798883366780611e-01
8.027745182359555809e-01
7.869993033859431497e-01
8.819828174821835454e-01
8.046056254832465449e-01
8.927146227435497350e-01
7.710637150874709578e-01
7.667323018532750112e-01
8.283703274222398161e-01
7.864026410320321681e-01
7.889129927556434163e-01
8.204722931386233542e-01
9.018027533194068468e-01
7.718366982383711994e-01
8.819336869728131578e-01
8.265463756840694121e-01
9.167702892780381640e-01
8.501157904119789332e-01
7.433618324059579896e-01
7.349933945129318857e-01
8.086637307162434229e-01
8.308621234998835314e-01
7.354143128631965842e-01
8.466448382262161676e-01
8.804129017377262389e-01
8.969710816069036419e-01
7.930717181702354734e-01
7.612241633282684772e-01
8.363715154559617782e-01
7.845065676433879975e-01
7.365944849673881079e-01
7.679228986002606394e-01
8.053232792838800336e-01
7.271419764471510616e-01
8.167934676481694023e-01
8.798663695694198816e-01
8.068088579171981412e-01
8.893246999406113629e-01
8.031050882829808835e-01
8.006814671032650432e-01
7.573957578311525385e-01
9.138313410306040385e-01
8.254635517543033041e-01
8.104088271427178913e-01
8.750196365312472579e-01
7.490563438362988213e-01
7.946694815048160887e-01
7.647730994219651413e-01
8.425389033593650989e-01
8.165439970606327424e-01
8.907140886741401475e-01
8.886473495210989171e-01
7.837015266037625771e-01
8.175352580556047855e-01
7.698285840533399815e-01
7.835159279896913853e-01
8.321806622275483845e-01
8.512114018196244025e-01
8.073702993625559987e-01
8.099371993979013196e-01
7.698743749582489526e-01
9.333466903163792905e-01
9.079098389391451196e-01
9.369705774640809670e-01
8.459461737469493592e-01
8.636805878405777737e-01
7.920084240109120932e-01
8.677165489055183034e-01
7.132896543624839270e-01
8.904929621006584251e-01
7.650931735774061382e-01
8.059272696139849756e-01
8.194158126160648870e-01
9.097690497500791063e-01
8.860215014514234433e-01
7.945515464216553747e-01
7.963407573593944688e-01
8.392824004692310824e-01
8.249854672913707887e-01
8.087419628733607535e-01
7.522323613215990967e-01
7.876380196522007049e-01
8.766316089328993755e-01
7.169561529786319110e-01
8.740025358181831017e-01
7.763299441059543504e-01
8.559029232958642597e-01
7.507177858266192993e-01
8.628397963117279135e-01
8.556479990111081069e-01
7.169561529786319110e-01
7.729233977444591730e-01
7.419059466152372329e-01
8.566720572660381228e-01
7.485955310868301904e-01
8.220580818737256434e-01
8.056292296141536191e-01
7.289900540910801974e-01
7.847123437954989233e-01
8.807267878890258084e-01
8.407893032366152708e-01
8.892750258422424947e-01
9.632936249640032811e-01
7.987377884220856483e-01
8.455420642011652888e-01
8.713668235258122952e-01
7.030958049304764090e-01
8.960035123302413362e-01
7.831331779683264882e-01
8.047228356982405462e-01
8.416155624900563126e-01
8.570142222575123370e-01
7.579092212869136258e-01
7.169561529786319110e-01
8.710460717836970845e-01
8.244712497659810735e-01
9.064928044966452658e-01
8.149761698280862943e-01
8.839273276455292816e-01
8.656440838999971410e-01
8.438603809704359193e-01
7.060720638952934225e-01
7.465565430021325888e-01
9.424920129549801961e-01
8.508598543033097927e-01
8.621322085219492726e-01
7.921357541275683145e-01
9.067023777403323548e-01
8.128158705307544363e-01
8.188526727690432772e-01
8.641692565676474258e-01
8.187078294130593070e-01
8.602586908883448347e-01
8.843304875493338546e-01
7.771680314862214889e-01
7.623124835813044342e-01
8.018989145993087320e-01
8.844091309665851330e-01
7.471404299005470762e-01
8.329889721266523495e-01
8.905015748373426021e-01
8.510977545063150851e-01
7.419352531893558256e-01
7.566586970727865458e-01
8.763382828163314153e-01
7.841427250677133198e-01
8.827685955748225677e-01
8.767158925574192185e-01
7.371309543524554586e-01
8.476588928983060933e-01
7.219003307450895246e-01
8.038194628502025596e-01
8.223542241061008173e-01
7.554520919834604165e-01
7.791462244092096645e-01
8.031839860746092796e-01
7.828406570335295633e-01
8.815040392468397323e-01
7.743069383738352407e-01
7.706970025000385860e-01
8.527126633461686867e-01
8.297001461768439556e-01
8.127550201785411765e-01
8.613489044800500816e-01
7.823314537422756398e-01
8.287497545736842719e-01
8.093826810684878748e-01
7.622952859556250127e-01
8.083420942511926333e-01
7.775119959054977992e-01
7.273161057673972474e-01
8.113996494820645555e-01
8.046714454289444207e-01
8.551018714449510894e-01
7.265758860625930460e-01
7.428636692800495434e-01
7.998897683123535884e-01
8.497266163994702248e-01
7.553134060224978574e-01
7.806282501218629877e-01
8.496356960206502551e-01
8.087925295793253477e-01
7.653497166102137816e-01
8.831840715992422819e-01
8.143122166264399331e-01
7.956825897009666138e-01
8.116160651439661144e-01
7.808871675254926981e-01
8.351786602571945606e-01
7.734313491881231739e-01
7.459584933803805606e-01
8.510068286473602139e-01
7.565138250031806511e-01
7.794846837814187746e-01
7.558580123408041862e-01
9.020029748762379285e-01
7.793410441135806277e-01
8.052236436990944934e-01
9.530662178965644271e-01
9.060808003074659611e-01
7.773595391256736820e-01
8.357860412016197005e-01
7.724514395397845679e-01
7.394415728846480684e-01
8.245039366001029046e-01
8.388515937891413143e-01
7.402301310314223226e-01
8.504846749748531387e-01
8.955983137909013792e-01
7.717638860205461304e-01
7.794418568037799755e-01
8.872116841310357938e-01
9.041256049969325082e-01
9.138697966868135625e-01
8.423610696637320316e-01
8.862773767129097369e-01
8.199015548944289522e-01
8.850625486619063675e-01
8.073144548231491191e-01
8.542953820546448362e-01
8.432388984877104976e-01
8.764755091786583518e-01
7.909378494974553808e-01
9.427557147140792626e-01
9.244934979444187073e-01
7.624575727643274625e-01
7.522414242845693044e-01
9.016538585670090811e-01
7.791835872813870356e-01
8.175854540735886244e-01
8.053588971739205071e-01
8.648996841962784954e-01
7.985257499606633891e-01
8.445070240458244504e-01
8.605734666307764957e-01
9.777843932913559133e-01
8.856419572027338649e-01
8.723163442145921431e-01
8.741688323265734972e-01
8.684945725328816479e-01
8.225232946543368229e-01
7.609375238325574164e-01
7.713591772759469389e-01
7.937237549000957237e-01
7.776732799028042153e-01
7.762190285945981261e-01
8.102500845893060299e-01
8.079159312169962304e-01
7.886372574002138425e-01
8.172904059608530059e-01
7.092582399198344989e-01
7.557161186762733074e-01
7.576737221295680724e-01
7.450203212308611489e-01
8.598995439350233250e-01
9.419990847830792546e-01
8.843304875493338546e-01
7.362658830944281974e-01
8.129217160997856961e-01
7.532740156082994298e-01
8.797808471848486134e-01
8.125522850929672858e-01
8.242640908794867105e-01
7.774524447456568899e-01
7.321869491866369595e-01
7.943304993690393223e-01
9.100055665233720559e-01
8.245073017106130386e-01
8.295952080443130816e-01
8.599397332776076430e-01
7.999942186399937594e-01
8.566035095005049005e-01
8.260357889965063150e-01
8.387373071084384124e-01
7.960718645604349941e-01
8.509178129299507232e-01
8.269955018980978956e-01
7.878090718320800434e-01
7.402301310314223226e-01
8.984124600993962373e-01
8.123265188967393469e-01
8.362373619756473531e-01
8.327310842409801905e-01
8.138283583169775293e-01
7.596757613891421679e-01
8.045126103629505199e-01
7.553192472257969081e-01
9.092184189043420739e-01
8.844539827560432554e-01
7.772072887215016879e-01
9.128499388678851245e-01
7.766858655250514776e-01
7.922363424727544290e-01
8.366080709263105097e-01
8.938624636644242338e-01
8.647680327733848760e-01
6.919730189150596900e-01
8.034570921476076322e-01
7.898604869960609287e-01
8.205793032235449980e-01
7.771518748583375880e-01
9.038445453682171227e-01
8.580289477970770573e-01
7.655642604130491469e-01
9.420237531806090470e-01
7.888673654769320365e-01
8.196931506104131460e-01
7.878402047691865917e-01
7.835822519344328718e-01
8.154813122647996959e-01
8.403116457587550547e-01
7.842569781290015252e-01
7.169561529786319110e-01
7.942477929137914394e-01
8.140814597348421389e-01
8.532025197427755003e-01
9.127426375969348582e-01
7.403349596628617801e-01
8.578724152236733014e-01
8.751576155620462982e-01
7.792909705313501023e-01
7.784588533777739849e-01
7.801008807120205502e-01
7.839458039511644216e-01
7.390507679227773519e-01
7.229282602013028525e-01
8.767346997736595871e-01
9.085660435746891750e-01
8.835866428290553021e-01
9.217688646367070415e-01
8.190331484064775625e-01
8.290087332862109415e-01
8.037807317392460238e-01
7.702271723017778404e-01
9.085997417271995946e-01
8.139629171732131185e-01
8.143503532381181076e-01
8.567887229995679865e-01
7.439433784276757722e-01
7.982052429058997811e-01
7.898917987275075880e-01
8.099561057008148879e-01
7.202602647687780246e-01
8.806039609047303651e-01
8.212597073949379212e-01
6.967421996053697608e-01
8.718407321178349711e-01
7.211890109980704233e-01
8.785296585611961362e-01
8.605615815989758888e-01
8.360657062255359984e-01
8.351390586469885635e-01
7.451067712506799223e-01
7.644097686706283756e-01
7.561396895406254925e-01
9.453921746708678908e-01
9.428916455700925292e-01
7.900202323649756497e-01
8.377586149220447309e-01
7.737112225240647678e-01
7.501456235671805084e-01
9.201106595440351477e-01
6.625634546392076274e-01
8.131672683298066806e-01
8.603584450153561880e-01
8.573994466628320765e-01
8.364834107169455413e-01
8.473801241732276113e-01
7.147068512640625260e-01
7.125972101066835318e-01
7.488402604694827103e-01
7.691458717089656449e-01
8.598442442802348706e-01
8.521647980007017731e-01
8.854782496089655952e-01
7.814426152087655675e-01
8.147710325928096964e-01
8.025212222963198361e-01
8.046969863363853115e-01
7.537898835540113307e-01
8.517609084176729350e-01
7.641124955949419872e-01
8.976027757627930148e-01
8.826727304853559941e-01
8.411217879385445295e-01
8.546751142961824810e-01
8.501878131894061719e-01
7.650931735774061382e-01
8.850955413768253344e-01
8.360256285208644833e-01
8.630302644989567007e-01
8.145058008505784430e-01
7.891888547322846170e-01
8.499129407190927354e-01
7.946432700989367603e-01
8.224328712182454870e-01
7.429079319669130710e-01
8.121751056249665313e-01
7.878714067877672367e-01
7.444504746924298644e-01
7.797596475313750553e-01
7.910869638677386906e-01
8.323131585975406255e-01
7.450203212308611489e-01
8.005229683654140338e-01
8.269187803011357474e-01
8.027270936485220165e-01
6.745070931616172771e-01
8.102500845893060299e-01
7.365379755181387100e-01
8.669486483407675692e-01
8.483894752030667341e-01
8.921358765588950357e-01
8.038473089061851651e-01
8.385961074787475766e-01
8.975463630668103487e-01
8.178224289290098037e-01
7.898371795107513860e-01
8.390768116904213647e-01
8.361364884774181716e-01
7.531472856616231448e-01
7.849629959138263446e-01
8.213430548310627355e-01
8.257931494315310372e-01
8.442487062331966996e-01
8.677009263642002646e-01
8.515794699156636893e-01
8.659612636878001313e-01
8.178224289290098037e-01
7.719231072334189481e-01
8.599184707550638906e-01
8.341091003439953244e-01
9.698682921435634041e-01
8.600016771439780161e-01
8.184881382072717315e-01
7.929486838204360399e-01
8.033499174432869872e-01
8.189372012057430927e-01
8.162698460398537526e-01
8.297956669160209131e-01
7.411281506420416276e-01
7.210569769122661121e-01
8.791268675537103894e-01
8.647857953765829553e-01
8.319009978618102652e-01
7.432694270243022094e-01
7.623155102639910252e-01
8.007756844920441708e-01
8.726182742918168200e-01
7.976289211374105736e-01
8.304152243929145971e-01
8.999426684749457506e-01
8.112120974311193278e-01
8.662399928025373841e-01
8.048541754096956158e-01
7.681740590123892209e-01
8.568799330931344826e-01
7.703756289101356680e-01
8.743538358533319288e-01
7.579034423026542733e-01
8.099263235005143002e-01
8.365992122590639735e-01
8.075991282280713390e-01
7.962499385857395584e-01
8.804224803048726899e-01
7.264838117297546249e-01
7.491405347076276477e-01
8.902452628711574611e-01
7.862241378564852612e-01
8.172530608960802967e-01
8.414509519036422747e-01
7.696397304839369680e-01
8.869497119722444811e-01
8.379735897957955038e-01
7.205315063498795025e-01
8.567395765047728373e-01
8.574196155447004752e-01
8.552669990756981422e-01
7.884126317026565189e-01
7.680844561051380914e-01
8.251552799085335455e-01
8.483060509683609807e-01
8.739687217255603935e-01
7.978630170418060663e-01
7.477253009349615898e-01
7.834036961052183168e-01
8.361369284532833568e-01
8.907443986066918562e-01
8.973776413526727280e-01
8.216930919028732072e-01
8.030257318683660106e-01
7.367527782137983650e-01
8.700145210351039049e-01
7.945391060959364760e-01
7.963221344290404291e-01
7.755758089521381793e-01
8.312964868561758536e-01
8.898655555756419533e-01
7.819929827211163920e-01
8.829884817250548412e-01
8.946054780877747969e-01
8.832351829260094433e-01
7.366926173104186848e-01
7.618306748963287189e-01
8.391905385803355433e-01
8.305573682066327290e-01
7.408001643531018088e-01
8.499691366659358760e-01
7.170432346663170309e-01
8.813162043218061292e-01
8.111974733211168020e-01
7.913726947983039661e-01
7.967457044308980940e-01
8.498376486667895691e-01
8.214119951326389613e-01
7.233454689210478961e-01
7.837228010368365583e-01
8.253878418134471540e-01
7.898524738803792689e-01
8.880173265553453765e-01
8.486895557975111526e-01
8.094518267329114947e-01
7.094386714464576693e-01
7.599973668923903913e-01
8.237835606977887970e-01
7.985819163483893757e-01
8.003803864120926370e-01
7.932416392001954142e-01
7.965030982162952800e-01
8.560940533758260029e-01
7.955481951500700255e-01
7.503432785922450332e-01
8.401187820571519582e-01
8.678661844018709104e-01
8.005891396462976317e-01
8.513267837585346554e-01
8.523225331193717835e-01
9.038079902200535365e-01
9.190574408001729312e-01
8.088898616443682688e-01
7.837384972239532788e-01
8.373475978152546961e-01
7.711343798820848860e-01
8.339768117025313510e-01
8.631933331590614378e-01
7.284835699124323494e-01
7.236274727092160131e-01
8.423176880632945451e-01
8.763907352741191481e-01
8.270383792537805423e-01
7.526644068663674858e-01
8.372196217619861658e-01
7.971407255047032736e-01
8.934754232578926425e-01
8.761420876100652899e-01
8.522632229562487893e-01
8.144395352149746969e-01
7.860651713525543816e-01
8.239401920956666014e-01
7.641792264715586702e-01
8.729332014687981589e-01
8.239290169212807324e-01
7.781431608683189172e-01
9.534725672963276777e-01
7.548229175649766587e-01
7.539666049737133724e-01
7.748168883061836709e-01
8.026730412341898102e-01
7.910831681468019072e-01
8.711791791878049640e-01
7.880339020484037338e-01
8.338757581271625252e-01
8.588890373330161365e-01
9.153093496590486433e-01
7.944187621326543880e-01
7.696787148560526592e-01
8.172090561211521331e-01
7.742036995712597847e-01
8.419091901383352061e-01
8.307693128263529125e-01
8.812464128837739219e-01
7.377660515189572443e-01
8.058333531724413135e-01
8.326495065739163426e-01
8.990240751487884596e-01
7.625723437943426886e-01
7.602954753739613603e-01
8.723654221663569297e-01
7.925917019117763029e-01
8.691762251806581796e-01
7.457658388744370370e-01
8.591627693158933043e-01
8.160709592416675040e-01
7.458472539199346718e-01
8.141298756583854601e-01
7.819170666311109352e-01
7.931211449486201825e-01
8.932358304735480425e-01
8.080554055214639320e-01
7.094781509852605694e-01
7.671311510796856581e-01
8.860355851820188589e-01
8.924680467803806083e-01
8.019296935998565523e-01
7.455702790992189133e-01
7.775777084475633538e-01
8.005682368275092164e-01
8.991183592339093700e-01
7.910639773207267522e-01
8.219559313366628928e-01
7.180346715816989800e-01
8.690404925984677176e-01
7.842866518668603071e-01
8.158897348301791252e-01
7.969926734763654874e-01
8.385557653246884513e-01
8.043804695622716050e-01
7.716582194477997758e-01
8.094330481905429586e-01
7.419154060489178137e-01
8.526784786009884431e-01
7.972282367355892907e-01
8.026964195372121580e-01
8.590078383844660381e-01
7.270298137538541150e-01
7.637970297056053681e-01
7.754772890623249371e-01
8.568013450352870430e-01
7.764215101873997993e-01
8.132843804799533283e-01
9.136335679111133867e-01
8.376705012667793326e-01
8.521556078982429616e-01
7.998402860670218439e-01
8.677462247530731698e-01
8.780292015631341318e-01
8.650926389173080322e-01
8.273460188586017061e-01
7.892347000216991537e-01
8.099940171638766451e-01
7.667587943541110951e-01
8.561229925248752259e-01
8.729889266487442789e-01
8.452900553695188446e-01
8.273223547738023376e-01
8.072855636950573288e-01
8.430252977475674037e-01
8.487929272833178995e-01
8.441720357403511565e-01
8.723895036665926250e-01
8.126839211618752667e-01
7.345090059112452385e-01
9.046471066096236635e-01
8.254635517543033041e-01
8.497559295683736469e-01
8.325416491083709181e-01
8.450792689379050815e-01
8.604049462289735661e-01
7.857975537695712775e-01
8.145951957398883669e-01
7.352628805042794591e-01
8.278936971448976889e-01
9.487879104051927248e-01
7.833564761658848852e-01
8.840525460260821866e-01
8.471839777715757247e-01
8.059272696139849756e-01
7.723433256996553586e-01
8.822815031367650107e-01
8.534966527860187169e-01
8.648666905683359829e-01
7.981893717052920278e-01
8.204175927410191083e-01
8.339066174022070621e-01
8.331865336239441255e-01
7.542473322311176176e-01
8.817327157512218072e-01
8.284999189015693766e-01
8.041244065196017088e-01
7.227340520104299504e-01
9.269779755585457748e-01
7.847810792186636908e-01
7.886381224639390508e-01
7.625386354161096669e-01
7.934209590292385927e-01
8.349034799622085945e-01
7.045175052526914117e-01
7.934961206812993773e-01
8.005309951467470819e-01
8.887818491199720450e-01
7.328217229464369931e-01
8.033233530200722949e-01
8.287923615555126133e-01
7.265158788688006464e-01
8.991065924059593595e-01
8.050758170332238395e-01
7.751138457372174217e-01
8.108324089344868257e-01
7.246639386493650692e-01
7.755127731400786040e-01
8.823550188457690568e-01
8.126192747862681642e-01
8.339670543966098970e-01
7.622927190397390529e-01
8.129653125057189067e-01
8.318584393839699720e-01
7.083057647409268798e-01
7.106086741799861883e-01
7.920440052135202524e-01
8.438953718858229758e-01
7.336581383717398763e-01
8.702736987493311371e-01
7.971797910955491506e-01
7.332041641241079377e-01
7.961266097377052153e-01
8.884638387260714865e-01
7.951537997748246989e-01
7.120051144736992965e-01
8.167244994662966606e-01
8.236999470486319197e-01
7.906600790804395595e-01
7.995590373599137379e-01
7.724869671018136374e-01
7.594287640192155520e-01
7.552651293201697591e-01
8.441153836701116298e-01
7.427858096391382059e-01
7.575948774806674502e-01
8.483894752030667341e-01
8.330006373055008906e-01
8.690897200685105961e-01
7.472445641814174921e-01
8.703868682323006034e-01
8.892897086157195430e-01
7.910358146709308702e-01
8.185922321624052866e-01
8.955398725347041289e-01
8.138761760644609433e-01
7.153932960510990258e-01
8.899263947688834664e-01
7.959547988870909752e-01
8.320190580678329395e-01
8.402688367211941234e-01
7.906635613733433710e-01
9.222093017355006417e-01
7.995576305026744768e-01
7.552304356067108815e-01
7.939011688134125500e-01
7.405967730364780843e-01
7.650813938888211263e-01
7.720988214944726202e-01
7.674025900975945946e-01
7.514373465860127999e-01
8.593646432415852354e-01
8.538912123100316220e-01
7.480246074402701062e-01
8.306130255695002296e-01
7.508598010057870864e-01
8.909300698808193530e-01
9.245593772111457831e-01
7.813727629050168932e-01
8.377947108638501561e-01
7.204573145461985462e-01
8.131024035148254336e-01
8.787407071083050969e-01
7.851513357709980490e-01
7.853006207462452926e-01
8.301752485624273037e-01
8.121654900152568413e-01
8.541175224839798741e-01
8.372207127053797882e-01
9.365801816519964129e-01
9.172481719524987476e-01
7.507532891555130927e-01
9.373821507710672352e-01
7.690756615892985204e-01
8.681018725942449832e-01
7.013777635038569436e-01
8.216930919028732072e-01
8.663052923357481561e-01
8.285119933078487486e-01
8.687114216101623487e-01
7.305756401998537708e-01
8.792847279515221270e-01
7.742828286721128439e-01
9.241519034374089392e-01
