8.535103970254788175e-01
7.652020525421056041e-01
8.236101498399043264e-01
7.639913428930862338e-01
7.864938428727099584e-01
7.491911049780893839e-01
8.313038377513199961e-01
8.342267470403458285e-01
8.301916009959044995e-01
8.909418155631451119e-01
7.427727150526587385e-01
6.658588644063532236e-01
8.675002727898893928e-01
8.537192388645000740e-01
9.178447993067501143e-01
7.286553586791215675e-01
7.980818822490390874e-01
7.934961206812993773e-01
7.949649366733675393e-01
7.814082737281876634e-01
8.819241293197248588e-01
8.443470276698035182e-01
7.798643512158016655e-01
8.229074522245451995e-01
7.458344379721032480e-01
7.313542439040713328e-01
7.053045534955696416e-01
8.147909943578616199e-01
8.059257023810171283e-01
7.335937640358966005e-01
9.248282655410632325e-01
8.723654221663569297e-01
8.245102779951086758e-01
7.812982688575625945e-01
9.042828121786685713e-01
7.462018427536661891e-01
7.353201320004987274e-01
8.037999822237226200e-01
7.796811419425085932e-01
7.431885005357590224e-01
8.649919439168173296e-01
8.935910372442550376e-01
7.985962628509037931e-01
7.623476947865895914e-01
8.140846719404016829e-01
8.839836673320851101e-01
8.270433894825249821e-01
8.928423510748367820e-01
8.668363957595869307e-01
8.119722160876392536e-01
8.402797155311322319e-01
8.214411918656674416e-01
7.745195106448691247e-01
8.404778566120963967e-01
8.271131596357519378e-01
7.711462532657872293e-01
7.431447356337110843e-01
7.918973042091245196e-01
8.363474364662718541e-01
7.843007622310662619e-01
8.092449835590141971e-01
8.677870552635226220e-01
8.452178636493424824e-01
8.819821533657129509e-01
7.895118339707932753e-01
7.084147636300247575e-01
8.075953903412195212e-01
7.797392062677311886e-01
7.382476498521494124e-01
8.658425108371361478e-01
8.648996841962784954e-01
7.686326391961416649e-01
7.883512119015004815e-01
7.752476049905048239e-01
7.672800036718759875e-01
8.714979063768636403e-01
8.653301858730445550e-01
8.257931494315310372e-01
8.885061664768250100e-01
7.312455716161297969e-01
8.658841965172626720e-01
7.701617031742911124e-01
7.634949741576224636e-01
7.181458706766912226e-01
8.396954489669845589e-01
7.843007622310662619e-01
8.548036980671723795e-01
7.805580084643373162e-01
7.381310190710128616e-01
8.423813183323819453e-01
7.986227879475470415e-01
8.271411897891685072e-01
8.991183592339093700e-01
9.227361502248944136e-01
8.099626516925243491e-01
8.122730975111345231e-01
8.309337561692129448e-01
8.668486951982539157e-01
8.960454194727089927e-01
7.761554460415277523e-01
8.096778147038374840e-01
7.894471221691959917e-01
8.518624669557317564e-01
8.946043453382974686e-01
7.644532140667045228e-01
8.319259230542124239e-01
8.476681942803102610e-01
7.597271257888464913e-01
7.674693355227909519e-01
8.455378800220935132e-01
7.524479098450622683e-01
7.819503695004726973e-01
9.270414968324228733e-01
7.475202345767238965e-01
8.777752811145103085e-01
7.670436741256134727e-01
7.603843871427360401e-01
7.343576844617286659e-01
8.573302041734671697e-01
6.858365716441801041e-01
8.081273188901521021e-01
8.973260649401570976e-01
8.303530369938354472e-01
8.738686928089792749e-01
8.050520502038376325e-01
7.627344483298790223e-01
9.247286965293344263e-01
7.942788089528363127e-01
7.668524866038120003e-01
8.491787591345617559e-01
7.427858096391382059e-01
8.361275304170802114e-01
8.060468215049688689e-01
7.898371378817139465e-01
7.041777977990243409e-01
8.178031660618555465e-01
7.931419125335654741e-01
7.995340197969125207e-01
8.570848020175415583e-01
7.740180137463508192e-01
7.820247622355265271e-01
8.600382812304319113e-01
7.842195164323563228e-01
8.750022676711981529e-01
7.184832693610470056e-01
8.050520502038376325e-01
7.662681191618351262e-01
9.229917632059029264e-01
8.020342039458605576e-01
8.579126430161844175e-01
8.095178516696350801e-01
8.241709626516011689e-01
8.235863487044821074e-01
9.023128478934746566e-01
8.460377295140358855e-01
8.061807673763977666e-01
7.735517727367964280e-01
8.639627048534667120e-01
8.533750415852606741e-01
7.837622237222413579e-01
8.201626695637099784e-01
7.720307268760105979e-01
7.891466867294909537e-01
6.804090501629692644e-01
9.060571756576284441e-01
8.903368821640381681e-01
8.149770384423857816e-01
7.673418597653032247e-01
8.306238497166840151e-01
7.892724752867602556e-01
8.780702941786557858e-01
7.036811494248862431e-01
7.772531165751837001e-01
7.784320346672994884e-01
7.677838637549466716e-01
8.712363960644117222e-01
8.569569612281159321e-01
7.695100961490610736e-01
8.426418840364090501e-01
8.443060021371039392e-01
8.020461413280126628e-01
7.735973914990111888e-01
7.696787148560526592e-01
8.744322597223840310e-01
8.072758169066353018e-01
8.890756601248085422e-01
7.719485825711126514e-01
7.878597046111617264e-01
8.318584393839699720e-01
8.419727090759017152e-01
8.611036713831693445e-01
8.168957778403739267e-01
7.987959794823189519e-01
7.900258331610332529e-01
8.574850284270391088e-01
8.092504962315817396e-01
8.321308104359846913e-01
8.763516209096793297e-01
9.493552497128033840e-01
9.075287959200640797e-01
7.591035378819149804e-01
8.556002628014912625e-01
8.134863238585701151e-01
8.088799060959432907e-01
8.049781377620550682e-01
8.189598005723107699e-01
8.587122652219283392e-01
7.427637102070868691e-01
8.170277748543852692e-01
8.540346923196004969e-01
7.699901305251741768e-01
8.059592758237705823e-01
8.927459664556567365e-01
8.762262636874287303e-01
8.164172119974125730e-01
9.107340051934242897e-01
8.460199997667011695e-01
8.439757103327015786e-01
8.494923088696977320e-01
8.073702993625559987e-01
7.263111540259293841e-01
8.679874473749096264e-01
7.661547438279956435e-01
6.369889990345707353e-01
8.067928834153966777e-01
7.569650622476516988e-01
9.032446407523077037e-01
8.284802878445407526e-01
7.814736714337360279e-01
7.492318495499271647e-01
8.989837173096587586e-01
9.498785126230046005e-01
8.003426273508973399e-01
8.070140975944252171e-01
8.056576821200974736e-01
8.953585157317578425e-01
8.070140975944252171e-01
7.749152569403903179e-01
7.228368340393463987e-01
8.642495445974343049e-01
8.719370976130188522e-01
8.222022125371557522e-01
8.297661596071673751e-01
8.984124600993962373e-01
7.181458706766912226e-01
7.802059514456445299e-01
8.337141147215565429e-01
7.641144837553058844e-01
8.540669743883871901e-01
7.801377522685292165e-01
7.696787148560526592e-01
8.001727395539944832e-01
6.780767839458131663e-01
8.805803031854652074e-01
8.553464755561598354e-01
8.627905791826254722e-01
8.784466455917929739e-01
8.558341733645106197e-01
7.663958911923650641e-01
7.845885075199356962e-01
8.258230172638161282e-01
8.118625629314133452e-01
6.761623973201373872e-01
8.578183910362053854e-01
7.652265115626096792e-01
8.903884580332193099e-01
7.669840546261912362e-01
8.815640787316246785e-01
8.656350336775584520e-01
8.861533861340635809e-01
8.828688688425467834e-01
7.880305259734451395e-01
8.472825481760500876e-01
7.544111730171858543e-01
8.723678014077560494e-01
7.819848445662402892e-01
7.808187169442180053e-01
7.586389997773118621e-01
8.700550870252889979e-01
7.164018564889507168e-01
8.483113468846916749e-01
7.836348613889048131e-01
7.709077342916098585e-01
8.006031231455913444e-01
7.352433201224843895e-01
8.795530977882408674e-01
7.980278446568124240e-01
7.542342510427928470e-01
7.287165313851629023e-01
7.750703785629959874e-01
9.290765854619316144e-01
8.803224708967898327e-01
7.839603279650924073e-01
8.722948751532365597e-01
7.480246074402701062e-01
8.223740557607852608e-01
8.058364019709713943e-01
8.396519603094395601e-01
7.311364635467944018e-01
7.695100961490610736e-01
9.453246512059296780e-01
8.579969443757420322e-01
8.187886886803247277e-01
9.139782811753420777e-01
7.235659108657795935e-01
8.958357342885798769e-01
7.491110791394212098e-01
8.928070684277424895e-01
8.845855728974120202e-01
7.757386428236753284e-01
7.462558460010862982e-01
8.348160484662054959e-01
8.350713877676634311e-01
7.140825087741639043e-01
8.290772002743026503e-01
8.385277175947910555e-01
9.116919902931003294e-01
7.938777858355026140e-01
8.350955661804638774e-01
7.901849498023943985e-01
8.047532974535072103e-01
7.940294509051348815e-01
8.271537624849324422e-01
7.959351098268769853e-01
7.873071164744117612e-01
7.315268778037181674e-01
7.053259342675982646e-01
8.061807673763977666e-01
7.204431106584887612e-01
8.677132671907152872e-01
8.432366606926386954e-01
7.698114633944141971e-01
8.777342068736733172e-01
7.644111494300764864e-01
8.183973222128985148e-01
7.981880207130326310e-01
7.266864529944953022e-01
9.152316590797705542e-01
8.585291572660458392e-01
8.214164517388434783e-01
7.049692563912115517e-01
8.894083371671227534e-01
7.450356604711053654e-01
8.212715681143945012e-01
8.747910968220842243e-01
6.942986944403073402e-01
7.757922192199790956e-01
7.639302061011289391e-01
8.868315590818373062e-01
8.314993045919072401e-01
7.208701093598510745e-01
8.830190752678768185e-01
8.664760540956960577e-01
7.972276803068800710e-01
8.163418214515917315e-01
7.279997171977874437e-01
8.352461232289064563e-01
7.352539380463827268e-01
8.761604087357000026e-01
7.885344709036669064e-01
7.508336536897741720e-01
8.518329869351882744e-01
7.502033402848312660e-01
7.712826773298477878e-01
7.751138457372174217e-01
8.624868182077364276e-01
8.150426869133114982e-01
8.532718830813665889e-01
7.405967730364780843e-01
8.486510260770097069e-01
8.752201585053511756e-01
8.088041209719842861e-01
8.754265708748009134e-01
9.116718101794907270e-01
8.077067417623443601e-01
7.923580825804746874e-01
8.304195285453772613e-01
7.979220533606425914e-01
9.517360558985888952e-01
8.787507329629948849e-01
7.564280082232703872e-01
8.399791560782836619e-01
9.272472294949328786e-01
7.753052573609150455e-01
8.329517311986240902e-01
7.495520215321895829e-01
8.585698787536690801e-01
7.711229567599217072e-01
7.513649380689192414e-01
7.237659112016597840e-01
8.241036779679983271e-01
8.469412705726581114e-01
7.608743201072691864e-01
7.543158349826741826e-01
8.502745029996939818e-01
8.318321707647994279e-01
8.954004647372295622e-01
7.874189892045340144e-01
7.896351925570682662e-01
9.351917729684722236e-01
7.880684197131637703e-01
8.192859425541509921e-01
7.930179116308825327e-01
8.176610625930949006e-01
8.758686684306496995e-01
9.137756869585134112e-01
8.393778440647331474e-01
8.270118161405360935e-01
8.148308684841727434e-01
7.296435775482098540e-01
9.424920129549801961e-01
7.620118434252510786e-01
9.513290836078788226e-01
7.703551733152685932e-01
8.559227168407157471e-01
7.796531412878592304e-01
7.988903413179045954e-01
8.338729106362420262e-01
8.977215012797804539e-01
8.675521394324424707e-01
8.313025967178094833e-01
8.100790570440846716e-01
8.639250563278110251e-01
8.530265041992871611e-01
7.072412510417213083e-01
8.422589329485702381e-01
8.349756471313807271e-01
7.333295190413107179e-01
8.830058487514984567e-01
7.353201320004987274e-01
8.684512661882275442e-01
8.890401631826277962e-01
8.633843943155433687e-01
8.916707443607749806e-01
8.474202379649512507e-01
7.762348304562926016e-01
8.570142222575123370e-01
7.771049169565236170e-01
7.708220059389540024e-01
8.683121637079815880e-01
8.896042183809618198e-01
8.628405511009636930e-01
9.104242574375955854e-01
7.305955756578556004e-01
8.119851137515615713e-01
9.242687156467622733e-01
8.002115831438562088e-01
7.871091273515312681e-01
7.391526510631349911e-01
8.681726519858642410e-01
8.441153836701116298e-01
8.241086136884547830e-01
8.558981013626256740e-01
7.700454401531576787e-01
8.786932607318390653e-01
7.666154815651712306e-01
8.402700212771707644e-01
8.510438252797271064e-01
8.166656863142273126e-01
7.758922157603422853e-01
9.152262287842862776e-01
8.540051451438175345e-01
9.093176076256687113e-01
8.883428933459308618e-01
8.626569622789862501e-01
7.856558794359325137e-01
8.144118659476178301e-01
7.586138207229163877e-01
7.710637150874709578e-01
7.085067697457153590e-01
8.573399771469689679e-01
8.613033590281883312e-01
7.661761048900324056e-01
8.189752118408791803e-01
7.977047934488310510e-01
9.259481277595638105e-01
8.046081269816786063e-01
7.903956365350468527e-01
8.037035458894565831e-01
7.799977597504244020e-01
7.863947419444760056e-01
7.498603250206188342e-01
8.285350558992868875e-01
8.796782729800857181e-01
8.617457994266765064e-01
7.950392270837126629e-01
8.944564159817092186e-01
8.085537788829519901e-01
7.560254161530478578e-01
8.898736107937667006e-01
8.127551915547155392e-01
9.175946130727392624e-01
8.627982767318767010e-01
8.822875896492627934e-01
8.746207176692741836e-01
7.494656598273201631e-01
7.968474710020875262e-01
7.466770037550085615e-01
8.372207127053797882e-01
8.103023648891563013e-01
7.804564165060881020e-01
8.946881394852990166e-01
7.085766514268976302e-01
8.427969549272378291e-01
8.836812694162808901e-01
7.600885983563320236e-01
8.134559981314896104e-01
8.604696642842161181e-01
8.559510099712136499e-01
8.833249942381750097e-01
7.436610075429286315e-01
7.963275538857665925e-01
8.151367410020721183e-01
8.286017134680069285e-01
8.132046232596129576e-01
7.992177992007806209e-01
8.668237937761924528e-01
8.097136815251265718e-01
8.254033731821169839e-01
7.844035510364781860e-01
7.953756610317760378e-01
7.763874028120764104e-01
8.099294804330898767e-01
8.202424157525020076e-01
7.951615936998867040e-01
8.376082539706063423e-01
8.504657168767399966e-01
7.668524866038120003e-01
8.033499174432869872e-01
6.965717379837629286e-01
8.553974396009476067e-01
7.405399824669409714e-01
8.577049507163088116e-01
8.029044830774100250e-01
7.715392385328134761e-01
8.874129890100220797e-01
7.556793120885436643e-01
7.651972760196558143e-01
8.536176851639074581e-01
8.704942784155240698e-01
7.753874752252745139e-01
8.326905607291700262e-01
8.407884841882046212e-01
7.739128804003947426e-01
8.304051317766203422e-01
8.183818240500514429e-01
7.894620773144997994e-01
8.079714217962092881e-01
8.108286092217839025e-01
8.872610441367519973e-01
7.687028916823457347e-01
7.292952832539221220e-01
8.012063532893283213e-01
8.012612032437896881e-01
7.816768219001286599e-01
8.580963223164743692e-01
7.400460307109288927e-01
8.724297370602883683e-01
8.090358155015177077e-01
7.697801854800055965e-01
8.465639231337886983e-01
8.568451042219132896e-01
8.371099791591105621e-01
8.311055506227128520e-01
8.000410401569548746e-01
9.257509393528271513e-01
7.835748487905307424e-01
7.915305714781724067e-01
7.595495171397794731e-01
8.122314501883797222e-01
8.253123920709968253e-01
7.839237030568150244e-01
8.563936303244122916e-01
7.499369759020018122e-01
8.071621592293010128e-01
7.193181726198313308e-01
7.512926677369518025e-01
8.319143714051592253e-01
7.584577664910194805e-01
8.749434559636639630e-01
8.081357965515750807e-01
7.999576483094373858e-01
8.051459868310334445e-01
7.524861820634063392e-01
7.326732830062875346e-01
9.146441077126774566e-01
8.460790923632856009e-01
7.857873426427589569e-01
7.856898795025329951e-01
8.358562652985010999e-01
7.861970957788197989e-01
9.406152350585829103e-01
8.138283583169775293e-01
7.709908253752369989e-01
8.805783243746058142e-01
8.228388133367218193e-01
9.116464990763060161e-01
7.525538408663275947e-01
9.092189627600479884e-01
8.724297370602883683e-01
7.887700888146585987e-01
7.237770117897235345e-01
7.725423647579339193e-01
7.531249807031241694e-01
8.242409977894000761e-01
7.159266198547008520e-01
8.014361773155767033e-01
7.509884935710731124e-01
7.808665871445401585e-01
8.843304875493338546e-01
8.984867090517374422e-01
7.974612525032394039e-01
9.088800855263760026e-01
8.630721723588559158e-01
8.380274804319843840e-01
7.988892129541166343e-01
7.782299264495359248e-01
7.855663703185923330e-01
7.891318062657631804e-01
8.056581532947046931e-01
7.524800103524623696e-01
8.389315363467838571e-01
8.187852522234114749e-01
7.487845185704241624e-01
7.472433879106300525e-01
7.603096775917457251e-01
7.572782548137979575e-01
8.401153421760712003e-01
8.619153749256256436e-01
8.172904059608530059e-01
8.088330236108497440e-01
8.288200908893657015e-01
7.927887746869375363e-01
7.281969654084509136e-01
8.483183066494885960e-01
8.235054463900710608e-01
8.726634028681464761e-01
8.536445561279411010e-01
8.016576292132376880e-01
7.385069658039525864e-01
7.913818896453873597e-01
7.833096005228260550e-01
8.186555762415410609e-01
8.164376692769853561e-01
8.693577392032904028e-01
8.668223026166732570e-01
9.625759496450974062e-01
8.683753389046122706e-01
7.684251903363098490e-01
7.600660216701918825e-01
9.012315374189461270e-01
8.327633959918016027e-01
8.516457897626825702e-01
8.723163442145921431e-01
8.848720706593653507e-01
8.132843804799533283e-01
8.979642956593815173e-01
8.109588600503792044e-01
8.340935545635252968e-01
8.369756530160837871e-01
7.556234733595501574e-01
7.820465010064621136e-01
7.933609191891070056e-01
8.709109283844245208e-01
8.575867150834231012e-01
7.977889966604929661e-01
7.864523747015776944e-01
7.245583123168060080e-01
6.905875542036146175e-01
8.945334852685401517e-01
8.932488920514216613e-01
7.726463283992962561e-01
7.717465349667893548e-01
7.169561529786319110e-01
8.142144198853161763e-01
8.618386161707438653e-01
8.263019914430591584e-01
8.111819224978660259e-01
8.752341964042895661e-01
8.156855309310120372e-01
7.758922157603422853e-01
8.652564596305130085e-01
7.769101929702895148e-01
7.627236826226857502e-01
8.223542241061008173e-01
7.457004450850602817e-01
8.502900974462963557e-01
7.571516956276143073e-01
8.358131401242324676e-01
8.431334804893716450e-01
7.983615744076841825e-01
8.881397888037396715e-01
8.395719653371127578e-01
7.572260867568127995e-01
7.805212626217009619e-01
7.749302619574047757e-01
8.482810114215011410e-01
7.315899099678437878e-01
8.143556653771505394e-01
8.530307277787747555e-01
7.641158424106918590e-01
7.694728286799324968e-01
8.803719689461257936e-01
7.910639773207267522e-01
8.124860835629021949e-01
8.428756615425690990e-01
8.722332075068029988e-01
7.523763657226596457e-01
8.111035304573328553e-01
8.533505530509878367e-01
7.965924880852029988e-01
8.072855636950573288e-01
7.368443403592862539e-01
8.716036565090727883e-01
7.591797225346804678e-01
9.116270637828007839e-01
8.832716069394659364e-01
8.123761683831383085e-01
8.047569339373025210e-01
7.340871164861217935e-01
8.408058805154545734e-01
7.364193116593948929e-01
7.767754383652732963e-01
8.282210446444147056e-01
7.952427189824277098e-01
8.339887781613111173e-01
7.997107345965409619e-01
8.384404382808245959e-01
7.591627824703406358e-01
7.863609065068780657e-01
7.604036304884355113e-01
8.932837971405681587e-01
7.586455028310724602e-01
7.214060241038622312e-01
7.978516387000949006e-01
8.442380458737356319e-01
7.114377049760114424e-01
8.195129896663981839e-01
8.007728454892275582e-01
7.834325755762635568e-01
8.537710709299765055e-01
8.387652617235045183e-01
7.957486297397711184e-01
8.945019490735698353e-01
9.577113672844386194e-01
8.352203957616651797e-01
8.742035475943601419e-01
7.516393096107586436e-01
8.436000157670971999e-01
8.275435639659481923e-01
8.159652873417945207e-01
8.390201834797256231e-01
9.102733954271559069e-01
7.239254211910759462e-01
7.553786006847378331e-01
8.050520502038376325e-01
8.013476840578455107e-01
7.370548478207405996e-01
8.800095777189304025e-01
7.727461279052614262e-01
7.823813397871165476e-01
8.828127673078209892e-01
7.886381224639390508e-01
8.418467789174641780e-01
8.673169857898717083e-01
7.616322972918788681e-01
8.090573994162645333e-01
8.189658190007791383e-01
8.599837497312823320e-01
7.100825813555843302e-01
8.085889226817162267e-01
7.854221597212635020e-01
7.993517194871513354e-01
7.978821290597309934e-01
7.848081299029678881e-01
8.803885748656998800e-01
7.276898505358599945e-01
9.169615487750821803e-01
8.453080710410260101e-01
8.873848823969585631e-01
8.466907655867667026e-01
8.249969208647234264e-01
7.745040674576840756e-01
7.994818574265160072e-01
8.443681598654371179e-01
7.849532008925863558e-01
7.771438690451356601e-01
9.055496656733530436e-01
9.447821027583493958e-01
7.948290946032162685e-01
8.030560016805976531e-01
9.051246223904164667e-01
8.057749081193908980e-01
8.925255553527750019e-01
7.910431725606730247e-01
8.505771757421773938e-01
9.020742283465792433e-01
8.411621241616357159e-01
7.787265894225099405e-01
8.115655479741241685e-01
8.282157431791938862e-01
9.147385450393228368e-01
8.839742669487604676e-01
7.887088939569927293e-01
9.107089917913361310e-01
7.861580188894278232e-01
8.165995234626819421e-01
7.046413962774703554e-01
8.734313889696244670e-01
8.860541998025744936e-01
7.812062357793683187e-01
7.761441662146040255e-01
8.223433486591154029e-01
8.877632781425096598e-01
8.125535138563219073e-01
8.149277948332771526e-01
7.472896519357588030e-01
8.691335592891700212e-01
8.035746821422858899e-01
8.568822984632301631e-01
7.175334344990274005e-01
7.894620773144997994e-01
7.625914371045846574e-01
8.055804966138735423e-01
8.431543367713105752e-01
8.356004923554463115e-01
7.072571511339104111e-01
8.464519254027350614e-01
8.305683853092957758e-01
8.183742271650322753e-01
8.819821533657129509e-01
8.299178441050530930e-01
7.938973185695759049e-01
7.828392806517374680e-01
8.136380192220089569e-01
8.742515117142399816e-01
8.137867639166240785e-01
8.103145301202375750e-01
7.237306444607652933e-01
8.391283909463586044e-01
8.308937097972629582e-01
7.637727964608794773e-01
7.573957578311525385e-01
8.164444068660970943e-01
7.921357541275683145e-01
8.576869506170897717e-01
8.517799154351728408e-01
8.309660971783590089e-01
7.795685548242906604e-01
8.672957530932358106e-01
7.988495948110074796e-01
7.804270970754647596e-01
9.204284656944721199e-01
7.623476947865895914e-01
8.498734478630018963e-01
7.971528440980177876e-01
8.150656210702316162e-01
8.742136003139411304e-01
7.719859355469449458e-01
9.307557328328140978e-01
7.968011995163218897e-01
8.842566672534537542e-01
8.517353798132637488e-01
7.462277554299385773e-01
8.821498861403109792e-01
8.647696655449134129e-01
7.916358720268407145e-01
7.993892904028351287e-01
9.616606287531599406e-01
8.074305893203239659e-01
8.933360881211034332e-01
8.259715838713008740e-01
8.370835843979596014e-01
8.301220497752500593e-01
8.830383726732529137e-01
9.667406773146280941e-01
8.057749081193908980e-01
8.455378800220935132e-01
7.899901378146766406e-01
7.271675577388553302e-01
7.649002951941794581e-01
8.600276736567531444e-01
7.948709625166011650e-01
8.184881382072717315e-01
9.019874659887429091e-01
8.249138873367920510e-01
7.293040889412695238e-01
7.678261677193725099e-01
8.204241023877715255e-01
7.840038169700581649e-01
8.871914201410724399e-01
7.633081481701653459e-01
8.305542753372129328e-01
7.775046270381336111e-01
8.469060380457664738e-01
7.600885983563320236e-01
8.554820980461501634e-01
7.608093334000121111e-01
7.946024925316412801e-01
8.145581464879226852e-01
7.933149321040080526e-01
8.620419825551514093e-01
8.266732454445525624e-01
8.720919632837293989e-01
8.073798571706828353e-01
8.831936781250242507e-01
8.419352035946586765e-01
8.412061940922976877e-01
7.951744979598255325e-01
7.245630882730396127e-01
8.394005908128043814e-01
7.768549838262120977e-01
7.998567808383022504e-01
7.992852027434292905e-01
7.609375238325574164e-01
7.399688319170590889e-01
7.725423345277752096e-01
7.718287842076049232e-01
7.961107544876671049e-01
7.542757832704491960e-01
7.318496489232382274e-01
8.988990515904154988e-01
7.685155521288377090e-01
7.240074036681654057e-01
8.698320243423334208e-01
7.539799264574768012e-01
8.076329338304869543e-01
8.030684626903068501e-01
7.992852027434292905e-01
8.323458954552335198e-01
7.531817691311003538e-01
7.941967275705897888e-01
8.463419600443559121e-01
9.178447993067501143e-01
8.714308287077463522e-01
8.002938659083653761e-01
7.596430881437694627e-01
7.435438151894789849e-01
8.122736657415272621e-01
9.233997234243441765e-01
8.083242198746827256e-01
8.643305882068035295e-01
9.043995008739814656e-01
8.704974726882590552e-01
7.861039768514709314e-01
8.642418284675762452e-01
8.346780382611533877e-01
8.889374422533175002e-01
7.452501691426893782e-01
8.272150939023803495e-01
7.900258331610332529e-01
9.298465325335454335e-01
7.482286562390918494e-01
7.431885005357590224e-01
7.217655078918809863e-01
9.805103322951002065e-01
8.195298727557673857e-01
9.207273042219829007e-01
8.101209379554277223e-01
8.643659642618387595e-01
8.502124152130501322e-01
8.895620090979928785e-01
8.031357428344843008e-01
7.318731997043840254e-01
8.745096236711004112e-01
8.056292296141536191e-01
8.116238408628179135e-01
6.596174243385671820e-01
8.097492214343839922e-01
8.736218953555796585e-01
8.130358508188961775e-01
8.536233279663029139e-01
8.631430567765239203e-01
7.548904744840889691e-01
8.613033590281883312e-01
7.911941644520842365e-01
7.881659174256515632e-01
8.098538195414073382e-01
8.392666398051438215e-01
6.779798824005172087e-01
8.006881737275516331e-01
8.169966462356196280e-01
9.057317405378930708e-01
8.215086908663032927e-01
7.567715370176182343e-01
8.697841730406379313e-01
9.138211821100967747e-01
7.945057419708644320e-01
8.520928808366663443e-01
7.302782192617099932e-01
8.656350336775584520e-01
8.608062308774647731e-01
8.650255656041715424e-01
8.436707254595408045e-01
7.177923150224613247e-01
8.033499174432869872e-01
8.229074522245451995e-01
8.395055952698350366e-01
7.914346950981300255e-01
7.270545260858460868e-01
7.659216085034779020e-01
8.623585179094380715e-01
8.319899427737481590e-01
8.212255477027671224e-01
8.066792521594413623e-01
9.041256049969325082e-01
7.642518769210163709e-01
8.111432189043166208e-01
8.387373071084384124e-01
7.684179673692748125e-01
8.155689631780049798e-01
7.157931230484860796e-01
7.857302088459392486e-01
7.905292152788259141e-01
7.987377884220856483e-01
7.797396122675505081e-01
8.052846912156229608e-01
8.818323006599226854e-01
7.916077308889447606e-01
8.614848913878224712e-01
9.126548263418571283e-01
7.289888618278036470e-01
8.284912632362473328e-01
7.541110369113456224e-01
7.783418550529309643e-01
8.374171242202881338e-01
7.547795247592397061e-01
7.822941459391548058e-01
8.358562652985010999e-01
7.988495948110074796e-01
8.220591520343210057e-01
8.129676380561892124e-01
8.148970588058808140e-01
7.726331979300588015e-01
7.741501024311130408e-01
8.557839145864210018e-01
9.194514467432276517e-01
7.867040524917202626e-01
7.680843247391275774e-01
8.067472346861170873e-01
8.081166466374100077e-01
8.738506830869540165e-01
6.984955103470624760e-01
8.168885613854136585e-01
8.416680900126424225e-01
7.504766767735657762e-01
8.105180242756921949e-01
8.112678983697237944e-01
7.682486471345820744e-01
8.123092799812436926e-01
8.865441949057601967e-01
7.524828263688615460e-01
8.865441949057601967e-01
8.838716420047706412e-01
7.781068706679162839e-01
8.617864821191402180e-01
9.137756869585134112e-01
7.985691302713231465e-01
7.635640555009095554e-01
8.746789531106102800e-01
8.073702993625559987e-01
7.626298236452608847e-01
7.474417537548232460e-01
8.286780905083416249e-01
8.306122747300000997e-01
7.329627401615299576e-01
8.158656812431813732e-01
7.123996575285844735e-01
7.988989680998179743e-01
8.395612193604830020e-01
7.378862133145763780e-01
9.007856166105960849e-01
7.456393171951909427e-01
8.366424072114543309e-01
7.114249961090644003e-01
8.852428350019585501e-01
8.767237050181867497e-01
8.163934066119872268e-01
8.751749866107826348e-01
8.562852941374847759e-01
7.312179077887351886e-01
8.837947755336003075e-01
8.479061474273629218e-01
7.991088710271713191e-01
8.319129541008852824e-01
8.495806181250769029e-01
8.856419572027338649e-01
7.443604361363640454e-01
8.073880322263371490e-01
8.660172344699778035e-01
7.017276076730807333e-01
8.175613031832890121e-01
8.681915293248710919e-01
7.929223425804631242e-01
8.004328471970257874e-01
7.952353150591146003e-01
7.933937596996032404e-01
8.077392512404977243e-01
7.295377741105186775e-01
7.819290662391082947e-01
7.527764790650640636e-01
8.812325706938247682e-01
8.499524424394396815e-01
8.272120895706508437e-01
9.276163287650287526e-01
8.501822736385243884e-01
7.517509046824182306e-01
8.650263922578402820e-01
7.987377884220856483e-01
7.024373103234872184e-01
8.538311809745839920e-01
8.913702552426852055e-01
8.348092060348679677e-01
8.340935545635252968e-01
8.046969863363853115e-01
7.499218261890004955e-01
7.303242235356472989e-01
8.396413081608511408e-01
8.770713049993613675e-01
7.798323809606855228e-01
8.678488773470036666e-01
8.965947188458993633e-01
8.150977905221259423e-01
8.651485613773488570e-01
8.252578733896879237e-01
8.711881096082370046e-01
7.690691633569883834e-01
7.881710759825034662e-01
7.986902227153914735e-01
8.607575370106392842e-01
7.499413203320219878e-01
7.664817666211720670e-01
8.064798396457140139e-01
7.922937121092925583e-01
8.938233405595752412e-01
8.002145135992103642e-01
8.331920939270478499e-01
7.886549643743545612e-01
8.112850298729528120e-01
8.832242859182913852e-01
7.709248683222666987e-01
7.736640141306215801e-01
7.494604449636601551e-01
7.522962987903241139e-01
7.936208419892617494e-01
8.001948824727956877e-01
8.761420876100652899e-01
8.761604087357000026e-01
8.226790156547317823e-01
8.746625053834273800e-01
8.209710695986434104e-01
7.962567279324557212e-01
8.749434559636639630e-01
7.929598333959916312e-01
7.114377049760114424e-01
7.817190400832788599e-01
7.938567007148916721e-01
8.200687684381449127e-01
8.038473089061851651e-01
8.308192317653384507e-01
8.015616011223318793e-01
7.492216454556452909e-01
8.258620992691912965e-01
7.834434878006848457e-01
7.019033300964442335e-01
7.747959264979193961e-01
7.959182151507879777e-01
7.559448035967084589e-01
8.742035475943601419e-01
8.320220060575058696e-01
8.986031849041420383e-01
8.803885748656998800e-01
8.407799403265345806e-01
8.332710648123718977e-01
8.433719872079863400e-01
8.068864173331556922e-01
7.666413250939669854e-01
7.932402171511688804e-01
9.014911868346667800e-01
7.892425768201097869e-01
7.021465035595265691e-01
7.808366626395771837e-01
9.077862447319929862e-01
7.737254746981614417e-01
8.738884214771049930e-01
8.117567940938497095e-01
7.784063072311574460e-01
8.044064805229503845e-01
7.746156476605244867e-01
8.901232028477209512e-01
8.657858342395780005e-01
8.010719231079628244e-01
8.804585821523926992e-01
7.596113721200259405e-01
8.585855613285030552e-01
7.453549896712919898e-01
7.767206831122388522e-01
8.472348433072640628e-01
8.902268212681719861e-01
7.637157823201936591e-01
7.081341658161437458e-01
7.670083044111090098e-01
8.654257291503935079e-01
8.620293579307295451e-01
8.415421807949203803e-01
8.571961926047250158e-01
7.838083805428734951e-01
7.981880207130326310e-01
9.179965519207123892e-01
8.325158654060673680e-01
8.403199758981805267e-01
8.055234286951779010e-01
8.476007578560100786e-01
8.324250768650495180e-01
7.508769115539690731e-01
8.225723820008884468e-01
8.356794132213342108e-01
7.808542558663300603e-01
8.849981409904157381e-01
8.959813519708393903e-01
7.523336961119767574e-01
8.236999091999526179e-01
7.469866003041497615e-01
7.746667005129537209e-01
7.896351925570682662e-01
8.546320942796504783e-01
9.233997234243441765e-01
9.493552497128033840e-01
8.975021087342331949e-01
7.035947576953929250e-01
8.041341397310809436e-01
8.114756024711461402e-01
8.976027757627930148e-01
7.658228301869909327e-01
8.011396228158329524e-01
8.199605098183180285e-01
8.104523746663461203e-01
7.781744539659574134e-01
7.777164521013909537e-01
7.898114942008759298e-01
7.511248534071085503e-01
7.845527619306525979e-01
8.424977767308670096e-01
8.445806301258458326e-01
7.910581117154946718e-01
8.314041409677503935e-01
8.990096674970601276e-01
8.154308400351192310e-01
8.422872472865070570e-01
8.835866428290553021e-01
8.335842241804592989e-01
7.895062853783368917e-01
8.015460333109566404e-01
9.093457092342074333e-01
7.487234169749525936e-01
7.189772462489927296e-01
8.318584393839699720e-01
7.524016589029608459e-01
7.581395026549258009e-01
7.914717924643513980e-01
8.219399836244493107e-01
8.170446995518331201e-01
6.884583472008888316e-01
8.306708200400292341e-01
7.715874052103359748e-01
7.084633149131680518e-01
8.379735897957955038e-01
7.801397553245200678e-01
7.502033402848312660e-01
8.678323748404244142e-01
9.367778865522805587e-01
7.860863645562821134e-01
7.345103888092877620e-01
7.426541839880065332e-01
8.459113150420720650e-01
9.244857070204118843e-01
8.512241948748410225e-01
7.215176802024719782e-01
7.870155068921345087e-01
8.544058164489460871e-01
8.684945725328816479e-01
7.780075789234113248e-01
8.915892730700362145e-01
7.643306387685171455e-01
8.303376855168600468e-01
8.356004923554463115e-01
7.707021095304181779e-01
8.159092696410219503e-01
7.455541072005182901e-01
8.274624071516701873e-01
8.398711772672694531e-01
8.559510099712136499e-01
7.602045037139317785e-01
9.055494382634625694e-01
8.312964868561758536e-01
8.158089447491843060e-01
8.468311121914861017e-01
7.097007850318930444e-01
8.516457897626825702e-01
7.726649089314037155e-01
8.714495590861873753e-01
8.468225029978488916e-01
8.733397120926427171e-01
8.056030078109457371e-01
7.738360956231240539e-01
8.430312323853598189e-01
8.746763710968721295e-01
7.686100759190125364e-01
7.843039537805006622e-01
8.720349600165391291e-01
8.554820980461501634e-01
8.394666238534480573e-01
7.266828872726175392e-01
7.836077101351422991e-01
7.850289944351993565e-01
8.789819161640024525e-01
8.319004698157895783e-01
7.786968956243515150e-01
7.562458175089596946e-01
7.275137260835449204e-01
8.263466012337210564e-01
8.774805262278395634e-01
8.606193549648659680e-01
8.176610625930949006e-01
8.337992630458785914e-01
8.377926640039882189e-01
9.055494382634625694e-01
8.867704236991184041e-01
8.994480452780728719e-01
8.021339674356950944e-01
7.883246149276991188e-01
7.889735475914186891e-01
9.184125423065716554e-01
8.329868984072325011e-01
8.163574335223805489e-01
7.850351048597894454e-01
7.291531568247467954e-01
8.600217393167690627e-01
9.218042317149077736e-01
8.490394766576176977e-01
7.770885283374185937e-01
8.411614510297286129e-01
7.523434383561095062e-01
7.892755103948108086e-01
8.413315709824318311e-01
8.063047393514412020e-01
9.296367536698021405e-01
9.139684679032132886e-01
7.198797142750120726e-01
8.448588555314074933e-01
8.217365542902832498e-01
8.686331880694699858e-01
7.072946534709910749e-01
7.665806328255573288e-01
8.346305925931575276e-01
8.205190884080735270e-01
8.929620436278941087e-01
7.877783994179097249e-01
8.815224737771515384e-01
7.369650117301871362e-01
9.769779315349961246e-01
7.852777295370853006e-01
8.345787293798409001e-01
9.374857619421201882e-01
7.903701371346276705e-01
7.379393274963882421e-01
8.115847838048059204e-01
8.894834583959033703e-01
8.278700660224402874e-01
7.876895548610054476e-01
9.223413858821630784e-01
8.674824693848190993e-01
7.720708282929639177e-01
7.719079809376737655e-01
8.171374456867220859e-01
7.162983184940664438e-01
7.658691510195869689e-01
8.496251933661430611e-01
7.554387510279364504e-01
8.348152974653810787e-01
8.262620561999591828e-01
8.012510633114449110e-01
7.557050767846172912e-01
7.929590211777448605e-01
7.082144104877187152e-01
7.766398289162239621e-01
8.732920933928550733e-01
8.534589630932770676e-01
7.252727941563438252e-01
8.257689529356173619e-01
8.540646545593586492e-01
8.588327608573520511e-01
8.152724250456117039e-01
8.631230156526886743e-01
9.326355811724426070e-01
8.115091889941659087e-01
8.169282052836814856e-01
8.147818702520940315e-01
7.192903418072178479e-01
8.355038794752066567e-01
7.755804111669230005e-01
8.628504691717487907e-01
7.420705260051801977e-01
7.525455019894611297e-01
8.247446545141650098e-01
8.056318060490399446e-01
8.789560735200562247e-01
7.592624369752511981e-01
7.740385133625163894e-01
7.757913005302067289e-01
7.879450499648785744e-01
8.657287386618567337e-01
7.262955565971795924e-01
7.716090782320178532e-01
7.560613128102332547e-01
8.073702993625559987e-01
8.148761900553869175e-01
8.885576819444110930e-01
7.958059833463533295e-01
7.448957623403551498e-01
8.454761825895796834e-01
8.282402355526256033e-01
7.552842485731954270e-01
8.505802646175035786e-01
8.389315363467838571e-01
9.130455097658486396e-01
8.423017814614994769e-01
9.102733954271559069e-01
7.431772935187742624e-01
7.327837376196797425e-01
7.865273905045451208e-01
8.400299611196518912e-01
7.966841901175008012e-01
7.180130097431617342e-01
7.329150045306326300e-01
7.161147774794200949e-01
8.226653184719381340e-01
7.755482723473008377e-01
8.746763710968721295e-01
8.646995105297127227e-01
9.061395412914560188e-01
8.037581872024717189e-01
8.590568536674603184e-01
8.643305882068035295e-01
7.118751344609933751e-01
8.350235575356479423e-01
7.474552049786757912e-01
8.348333403880670023e-01
8.152765343700150158e-01
8.045715918221743035e-01
8.348272998914419984e-01
8.616325168327525486e-01
7.949914965873463579e-01
8.213794298865171317e-01
9.842639996808260072e-01
8.423203312400201481e-01
7.840026054475736084e-01
7.785217462175186842e-01
7.909459500022952838e-01
8.204094474170425810e-01
7.092898739637537586e-01
7.102472139349848002e-01
7.763694625525920934e-01
8.962957864936289543e-01
8.763355169146989088e-01
8.957997208763286423e-01
8.027609281688606879e-01
8.085566546535563059e-01
7.150783954316010105e-01
8.659128465246269668e-01
8.380802996181828668e-01
7.867814745512141661e-01
8.742921687649983786e-01
9.093176076256687113e-01
8.327829651583276149e-01
9.302654393757300300e-01
8.147372856096456450e-01
8.470261343542295762e-01
7.363306782982519394e-01
7.874646620857790325e-01
8.321130572442816398e-01
7.334454645820756014e-01
7.531929981809660779e-01
8.890900883641057462e-01
7.253471714069414933e-01
8.381674562177400256e-01
8.217492650492733697e-01
8.504807845070903038e-01
8.338892259804971951e-01
8.210802417857662183e-01
9.049707728457472289e-01
7.298023927625607588e-01
8.868804087005416337e-01
8.155212810078497077e-01
7.090772651023241613e-01
7.238240183013838758e-01
7.803900174810178836e-01
8.129880586496266437e-01
8.548853524450115149e-01
8.031357428344843008e-01
8.170446995518331201e-01
8.514939403477177482e-01
8.616696131230426881e-01
7.237071898738496323e-01
8.468332323486411628e-01
8.793282878693908788e-01
8.580393553069495249e-01
7.819553759862806208e-01
8.115210860330243081e-01
7.478030062748802775e-01
7.756570341024088266e-01
8.242058098828646262e-01
8.532025197427755003e-01
8.645492725495215192e-01
7.565381338256421673e-01
8.187886886803247277e-01
7.909414698561547663e-01
7.821993719416852064e-01
7.431772935187742624e-01
8.664760540956960577e-01
8.666338772670931778e-01
8.130647452633228411e-01
8.882239097503591418e-01
8.469472390261302275e-01
8.017920679339020085e-01
8.556445814441402398e-01
8.252694596480077971e-01
8.157696071894009471e-01
7.558624737461757670e-01
8.884195390961781014e-01
8.201004669125399049e-01
8.048076613946331115e-01
9.368351332110189666e-01
8.502951839422047131e-01
7.880806496772052583e-01
8.446699235242004500e-01
7.624102963125162225e-01
8.124262128175481212e-01
7.933937596996032404e-01
7.465261816446717713e-01
8.526784786009884431e-01
8.134982995571178321e-01
8.112903400567506029e-01
8.359488490936592964e-01
7.908684059543993339e-01
8.377408975547389058e-01
8.159126910752456663e-01
7.532110204962461086e-01
8.631732782713724683e-01
7.815416498796801115e-01
8.612010717765808954e-01
8.428250723637258357e-01
8.381773431218199066e-01
8.089848531184258285e-01
8.877828272106091934e-01
7.866484618869290513e-01
7.734780200456552457e-01
8.367133183092847482e-01
7.692883058885009451e-01
8.293534266453453929e-01
7.685510297830533410e-01
7.905292152788259141e-01
7.895014524085116614e-01
8.342336826477192435e-01
8.333379607717547044e-01
7.553453190755262669e-01
8.991183592339093700e-01
7.514852529519417956e-01
7.159268541586238932e-01
8.010414868168354019e-01
8.453481898465913247e-01
7.888090920305621534e-01
8.148359235874947926e-01
8.782690508944758223e-01
7.984257457183350226e-01
8.014361773155767033e-01
8.223139316152049405e-01
7.713543040334042145e-01
8.187587401189583280e-01
7.938655841277523217e-01
7.911006730101096673e-01
8.132939623165793552e-01
8.245831947138073659e-01
9.819800368555349213e-01
8.131532042159048679e-01
9.471013963066431396e-01
8.780241903403428472e-01
7.513558208791587534e-01
8.954347715652197781e-01
7.872447703200275981e-01
7.587166719995048769e-01
8.168982849938488666e-01
9.052379159492853766e-01
8.468225029978488916e-01
8.004212612782042324e-01
8.207384881790172892e-01
8.146368976098361525e-01
7.215368228191660904e-01
8.372069230340926094e-01
7.684179673692748125e-01
8.914689195082269313e-01
9.056881490617892938e-01
7.216569869373486990e-01
7.799135378063335455e-01
7.809674494262437427e-01
7.957198860651629735e-01
7.339685472609019934e-01
9.318437566971767838e-01
8.057905863371189747e-01
8.059257023810171283e-01
8.831629573899937302e-01
8.495185705856636016e-01
8.475969572107469041e-01
8.934767396937716155e-01
7.831409823964426975e-01
8.319129541008852824e-01
7.976616883566122196e-01
8.205190884080735270e-01
7.792305967449748572e-01
7.774886535350760131e-01
8.768691778426166428e-01
9.712055462530578831e-01
7.749032281223948715e-01
7.963221344290404291e-01
8.867388935473812239e-01
8.251856551064316037e-01
9.145293243422986107e-01
8.469172785823827487e-01
7.620118434252510786e-01
8.579969443757420322e-01
8.925255553527750019e-01
7.709582677482381685e-01
7.468893773141356274e-01
8.107667539013501123e-01
7.888666991140858009e-01
8.766616966077011019e-01
8.045971457553880990e-01
8.130169548803282131e-01
8.533690403100669952e-01
8.405101423760658053e-01
7.061613374317711189e-01
8.595829403117353218e-01
7.648544372540687641e-01
8.824673764247005225e-01
8.203687424492339675e-01
9.013596087522145472e-01
7.686359955631919538e-01
8.342008402919367516e-01
8.277948763277402922e-01
8.324541598122540131e-01
9.093416699691417859e-01
9.146343110187337144e-01
7.387105951511319102e-01
7.981504868009077214e-01
8.456147791627414145e-01
7.160629595588086094e-01
7.678590131341795910e-01
8.582092714001592348e-01
7.523405277995904861e-01
7.433377521546656874e-01
8.330075924543284271e-01
8.863615174726926504e-01
8.111819224978660259e-01
7.207854408820282277e-01
8.413422032233044412e-01
8.117677536120617710e-01
7.871770684541009588e-01
8.177215398490725873e-01
8.609741868464201309e-01
7.853684912721117239e-01
7.222720664617559017e-01
8.776799070467714570e-01
6.800967804258279958e-01
8.448510976365311009e-01
8.955742195082603274e-01
8.557605135210878400e-01
8.226236147881520466e-01
7.200105708607359434e-01
8.922172089436319897e-01
8.502588120633230995e-01
8.157407841299176843e-01
8.319278140488134410e-01
8.229303150859682559e-01
7.521021954220084016e-01
7.808478696885395864e-01
7.098876685866615244e-01
8.006833682192214807e-01
8.076493344838011623e-01
8.875618636923183757e-01
7.136534528703918356e-01
8.609647025869803239e-01
7.895123867938353968e-01
7.608431817718104284e-01
7.563986670560389758e-01
7.907070983690288601e-01
8.577435655471616904e-01
8.366248566493691419e-01
8.738030955410313050e-01
8.587358525161080669e-01
8.449272949129488230e-01
8.526236582410476883e-01
7.799386595560674484e-01
8.407275964861783413e-01
8.408066444827697605e-01
7.508420966207524083e-01
7.822661933134946732e-01
8.520535168922716007e-01
7.370117686519612743e-01
7.208484051200554354e-01
7.427101955664687782e-01
8.221992544359414401e-01
8.335000444301221556e-01
7.721321718667660816e-01
8.473801241732276113e-01
8.558127419560738192e-01
8.314819015586171203e-01
7.758154395052664354e-01
8.543106677210312583e-01
7.279182276917425254e-01
8.151367410020721183e-01
8.471839777715757247e-01
8.990681455088403995e-01
8.633724822440100866e-01
6.894858601438026424e-01
8.516216593363994392e-01
8.349703904883815087e-01
7.516951091441660404e-01
8.968866290565200572e-01
8.917635783396968829e-01
7.647992618477394977e-01
8.516216593363994392e-01
8.713913195431031156e-01
8.648537415180878041e-01
8.025727800805815271e-01
7.774361233020771200e-01
7.938354833151058942e-01
9.352216601389864437e-01
8.458133711576811820e-01
7.888666991140858009e-01
7.502911086899868298e-01
7.595482538111166804e-01
9.147251470237268700e-01
8.934906537763951384e-01
8.414966577244292756e-01
7.365172031720416124e-01
7.716570740166447395e-01
7.723847960738596807e-01
9.102867272898536033e-01
7.849095800788457034e-01
8.007259327258194892e-01
8.552554264633255299e-01
9.637324616438905922e-01
