7.814450139107927962e-01
8.450316718193354726e-01
8.080808392034386500e-01
7.348833229497502284e-01
7.025178235289918360e-01
8.666448870302132512e-01
8.501181979412316680e-01
7.457628743555788642e-01
8.102359699236647561e-01
8.692092264741454466e-01
7.491405347076276477e-01
8.466278871488425173e-01
7.684379427463091661e-01
8.808526697200439459e-01
8.315312390977873669e-01
8.385407873430725800e-01
8.562079503464740116e-01
8.416680900126424225e-01
8.914689195082269313e-01
8.250494398439204291e-01
8.177159615014373273e-01
7.857703420903467961e-01
8.175652648844892179e-01
7.774734493849211336e-01
8.185262922632954297e-01
8.167194250678092571e-01
8.354634287436506490e-01
8.312524198551148880e-01
8.356536928761376659e-01
7.789028987309524199e-01
9.714917764360061492e-01
8.699046157064519447e-01
9.248424589853215805e-01
8.619817606265151033e-01
8.032320563389677703e-01
8.014827147020099352e-01
8.094401807542341842e-01
7.877783994179097249e-01
8.107593425603580872e-01
7.039812565245817666e-01
7.926027127125941929e-01
8.556479990111081069e-01
8.141555383269378776e-01
7.521184861257943499e-01
7.093599705962980728e-01
8.697150832565908596e-01
8.180353779952066473e-01
7.395075859439614874e-01
8.699626763091499182e-01
7.259455531513308024e-01
7.155647125561382937e-01
7.456110999813220230e-01
8.473725848350146528e-01
7.734484212559840088e-01
8.353779626050862328e-01
7.990010263227450560e-01
9.005466881399744050e-01
7.925844739184327858e-01
8.563166044334417082e-01
8.606370671734614453e-01
7.824457878975525915e-01
8.323533237111623295e-01
7.555326115407862142e-01
8.366594925720003406e-01
8.624143984642765881e-01
9.048768917579503857e-01
8.568399139557427713e-01
8.583186822456111420e-01
8.386832173294396231e-01
7.843837446421566550e-01
8.433740488850232087e-01
7.889774995346029440e-01
8.150110101826898434e-01
8.572351319923189328e-01
7.267132985815338841e-01
8.525716573627710737e-01
7.286553586791215675e-01
7.819258014612112673e-01
8.476035076967206594e-01
7.287165313851629023e-01
7.917545084834730629e-01
8.402310959217555997e-01
8.889829416774222004e-01
7.984627950768755644e-01
7.699077035721202389e-01
7.246097534416199304e-01
9.111587616883706220e-01
8.377028193589020066e-01
8.447496864732348953e-01
9.023187306049543777e-01
7.563021132688803050e-01
8.461726303650978220e-01
7.951393557914246957e-01
8.733465025104090174e-01
8.484050209492968175e-01
7.730744633524549991e-01
8.305500186018559550e-01
9.346321535656789692e-01
9.083195393939319517e-01
8.800036298211210140e-01
8.657858342395780005e-01
8.633251910922721262e-01
8.194999621242222698e-01
8.080469054889515279e-01
8.180279172912954255e-01
7.988495948110074796e-01
7.384015584389256315e-01
8.470251452317699714e-01
8.324852685625381277e-01
8.962429241609785047e-01
7.538832486314551717e-01
8.241183455710667793e-01
7.266254087797661132e-01
8.396215323137113939e-01
8.164727992442334381e-01
8.003632533424619444e-01
8.290772002743026503e-01
8.540301501322826727e-01
8.098166081917873571e-01
8.688121762383841373e-01
8.123761683831383085e-01
7.737462357356941212e-01
7.601844859054771586e-01
8.148292035291457847e-01
8.227914035855672381e-01
8.804585821523926992e-01
8.059759620652047207e-01
7.685052973937074317e-01
9.180774179164363780e-01
7.212309745304107400e-01
7.624558773989336125e-01
7.696501537974382856e-01
8.229074522245451995e-01
7.833396863725111681e-01
8.460564785725950276e-01
7.558835436076573044e-01
8.213751378596449992e-01
8.278936971448976889e-01
7.617956684997705397e-01
7.994414253982229379e-01
8.650852766196086563e-01
8.063408891862939853e-01
7.175449693330484546e-01
7.568352155422084504e-01
7.739818409372667407e-01
7.845604052294068431e-01
8.755583777154457570e-01
7.656622052073746021e-01
7.599293562072957364e-01
7.169647008809511002e-01
7.240636244675998645e-01
8.668174988044360374e-01
8.518106109514430591e-01
8.777248521994985841e-01
8.008473235371386112e-01
8.926107882207350297e-01
7.810078341074088160e-01
8.278286647080829175e-01
8.831840715992422819e-01
7.973647908171984655e-01
7.996509357084591318e-01
7.000576462775048858e-01
8.240686231146879814e-01
8.490327648540405558e-01
7.445024653644096713e-01
7.114249961090644003e-01
8.824504463488137551e-01
8.970779260020411705e-01
8.117216828745497104e-01
7.448957623403551498e-01
7.754772890623249371e-01
7.863065893252946248e-01
8.267072222750124766e-01
8.711776814213426645e-01
8.905169044335824458e-01
8.539573086911712574e-01
6.905875542036146175e-01
7.230106067729810126e-01
8.238212177168097172e-01
8.450095145444453948e-01
7.520299633021246821e-01
9.248516385166103415e-01
7.628434825808237951e-01
8.997178209324970810e-01
7.249769943382675663e-01
9.057994511026473683e-01
8.204236632289957365e-01
7.042449091084368451e-01
8.899236850850491543e-01
7.175977915647373528e-01
8.831320798093170721e-01
7.136343029891495382e-01
7.349638147101351660e-01
6.986589611489990581e-01
7.919745575640182444e-01
7.157931230484860796e-01
7.595050192485013341e-01
6.905125875995095086e-01
8.947033184128606598e-01
7.843154740438509354e-01
8.428374196855398237e-01
8.374004182143598429e-01
8.156094243896528928e-01
8.124603669061475353e-01
8.452241652178115183e-01
6.963153159062911435e-01
8.052148443312218129e-01
8.329722155120863336e-01
7.915017583200628648e-01
7.874289394594997660e-01
7.264870167663023404e-01
8.980991255321015831e-01
7.503552255919228031e-01
8.694406313627529581e-01
7.861084739509749397e-01
8.560057423829063872e-01
7.871863628018649361e-01
8.363475303245370140e-01
8.895504204161313044e-01
7.442615378003025750e-01
7.935501961771439516e-01
8.626463988792631987e-01
8.765029520023985832e-01
8.149761698280862943e-01
8.228344410053636260e-01
7.150157994820660612e-01
8.536991728794059986e-01
8.000334814466651956e-01
8.141371652245307233e-01
8.008230429852312149e-01
8.539856187723734449e-01
7.813715873470723494e-01
7.891955602109064216e-01
8.385557653246884513e-01
7.952353150591146003e-01
8.257949297036424330e-01
9.374534786319055346e-01
7.366917924051353816e-01
8.298418082084071390e-01
8.013149540420776429e-01
8.082717427664809495e-01
7.842935681766469713e-01
8.698877694676001582e-01
9.069904440459354289e-01
7.335342716103436800e-01
8.232704289514938267e-01
7.990737288558817930e-01
7.485707285728852023e-01
8.635273746483954627e-01
7.382697102527444599e-01
8.878598887103590354e-01
8.686898107342405639e-01
9.067486499192383143e-01
7.247883594493972348e-01
8.955748468174030696e-01
8.514759693651144934e-01
8.208433196067156379e-01
8.509178129299507232e-01
8.578183910362053854e-01
7.096865762633213226e-01
7.511503412890560005e-01
8.244313929029853938e-01
8.500294598225132114e-01
8.982701293307637780e-01
8.364834107169455413e-01
8.252541981396810389e-01
8.131122110137050107e-01
7.603283275039293132e-01
8.059083028826831141e-01
7.736394334572510578e-01
7.111984380332548872e-01
8.181653556521856219e-01
7.767317936352222674e-01
9.052379159492853766e-01
8.319101473474647124e-01
8.020586306281205502e-01
8.745489790763634197e-01
7.865010749438345883e-01
7.033719882453935979e-01
7.264067223766591530e-01
8.180437812021273958e-01
8.104659824013368263e-01
7.392143028840277852e-01
8.711513320932642301e-01
8.371243785974974427e-01
8.435192460917502189e-01
8.701849652782173150e-01
8.691568669659242019e-01
8.406793644569512391e-01
8.847343613113665128e-01
8.696426254014222312e-01
8.859107912514544436e-01
7.886873023484347600e-01
7.723847960738596807e-01
8.710258929898148095e-01
7.150783954316010105e-01
8.497911771079071919e-01
7.965687786460708963e-01
8.955983137909013792e-01
7.150639048767331030e-01
9.060248998511818419e-01
7.721246194833547571e-01
8.906403290571854869e-01
8.107509514241384441e-01
8.027014907228677831e-01
9.057829174812336293e-01
8.525849219704263460e-01
7.185805218838949848e-01
8.016351371026999573e-01
8.683753389046122706e-01
8.976717516265092511e-01
8.157543263869773131e-01
7.285926443621130177e-01
8.101575557795065441e-01
8.822058734517279621e-01
8.458133711576811820e-01
8.794280760701552735e-01
8.250138958247571486e-01
8.591627693158933043e-01
9.066108094346327917e-01
7.817900807621525061e-01
7.852979588271816747e-01
8.414257815742188784e-01
7.093523026295958100e-01
9.369705774640809670e-01
8.263655647547171190e-01
6.942986944403073402e-01
7.932402171511688804e-01
7.849688732332038565e-01
7.759425974426167327e-01
7.874500939743923622e-01
8.854782496089655952e-01
8.699469373444954634e-01
7.694990313068716947e-01
8.907671621369704917e-01
7.333089222230276816e-01
8.117070165662996217e-01
7.847410684821440885e-01
7.881436342244230175e-01
7.804173075832139261e-01
8.142721641542103317e-01
7.803341416791202967e-01
7.904141471040145861e-01
8.076067948744597436e-01
8.305908026780443043e-01
8.587579942379298670e-01
8.305500186018559550e-01
8.211280224200337985e-01
8.260412329421960020e-01
8.040315442453097594e-01
7.572981115482823045e-01
7.460125860483612925e-01
8.061941742349482132e-01
7.942477929137914394e-01
8.880353143578696429e-01
8.270005687231501978e-01
8.606752121426046731e-01
7.132742956278987911e-01
8.511091799104167910e-01
7.811616169595053671e-01
8.074474084322802447e-01
7.857873426427589569e-01
7.579325074745507651e-01
7.749152569403903179e-01
8.701417604502803549e-01
7.622453111784391888e-01
7.623441781384935334e-01
8.861387115371978096e-01
9.719674529195320156e-01
8.124446181995620409e-01
7.505415714513031800e-01
8.534231691828321198e-01
8.684579153784878214e-01
8.120505138642382104e-01
8.303292940851236814e-01
9.259832269541313776e-01
9.041623416273331104e-01
7.278679852657550242e-01
8.854493227589991244e-01
8.349515431039660207e-01
8.358876613607029160e-01
7.430829626339349181e-01
7.838604232554469142e-01
8.263346540959715103e-01
8.313184563508883018e-01
7.905847053300714133e-01
8.272409172969119595e-01
8.930287156864079590e-01
7.295760225246566977e-01
8.118994037119661167e-01
7.431137772457002688e-01
9.073043109393658101e-01
7.408896510759476195e-01
7.497840271600304529e-01
7.273520112587243958e-01
8.816260159816112774e-01
8.023551516650737625e-01
8.063348098342586479e-01
8.246818541760568833e-01
8.461007883510749394e-01
7.882494528484702556e-01
8.161821188699118768e-01
8.724515004460279277e-01
9.249196683025961985e-01
8.399286615522146837e-01
6.641132809988129493e-01
8.034152928304967300e-01
8.196502704429798891e-01
7.603282911832296431e-01
8.187094524071386603e-01
7.983504192820750633e-01
8.112120974311193278e-01
8.717713779180126243e-01
7.713701931254166588e-01
7.572981115482823045e-01
8.360326329808447365e-01
7.656476989138623068e-01
7.849095800788457034e-01
7.884441335846010812e-01
7.873438106674981452e-01
8.724297370602883683e-01
8.468292884341628302e-01
8.393552514490824068e-01
7.591139280826264546e-01
7.800969560628496779e-01
8.760807566582766714e-01
8.498376486667895691e-01
9.439427526597459206e-01
7.523126043764936099e-01
8.076329338304869543e-01
8.804994839420965391e-01
7.662726852837375979e-01
8.575600385555238736e-01
7.768325683777986823e-01
9.093178405273873999e-01
7.726327236470796889e-01
8.342423188556608027e-01
7.039351015144124091e-01
7.786918586762757721e-01
8.625770065822838673e-01
7.728574409314747928e-01
7.532170091825582947e-01
8.180867243289413615e-01
7.956480318894589843e-01
7.701617031742911124e-01
8.219460612981669412e-01
7.384417852741061994e-01
8.004518694583444560e-01
7.872133961022791393e-01
8.187611421954060775e-01
8.616378721051433098e-01
8.463386611548083804e-01
8.386149120164593240e-01
8.255962017346676340e-01
8.610494013501798216e-01
8.417576957994196141e-01
8.077067417623443601e-01
7.654836524846871937e-01
8.711113226547407828e-01
8.275629957764703004e-01
9.270414968324228733e-01
7.801076358038405711e-01
8.438540659991987658e-01
8.547211072332123738e-01
7.786968956243515150e-01
8.395090364218286139e-01
8.621813744870899798e-01
8.852379954719956645e-01
7.987427541034827216e-01
9.118324717958709025e-01
7.818598413943277370e-01
8.117968691124506364e-01
8.305435199223398790e-01
7.774886535350760131e-01
8.338625891827381453e-01
8.386030276633361646e-01
7.792622650143575802e-01
8.287661309102858365e-01
8.829313419301366705e-01
8.839212066201042051e-01
8.457950573201437061e-01
8.358192444922026842e-01
7.890081326418590946e-01
8.401321945673735359e-01
8.056581532947046931e-01
7.738046284441266742e-01
8.565507530229234945e-01
8.105391714428730188e-01
7.918054814226606064e-01
7.502114321947704889e-01
7.543714781163123329e-01
7.952353150591146003e-01
8.063965486465498600e-01
8.885603853568744270e-01
7.677135177830752832e-01
8.162668981268780266e-01
8.009192474365908199e-01
7.540322250161164419e-01
9.137756869585134112e-01
7.512036576117164799e-01
8.519659766797993417e-01
8.321930102433976462e-01
8.155140339494226787e-01
7.376085307340393138e-01
8.562852941374847759e-01
7.694392426555369813e-01
7.951265812291943291e-01
7.716297523976577422e-01
7.909600283954514310e-01
8.898655555756419533e-01
8.250328882362188976e-01
7.952353150591146003e-01
8.482437648129247387e-01
7.942964359566865307e-01
8.604476494712463008e-01
7.921585222064094767e-01
7.701366765829151806e-01
7.201913848746506197e-01
7.459242091761906224e-01
7.719016477807271182e-01
8.473080692441140593e-01
8.081305180855032910e-01
8.413478197033559258e-01
7.291342727405641932e-01
8.890572769087226046e-01
7.560127230435981227e-01
7.566586970727865458e-01
7.983837882991237089e-01
7.581395026549258009e-01
8.434360822671623792e-01
8.866353471442699474e-01
8.677744295042949529e-01
8.112161080790033507e-01
8.079671747494960865e-01
7.909831210088771325e-01
7.961829063901292303e-01
7.978596722764849103e-01
9.029946422034914599e-01
7.763815315733398892e-01
7.630789497401467836e-01
8.315146111138611573e-01
8.197985951585919917e-01
8.010719231079628244e-01
8.074695363057756703e-01
8.717088724658424992e-01
8.718049273870142057e-01
8.326993482648263889e-01
8.823550188457690568e-01
8.908346915425378043e-01
8.276555663287754605e-01
8.086877566014663010e-01
8.671667839167025438e-01
7.986497050578431622e-01
8.200687684381449127e-01
7.466556951501148731e-01
7.472859640512931056e-01
8.896139497066393176e-01
8.872396960791402165e-01
8.067886701871060939e-01
8.252578733896879237e-01
7.729566751161391913e-01
8.820274810125668941e-01
7.738046284441266742e-01
7.320685962067167152e-01
8.409377925122691888e-01
7.962764997365292530e-01
7.871868964297731308e-01
7.659032746829148586e-01
8.712101178957972758e-01
7.732304953243870349e-01
8.216783545435052405e-01
7.671072738471044206e-01
8.213095052981990163e-01
8.978024212011374017e-01
8.456939500455835645e-01
8.390057962822008442e-01
7.597239917981698509e-01
8.922410374151124035e-01
7.889620478671373061e-01
8.123569954649955127e-01
7.678261677193725099e-01
7.996434768819454808e-01
7.420095191622579911e-01
8.103358480969655719e-01
7.085139619411763290e-01
7.967189075883439608e-01
8.533112670319935589e-01
8.258701131463979106e-01
8.644585939177720224e-01
7.554576028755053407e-01
8.540646545593586492e-01
7.439021855461328547e-01
7.614202719948138798e-01
8.165981690352459577e-01
7.923526553754159929e-01
7.485666216739041978e-01
7.478333192964979892e-01
7.981402921999694033e-01
7.756977257301407302e-01
7.777979995640366129e-01
8.984281833158122010e-01
7.654660064077895010e-01
6.956170482228103413e-01
7.754910488060001716e-01
7.698786092903912026e-01
7.980581464103668754e-01
7.943304993690393223e-01
7.692883058885009451e-01
7.562778511383865254e-01
8.531180037639501945e-01
7.798848923995530535e-01
7.985021157207565778e-01
7.606416065938369497e-01
7.284069314628494052e-01
7.464823857322538947e-01
7.945145212685859049e-01
7.716661523950407719e-01
8.093045396002898073e-01
7.953754089139161154e-01
7.599411643447773201e-01
8.360256285208644833e-01
7.945107464583962553e-01
8.120294821564888466e-01
8.779195465182336733e-01
7.841160840258727394e-01
9.671626502788229773e-01
8.571624585194288493e-01
8.321292388428264131e-01
7.522595962164351224e-01
8.394846455750257785e-01
7.465696961408777588e-01
8.070591742614645625e-01
7.479669096738054135e-01
8.051508667782670825e-01
7.925852443287904059e-01
8.594621404192875902e-01
7.361032968041216762e-01
9.109843617351059963e-01
8.628504668678529388e-01
8.406810353137419423e-01
7.123415203106823190e-01
8.056581532947046931e-01
9.194134931314420500e-01
7.523070094713494305e-01
7.805215190003839121e-01
8.590468267841125938e-01
8.079486178938526386e-01
7.196157217909594506e-01
7.843797719420239067e-01
8.711791791878049640e-01
8.638228481191583263e-01
7.946082552154636325e-01
9.220230561465903030e-01
7.542521040728896731e-01
8.166963466295925622e-01
8.265611333848638109e-01
7.371309543524554586e-01
7.561396895406254925e-01
8.992037765504412583e-01
7.895767727117769530e-01
7.506627751876207011e-01
8.546353167703599762e-01
8.648996841962784954e-01
7.648923165584973205e-01
7.242751047004648557e-01
8.071404907959081054e-01
7.937237549000957237e-01
8.524753785744096923e-01
7.784128189863933622e-01
8.120820269818838089e-01
8.351943740165715946e-01
7.844335305884136966e-01
8.291946031970062192e-01
7.415242369950973966e-01
8.788982616505768286e-01
8.991183592339093700e-01
8.146132541286702500e-01
8.041341397310809436e-01
9.306833390417670326e-01
8.145581464879226852e-01
8.237835606977887970e-01
8.320938630961574045e-01
7.295377741105186775e-01
7.368598255477640802e-01
8.916941273172485083e-01
7.773595391256736820e-01
8.304727376829081908e-01
8.209793244392923350e-01
7.878545806913425098e-01
9.427211428381747638e-01
8.358024144990245929e-01
8.077286382543977794e-01
7.834325755762635568e-01
7.396683591893420395e-01
8.192063405626696104e-01
8.096916412163130961e-01
8.237781427189411199e-01
7.947193898773013965e-01
7.284919716083883001e-01
8.702338080976602663e-01
7.900512081217747618e-01
7.861804848435900439e-01
8.008657527453526548e-01
8.396627734215292849e-01
7.722850204101172622e-01
8.202626550961598095e-01
7.730383854489354389e-01
8.141647673100361748e-01
8.718669899130123691e-01
8.556228970421354552e-01
8.685691976487353028e-01
7.573271960565336469e-01
8.703032608768952461e-01
8.725838545611062091e-01
9.074360787074704504e-01
8.413495704474528436e-01
7.438556285867304885e-01
8.407486935037026266e-01
7.925953459315205896e-01
7.497545056151904141e-01
8.245073017106130386e-01
7.383770985513352647e-01
8.143867157585454875e-01
8.102500845893060299e-01
7.490214667682424388e-01
7.101102210655538816e-01
8.098538195414073382e-01
9.755430231425392673e-01
8.732828570160164894e-01
8.717128668719338336e-01
8.101575557795065441e-01
8.619153749256256436e-01
7.996286431444405984e-01
8.112903400567506029e-01
7.448271868298697029e-01
9.217392651322658947e-01
7.956337899134383607e-01
7.685373908979038493e-01
8.416292132884272137e-01
7.602362785422116520e-01
8.575644928232609709e-01
7.704906292356685782e-01
8.751941897005447446e-01
8.326905607291700262e-01
8.623996139461242993e-01
7.807961955791393738e-01
8.307050674365605847e-01
7.984024968763838714e-01
8.904001179851906977e-01
7.933302431010333944e-01
7.418770142049371241e-01
8.715219353751817444e-01
8.451499276283990225e-01
8.193446141058307042e-01
8.079690929948855072e-01
8.312665002006035531e-01
8.826853365413716013e-01
7.752928487399032287e-01
7.501469220081816713e-01
8.599179416011034638e-01
8.542586725378995549e-01
8.868922868151297711e-01
8.626979973049818673e-01
8.899682292711863507e-01
8.446036811186858895e-01
8.184881382072717315e-01
7.987427541034827216e-01
8.237719822421775140e-01
8.365827468764347463e-01
7.328280284107148157e-01
8.587602107080948288e-01
8.022010248643934860e-01
7.667323018532750112e-01
8.079546384747638976e-01
8.550157378613429948e-01
7.507043232797200316e-01
9.166682276724226197e-01
8.713898634801395815e-01
8.624868182077364276e-01
9.280686037513614650e-01
8.222693516600870778e-01
8.328461874089785333e-01
8.723423873439071219e-01
7.575962055553970842e-01
8.167443475331036540e-01
8.033743386265199682e-01
7.601392918910746532e-01
8.894935739202076697e-01
8.828278254675567815e-01
8.406839644458259375e-01
8.506634629176156315e-01
8.279317463603030891e-01
8.176748121954838799e-01
7.118146122385689001e-01
8.003088978386482255e-01
8.189652636501170146e-01
7.968822265122861292e-01
8.292684673726756772e-01
7.685052973937074317e-01
8.751576155620462982e-01
8.441102920698938528e-01
7.886788455470529202e-01
8.500594035726440900e-01
7.063323859522414594e-01
8.568399139557427713e-01
8.828501870745525393e-01
7.595303159872330845e-01
8.412431025497867365e-01
7.622772869348027891e-01
8.309660971783590089e-01
7.345142803589536085e-01
8.916618494493318003e-01
7.418336804787311056e-01
8.910895436979620055e-01
8.836537621888073124e-01
8.885739251637255753e-01
8.031417125949023017e-01
7.798108030844511651e-01
8.219438028573861077e-01
8.400417687248517007e-01
8.315213799675311712e-01
8.182276171154471145e-01
8.403550143834501718e-01
8.525815983594151604e-01
7.303922001901097527e-01
8.368091138317802491e-01
7.497350736206724875e-01
7.585841652142031322e-01
8.308060669335496362e-01
8.333833998484376782e-01
9.053908060345560171e-01
8.154813122647996959e-01
8.412424589968175992e-01
8.530683760945577676e-01
9.172026193699364116e-01
7.571479815723805018e-01
7.519459373557797477e-01
8.082764616359277010e-01
7.739042075062099180e-01
7.401851520261728545e-01
9.053284613656471524e-01
8.181486289126074229e-01
7.938649852536786566e-01
9.161461965372401650e-01
8.593413875190580864e-01
7.668127872633602182e-01
8.117617155997821632e-01
8.789560735200562247e-01
8.070508475277450300e-01
7.563861235329694122e-01
7.099373740301947455e-01
7.770671007320041346e-01
8.068923421367644178e-01
8.252700482266582815e-01
9.662348365983993714e-01
7.859067412181991452e-01
9.326893026901912354e-01
7.645082497408045574e-01
7.303488121578076697e-01
8.236535237217461614e-01
8.025716483157566694e-01
8.068923421367644178e-01
9.100055665233720559e-01
8.746207176692741836e-01
7.522949344358160761e-01
8.372666560022050675e-01
9.232269213282712217e-01
7.639913428930862338e-01
7.619180231398056113e-01
7.045175052526914117e-01
8.816513786113518991e-01
7.544111730171858543e-01
8.378226431263608998e-01
7.869497289806348661e-01
7.768896953694518492e-01
8.350094592119704506e-01
8.737680945654887621e-01
8.971278921730160283e-01
8.063069862088558803e-01
9.343018988335145547e-01
7.562787548600616860e-01
8.066664183905531971e-01
7.377021029393115992e-01
7.967864678788384447e-01
8.157719745103974018e-01
7.335213030453702210e-01
7.934978312228714303e-01
7.575962055553970842e-01
7.766384099755960779e-01
8.904405159283450555e-01
8.559476831218586490e-01
7.080409940772477428e-01
8.474202379649512507e-01
8.220413514378274167e-01
7.942477929137914394e-01
8.808348202165314778e-01
8.306708200400292341e-01
7.884545116862775593e-01
8.169021683475979900e-01
7.639406511189050786e-01
8.202626550961598095e-01
8.549027885039268693e-01
8.450604056526882513e-01
8.338946002661077328e-01
7.540960194045743803e-01
8.643289387003773028e-01
8.697150832565908596e-01
8.449741450466241588e-01
8.313262208695716415e-01
7.602704890392693038e-01
7.857873426427589569e-01
9.435485849051907792e-01
8.433370309212563365e-01
7.578940854740969790e-01
7.730355713710177490e-01
9.321653839581118817e-01
7.571465679831854700e-01
9.027770249215344434e-01
7.503892488300712982e-01
7.946485716404598776e-01
8.077654947287151721e-01
8.860189737079119388e-01
7.211565750912167783e-01
8.983938873178320961e-01
8.607269410489621908e-01
7.686359955631919538e-01
8.305500186018559550e-01
7.190958383342103133e-01
8.500607231990169321e-01
7.615822621684131821e-01
9.072827787333385130e-01
8.750737551244041068e-01
7.693644182811383292e-01
8.590078383844660381e-01
8.673539112477490765e-01
7.985021157207565778e-01
9.135208158101386644e-01
8.358873666216715126e-01
7.884121841861047031e-01
7.367650200849887865e-01
8.476748201297650276e-01
8.844658896021746486e-01
7.763832625314528446e-01
8.394319277059852924e-01
8.310069335269004709e-01
7.183479601189775021e-01
7.836327683845031311e-01
8.460564785725950276e-01
7.322482948650871348e-01
7.258817815436195975e-01
8.386030276633361646e-01
8.922288717695786575e-01
8.610317446610341596e-01
8.185378730109410528e-01
8.242721080936284972e-01
7.333089222230276816e-01
7.912685360259049672e-01
9.089708716713896797e-01
8.228053714725881429e-01
8.102770943854854524e-01
7.889593370237175662e-01
7.494659388982194415e-01
8.339168599867193832e-01
8.930287156864079590e-01
7.567437604919262650e-01
7.766451624900895245e-01
7.974021675785745167e-01
7.586389997773118621e-01
8.430252977475674037e-01
8.862111536483054941e-01
7.935724459914509366e-01
8.883043108296453383e-01
7.939440942303297444e-01
8.883428933459308618e-01
8.138864413388632313e-01
8.043724950219873771e-01
8.045655982633057590e-01
7.385069658039525864e-01
7.522595962164351224e-01
7.394566138549542034e-01
7.615862368331193233e-01
8.840852526229596720e-01
7.914508458135632862e-01
8.066792521594413623e-01
8.744329071323637681e-01
7.945145212685859049e-01
7.944045019915769723e-01
8.894935739202076697e-01
7.766398289162239621e-01
7.527979394585557760e-01
8.455746747280140641e-01
7.120954885148079727e-01
8.091614381685389157e-01
8.638788883314678646e-01
7.324140922229315231e-01
8.376366534658237217e-01
8.465012973827257259e-01
8.282621367718562277e-01
7.658691510195869689e-01
7.507326786744321634e-01
8.142948300837455911e-01
7.609302486532586451e-01
8.181867528912663001e-01
7.429079319669130710e-01
8.091526681725432768e-01
8.143169668732769262e-01
7.564765270524617113e-01
8.078217724342449113e-01
8.746207176692741836e-01
7.286964543027989460e-01
8.305573682066327290e-01
7.425574971272207447e-01
8.454233744569691344e-01
7.698433484227693580e-01
7.819170378404786126e-01
9.092302214480472156e-01
8.074062851498243765e-01
8.419091825298190557e-01
8.742452937322447992e-01
9.129633301835914372e-01
7.287165313851629023e-01
7.905086950681657898e-01
7.996328689398246592e-01
7.623124835813044342e-01
7.248090539152964862e-01
7.714034288197085809e-01
7.647726598063014913e-01
7.745195106448691247e-01
7.957621977257134382e-01
8.800095777189304025e-01
8.501361508460955063e-01
8.362757356616393745e-01
8.623869836079390838e-01
7.566411537156307876e-01
8.734629856836395589e-01
8.049673643899475373e-01
8.385356539242287965e-01
8.274624071516701873e-01
8.540370503642914501e-01
7.929199154789593473e-01
8.273460188586017061e-01
7.805666370268371512e-01
8.110144756116681730e-01
7.034619407472411101e-01
7.747960853082298538e-01
8.022005402433046717e-01
7.786966274353915862e-01
8.671969112441434424e-01
8.450316718193354726e-01
8.235054463900710608e-01
7.859688218916753844e-01
8.380841484894315796e-01
7.836428408449258587e-01
8.565186078890247856e-01
7.796030332732967194e-01
7.323911243241029156e-01
7.447110855822284270e-01
8.564369716486518458e-01
9.230430308177284271e-01
8.042980020648858863e-01
7.907410824796532456e-01
7.881955840637345778e-01
8.864440965862733224e-01
9.109327805617010165e-01
8.505290502970630495e-01
8.120730812410593691e-01
7.472896519357588030e-01
7.421536202680177885e-01
8.095690523953686935e-01
7.162823104757695125e-01
8.831923518513655758e-01
7.714874994605213088e-01
8.550505190513930653e-01
8.278287896736565843e-01
7.568123865824564200e-01
7.791860128823274723e-01
8.268206930719563807e-01
8.346113220144004696e-01
7.469247094346698201e-01
8.723846526939850188e-01
8.307207343894450480e-01
8.569444817047282559e-01
8.222693516600870778e-01
7.716379675475379951e-01
7.694720913784757199e-01
7.988150160912094178e-01
8.288200908893657015e-01
7.617281757415327315e-01
7.956297393101952053e-01
9.130752574360075924e-01
8.213058006927635990e-01
7.304736605551559459e-01
7.492536377992078389e-01
7.754845417070775904e-01
7.296430119804593328e-01
8.130997602675326119e-01
7.544267265746713580e-01
9.773356388110217008e-01
7.481126007000332701e-01
8.478257868573111367e-01
7.885616802864681141e-01
7.415938846767108350e-01
7.666025721514134750e-01
7.866575834191191774e-01
7.977172887880334962e-01
8.060468215049688689e-01
7.536717132180235090e-01
9.169187737158150941e-01
7.193181726198313308e-01
8.888017531473694222e-01
7.329249815068602514e-01
8.491109464972101950e-01
8.369473826941293826e-01
8.004800935361545688e-01
7.600556570012586555e-01
7.942456083825177870e-01
8.249803383834464210e-01
8.462626047177931321e-01
8.325035882139032450e-01
7.972027211401414570e-01
8.349251537032427173e-01
7.741525625130777355e-01
8.009488829483900618e-01
9.125433578177322147e-01
8.152701222059198782e-01
8.195129896663981839e-01
7.891385841394576994e-01
7.480360170072518633e-01
7.766451624900895245e-01
8.518424910025339525e-01
7.946256668189458638e-01
7.135742645312568300e-01
9.012010299254890056e-01
9.549022737160484109e-01
7.614814305836195008e-01
7.571225149966884782e-01
8.653909554231762336e-01
7.269043085358122269e-01
9.089397907118099695e-01
9.149573088396867337e-01
8.413460146152382801e-01
7.120051144736992965e-01
8.746417790244205293e-01
8.388849598115641903e-01
8.691450170530924391e-01
7.422099565474594707e-01
8.037807317392460238e-01
7.516274709171175683e-01
7.491829996270746861e-01
8.479192671290020078e-01
6.822716878950084718e-01
8.342535402068635975e-01
8.867821552425149134e-01
7.720875758406563483e-01
8.091132924685410233e-01
8.488784494873929942e-01
8.651068824061083351e-01
8.188323607854478547e-01
8.319677907762542679e-01
8.047381584916557529e-01
7.748792972855289563e-01
7.980768618247708890e-01
8.245925042111480474e-01
7.546080179668434029e-01
8.592827466689290095e-01
7.035713813504875791e-01
7.152884424155253607e-01
7.227340520104299504e-01
8.098538195414073382e-01
8.398296381887411233e-01
8.431968328457850603e-01
8.943512594593249210e-01
8.073138891302097386e-01
8.578813649735124169e-01
7.768106783851672636e-01
7.767019046140918315e-01
8.396731748436094822e-01
7.799915676362016992e-01
7.613624239015343020e-01
8.717176289929459143e-01
7.888302153500441616e-01
8.349188928882453897e-01
8.970114958372870095e-01
8.600377414899893491e-01
8.750576690130543733e-01
8.502741963523161584e-01
8.611038225649317868e-01
7.876009968212672741e-01
8.565937290752952959e-01
8.781479077606222372e-01
8.159126910752456663e-01
8.837356438911501133e-01
8.311989931437534507e-01
7.999197561829995973e-01
7.004018049039411054e-01
7.972071068615740330e-01
8.552309622228111419e-01
8.416665446740914103e-01
7.591955403606210906e-01
7.604485582265471111e-01
8.921704880300959095e-01
7.771930923062441154e-01
8.427163368241470387e-01
8.231807636917708448e-01
8.800585187855615166e-01
8.180282807201612050e-01
8.320998419856060480e-01
7.825506435176018405e-01
9.097863685354743435e-01
7.701061719561113073e-01
7.114377049760114424e-01
7.880684197131637703e-01
8.694291045645061722e-01
8.573399771469689679e-01
7.944735369107835954e-01
8.777368116353191363e-01
7.591718300881654669e-01
8.433115491200841030e-01
8.260962463843815051e-01
9.015885514069692519e-01
7.396009013642829144e-01
7.453901559174579416e-01
8.514341137910640400e-01
8.416673612039718977e-01
9.045983375913001501e-01
7.589429814680177522e-01
8.420683796527435039e-01
8.789560735200562247e-01
7.574916517209174804e-01
8.869486637537256080e-01
7.760459838076020356e-01
7.634994805277813823e-01
7.445733658274303890e-01
8.009779920719275470e-01
7.731496318070866236e-01
8.628427842039563256e-01
7.775777084475633538e-01
9.006149324071589524e-01
8.114353375026438497e-01
7.429561837533777968e-01
7.992352227665611153e-01
7.709548453977261850e-01
8.412431025497867365e-01
8.280916599234386943e-01
7.822189667679292358e-01
8.145058008505784430e-01
7.448957623403551498e-01
9.070462938162449085e-01
8.712363960644117222e-01
8.075991282280713390e-01
8.792597251452028972e-01
8.792847279515221270e-01
8.591197596006948656e-01
8.207981692314937350e-01
8.438168329725743710e-01
8.937221618146642399e-01
8.300540306613680697e-01
7.652265115626096792e-01
8.847216054321302980e-01
7.675964733376428040e-01
7.828552085228803747e-01
7.960255292658170445e-01
8.954588421991757086e-01
7.471404299005470762e-01
7.864582794243077934e-01
9.078340206916073463e-01
8.770813484761647016e-01
7.469984800257387647e-01
8.495631033844494029e-01
8.535854757462368880e-01
7.130973181547601847e-01
7.803200082580502572e-01
7.531532323725551592e-01
7.864232345674850855e-01
8.149134710945742377e-01
7.227718306651108593e-01
8.050294680255318802e-01
8.086135395403427628e-01
7.987756866520491217e-01
8.304727376829081908e-01
8.424997534775116037e-01
9.144127983659475767e-01
7.568278992300381258e-01
7.652265115626096792e-01
8.436405668012368908e-01
9.302654393757300300e-01
8.023745769042711640e-01
8.889374422533175002e-01
8.229070733013843508e-01
8.303846986847480682e-01
7.215009099414255722e-01
8.060303164164036582e-01
7.947193898773013965e-01
8.314033346361602295e-01
8.497142591021861202e-01
7.374534231186781197e-01
9.164397555897378922e-01
8.159416808564688983e-01
7.603283275039293132e-01
7.787628347658372974e-01
8.685600650901661446e-01
9.714917764360061492e-01
7.827057522061854344e-01
8.743538358533319288e-01
7.680844561051380914e-01
7.775292407606380074e-01
8.222643767655584135e-01
7.496268029254188336e-01
8.193678368081989127e-01
8.203497837347286659e-01
7.510517799227244273e-01
7.609704791858357131e-01
9.062497825163536858e-01
7.944840584774636172e-01
8.353836676618646706e-01
8.557069068799274536e-01
8.551511943759415590e-01
7.566537277076372803e-01
8.901232028477209512e-01
9.391075990428850995e-01
8.731667608903839195e-01
8.120682146081642516e-01
9.213953891934023588e-01
8.816552758670994638e-01
8.762224509472386069e-01
8.341316812925368973e-01
9.097691595357001448e-01
7.076907442017725813e-01
8.061267839870298602e-01
8.145223591341397285e-01
8.041613671658576212e-01
8.359929976735428481e-01
8.099961257697709804e-01
7.978734047784360461e-01
8.283280344913230842e-01
7.694740787935498982e-01
7.930179116308825327e-01
7.498688447807552171e-01
8.830383726732529137e-01
7.586104210490063338e-01
7.708700253143859760e-01
9.016561581505162515e-01
9.182195242288885284e-01
8.701530483222914558e-01
8.130358508188961775e-01
8.566782112973648777e-01
8.405287286474336650e-01
7.200133287517005432e-01
8.017830610761434995e-01
8.558159700511767110e-01
7.497634906390444609e-01
7.443114160168025073e-01
7.978404813765859194e-01
8.138587390128296795e-01
7.983536563465066793e-01
8.146389654625396659e-01
8.357856567817096849e-01
8.145454101678580860e-01
7.772374548142750861e-01
8.047532974535072103e-01
7.963320590147924261e-01
7.473951644185093945e-01
7.730098403916350058e-01
8.026590397410025002e-01
8.396460246941216399e-01
7.728019028468056106e-01
8.149746314197580110e-01
8.934767396937716155e-01
8.608648544053278950e-01
8.173840437658332903e-01
7.193520480511745863e-01
7.498553701911533365e-01
8.657051491620008088e-01
7.133556471979763947e-01
7.698963639031487505e-01
8.241113192255771214e-01
8.469747219704856223e-01
8.418182732894005094e-01
8.494207372622259999e-01
7.662926517488221068e-01
7.882038743040556961e-01
9.357843794015860972e-01
8.150597873166635088e-01
7.241589150490056470e-01
8.812464128837739219e-01
8.297001461768439556e-01
8.547719632029368020e-01
7.774684100440737433e-01
8.969701000153984527e-01
9.183303373816377180e-01
7.451536589064403637e-01
8.735406108615983989e-01
7.523007725109026600e-01
8.189015881092480686e-01
8.711157230115298411e-01
7.963031479954107983e-01
8.115247772418979766e-01
8.363905486878038253e-01
7.912045705969129594e-01
7.702276217860447582e-01
9.284866537602454173e-01
8.486350838808919272e-01
8.207832068664011604e-01
8.437428161533518933e-01
8.867940148994055694e-01
8.888856619170365514e-01
7.733939252087490557e-01
7.441986520246738346e-01
7.511320737963212979e-01
8.412231627346458129e-01
8.631933331590614378e-01
7.607481027222096071e-01
8.398742455275058916e-01
8.819697954623249014e-01
7.933378704030978890e-01
8.644585939177720224e-01
8.296727345440417789e-01
7.553849983561389259e-01
8.390696933470226382e-01
7.386245307290953965e-01
7.676199710823229383e-01
8.145612373379311766e-01
8.180437812021273958e-01
7.879485164197306268e-01
8.111272689159937377e-01
7.589557128334026848e-01
8.657152067868003620e-01
7.681544264005722988e-01
7.585841652142031322e-01
7.797364401298971792e-01
8.520928808366663443e-01
7.728252564204347586e-01
8.147030758217840285e-01
9.163436398601121358e-01
6.945095797260985027e-01
7.814736714337360279e-01
8.549175379079674286e-01
8.669915994378283308e-01
7.400724825960071085e-01
8.934779072942365952e-01
8.150651934477761706e-01
7.945145212685859049e-01
8.707842727868047028e-01
8.246851000302505286e-01
7.891161877866990082e-01
7.774886535350760131e-01
7.693215624225718807e-01
7.791316086701361998e-01
7.870279849691294016e-01
7.802132953145365368e-01
8.027277001503497766e-01
8.761730734436747881e-01
7.508984946418629791e-01
7.478074131347032250e-01
8.951797535942097594e-01
8.988343436468332337e-01
7.129096997934641911e-01
8.495631033844494029e-01
7.503400155677254491e-01
8.004311242322017517e-01
7.761109021878426217e-01
7.249868185063105264e-01
8.444382271615141766e-01
7.894535715040950086e-01
8.904592089401628385e-01
7.171579564447957411e-01
7.690694628496654861e-01
8.976027757627930148e-01
8.723596577314395306e-01
8.082679524601726895e-01
8.556002628014912625e-01
9.422457705425422159e-01
8.890756601248085422e-01
8.354078502904696002e-01
8.691163642618868757e-01
7.289182018896941395e-01
8.090051739529613428e-01
8.042309363285758961e-01
8.089094559011181795e-01
7.818815528408301629e-01
8.112120974311193278e-01
8.800585187855615166e-01
8.363715154559617782e-01
7.047160323190621023e-01
9.615005952751813911e-01
8.334230899308767704e-01
9.048959327060580593e-01
8.800852201208476666e-01
7.948559510081610879e-01
8.313262208695716415e-01
8.153311951894096632e-01
7.690809913257093955e-01
7.474395641650185551e-01
8.982069514692909706e-01
8.886061897517822938e-01
8.266342146215720499e-01
9.671626502788229773e-01
7.579929162902123707e-01
8.099263235005143002e-01
8.793667967712208711e-01
8.497204036412161487e-01
7.995992481331499757e-01
8.078217724342449113e-01
7.318496489232382274e-01
8.877287378463633027e-01
8.124755862624103431e-01
7.638704642202517325e-01
8.304629049788844197e-01
8.220833985662873156e-01
7.345756768100002443e-01
9.090108146571235226e-01
7.530775280586213816e-01
8.722932536584165897e-01
8.567116275264660130e-01
8.259464890924977931e-01
8.771812045825047033e-01
7.732651808188075737e-01
8.870836090006444241e-01
7.096050966523723691e-01
7.942697777213694188e-01
7.928124124940366668e-01
7.396017440133889620e-01
8.288726120468986602e-01
7.902458735003458079e-01
8.601562622178923201e-01
7.570846528929954244e-01
7.884126317026565189e-01
7.064966692262023562e-01
9.095768441472750210e-01
8.704437506693052384e-01
7.477578087956390229e-01
7.850351048597894454e-01
7.690809913257093955e-01
8.305234850454207285e-01
8.654659282821072219e-01
7.935501961771439516e-01
9.403455572444575639e-01
7.257513197823628470e-01
8.395928801402762209e-01
8.390835274336229110e-01
8.587260385375898863e-01
8.154140618168104204e-01
7.883995841855144793e-01
8.141727355219401385e-01
7.214870233873048599e-01
9.134673606960703740e-01
7.229282602013028525e-01
7.669602098722909655e-01
8.048686199916373907e-01
7.737925462177158709e-01
8.360926565939384991e-01
8.788800465327782918e-01
7.680844561051380914e-01
7.265014410482379947e-01
7.262177389890349666e-01
8.107667539013501123e-01
9.017507790943021240e-01
8.302776395147000166e-01
8.740317703287971973e-01
7.901894698553652008e-01
7.573399167414792688e-01
7.922397940244845227e-01
8.083608267760363786e-01
9.785290795872728653e-01
7.305895698984646858e-01
8.572762273082551454e-01
7.039010008080777148e-01
8.645487565734750746e-01
6.506882045560460348e-01
8.716685109462208869e-01
8.407621246681885596e-01
8.173479798615793657e-01
7.823304831506181500e-01
8.100640346573725337e-01
7.782393381606937943e-01
8.958357342885798769e-01
8.238649795670122122e-01
8.107667539013501123e-01
8.499193649776585202e-01
7.291531568247467954e-01
9.200103698652652984e-01
7.502894935709720770e-01
8.423777341799736362e-01
8.962262078712991409e-01
8.458553547928799876e-01
7.160263089240307410e-01
9.253137838284933858e-01
7.663624549250563911e-01
8.049612859375457896e-01
6.913196259082756701e-01
8.579739385765084991e-01
8.360326329808447365e-01
7.829638270269908551e-01
7.544111730171858543e-01
8.231521750958474826e-01
8.076737620742607815e-01
7.888021784325776053e-01
8.704669738174957150e-01
8.346780382611533877e-01
8.249569758997938873e-01
7.791341991245018805e-01
8.127845512755148549e-01
9.270734698441113197e-01
8.954966093007264982e-01
8.898539760326958925e-01
8.171283316894563109e-01
7.044024065892899866e-01
8.430410922482332037e-01
8.795117939744255819e-01
8.309337561692129448e-01
8.358740963692122827e-01
8.471081719890786177e-01
8.496472243820738512e-01
8.573462974646559598e-01
8.398760152782084321e-01
8.422363555304290816e-01
8.484008676452884368e-01
8.792235483675854280e-01
8.041896528930203569e-01
7.731496318070866236e-01
8.002091393670250907e-01
8.979332982425923815e-01
7.335342716103436800e-01
7.850376458699442894e-01
7.814707011423420724e-01
9.145293243422986107e-01
8.314924620732877525e-01
8.726182742918168200e-01
8.184261697100373434e-01
7.609375238325574164e-01
8.001026546615613855e-01
8.246441248006064484e-01
7.889998827193236419e-01
8.741541090839158867e-01
8.712111221793309435e-01
8.894834583959033703e-01
7.919377083850275278e-01
8.626893361035066210e-01
8.059272696139849756e-01
8.946054780877747969e-01
7.021210253590847161e-01
8.063974160047640005e-01
7.777234748560450939e-01
8.058763875661402176e-01
7.938699701562712541e-01
8.524086402122125206e-01
8.954966093007264982e-01
8.175177915787754657e-01
7.476305338030793113e-01
8.540935486530292220e-01
6.496887059438640755e-01
7.704579485198517208e-01
9.377253393811934012e-01
7.567694516461006549e-01
8.460402924753546161e-01
8.484748659736519594e-01
8.819336869728131578e-01
7.154773652185177912e-01
8.073370669757793383e-01
8.568838883631014758e-01
7.571555140561520014e-01
7.625386354161096669e-01
8.388849598115641903e-01
8.491936311782992686e-01
8.575600385555238736e-01
8.411517658875660164e-01
9.161497083231853189e-01
7.531616871244969369e-01
9.056561159865926802e-01
8.891011684690720562e-01
7.682931967947674856e-01
8.209589827289363040e-01
8.348064608282230736e-01
8.490342511145017035e-01
8.574302512374564200e-01
7.522412158475857424e-01
7.247265039276540310e-01
7.851513357709980490e-01
8.132400317878881735e-01
9.027459789351395258e-01
8.869545887230849690e-01
8.619260920388379654e-01
7.383856073842802736e-01
9.393727881026077142e-01
8.538721245504802271e-01
8.259991273889634167e-01
7.936745407016086995e-01
7.919796616679399826e-01
7.998032492880362554e-01
8.149944043615396927e-01
7.760911782544359649e-01
9.187251622141081597e-01
8.213563898567232124e-01
8.462577143536342827e-01
8.309044641391524211e-01
8.507014406717036126e-01
8.375702061741819859e-01
7.950247624654547263e-01
8.505982169252538361e-01
7.947087638463240511e-01
7.581967627778520846e-01
8.575797637992750300e-01
8.518626852141877315e-01
8.023175382338390005e-01
8.498222190405257948e-01
8.630950841972491183e-01
7.614694093239267048e-01
8.416673612039718977e-01
8.984124600993962373e-01
7.891960934401102135e-01
8.192409323687135370e-01
8.912370289881125229e-01
8.254827007780047854e-01
7.100067302926453827e-01
8.483113468846916749e-01
8.958044153681298249e-01
8.447292964093369161e-01
7.330604463695628015e-01
8.806831489067409313e-01
8.588621913195866320e-01
8.166304581631513848e-01
8.787982783316690139e-01
7.639134388443084012e-01
8.303775863824904846e-01
8.164444068660970943e-01
9.137756869585134112e-01
7.942688232990985364e-01
8.823123388667706291e-01
8.389383965949656075e-01
8.190289015845759746e-01
8.557899143311167300e-01
8.663930814494333887e-01
8.129217160997856961e-01
8.097753854247902172e-01
8.481800212482925039e-01
7.827157673587612496e-01
8.941561929798964581e-01
7.907511638331993220e-01
7.703953356140637032e-01
8.595398771013372796e-01
8.423203312400201481e-01
8.485803749978050314e-01
8.659353508673929278e-01
7.819448781714763985e-01
8.091293450648431307e-01
8.080469054889515279e-01
8.145961494877815845e-01
7.585239269255105166e-01
9.070744146719391665e-01
9.150678119909996244e-01
9.366287028833212291e-01
8.248934184108837053e-01
