8.908416291089711336e-01
7.631605954827601623e-01
7.757341918600032526e-01
7.915027698171657189e-01
8.175177915787754657e-01
8.457827048357877686e-01
7.664300189316411993e-01
8.275435639659481923e-01
7.179987092328397047e-01
6.956350240401159013e-01
8.008230429852312149e-01
7.892293763027069531e-01
8.358740963692122827e-01
8.481895742441585284e-01
7.123457998651273604e-01
8.221393246796799836e-01
8.726182742918168200e-01
7.658574070727237615e-01
7.970639132107744107e-01
7.942584573742236254e-01
8.304378475902737256e-01
8.477630234524609065e-01
8.073144548231491191e-01
8.145463736617822859e-01
8.650431621430775264e-01
7.766229582216946925e-01
8.547129213976787376e-01
8.533794970579109407e-01
7.192748569429945338e-01
7.216421160096802012e-01
9.104867314298473735e-01
7.833616658643657304e-01
7.815377677753561070e-01
7.180130097431617342e-01
7.891489545829354357e-01
9.183700832658840962e-01
8.768576258374101151e-01
8.202626550961598095e-01
7.607616976080672222e-01
7.688517196129431852e-01
7.893743240952910689e-01
7.859688218916753844e-01
7.890081326418590946e-01
9.026640450017264783e-01
8.558229231035604512e-01
7.944982915419743774e-01
7.717297031274273911e-01
7.295377741105186775e-01
8.893245215709972840e-01
7.709235986416353992e-01
8.473849848816071839e-01
7.963890355409615207e-01
8.204166656627459586e-01
7.218376499612670916e-01
8.725424619244201985e-01
9.343018988335145547e-01
9.161433679532101637e-01
7.777054057139990428e-01
9.031711549845462539e-01
8.744395784167370289e-01
7.680771825790726481e-01
7.598372554966404957e-01
8.027198389534517808e-01
7.669086002294390747e-01
7.400303871354325658e-01
8.341934314149160867e-01
7.785141258797934061e-01
8.092860345225063590e-01
7.538138637414192322e-01
8.022478302029986130e-01
8.385774817826024963e-01
7.565381338256421673e-01
7.623155102639910252e-01
8.058763875661402176e-01
9.032971512136908077e-01
8.056030078109457371e-01
8.041306110705449539e-01
8.326013499445396038e-01
7.538697821702725621e-01
7.339670726370050025e-01
7.845555123993359636e-01
7.431977322741861736e-01
7.952234797708810365e-01
8.221590050179727882e-01
8.298418082084071390e-01
9.351074465536660663e-01
8.349756471313807271e-01
8.234593746409772930e-01
9.053908060345560171e-01
8.551511943759415590e-01
8.674083501312903621e-01
8.298821035391196199e-01
8.296240336700170248e-01
7.628472499807320562e-01
8.586545487764151163e-01
7.824983677127143045e-01
9.079098389391451196e-01
8.752604052491117503e-01
9.018228397157288523e-01
7.664056260973958201e-01
7.337604272709172815e-01
7.823314537422756398e-01
8.757901250603128407e-01
7.435311142039666699e-01
8.891011684690720562e-01
7.367393058721919408e-01
8.162051027293204530e-01
7.509926608093613343e-01
9.011419526336057473e-01
7.617956684997705397e-01
8.666415620848255674e-01
8.901134686140125263e-01
8.019128960127044348e-01
8.250494398439204291e-01
7.709893505408881298e-01
8.555231105524084834e-01
8.081273188901521021e-01
7.455646538199297568e-01
7.951754115610653040e-01
8.518077925540787909e-01
7.628644694881207000e-01
7.857613183035087046e-01
7.235400457959473286e-01
7.968262081022127186e-01
8.256743999099843689e-01
8.016885267916356028e-01
8.292684673726756772e-01
8.213607083285661137e-01
7.806014504310562208e-01
8.057230371439312311e-01
8.226993331579394164e-01
7.399596135002216579e-01
7.943916730142454030e-01
7.984242592777078817e-01
8.688378654868049722e-01
8.393820686437573064e-01
7.714284508761111159e-01
8.125953673291219648e-01
7.753055810556920280e-01
8.528936493680171482e-01
7.737112225240647678e-01
8.861868990349818231e-01
8.123733741226383254e-01
9.511573982012051509e-01
7.970163346943487381e-01
8.564048716794079308e-01
8.448383839973282461e-01
8.061267839870298602e-01
8.906679109848923970e-01
7.115452542524789425e-01
8.938624636644242338e-01
8.817743208930557408e-01
7.711086311564412377e-01
7.426693869479883414e-01
8.033601605230165088e-01
7.936681159129482799e-01
7.825203520638647214e-01
8.066238826224548797e-01
7.955972038320996420e-01
5.540195634902607136e-01
7.204515945845143543e-01
7.436296549738938833e-01
7.990012060600976129e-01
8.734516510120452493e-01
8.041547215922641989e-01
6.579654132034262748e-01
8.046085077511709871e-01
7.829256909040287482e-01
7.926920645427654177e-01
8.348064608282230736e-01
8.239310293577286615e-01
7.418770142049371241e-01
8.669486483407675692e-01
7.836348613889048131e-01
8.477382183035424568e-01
8.699400689884775328e-01
8.010894141227983267e-01
7.233398972314701858e-01
7.168331746016933792e-01
7.511786889420850599e-01
8.165062037611580115e-01
7.579841918140212131e-01
8.263647215616675146e-01
8.066153339071335804e-01
7.766356799818253664e-01
7.578478929109001561e-01
8.462252731226670432e-01
8.486038517809183501e-01
7.891389442392893194e-01
8.472825481760500876e-01
7.816236550180422071e-01
8.319259230542124239e-01
8.438168329725743710e-01
9.126548263418571283e-01
9.116919902931003294e-01
8.439917474684932586e-01
8.955398725347041289e-01
8.763259025356820997e-01
8.826544243644861565e-01
8.719231847717504591e-01
8.509370536066962476e-01
7.597723921116520396e-01
7.402360780696540798e-01
8.022659443152373449e-01
8.679874473749096264e-01
7.865488655969384846e-01
8.406174670507438051e-01
8.015394141374552195e-01
9.199632810623801227e-01
7.467049169630971539e-01
7.766622127657155650e-01
8.061461738407634803e-01
9.688925326213763123e-01
7.937822616901739625e-01
8.286163702271907017e-01
8.758769114911046927e-01
7.878965571900142795e-01
6.937517037579367107e-01
8.240027879348990059e-01
6.959587579752962716e-01
7.983506099406411094e-01
8.929133204334893659e-01
7.685885757356590853e-01
7.666017595211604974e-01
8.671083547661302404e-01
7.039234735298133261e-01
7.950247624654547263e-01
7.808871675254926981e-01
8.387973721500014967e-01
8.559972572494172205e-01
7.977006719986178274e-01
8.338243262932190092e-01
7.254409000864588952e-01
8.084935220290688784e-01
7.742699666905955569e-01
8.239848219123683259e-01
8.585684255419028243e-01
8.277219878563796263e-01
7.694532358614984968e-01
8.486972740117449954e-01
8.887317072586549127e-01
8.253567529169921757e-01
8.344428017979668155e-01
8.132939623165793552e-01
8.254939535979662901e-01
7.699653321852110155e-01
7.925314993867125235e-01
7.181458706766912226e-01
8.803224708967898327e-01
7.452169580823151396e-01
7.675739644189151223e-01
8.200917589631872007e-01
7.605638361380864243e-01
8.075633946217755099e-01
8.099314442460960883e-01
8.284879534736723228e-01
9.083329168134521847e-01
8.267788912953473179e-01
8.883226208257753997e-01
8.398296381887411233e-01
8.854938287676533681e-01
8.181653556521856219e-01
7.212860508364302703e-01
8.629022057155176784e-01
7.408693170887501456e-01
8.235025797394854852e-01
8.454761825895796834e-01
7.733134564885254525e-01
7.529338083245158408e-01
7.203969290088853006e-01
8.704942784155240698e-01
7.836077101351422991e-01
8.387598674800107457e-01
7.965883059170048019e-01
8.246851000302505286e-01
8.237202907454758138e-01
6.826092079484814557e-01
7.911883298231048300e-01
7.959447278501431411e-01
7.644513676399535829e-01
9.144416625974944868e-01
7.582871269092548161e-01
8.847216054321302980e-01
7.697592653835854115e-01
7.615260276485460444e-01
7.365576763024337392e-01
8.510819425564899454e-01
8.544638542848854712e-01
7.634191145477094986e-01
8.210146786571489441e-01
7.934989680618605989e-01
7.965703046885520555e-01
7.553196559426804679e-01
7.433554715556623949e-01
7.510457893673466723e-01
8.329900563729285556e-01
8.991927165692197299e-01
9.008938827854493514e-01
8.172968845913725078e-01
8.123863520402728744e-01
8.390060342114085135e-01
7.549425969215504129e-01
8.341806713882274904e-01
7.297600051846657720e-01
8.852428350019585501e-01
7.765567090589023946e-01
8.723353735403894804e-01
8.071404907959081054e-01
7.697801854800055965e-01
9.133117486848126854e-01
8.400387589679582101e-01
7.985445062001973460e-01
7.287165313851629023e-01
8.133235039264062882e-01
7.974333220212791451e-01
7.642394583598860480e-01
8.667872821612278011e-01
8.230584174295679789e-01
8.546537537753526870e-01
7.184788492980338503e-01
7.811562284793085453e-01
8.931695669254052783e-01
7.808665871445401585e-01
8.826727304853559941e-01
7.224070796929928928e-01
8.812609196712931636e-01
7.752923372789811696e-01
8.277677586470477689e-01
8.759164261527528916e-01
7.823190066306550117e-01
7.209631804267547794e-01
8.176478139469363082e-01
8.582280127410091275e-01
8.600625308869881414e-01
7.210278920771824307e-01
8.682092301827875058e-01
7.867959081479394268e-01
8.295293040230226067e-01
7.307517651736443742e-01
7.646699231186551149e-01
8.675468295030677179e-01
7.841011929782023548e-01
7.701206656876261603e-01
7.336188768316355135e-01
8.503101817192034728e-01
8.704479533476281450e-01
8.839742669487604676e-01
8.092860345225063590e-01
8.141539291300514680e-01
9.172026193699364116e-01
8.252628953334615325e-01
8.119318823249491723e-01
7.916617729931885172e-01
8.904105657766799853e-01
7.980856895148817909e-01
7.711851074586799637e-01
7.677681258365033345e-01
8.679227218365486163e-01
8.147030758217840285e-01
8.921674563486946541e-01
7.138327461136004803e-01
8.540301501322826727e-01
7.835883704024662055e-01
8.476325242994822151e-01
8.351390586469885635e-01
7.541735966617282294e-01
7.240932540261842965e-01
7.604558038411759480e-01
8.299178441050530930e-01
9.248282655410632325e-01
8.218911467921983238e-01
8.035876180304118988e-01
7.937014631432998124e-01
8.347865755620014205e-01
9.061872317752194261e-01
7.886549643743545612e-01
8.557609350664416858e-01
7.096696079389714917e-01
6.826513700729900380e-01
8.557533268415474792e-01
7.633081481701653459e-01
8.206355963211643401e-01
8.224073110274419118e-01
8.991092881530583503e-01
7.378941437505169842e-01
8.452999484694071475e-01
8.932358304735480425e-01
9.106440016173705798e-01
8.254065192739598045e-01
7.507210463753507534e-01
8.696730354687396414e-01
8.314993045919072401e-01
8.069874850006403255e-01
9.820430474321113490e-01
8.145426385986448414e-01
7.667323018532750112e-01
9.353003948166145332e-01
8.121286405523409080e-01
8.475577325606445944e-01
8.100640346573725337e-01
7.972550546569969754e-01
8.021577658418301837e-01
8.408323745917517522e-01
8.466151262742116490e-01
8.386709382810546565e-01
8.818091766149122046e-01
7.510776296069900937e-01
8.047524162012981153e-01
8.228026016252250052e-01
8.863831298560599370e-01
7.658691510195869689e-01
7.536502482227007693e-01
7.126458203432495253e-01
8.146192068100136519e-01
8.050669879815990360e-01
7.966731286845404325e-01
8.915686852883497604e-01
7.881811681007898640e-01
9.426489919905093329e-01
8.947136985701326095e-01
7.627819052508182374e-01
8.514759693651144934e-01
8.325720374907833454e-01
7.847418489482327342e-01
7.891489545829354357e-01
9.093416699691417859e-01
8.278463206472304048e-01
8.357997180064199449e-01
8.051798158019886076e-01
8.249725980098003841e-01
7.605638361380864243e-01
8.084459570323175859e-01
8.606193549648659680e-01
8.359802103527693706e-01
8.724259759701593619e-01
8.471454368124879952e-01
8.854990080673929009e-01
7.300187036327120405e-01
8.521367970847151252e-01
7.901220371663275621e-01
8.128010985950706591e-01
8.076493344838011623e-01
8.526448829994118794e-01
8.348124489305887019e-01
7.970331116106454949e-01
8.290628496720418017e-01
8.966529282457206262e-01
7.821487089181364816e-01
7.139902050216883067e-01
8.188130742074157808e-01
7.818239781456084447e-01
8.857312907753068787e-01
8.268719146884548898e-01
7.308114485347897427e-01
9.126239404602172200e-01
8.198218676172862596e-01
8.378930212898264562e-01
8.253445055922988827e-01
8.356536928761376659e-01
7.896116469287426387e-01
7.096050966523723691e-01
7.923767152352951815e-01
7.556470299286629499e-01
7.514643907226826736e-01
8.146304275163284148e-01
7.938694501317987706e-01
8.788336815318896766e-01
8.503153270379542050e-01
5.540195634902607136e-01
8.105342427714880005e-01
9.296367536698021405e-01
8.269369103537926868e-01
8.337749162929807278e-01
7.789411317728162087e-01
8.697169595640439343e-01
8.316977599688930578e-01
7.396505201947066732e-01
8.354862796804004565e-01
7.961837322962208585e-01
8.294341756667894527e-01
7.374534231186781197e-01
7.658690554025733288e-01
9.869458352367534992e-01
7.338776209236673731e-01
7.748356537574597747e-01
7.616463734237893801e-01
7.815416498796801115e-01
9.307878832319473883e-01
7.733580970396638499e-01
7.977102322229105980e-01
8.134593695663537849e-01
8.446310075699459130e-01
8.824968780557903569e-01
8.546501509134905028e-01
7.199606740350565914e-01
7.418789004443048229e-01
8.448583938293866558e-01
7.403402621922923199e-01
7.567694516461006549e-01
7.587242428799760852e-01
7.411697710988511822e-01
7.463151476486172831e-01
8.406174670507438051e-01
7.760434189479217260e-01
7.785453015515885200e-01
8.564528394153673174e-01
8.146649622138059099e-01
7.093596132992027181e-01
8.200374860891704865e-01
8.226533622254000866e-01
7.990013703859446537e-01
7.625359260567897701e-01
8.702749763274970629e-01
7.797193464387134343e-01
7.666181008906902683e-01
7.591564714400650393e-01
8.354941830949940140e-01
8.045599630666551150e-01
8.388012465854493005e-01
8.432294888231780527e-01
9.530553072543936910e-01
7.805580084643373162e-01
8.431558849756817242e-01
8.136116590307043150e-01
7.465850490775867154e-01
7.844697334372818798e-01
7.070270846995588832e-01
7.527001871631512353e-01
6.882559554285704317e-01
7.694990313068716947e-01
7.609634766006837525e-01
9.071441306164452767e-01
8.711157230115298411e-01
8.698320243423334208e-01
7.715563434581261815e-01
8.882296285840548533e-01
8.924562438480350135e-01
8.320614308733613740e-01
8.072876771640796756e-01
7.584653619364263299e-01
7.715134040708095942e-01
7.876855075140896112e-01
7.606806051692945880e-01
8.364680178232114516e-01
8.592619098790622578e-01
8.197525175134925401e-01
8.158429572155948550e-01
7.467493590913253376e-01
8.661909848552310498e-01
8.422336990641643428e-01
8.201626695637099784e-01
9.000279593418621937e-01
7.480628834056456400e-01
7.789926156266098189e-01
8.243696178324059209e-01
7.167155908276657827e-01
8.988369314144264433e-01
9.013425655224596156e-01
9.207588151053551773e-01
8.289946222799304820e-01
7.901894698553652008e-01
8.274260934506749710e-01
8.243212957494733262e-01
8.235808898718861570e-01
8.443439350911109420e-01
9.377414871272786723e-01
8.278421697115893041e-01
8.576104150737815512e-01
7.553786006847378331e-01
8.721418682222624730e-01
8.279457027817217485e-01
8.015901187533428507e-01
7.219008071847607955e-01
7.807214352321811823e-01
7.892673520682191857e-01
7.627533751945215768e-01
7.731735348872124103e-01
7.639406511189050786e-01
8.201626695637099784e-01
8.780905873806125195e-01
7.550233047888290638e-01
7.610788995636249554e-01
8.243919035315584454e-01
8.245708517483402167e-01
9.029552881564224531e-01
8.747991145157927306e-01
8.049622813277341749e-01
8.552669990756981422e-01
8.200849066792480491e-01
7.853093499756141904e-01
7.986063205494253747e-01
8.491144497686016201e-01
7.881293066661488878e-01
8.366144554667092059e-01
8.916587724234611434e-01
8.071877373244128462e-01
8.319143714051592253e-01
8.382110176475369157e-01
8.089555178984486616e-01
9.020742283465792433e-01
8.107667539013501123e-01
8.203680300081482857e-01
8.521842840222985105e-01
7.568198800516067193e-01
9.491664278902851581e-01
7.705939522493090443e-01
8.492185310685272936e-01
8.135414094730620826e-01
8.119904564880841003e-01
8.607269410489621908e-01
8.728524974894393829e-01
8.448891703876946213e-01
7.066844963988119233e-01
8.706322059965203586e-01
8.646768052857122244e-01
7.998115274295105603e-01
8.265616808788794900e-01
8.346780382611533877e-01
7.711462532657872293e-01
9.106209938889098243e-01
9.091431486281883467e-01
8.955503108112794486e-01
8.309935083198518591e-01
7.767834878692733147e-01
8.696800679717016092e-01
8.362608759451995999e-01
7.027041001401310716e-01
8.459977883887376260e-01
7.852262926261887044e-01
8.524753785744096923e-01
8.903884580332193099e-01
7.727230944432931237e-01
8.712900075084304419e-01
7.754506055545448140e-01
7.665922637688734609e-01
9.129760821069449195e-01
8.183973222128985148e-01
7.422800085932977909e-01
8.031098642206573324e-01
8.295851466793736639e-01
8.404971800523004521e-01
8.227536412757564532e-01
7.907788048498265443e-01
8.809804645350246544e-01
8.540225412163566787e-01
8.081624977232492180e-01
8.562441958993270985e-01
7.792203650057020203e-01
9.427557147140792626e-01
7.656509142064996665e-01
8.877198164837558636e-01
7.930513504570796401e-01
7.917881536784983076e-01
7.944697407920062737e-01
8.441113596043063882e-01
8.617850106816823397e-01
7.371309543524554586e-01
8.398047823613032925e-01
8.798057299396080388e-01
7.830891969438925626e-01
7.907067279403671156e-01
7.995590373599137379e-01
8.773290416236203537e-01
8.169785579342492277e-01
6.905670802644423567e-01
8.140079679985584571e-01
8.027630079778459438e-01
8.743837902908931925e-01
7.880339020484037338e-01
8.031417125949023017e-01
8.009979046942997671e-01
8.906081344290910362e-01
8.146619017886819192e-01
7.711851074586799637e-01
8.201626695637099784e-01
8.705248078415097623e-01
8.371099791591105621e-01
8.050487436478809267e-01
6.747567170491843846e-01
9.373821507710672352e-01
7.086387532576978732e-01
8.294881958291446811e-01
8.365962315284953821e-01
9.160526565662909793e-01
8.719169841663471088e-01
7.664619269265884327e-01
7.559844782743757596e-01
7.120544366481446064e-01
8.110171372338520479e-01
8.064292936049956007e-01
8.263655647547171190e-01
9.034651810126581584e-01
8.007981785513269557e-01
8.560739843031465179e-01
8.694365762291913491e-01
7.436610075429286315e-01
8.419787709230382999e-01
6.881998037039329663e-01
8.285350558992868875e-01
7.495431021040334096e-01
7.555157902961294747e-01
8.953585157317578425e-01
8.210835074282722967e-01
8.830058487514984567e-01
8.002515071712623662e-01
7.411697710988511822e-01
8.264552993054179453e-01
7.974815055067845382e-01
7.929592727222268822e-01
7.671574670498360060e-01
8.242679374996083608e-01
8.386757052361075715e-01
7.617284406574639233e-01
7.405529222981234172e-01
8.063974160047640005e-01
8.718407321178349711e-01
7.478333192964979892e-01
8.015358798014839969e-01
9.055328363388679414e-01
8.594362938532683627e-01
8.214886266196562703e-01
7.244782945121083229e-01
7.674232410110685132e-01
9.298834184472299924e-01
7.735064412470757933e-01
7.351644931345332479e-01
6.988558249265067746e-01
7.676855657179717518e-01
7.651431322605671825e-01
8.248440612223890689e-01
8.107297058433441395e-01
7.491405347076276477e-01
8.208703347011812035e-01
8.080808111447463915e-01
7.982140888764897024e-01
8.694939944952950750e-01
8.471292077860033132e-01
8.677475459032440996e-01
7.217444835591594332e-01
8.492185310685272936e-01
8.436847384224838153e-01
7.938545854641867461e-01
8.456946505048011931e-01
8.176069254647719831e-01
7.519599353021410026e-01
7.680064005084215051e-01
7.710799167639263985e-01
7.061501580782313381e-01
8.341917249097186016e-01
7.740180137463508192e-01
7.694328392118091609e-01
8.472348433072640628e-01
7.665906951248652179e-01
7.514464718363923490e-01
7.690694628496654861e-01
7.652014858080049553e-01
8.500254309705890243e-01
8.399651134190142532e-01
8.863615174726926504e-01
9.167617772233498386e-01
8.506119795229385439e-01
8.133027602070691531e-01
8.726510386491175275e-01
7.155570700958306940e-01
8.252161404792474064e-01
8.168670886840475598e-01
9.567505597524553762e-01
8.229448685753071313e-01
7.951728266941692214e-01
8.532164038258653882e-01
7.656622052073746021e-01
9.520246794505439203e-01
7.894620773144997994e-01
8.868315590818373062e-01
9.081739889445002989e-01
8.903804278096710823e-01
7.668097209753206300e-01
7.727982585935513349e-01
7.500722754505568801e-01
7.880893134505676523e-01
8.566260785927303223e-01
8.355958506993578228e-01
8.162329906596639262e-01
8.704669738174957150e-01
8.052148443312218129e-01
7.963779173409175627e-01
8.727191944924361788e-01
7.924899240083620455e-01
8.625126298036192019e-01
8.163418214515917315e-01
7.702276915391186307e-01
7.717297031274273911e-01
7.907189549412327878e-01
8.130410594795641765e-01
8.853542388255101203e-01
8.076911583757964141e-01
8.146304275163284148e-01
8.122259108363032443e-01
8.770758279250184808e-01
8.089486970138074495e-01
8.385277175947910555e-01
7.849417411565104974e-01
8.758404116893862001e-01
8.162329906596639262e-01
8.401321945673735359e-01
8.130873478795452858e-01
7.565383888828265402e-01
8.454664995944999317e-01
7.662361363774186085e-01
7.219003307450895246e-01
8.643785581952621033e-01
8.881092292416816747e-01
6.806314841800414905e-01
8.152468284344025484e-01
8.176143343514814532e-01
8.339114077825510174e-01
8.009327641342990356e-01
7.456533132073360770e-01
7.539196269468441125e-01
8.323533237111623295e-01
7.912533183958204708e-01
7.115237927093630566e-01
7.948405253734225351e-01
8.410008677446887404e-01
8.527226859808105797e-01
8.090051739529613428e-01
8.509050691825968959e-01
8.678488773470036666e-01
7.655488211980280289e-01
8.698716434543874998e-01
8.192824879414549732e-01
8.518600262057954842e-01
8.464095674700821137e-01
7.990136130540848036e-01
8.688145219559522126e-01
9.632936249640032811e-01
7.676827263480970887e-01
7.499717597028395799e-01
7.936745407016086995e-01
8.676437755778257932e-01
8.877362782903148730e-01
8.323670481547650324e-01
8.112161080790033507e-01
7.982028318700399305e-01
8.671667839167025438e-01
8.880705237999217960e-01
7.738360956231240539e-01
9.051878673992913571e-01
8.131122110137050107e-01
7.552988396965673035e-01
8.692749904097526459e-01
6.987847616271398721e-01
7.615862368331193233e-01
8.207390614950894614e-01
8.240485864937865390e-01
8.238152134288315720e-01
7.455702790992189133e-01
8.305089472111815141e-01
7.354358460644738749e-01
8.140444896380996109e-01
8.153717879001953772e-01
7.671311510796856581e-01
7.888916121719055097e-01
8.492082020060572889e-01
8.947042176269041081e-01
7.362322320670325881e-01
8.185406375014260272e-01
8.058200991027058002e-01
8.075366038432444382e-01
7.622952859556250127e-01
9.020415302690119042e-01
8.831792479567142085e-01
7.806486940945221997e-01
8.736893336744963046e-01
8.163323963882541667e-01
8.406481296339725073e-01
7.894471221691959917e-01
7.765479923897298242e-01
8.560940533758260029e-01
7.742788742493861287e-01
8.881317143716974671e-01
8.076329338304869543e-01
6.910625425946244071e-01
8.680602803549877233e-01
8.130497018902570483e-01
8.253123920709968253e-01
8.722317099320063827e-01
7.788184669635273005e-01
8.387588040674857082e-01
8.416307036116997820e-01
7.463151476486172831e-01
7.711987123618925244e-01
7.239254211910759462e-01
8.034247608785145545e-01
8.247446545141650098e-01
9.113224386888527651e-01
8.445728087312542876e-01
7.787798469631878051e-01
8.379416170218283444e-01
7.799289551643865392e-01
7.787333645580684083e-01
8.355129593834343948e-01
8.087419628733607535e-01
7.738511330332032978e-01
7.461929040812053104e-01
8.392215294630159805e-01
8.304727376829081908e-01
7.301823208226750905e-01
8.321207238821297647e-01
8.018700177030295695e-01
8.065626699678847267e-01
8.718735438273689242e-01
7.772669039749956488e-01
7.953058337023704016e-01
8.387373071084384124e-01
7.574945986643261131e-01
7.600023009595114898e-01
8.642418284675762452e-01
7.968073529332247995e-01
7.017707743278859267e-01
7.775119959054977992e-01
7.606895401798436929e-01
8.788739880422699047e-01
8.200471706891261370e-01
8.298250840322974886e-01
8.904573690273503983e-01
8.526579914214758027e-01
7.746128980190170044e-01
8.308223393701449355e-01
7.309101992890475463e-01
9.015073247475096085e-01
8.710460717836970845e-01
7.529750236793791851e-01
7.219394180312259657e-01
8.207832068664011604e-01
8.646482072437030597e-01
8.661942844397644281e-01
8.268396992697365500e-01
8.633500366545200366e-01
7.747021180700266463e-01
8.867388935473812239e-01
8.285317503794903393e-01
8.145671997129487751e-01
7.666181008906902683e-01
7.810817509474731191e-01
8.723846526939850188e-01
8.050183967514794592e-01
7.410784749480484601e-01
8.076607964037082477e-01
7.900893045251641267e-01
8.125519064711355099e-01
8.235863487044821074e-01
8.378619399453174355e-01
8.187852522234114749e-01
7.729255264132611769e-01
7.774564645706834032e-01
7.809568013241643403e-01
8.611590214278417310e-01
7.167588218302176628e-01
7.490018277028580584e-01
8.480097227504482804e-01
7.574289066109048951e-01
7.936144516911657343e-01
8.588866931388147163e-01
7.764215101873997993e-01
8.381757511294747331e-01
8.277219878563796263e-01
7.423322167032192498e-01
7.312508289637298375e-01
9.196190981395798714e-01
8.485179877237878365e-01
8.396696520209939729e-01
8.733673032573002759e-01
7.585810597489619500e-01
7.947737502810942045e-01
8.254635517543033041e-01
7.370833180969290632e-01
8.181884948929777357e-01
7.805054369594733865e-01
7.882494528484702556e-01
7.949957913037496438e-01
8.119832371987654174e-01
7.787971146492718155e-01
8.141856897210371091e-01
8.654697260609901521e-01
8.988343436468332337e-01
9.172325691848280949e-01
8.654443504978152069e-01
9.450776904540248990e-01
7.461206974824050597e-01
7.804153655565849723e-01
8.435389551582084255e-01
7.540322250161164419e-01
8.165142034307546481e-01
8.294341756667894527e-01
7.649596483800650271e-01
6.863128240512813560e-01
9.515543500613173888e-01
7.344989761927351868e-01
8.949655462114183280e-01
7.861631545064385884e-01
8.068175302075378807e-01
9.139512484809492188e-01
7.822261198003772620e-01
8.913812817085454698e-01
7.039615542443846685e-01
8.405944309693967886e-01
9.358055783480855316e-01
8.944048507990123298e-01
8.322232946865919523e-01
8.439495056743306911e-01
8.283063075053127555e-01
9.066967922717951156e-01
8.510118096509383667e-01
8.126120830004210926e-01
7.584817514815616057e-01
7.337491111511581510e-01
7.349933945129318857e-01
8.832351829260094433e-01
8.445770716151818069e-01
7.914508458135632862e-01
7.432331464766308571e-01
9.025312671913188201e-01
9.046471066096236635e-01
9.575603145078953604e-01
7.411961893682670333e-01
8.088282499736907383e-01
7.633077899336175864e-01
7.800710303039549709e-01
8.593957740028119741e-01
8.474298936683454242e-01
7.582797232516862440e-01
8.059272696139849756e-01
8.329264949830571529e-01
8.116086734780473266e-01
8.265159313260407314e-01
8.792725727844071804e-01
8.991927165692197299e-01
8.232578975747673056e-01
7.959889719767179184e-01
8.402804954165513651e-01
8.195774801969936130e-01
8.632222144283545617e-01
8.071877373244128462e-01
7.312254615569013794e-01
8.986946164910912804e-01
8.165576542295088780e-01
7.555777691746397018e-01
7.920208416905604176e-01
7.644072827058733255e-01
8.063575191992714553e-01
8.687114216101623487e-01
9.123888607144658991e-01
7.595002883589583309e-01
8.216266068079054463e-01
7.286913045648647502e-01
8.470597625162017419e-01
8.873262054436732438e-01
8.698716434543874998e-01
7.637723882364176875e-01
8.925337017078390778e-01
8.752060493269910868e-01
8.064503832570499853e-01
8.889555264166305593e-01
7.819401651206278059e-01
8.264188210287675140e-01
8.122079292422911267e-01
8.839212066201042051e-01
9.023319085838067410e-01
8.372260418314980690e-01
7.823190066306550117e-01
8.825258066987334837e-01
8.852211003278687151e-01
8.270043952789518649e-01
8.718173047137053322e-01
7.920084240109120932e-01
8.577435655471616904e-01
7.768893178856733917e-01
8.215735017390080053e-01
7.141624119037439655e-01
7.948938197659448646e-01
7.324605861686973585e-01
8.460549869369913267e-01
8.035528819466168926e-01
7.606313816934957561e-01
7.981618639131518034e-01
8.099760533058424361e-01
7.963115786739882740e-01
8.737962738370523841e-01
8.381757511294747331e-01
7.377660515189572443e-01
7.930513504570796401e-01
7.691039833870458864e-01
9.086375609335716197e-01
8.733397120926427171e-01
7.262510498415822857e-01
7.917770676011717246e-01
8.477064832540927020e-01
7.907410824796532456e-01
8.663569401095101430e-01
7.902179363231441878e-01
8.251382653368832809e-01
7.267792463422557692e-01
7.163900458611193178e-01
8.051459868310334445e-01
8.289570858954921073e-01
7.830891969438925626e-01
9.022937830443287233e-01
8.764756374117058657e-01
8.101209379554277223e-01
8.036214606974811936e-01
7.550583742209650007e-01
7.777945125689816885e-01
8.892510322202156203e-01
8.000900129167438646e-01
8.003632533424619444e-01
8.984326667874399375e-01
7.532955978167337197e-01
8.532322485258519995e-01
7.986960297742208281e-01
9.217392651322658947e-01
9.202680786242736222e-01
8.635224254800457633e-01
7.216847675391575567e-01
7.749594918384952180e-01
8.015618347870188121e-01
8.817327157512218072e-01
7.463406261828061661e-01
8.314618874720793862e-01
7.455541072005182901e-01
7.994191458073552914e-01
7.774734493849211336e-01
8.364916174077072775e-01
7.777611257313787885e-01
8.138283583169775293e-01
9.000962822493291382e-01
7.910013998271114843e-01
7.322482948650871348e-01
8.358988019318397411e-01
8.997528586707024267e-01
7.798064061315455042e-01
7.178978596715299698e-01
8.447496864732348953e-01
7.733839863516689395e-01
8.527461499525093025e-01
8.595855196431460010e-01
9.064095759335530911e-01
8.216210512948005640e-01
7.995590373599137379e-01
7.512579797626904865e-01
8.096515421752319419e-01
8.943103101420065704e-01
8.817867695430718911e-01
7.170116266328798726e-01
8.894834583959033703e-01
8.146389654625396659e-01
8.575630651467458510e-01
8.712889121357286770e-01
8.450914475414748050e-01
7.944769442355543720e-01
7.994780773079122049e-01
7.681878690223754580e-01
7.708809924924093782e-01
7.039744311189242154e-01
7.368408949720488543e-01
7.506110862737190859e-01
7.331323291067961545e-01
7.481907168198850266e-01
8.597935127789380072e-01
7.949951407145356974e-01
7.516450059909512982e-01
8.225626902106077942e-01
7.774824837885847550e-01
7.477778950197156993e-01
8.172090561211521331e-01
8.727092665702596008e-01
8.888636258997376638e-01
8.098166081917873571e-01
7.636639232399038413e-01
8.988381744644824423e-01
8.934467013819537007e-01
8.009210498241435827e-01
8.826224549448857815e-01
7.911603156013155003e-01
8.466935262207204715e-01
9.475563831069830911e-01
7.171906977532964689e-01
7.681232113269707007e-01
8.533505530509878367e-01
8.563936303244122916e-01
7.909982717058899881e-01
7.691057944988239914e-01
8.702298322048581669e-01
7.779517732713231437e-01
9.002686171207550103e-01
7.785277049419616624e-01
7.212374025437023883e-01
9.228631798002908670e-01
8.368354516789808795e-01
7.718206605793794806e-01
8.142630797960793698e-01
7.886788455470529202e-01
8.370700320753541313e-01
8.804115313891222039e-01
6.989007058456264687e-01
7.970065265154229195e-01
8.354565088313035126e-01
7.624102963125162225e-01
8.488162098433414959e-01
7.336435139860748578e-01
8.259991273889634167e-01
7.395033953164110718e-01
8.189118462115763108e-01
8.062319052956460341e-01
9.164736566634534842e-01
8.231608710485172065e-01
7.442615378003025750e-01
8.545639263769393423e-01
8.266177009561592737e-01
7.490956075819483750e-01
7.875171768772404324e-01
7.366033203582841304e-01
9.005516940391823377e-01
8.304850879082360526e-01
8.175305442029072722e-01
8.362738359678177913e-01
8.294066979578629262e-01
7.611393386787561610e-01
8.209298526263917317e-01
7.126872326534166024e-01
8.075991282280713390e-01
8.453655458571760484e-01
8.287113561675901741e-01
8.230677895133927668e-01
8.990614943793863167e-01
8.102648664322267269e-01
8.749238059489923280e-01
8.986796760198005884e-01
9.037873815066954641e-01
8.347874778841567478e-01
7.235137461226852640e-01
7.455767512686904963e-01
8.865536019726200090e-01
8.188166392953978301e-01
8.253548796225066431e-01
8.354634287436506490e-01
8.346063117639478390e-01
8.566138970512963136e-01
7.641743596541209493e-01
6.937507081724196834e-01
8.383087838772083078e-01
7.871688743545668387e-01
7.539079889942074120e-01
8.914026426397837488e-01
8.966182987784634406e-01
8.155701841816966891e-01
8.431558849756817242e-01
8.780461406289521431e-01
8.882627205656669078e-01
7.601080242454820723e-01
8.438182015919181156e-01
7.437627148094334562e-01
8.198491711009259220e-01
8.637568325536595371e-01
8.275700473504589150e-01
8.874728634339548172e-01
8.690749778766294620e-01
7.678324814305033108e-01
8.802178871544594774e-01
8.497204036412161487e-01
8.367821215758042275e-01
8.382591619655413995e-01
8.928609004102806557e-01
8.572762273082551454e-01
8.263466012337210564e-01
8.163418214515917315e-01
8.001014632736350718e-01
8.115476126719816108e-01
7.811833015700992977e-01
7.935069103379773781e-01
7.583987593916616810e-01
8.022467454639227169e-01
7.678603333579497869e-01
8.548767835900518142e-01
8.003178150949944447e-01
7.120370303788923216e-01
7.914806985448971099e-01
8.157719745103974018e-01
8.742450674631581098e-01
8.094509271448891985e-01
8.197525175134925401e-01
7.475026498604540048e-01
8.442380458737356319e-01
9.335073130010095310e-01
8.107546416595210470e-01
8.322422205602804102e-01
8.796208660337246910e-01
7.675739644189151223e-01
8.064965929503354891e-01
8.128787708174914917e-01
8.039272801737151752e-01
8.063574100964769897e-01
8.138231382760521271e-01
7.559638390716898471e-01
8.593738294780655096e-01
7.886788455470529202e-01
8.192904433910708217e-01
8.164890163001045087e-01
7.859688218916753844e-01
8.113278432174131360e-01
7.900332055707034451e-01
7.536871173872186080e-01
8.840831266243804887e-01
8.289570858954921073e-01
8.060926480147482254e-01
7.324602536135081943e-01
9.248557283885214808e-01
7.791691571432998176e-01
7.202871225075234696e-01
6.890970610492177517e-01
8.107879111779999759e-01
7.469866003041497615e-01
8.382591619655413995e-01
8.982701293307637780e-01
8.664634366245966834e-01
7.802132953145365368e-01
8.876730099584277944e-01
7.697119532182982171e-01
8.468579793989582383e-01
8.344326044577958790e-01
8.751587001063115823e-01
8.043804695622716050e-01
8.810939478710152484e-01
9.003249578930299091e-01
8.221018134459844307e-01
8.263346540959715103e-01
9.075085705188107310e-01
8.528763339024809653e-01
8.466143020714096412e-01
7.746128980190170044e-01
7.585253764785425679e-01
7.572498581321535083e-01
7.957486297397711184e-01
8.342130029649812428e-01
8.204166656627459586e-01
8.190192518014540735e-01
7.461250619273583906e-01
8.030357116047157628e-01
9.120325637367279192e-01
8.742137790066302205e-01
8.578166025703870545e-01
8.973177449495398639e-01
7.960255292658170445e-01
9.137625142207426165e-01
8.545639263769393423e-01
8.673348132552499701e-01
8.622678546470839978e-01
8.386882795042761574e-01
8.152982840511455720e-01
8.509768446606017500e-01
7.529853176390074454e-01
7.736640141306215801e-01
8.021446709281216947e-01
8.411951758649298672e-01
7.844227753979563511e-01
8.782133310189342845e-01
9.046386255562444134e-01
7.521968368992116849e-01
7.949329214442746316e-01
7.002060411153455677e-01
8.423148635004950036e-01
8.483060509683609807e-01
7.934697320267322107e-01
7.175449693330484546e-01
7.383770985513352647e-01
8.765397998416805114e-01
8.071404907959081054e-01
9.344936765197519035e-01
8.305062929560822482e-01
8.953665554606110577e-01
7.170352516012531430e-01
7.243072080301644622e-01
8.759164261527528916e-01
7.696787148560526592e-01
8.839840537885711447e-01
8.032477889286676609e-01
8.099014223003891955e-01
8.117104016216432072e-01
7.547797429528054769e-01
7.913864364240915661e-01
7.623499491846095211e-01
8.460633157427897011e-01
9.093176076256687113e-01
8.051717216360178009e-01
8.739700181652765298e-01
8.300310080177391026e-01
7.104311164154795133e-01
7.790731982106784415e-01
7.432694270243022094e-01
8.423148635004950036e-01
7.669195548079361657e-01
7.375629867350103064e-01
7.559160437807505017e-01
8.278120636488336404e-01
8.329299448905918002e-01
8.044616496178517151e-01
8.438162636478487855e-01
8.102411311765475022e-01
7.854205996095874331e-01
8.864868493951320039e-01
7.818163515008748066e-01
7.988689428216254607e-01
9.303349897547806835e-01
8.569881251118073306e-01
7.864721582780793696e-01
8.715093747319775375e-01
8.394666238534480573e-01
7.462558460010862982e-01
7.313542439040713328e-01
9.195613379017372191e-01
7.634670424464269356e-01
8.507467146807590197e-01
8.994435178202772052e-01
8.459506576542880074e-01
7.980962458880617172e-01
8.369095240393368274e-01
6.933061723086694217e-01
7.798643512158016655e-01
8.657916904623408350e-01
8.189010006309278555e-01
7.451976737359882197e-01
8.999311009608356171e-01
8.643616762849346546e-01
8.720873719768746923e-01
8.862733917047586063e-01
7.957536049096534114e-01
7.640190910003600289e-01
8.678323748404244142e-01
9.253890855059155873e-01
8.209281595639402740e-01
7.505309714651666742e-01
7.766356799818253664e-01
7.502524607551636082e-01
8.948421662927545928e-01
7.666413250939669854e-01
7.137239008640462457e-01
8.266909815373825188e-01
8.052650173022246616e-01
7.720875758406563483e-01
7.561095613854339481e-01
7.162272771104946090e-01
8.837455891429328858e-01
8.147324829140414337e-01
8.369236918146343296e-01
7.779937599104520540e-01
8.299178441050530930e-01
9.044756127258780642e-01
7.702499337895540865e-01
7.760901770950540124e-01
8.398760152782084321e-01
8.335000444301221556e-01
8.644511923552528065e-01
7.652884107544289938e-01
8.450095145444453948e-01
7.541655792759309751e-01
9.009549796822637902e-01
8.321296891883264157e-01
8.077439003376076787e-01
8.453673073635905588e-01
7.465863750084484884e-01
8.056191527004519237e-01
7.982489336161413540e-01
8.556518138462303469e-01
7.266812221138586603e-01
8.365133356384550911e-01
8.982277790964113828e-01
7.842195164323563228e-01
8.490058726670303146e-01
7.048680554285806643e-01
8.376561243615335828e-01
6.999433595529573893e-01
8.482786669510938848e-01
7.736671312854985771e-01
8.648391024409721739e-01
8.694343449376323862e-01
8.171800283004794219e-01
8.121581290944371867e-01
8.210850775094642451e-01
8.510160918054106016e-01
8.075991282280713390e-01
8.072855636950573288e-01
9.553430341517890056e-01
7.195566002152213869e-01
8.108488933090205464e-01
8.249520158128366143e-01
9.578447807959821203e-01
7.852057013591168255e-01
7.524828263688615460e-01
8.164677048461418396e-01
7.446365465195903255e-01
8.418467789174641780e-01
7.176010021722042387e-01
8.142721641542103317e-01
7.877149673853777179e-01
7.720030033769567090e-01
8.982419797183357479e-01
8.028970620701688654e-01
7.664394385634156759e-01
8.943480051674643772e-01
7.979194627546644103e-01
7.914806985448971099e-01
7.503018784408320707e-01
7.746305797614222444e-01
8.889829416774222004e-01
7.932402171511688804e-01
8.000256594991773662e-01
7.580722800615008472e-01
8.388271713819061004e-01
8.147372856096456450e-01
7.226818216360800795e-01
7.620674813937643455e-01
8.141931607703261076e-01
8.153311951894096632e-01
7.836327683845031311e-01
8.275236545946506039e-01
7.781943686843337815e-01
8.076595873913756662e-01
8.807079905807482234e-01
8.817743208930557408e-01
7.928483087689671693e-01
8.584514667013735112e-01
9.078849056957603025e-01
8.441990927105204046e-01
7.551024255680958142e-01
8.903884580332193099e-01
8.617004683580127278e-01
8.017830610761434995e-01
7.264945606048173188e-01
8.812261450573212196e-01
7.531874609472914983e-01
8.566138970512963136e-01
7.523514619459249486e-01
8.509768446606017500e-01
7.675781830375455472e-01
7.715695788039945713e-01
8.877879140342244124e-01
7.894471221691959917e-01
8.637911863358573861e-01
8.404482866760072390e-01
7.751172342258123571e-01
7.694392426555369813e-01
7.777633890657762450e-01
8.370694017406046239e-01
7.423631463167408295e-01
7.681878690223754580e-01
8.296147422661832582e-01
7.985889919766239187e-01
8.204236632289957365e-01
7.385977584538410134e-01
7.855164483308130219e-01
8.459244578384338409e-01
7.458203682737027940e-01
9.145293243422986107e-01
8.102512114519691000e-01
8.412098065000508385e-01
7.687826965092908749e-01
8.422852148198725075e-01
8.088079834061767670e-01
8.228388133367218193e-01
7.798815331125837913e-01
7.660465516241456996e-01
7.531112270545076148e-01
7.946694815048160887e-01
8.326438308955850243e-01
8.265355095950790432e-01
7.762277541371739309e-01
8.982446846507495808e-01
8.611818378261570928e-01
7.885837102672121901e-01
8.067886701871060939e-01
7.840026054475736084e-01
7.257513197823628470e-01
7.540322250161164419e-01
8.145426385986448414e-01
8.814970157790189553e-01
9.065308138222426537e-01
7.902093404195713600e-01
8.844887364823891263e-01
7.917912564009156329e-01
8.779962330562897099e-01
8.862697063980069512e-01
9.149112840277850989e-01
8.428212587721654048e-01
8.319899427737481590e-01
8.289540696117009277e-01
8.165576542295088780e-01
8.068923421367644178e-01
8.691485515517068938e-01
8.069503200625537387e-01
8.271344869477581518e-01
8.419091825298190557e-01
8.001119877543484415e-01
7.851895463145073251e-01
9.037873815066954641e-01
7.532220355984364790e-01
8.223453113048022622e-01
7.462558460010862982e-01
6.854373015554582338e-01
8.984281833158122010e-01
7.955357417432996625e-01
8.997599894031825807e-01
7.676340950436686406e-01
7.986245123587352168e-01
7.942149332290816544e-01
9.253137838284933858e-01
8.514295048515777564e-01
8.036155175221505464e-01
9.241128949011243598e-01
8.696426254014222312e-01
8.477630234524609065e-01
7.904334130594355967e-01
8.342533895655634968e-01
9.091431486281883467e-01
8.863325856783693668e-01
8.950796459417957873e-01
8.549658541215039431e-01
7.622011793268540503e-01
7.443096501973690549e-01
7.871822796593760385e-01
8.552462410241423729e-01
8.497142591021861202e-01
9.553430341517890056e-01
7.243757075210419671e-01
8.777752811145103085e-01
9.104494192127412511e-01
8.296076687588052057e-01
7.899378280700678490e-01
7.249389479551321402e-01
7.253496270199687457e-01
8.205033077555644594e-01
7.851641691925232980e-01
8.472059372286906420e-01
9.038124038520629622e-01
7.181952367694733885e-01
7.949649366733675393e-01
8.956649411108205117e-01
8.342535402068635975e-01
9.463037759518918568e-01
7.480188108406861103e-01
8.767995606593896873e-01
7.978661790265842990e-01
8.140642242964081232e-01
7.666594446713812516e-01
8.003632533424619444e-01
8.711881096082370046e-01
7.502894935709720770e-01
8.400843339272116017e-01
7.762967114598946505e-01
8.374839602231086699e-01
8.483182604491004142e-01
7.780013643735060880e-01
7.479245461411542228e-01
8.012828197338019987e-01
7.832203233171022294e-01
8.731822182555086798e-01
7.396505201947066732e-01
8.220200708094662634e-01
8.868804087005416337e-01
8.933298394319965086e-01
8.526693066373525198e-01
8.685681452584296247e-01
8.512240515645640437e-01
8.431111867361632539e-01
7.987929012597557721e-01
8.438520550239341222e-01
7.081952146257397551e-01
8.091349838002463990e-01
8.672096436576672840e-01
8.428248495720429556e-01
7.532197765709235382e-01
7.953731355018532900e-01
7.795318667168273929e-01
7.538138637414192322e-01
7.838475037953912539e-01
7.637727964608794773e-01
7.044024065892899866e-01
8.582577998417284526e-01
8.360739855915342300e-01
8.903695444660798541e-01
8.173479798615793657e-01
8.398937388021417982e-01
7.074677388218044705e-01
8.762086768530535918e-01
7.810023918664501519e-01
9.082739703935549525e-01
7.950872719475358119e-01
8.441945186629286058e-01
7.632671533717464429e-01
7.282008276106594069e-01
7.782393381606937943e-01
8.585739755777698212e-01
7.667749850659746347e-01
7.535237585794543058e-01
8.982446846507495808e-01
7.907785689089872339e-01
7.710561382121522422e-01
8.649154213504467448e-01
8.515097093553686269e-01
8.107186478987521427e-01
8.375056629445015721e-01
8.460790923632856009e-01
7.822071451776243523e-01
8.348064608282230736e-01
8.240751718574784723e-01
7.197942798996048719e-01
8.647425239345720716e-01
8.895157310899213243e-01
7.132896543624839270e-01
8.210143283264323966e-01
8.735943926260019143e-01
9.074952079343943101e-01
7.808776967653094925e-01
7.949979008704015637e-01
7.302634160263233865e-01
7.907402539781067663e-01
7.748792972855289563e-01
7.930563192256018246e-01
8.164677048461418396e-01
7.445281214656592761e-01
8.144395352149746969e-01
7.723847960738596807e-01
7.336581383717398763e-01
8.552442863989545563e-01
9.065308138222426537e-01
7.455058972818003893e-01
8.158339336660768160e-01
7.443096501973690549e-01
8.021627894447288520e-01
8.536338741541624753e-01
8.561827624749327459e-01
8.083061389136341202e-01
8.423748950534134528e-01
8.536784777510612043e-01
8.246818541760568833e-01
8.420907634435089717e-01
8.410274920754059469e-01
7.839291827610577190e-01
7.995340197969125207e-01
7.623879893737536273e-01
9.589000332842931851e-01
8.678661844018709104e-01
8.295399845767665870e-01
