8.757856242371797606e-01
8.149068571117781268e-01
9.171655461314398572e-01
9.467523833257518451e-01
8.142347970631949039e-01
8.519096038448794594e-01
7.690505624811954100e-01
7.892352819616823556e-01
8.103528893288244328e-01
9.037571284723387999e-01
9.013200592247678777e-01
8.647054462905718886e-01
9.163850617033185708e-01
8.640534529174564993e-01
8.959991522433848887e-01
9.103775859182247077e-01
8.181935486954320380e-01
9.333807645436383860e-01
7.774007181968723978e-01
7.564203034262098058e-01
7.981644385771806682e-01
8.195468456288232950e-01
7.956403965383992416e-01
8.336173739210583911e-01
8.815701457991733658e-01
9.462929047661020610e-01
9.432170486628004280e-01
9.492595330793335284e-01
9.207983761705229586e-01
9.417627507934210884e-01
8.464184714055210668e-01
8.408543672473810515e-01
7.700890597078217104e-01
7.983892936746591618e-01
7.993856731498134582e-01
8.108499438668366199e-01
7.557744063788933708e-01
8.309110020833525567e-01
8.516672973427577009e-01
8.307627359555697089e-01
8.029706934984208733e-01
8.373448270940641036e-01
8.294608773678507907e-01
7.623697437793041098e-01
7.658214531138476389e-01
8.838946647966134940e-01
8.738929974398618183e-01
8.968497322141169015e-01
8.487716559521057968e-01
9.219956448043459263e-01
8.890409466919024783e-01
8.759157260036922743e-01
7.737088928664317411e-01
8.626802814393615959e-01
8.531573875341380564e-01
9.059597046606668869e-01
9.378995373664925639e-01
9.185038853654985402e-01
9.327845661892074647e-01
9.715234989648039443e-01
8.529234502689514441e-01
8.582520753153509707e-01
9.107848759920130766e-01
8.384685585825830678e-01
8.982550151030374019e-01
8.642058080548216115e-01
8.699673813933442856e-01
8.297453281803144343e-01
8.514454156982508293e-01
8.616910889910024407e-01
8.069786906877034482e-01
8.207045776196438824e-01
9.099249788933887473e-01
8.952123183655918970e-01
8.920398701335362501e-01
8.537088467698960015e-01
8.847784698711768092e-01
9.443691719781133198e-01
8.730845346045086330e-01
8.703216474739157160e-01
8.408071953767088935e-01
8.382334061686891324e-01
7.954775953827185608e-01
8.757525635402394482e-01
8.343591690523129989e-01
8.239842625058403369e-01
8.573397962384786686e-01
7.650461023568134733e-01
9.086501458998574865e-01
8.479973594742424847e-01
8.359331622814950569e-01
8.773692585866199600e-01
8.404974640264684105e-01
8.530583455035680718e-01
7.769824580282952420e-01
9.443452571839276999e-01
9.146147644343175509e-01
8.946352505345623873e-01
8.959882401741359192e-01
8.526216981567119602e-01
7.794905665408985440e-01
7.939567135066146752e-01
7.696916904011549265e-01
9.055211865815765426e-01
8.469210097488204525e-01
8.228725261545287717e-01
7.913526049721842925e-01
8.437604381914598495e-01
8.845471031522004202e-01
8.443049167429027557e-01
9.371182272938375357e-01
8.570007582740732932e-01
8.872170913575305740e-01
9.223111646933710439e-01
9.158809447776971036e-01
8.283708987915763267e-01
8.912225917081173510e-01
8.716726114363327893e-01
8.860906804597695752e-01
7.982581853994250576e-01
8.821409950776978315e-01
8.204407164563420896e-01
8.366616876600406760e-01
8.943163341200012217e-01
8.765099637995116266e-01
8.041457058079484188e-01
7.848168072349498425e-01
8.266375820732915214e-01
7.929210394494069503e-01
7.888694545913579326e-01
8.182462711122879817e-01
9.161451357206161772e-01
7.457948099726317004e-01
8.902204561721184239e-01
9.286441117815583679e-01
7.798886978489778521e-01
9.202045216437036990e-01
9.250476219052093940e-01
8.113943452062342132e-01
8.278431710467530902e-01
8.301129071693474915e-01
8.384735008295777225e-01
9.073302689983842040e-01
8.565450033540011887e-01
7.992896799551143516e-01
9.304080100378511187e-01
8.692690786918735313e-01
8.417060424319641188e-01
6.631502468945917883e-01
8.547811141865988560e-01
6.930515963285924785e-01
7.842103734884100508e-01
8.110518629443296268e-01
7.993664813972178873e-01
8.280910308378135465e-01
8.313468307172521277e-01
8.606714939510254903e-01
8.906792871534823242e-01
8.483300421775723521e-01
8.383652537161810914e-01
7.828535320296701183e-01
8.317026821224695610e-01
8.648437965741835320e-01
8.551562097237935811e-01
9.065916912801373906e-01
8.487553867093530213e-01
8.453081983544633582e-01
8.290918936809513751e-01
8.935803964815425271e-01
8.727870869045888380e-01
8.575831370017243938e-01
9.282676048477328523e-01
8.753899701903300468e-01
7.926625022582838298e-01
7.926625022582838298e-01
7.930838500510760669e-01
7.451596958286388350e-01
8.028035896258221005e-01
8.425735583136392259e-01
7.844432065048981828e-01
8.845471031522004202e-01
7.845061951987877258e-01
8.422121913202361698e-01
8.263048571922261276e-01
8.389544360421425928e-01
7.715646418713487664e-01
8.778350494697986228e-01
7.775244297511961777e-01
7.749737272892309736e-01
8.537330273201515496e-01
8.018328778466061735e-01
8.470756797249586745e-01
8.248569044005796824e-01
9.198500768430351027e-01
8.151851693802978360e-01
8.343365003023450743e-01
8.148171569466223785e-01
8.555983680298807625e-01
8.993315711941572976e-01
7.903872145374705172e-01
8.322876374763955587e-01
8.858689563075448081e-01
8.069045392307947484e-01
8.535317170965464051e-01
8.361043825546103925e-01
7.964819523732513673e-01
8.705708162519602000e-01
9.184913376315647637e-01
8.421442627831320360e-01
7.966845981701350388e-01
8.856906643327518980e-01
8.721224756521391841e-01
8.716081050323992718e-01
9.046305134687870897e-01
8.946431697817517348e-01
8.616552973201103693e-01
8.667135241678887159e-01
8.473689997155726683e-01
9.282977121689774958e-01
8.933951242812332438e-01
9.098470279871794242e-01
8.917045479810681297e-01
8.497235844615937950e-01
8.663928379346628184e-01
8.687386932660198235e-01
8.534822800743999682e-01
8.095658344403384721e-01
9.466283471833991658e-01
8.675393593708776718e-01
9.312651865126027051e-01
8.650899484291776353e-01
8.723542912628183821e-01
9.065611324074634991e-01
8.415823841842887676e-01
7.935663518450610798e-01
9.467380750743320528e-01
9.154520403659084371e-01
8.386094200640676899e-01
8.209270936126701335e-01
8.502944838802816152e-01
8.773822107842275120e-01
8.423776932566362508e-01
8.940114614863144960e-01
8.868972573874652765e-01
8.268179581262915523e-01
8.977873693446778436e-01
8.504446139014941730e-01
8.094499751926365061e-01
8.150662011979400434e-01
8.424209371166130333e-01
8.052281383587944763e-01
9.273720967059320142e-01
9.218525151814070950e-01
8.397135277348501958e-01
8.904597165597900599e-01
7.738403555488561070e-01
8.763220904367238218e-01
8.084005836795766786e-01
8.588649508087685680e-01
7.423912739515595716e-01
7.765061845156977505e-01
8.740998756172044803e-01
8.614418305082202076e-01
8.511414347991258511e-01
8.574791525692948557e-01
8.935260781765004268e-01
7.984218507038961521e-01
8.812010837809464148e-01
9.235833287662609248e-01
8.419987745135610879e-01
8.058653963367056194e-01
7.618611975358817734e-01
8.278030579782439391e-01
8.108048352217923638e-01
8.388929269310769765e-01
8.211911287838238316e-01
9.295934772999645546e-01
9.054080398975759003e-01
8.365533402476654778e-01
8.389560953883393735e-01
8.556885646994377703e-01
8.360840483413999324e-01
7.740715261824434590e-01
8.051261239915940005e-01
8.965675960962689039e-01
9.883421564657013381e-01
9.350631148102271917e-01
8.055181849803103589e-01
7.740715261824434590e-01
8.119786061539661093e-01
8.217933362746532300e-01
8.192357215056732533e-01
8.039989660500184154e-01
8.676496607447189424e-01
8.469259371487819488e-01
8.072749466081254877e-01
9.254132613877302793e-01
8.009910011917130701e-01
8.604482737041826423e-01
8.515067980651271906e-01
9.197583179413054699e-01
8.903619762392119830e-01
