9.662729214405074707e-01
8.201287740309558538e-01
8.343482243066601134e-01
8.230547721678962425e-01
8.406174999889087784e-01
8.205066481657117272e-01
8.019428159893913222e-01
7.938206808512120460e-01
8.449564971406747782e-01
9.111493389862556080e-01
8.368282245061413605e-01
9.381761697663415500e-01
7.784228053408749348e-01
8.632186456324349999e-01
8.825552922577830639e-01
8.400871837348061755e-01
8.792633021810467575e-01
8.605711909088517020e-01
9.970144919292076580e-01
9.118427832814950396e-01
9.114270533005583985e-01
9.301565818364389004e-01
9.359239998236252855e-01
9.004164779752864556e-01
8.395876485952439294e-01
8.392174003372691038e-01
7.983034975691589707e-01
7.533528251078567273e-01
7.758252131397325169e-01
8.083185189065770215e-01
8.555116922142054214e-01
8.742472855582510416e-01
9.495296257824037411e-01
9.345210323707648925e-01
8.354590465353530782e-01
9.000638430883792784e-01
8.363052044540429941e-01
8.445032766962680126e-01
8.273838076166669664e-01
8.609591008190617956e-01
7.785786216213572697e-01
8.334643094560924004e-01
8.512084127052302884e-01
9.529421057233111725e-01
8.749026955176143483e-01
7.989744718622029396e-01
8.881154280701013537e-01
8.870602590351127636e-01
8.867178763840524169e-01
8.497863935381169131e-01
8.683888094187999229e-01
8.517266082672134697e-01
8.144340882061928966e-01
8.507565711935310970e-01
8.587059862903781982e-01
8.814260076449803583e-01
8.807259277435066647e-01
8.870464336602197353e-01
8.431503032843403744e-01
9.152003659626442023e-01
9.227609421476674623e-01
8.185521096128386409e-01
8.792497196945446847e-01
8.318648758358709872e-01
8.077095278939177003e-01
8.647054462905718886e-01
8.638637397407433749e-01
7.799549212748704274e-01
7.914468167959429756e-01
7.784909099520774811e-01
7.775872118365281249e-01
7.992866637451931933e-01
8.172695775474438928e-01
7.726717666257962858e-01
8.598923000680281925e-01
8.235390534171570520e-01
7.469293973888342375e-01
8.336304412625206162e-01
8.046761959230552819e-01
7.713038368555266144e-01
8.460305173153821467e-01
7.639632786325013525e-01
7.799166392852269203e-01
7.899487841540198119e-01
8.617485854837979575e-01
8.454972421399262750e-01
8.231609206750333252e-01
8.235247016227793537e-01
8.266234708922252095e-01
8.841603068200741822e-01
8.589973016716033749e-01
8.220940533862605148e-01
8.218604361033388095e-01
8.095874805195962809e-01
7.992274057470890591e-01
8.059698868685071238e-01
9.121134608182583925e-01
7.552306090100804337e-01
6.900551076758026925e-01
8.365413240558284835e-01
8.922138884488193256e-01
8.166067182487176668e-01
8.558669821437688841e-01
9.050431456571644828e-01
8.613933135986707734e-01
9.156778351231377178e-01
8.807390640181766983e-01
8.919055382540769239e-01
7.897813097653695324e-01
7.704815148900205912e-01
8.811032389392851050e-01
7.762048649450029592e-01
7.253879150299121781e-01
8.036548976131708821e-01
8.243207512494485911e-01
8.174948949521170238e-01
7.234874674376167158e-01
7.794819448257144234e-01
8.174144840978753157e-01
8.130726672342770689e-01
8.423427746385727666e-01
7.878007002842091211e-01
7.521185870921456296e-01
8.306412467227267671e-01
7.619671410893077423e-01
6.980481545462664528e-01
7.720609840897028064e-01
7.869598492084439734e-01
7.526036437048829741e-01
7.968025982096574866e-01
7.909577275924133399e-01
8.503422256590583705e-01
9.056964825262767693e-01
9.125677549116768539e-01
8.249529696991498851e-01
8.633593667194475740e-01
7.858120885774416697e-01
8.178639338196945774e-01
8.480070084413803277e-01
7.267830275886589808e-01
8.038667760727301603e-01
8.552462861586122012e-01
8.680585040942607744e-01
8.109029425518679002e-01
8.142669034445544352e-01
8.225124545246036423e-01
9.046749348587703743e-01
7.783533983805149825e-01
8.771404820425882098e-01
8.504981638658214438e-01
8.212627931815895677e-01
8.369893460885186043e-01
8.627192645756652789e-01
8.077048405828454181e-01
8.317268422302253050e-01
8.880445691048109991e-01
7.661074422211239243e-01
8.405175697074529495e-01
8.341963811052650613e-01
8.693381042914722912e-01
7.944781812771666285e-01
9.366256379532129639e-01
8.797818198761020447e-01
8.268900293627930997e-01
8.074605698998572612e-01
8.296044766463043230e-01
8.525601148845868282e-01
7.958946349024725864e-01
8.166025816453058583e-01
8.414450997166608159e-01
7.564118740543824826e-01
9.822311027369357017e-01
8.688936821700834479e-01
7.346770296135987088e-01
8.202993922066088572e-01
8.078734113583768695e-01
8.520672332878123090e-01
8.179993459507203246e-01
7.764402984122938944e-01
8.431421817265088992e-01
8.917780935915222695e-01
8.367247942307869391e-01
8.373157810481752783e-01
7.890245613826011306e-01
7.882348268133851921e-01
8.500041538050983059e-01
8.661994256997430641e-01
8.354075307256554339e-01
8.145246491746707118e-01
8.127021265369799297e-01
8.036180274427650039e-01
8.002890585137456547e-01
8.045359074980835690e-01
8.292197872930728852e-01
8.370144998207160736e-01
8.401754889776112956e-01
7.489439177250331037e-01
9.355503589716940294e-01
8.503116818599921745e-01
8.210714570736641349e-01
9.206436668865209949e-01
8.297597735253708917e-01
8.163956038695809880e-01
7.759217276829148968e-01
8.155137824081420961e-01
7.742116197575507064e-01
7.852306325132550890e-01
7.459619657566546325e-01
6.523026402482265951e-01
8.034334818684800705e-01
8.482503297667584041e-01
8.051373178298186772e-01
7.663382533463704016e-01
8.155465836251722944e-01
7.728462839077075985e-01
8.329088830474985494e-01
8.323274201631293279e-01
8.880086696443308947e-01
8.009119856819147953e-01
8.151357830072042399e-01
8.125018319314359916e-01
7.725787796254398598e-01
9.109573813816355115e-01
8.267926636196600843e-01
9.322624501079742609e-01
8.122237122892681516e-01
8.172212275800841974e-01
9.091026421310577366e-01
8.414391507259367797e-01
7.494036437453589494e-01
8.271737067547786371e-01
8.861616923292899850e-01
8.756717329585878007e-01
8.486707851892530963e-01
8.001314762835198824e-01
8.492356682450037386e-01
7.884960246816170581e-01
8.476451047908234449e-01
7.644200473601258095e-01
7.936445974847495810e-01
8.488293110473908998e-01
7.339839123757521122e-01
7.835584997679895247e-01
7.794131611166010831e-01
8.038083292253044299e-01
7.996361397664896176e-01
8.038758465929642938e-01
8.607039315863561635e-01
7.492868637162151124e-01
7.896765108716403692e-01
7.730769956456722269e-01
8.205009659835083013e-01
7.756142333241193842e-01
8.006237678146364001e-01
8.308096781654030760e-01
8.528733550378008177e-01
8.462256695933915163e-01
8.691566793554649228e-01
9.699366351431271127e-01
9.669470998220458524e-01
8.443777538925764103e-01
9.539627155449618146e-01
9.340418115731325965e-01
8.999040005114296026e-01
9.443404461144941919e-01
9.170309165585249778e-01
8.452400333940541799e-01
8.505704594160810039e-01
8.741035900746435550e-01
8.063530611679808890e-01
8.287605654367063979e-01
8.579362290455971873e-01
8.723395033179425218e-01
8.438765815094039224e-01
9.360613079323062413e-01
9.372281613489606977e-01
8.900927877284949830e-01
8.540118506642203622e-01
9.429764020659481272e-01
8.872107497335327553e-01
8.831592015236306992e-01
9.311898519536213614e-01
9.002511766703877871e-01
8.991731207286917105e-01
8.304582305321175362e-01
9.039280217410680107e-01
8.860976335616339572e-01
9.329543708792796819e-01
8.480870196928531612e-01
9.466822160968587641e-01
8.876845990342305814e-01
7.534835444715679564e-01
7.935076310079888229e-01
8.305729517655286998e-01
8.871917208894691820e-01
8.500944555057434737e-01
7.393824542043336834e-01
8.064375286662677222e-01
8.310859134343471233e-01
8.404800657360315119e-01
8.117697365311429269e-01
8.316487108890474600e-01
