9.305880422754080339e-01
9.524490859203612603e-01
9.035167563734503027e-01
8.455626422967291722e-01
8.348155424764126531e-01
8.621008790171251768e-01
8.428693965241207398e-01
8.395671278104891444e-01
8.294042074598595438e-01
8.656681866802138359e-01
8.848645308580562752e-01
8.893911337523452421e-01
8.962972626083192118e-01
9.364462980340435561e-01
9.129111085476118159e-01
9.320496937356885780e-01
9.347679234532249026e-01
9.164317509032865461e-01
8.428068300887844311e-01
9.762655224973069146e-01
9.371828440769355284e-01
8.305169696595777751e-01
8.656202546491572614e-01
8.264959595914225243e-01
8.726091833351838911e-01
9.105002373320405518e-01
9.191856217764590165e-01
8.457986688979576284e-01
9.163349844889123741e-01
8.634408418707673061e-01
8.168659290999611411e-01
8.637146574118608200e-01
8.558988976855179676e-01
8.513607267927784106e-01
8.171728536916442742e-01
8.808860491485190902e-01
8.882856296311173461e-01
8.519621817133151698e-01
8.863679929188286177e-01
8.549260452947323730e-01
8.254960282971006702e-01
8.307267247743207461e-01
8.663344976994239444e-01
8.283016335776288708e-01
7.924107030613255498e-01
8.195468456288232950e-01
8.548002138735754096e-01
8.114114388302959835e-01
8.893355276179849556e-01
8.981791641860750186e-01
7.809364122373019246e-01
8.003439782294873295e-01
7.700168125860453738e-01
8.062399380518174841e-01
7.840663791380758640e-01
8.257027749471439471e-01
8.769736100934572010e-01
8.748767217665142093e-01
8.307686176755330054e-01
8.754344155245955550e-01
8.677419958452108339e-01
8.542825365177818542e-01
8.619000281000613883e-01
8.782765892430752785e-01
8.551875431189300825e-01
8.271372911273734418e-01
9.069738092812947849e-01
8.603935277530310177e-01
8.806079353383573505e-01
8.845725908807379190e-01
8.781555284817020857e-01
9.297552908853182752e-01
8.979029459833751670e-01
8.726782028966584281e-01
8.888425805700389537e-01
9.075075484343698706e-01
8.617756821762622144e-01
8.579769220190914814e-01
9.526474737365335788e-01
8.211761780027864166e-01
8.873969693231907874e-01
8.626129522067710331e-01
8.004929363199710934e-01
9.215421412247203348e-01
9.530854893591884647e-01
9.190831086295525587e-01
9.250398558846618657e-01
9.270325420108294079e-01
8.356283478421332456e-01
8.724415887100084310e-01
8.138271618984153077e-01
8.419306400869045470e-01
9.062650930387584625e-01
8.938133480039753831e-01
9.063865827215950022e-01
8.983153867141170368e-01
9.029474278147284760e-01
8.713694236561487783e-01
8.908376530042456665e-01
9.227658956154264347e-01
9.129245852858328680e-01
8.762578527988231780e-01
8.758277950999606709e-01
8.715919690176734402e-01
9.102200367360928634e-01
8.144939344203570020e-01
8.285222578218333078e-01
8.050408152332968470e-01
8.388906453521274287e-01
8.263056244170363662e-01
7.735913673110801358e-01
8.557285291695840845e-01
8.244703367510241021e-01
9.133441400444308744e-01
8.682575083540499117e-01
8.844599848778426088e-01
8.236409820981462904e-01
7.831115227712639459e-01
8.287214171295638199e-01
8.074020715061706044e-01
8.561010745221088181e-01
8.762344665370880303e-01
8.652832895149515924e-01
8.189088826652630715e-01
8.389790344714230796e-01
9.074167147116987131e-01
8.887440886519312189e-01
8.654299472555413431e-01
8.650779375811002980e-01
9.011614576271604893e-01
9.016716738077252824e-01
8.802309330014597144e-01
8.374514547827240918e-01
8.867195348520572340e-01
8.997282906270612779e-01
8.847160098009552165e-01
8.919520957442260700e-01
8.708863875695377343e-01
7.644573799242297962e-01
8.806633260484789671e-01
8.977525364559290066e-01
8.993705317204058192e-01
8.893911337523452421e-01
8.579040967280106011e-01
8.749612556293485666e-01
8.852875609037579308e-01
8.472754079751035894e-01
8.499303885513856960e-01
8.907510600514828569e-01
8.859943430844063883e-01
8.689152522011484026e-01
8.678422635179910971e-01
9.002250906379147821e-01
9.034965870755349293e-01
9.051783592537778755e-01
8.966068553305611699e-01
8.766541658393077752e-01
8.881057103006998465e-01
9.212663814603444523e-01
9.186813444719219568e-01
8.085875552344360395e-01
9.445878652151330490e-01
8.905654675845929846e-01
8.450084458820910083e-01
8.736898314846638369e-01
8.192473334682429664e-01
8.961932132184049493e-01
9.016161677036107491e-01
8.997671200097342448e-01
8.859340791507277491e-01
9.133741036692084592e-01
9.327874867586496421e-01
9.133269884313370834e-01
9.065547064780079545e-01
8.850241716923719082e-01
7.948790442889861474e-01
9.044199458888440013e-01
9.150274657197561279e-01
9.072682996955122592e-01
8.835658728442320475e-01
8.446402622220637868e-01
8.503695839407020562e-01
8.746725962380006436e-01
8.843813125132009567e-01
9.200514650404562067e-01
8.945077232527341993e-01
8.714304014130668241e-01
9.142383284098407614e-01
8.618808142295346642e-01
8.815632020733077390e-01
8.988103854138665971e-01
8.686584913222693549e-01
8.876449985048535662e-01
8.673152088399600501e-01
8.044643235649432400e-01
8.840360874235243527e-01
8.884151927960513007e-01
8.300857299068981066e-01
7.788844748324773581e-01
9.338902305926021219e-01
8.444018584012195072e-01
8.654109745136199239e-01
8.619494734257779900e-01
8.651919478975748090e-01
9.009338566007699667e-01
8.149387464785363688e-01
9.131945384832337309e-01
8.780418305623620689e-01
8.726359569608717059e-01
9.052855735544030891e-01
8.003789234975152711e-01
8.624540689922600700e-01
8.923524140552202555e-01
9.098329375782610029e-01
8.856290011173204579e-01
8.733102262377072655e-01
8.685718316545316675e-01
9.184609567141803765e-01
9.090047529806680737e-01
8.989923992731151392e-01
8.480678366274303492e-01
9.086247127517774747e-01
8.942750429655643707e-01
8.574919748108315032e-01
8.846820729846124332e-01
7.615959483721561618e-01
9.568098277416202668e-01
8.578660598082558097e-01
8.761487775261683764e-01
8.737485225864332072e-01
7.990011830222483180e-01
8.816141903827658943e-01
8.622640593058038538e-01
9.082047904830672369e-01
8.680149199151363515e-01
8.759531891073918386e-01
8.465697901145861071e-01
9.017123298763556338e-01
8.860478613653208768e-01
8.766748544005839028e-01
8.825471399668305406e-01
8.669258131486867747e-01
9.211019407009355398e-01
9.573608569044188554e-01
8.572259229469736397e-01
8.623496240651509215e-01
8.196540184137515173e-01
9.007428694835138971e-01
8.919520957442260700e-01
8.978765815113088911e-01
9.073302689983842040e-01
8.633031106211552785e-01
8.976069405408019231e-01
8.532100071708409450e-01
8.690789081437620966e-01
9.201350998414989935e-01
8.763220904367238218e-01
8.117968558266063228e-01
8.303571379027887556e-01
8.670802353258972861e-01
8.754659711291029600e-01
8.620735606441468635e-01
8.324201779912886456e-01
8.435509741140972961e-01
8.671532129675800782e-01
8.901079816140452516e-01
8.965420597499225153e-01
9.180504647628503490e-01
8.685574414028391921e-01
8.601301055683869823e-01
8.830456935943700181e-01
8.402546962255431628e-01
8.737836758828050332e-01
8.459276900156004197e-01
8.750466494322697297e-01
8.762766968912051313e-01
8.420902981542994770e-01
8.391315911691074048e-01
8.317878780141686468e-01
8.788252809105190355e-01
7.729209998474723120e-01
8.791630678004759281e-01
8.295026510696397182e-01
8.570039364563003526e-01
8.530168638077025856e-01
8.623686250262084796e-01
8.733782937224923160e-01
9.916781948013632109e-01
9.884083318824419262e-01
9.086244079113706684e-01
8.681941565452955256e-01
9.067307934949607739e-01
9.140334381552704945e-01
8.371276021099576248e-01
7.703035599414487233e-01
8.181198348147069588e-01
8.076664000102399266e-01
8.528922878672345886e-01
8.452451220409926691e-01
8.183678786520145465e-01
7.999407407055061370e-01
8.355532221063322051e-01
