9.250766800960605885e-01
9.132574573404589335e-01
8.893531606338743734e-01
8.961408160514980903e-01
8.814820925301773968e-01
8.589950525277336713e-01
8.515405834246801975e-01
8.907689896120706274e-01
8.313946973720854894e-01
8.768542692751454259e-01
9.487496752470373496e-01
9.045866807548942345e-01
8.793189674646360032e-01
8.873642581328353707e-01
8.941976268492380919e-01
9.146562615930492468e-01
9.274885708460630651e-01
8.586087721568129716e-01
8.695448675193760968e-01
9.394310898222868467e-01
8.968115453813539917e-01
9.094877998737617153e-01
8.990115950480748186e-01
8.742587224223519193e-01
7.900742255947436066e-01
8.868609382084466919e-01
9.570117321120383824e-01
8.825950515790310646e-01
8.836263927167742338e-01
9.220568544260264732e-01
8.979819636686043882e-01
8.468520306062884417e-01
9.048284513314143185e-01
8.315609225606924726e-01
7.416474106789812115e-01
8.553045156619498712e-01
8.202295450721074355e-01
8.893658210317798574e-01
8.642684503004927077e-01
8.473337583022177988e-01
8.360678316921826836e-01
8.229333137690981737e-01
8.478647448920915153e-01
8.543131531800695067e-01
8.606663752558111335e-01
8.736270567225014050e-01
8.813406030388208912e-01
8.879419891027134915e-01
8.363043320495269217e-01
7.784909099520774811e-01
8.203050166985421665e-01
8.147893862295290113e-01
8.080754457275229896e-01
8.349023758452865929e-01
8.725614631291824796e-01
8.626908962804774594e-01
8.419631638515878702e-01
8.833100540675036250e-01
8.747766811553802091e-01
8.381265598164904240e-01
8.224431248384370674e-01
8.360408280150396498e-01
8.600825222099194312e-01
9.028331754627282324e-01
8.687341840713923569e-01
8.292765715771756030e-01
9.085092356091305499e-01
8.564922448529496135e-01
8.315609225606924726e-01
8.600237294509283092e-01
8.711092704171261580e-01
8.733557416883935831e-01
8.840783224345430957e-01
7.805088774688152542e-01
8.048348178919555451e-01
8.030263358458470391e-01
8.531885854486501719e-01
8.525108092656570324e-01
8.372656396490704145e-01
8.803999724834530305e-01
1.000000000000000000e+00
9.374126418113724046e-01
8.632778203322273303e-01
9.298182494491190608e-01
8.910936457961374790e-01
8.872987827404824612e-01
8.936491445684819901e-01
9.156411091729337315e-01
8.927898986742806020e-01
8.417090777678853941e-01
8.545576562284333821e-01
8.749354466088574700e-01
8.718014437681638196e-01
8.912925291418463125e-01
9.161414769484370613e-01
9.830324620435617611e-01
8.268067490959066790e-01
9.027087043161423630e-01
9.416748999777716511e-01
9.069797808736149713e-01
9.033825433108348957e-01
8.861414060766901191e-01
8.552902425046949864e-01
8.391442920642342429e-01
8.710654898895905385e-01
8.948639389049489745e-01
8.884216234297070969e-01
8.178158774460645430e-01
9.137606535519916529e-01
8.583686853253691407e-01
8.940284107251567081e-01
8.484778727693155220e-01
8.669586047099475667e-01
8.672773641802994371e-01
8.316853909099575226e-01
7.685168907494898116e-01
9.174180744357701700e-01
8.704986031606205543e-01
8.670238928664210087e-01
8.596601558356539163e-01
8.481363194381393855e-01
8.884344265248349526e-01
8.929477318743660463e-01
9.134900861548513884e-01
8.373697293639716932e-01
8.387752055048900424e-01
8.416735797147785192e-01
8.849892530740712804e-01
8.459399893358686695e-01
8.809656223188498947e-01
8.331850749483525886e-01
8.917291400997888751e-01
9.178396114179817600e-01
8.915040554599557021e-01
9.244006730131292260e-01
9.543606003280510341e-01
7.949590408982006862e-01
8.303861883715663028e-01
8.896712883277287931e-01
8.952356727259274116e-01
8.758722781412977554e-01
7.949790309049759029e-01
8.538423784762604329e-01
9.342021223551886244e-01
7.922264036214476945e-01
8.080931065801930657e-01
8.139263958602334093e-01
8.735723435682368754e-01
8.741188905888385152e-01
8.587973184330669474e-01
8.281212995403399724e-01
8.291629677477989624e-01
8.843736613898156573e-01
8.979278213118219165e-01
9.105428738066103644e-01
8.991228283456998982e-01
8.387989319104822705e-01
8.524964979731113335e-01
9.244266761210231387e-01
8.752843231574548577e-01
8.517290408611090102e-01
8.756909411007178790e-01
8.423231046191097526e-01
8.988157474611983000e-01
7.906589661961189730e-01
9.256945632771901300e-01
9.050383806428795586e-01
9.302834529173159561e-01
7.809768315818534923e-01
8.692784560956358098e-01
8.586582356756422563e-01
8.641162258510968197e-01
8.795083554813224458e-01
8.359316797514850794e-01
8.754362418493664144e-01
7.623108433021306141e-01
8.654861072478466921e-01
8.489994537725358281e-01
9.245456314164400835e-01
8.524135083055025541e-01
8.329752087380266623e-01
8.418076213242426942e-01
7.852282207161471739e-01
8.664423727984196244e-01
8.467672498127061242e-01
9.078721094032030647e-01
8.664015239820009873e-01
9.300935065907189880e-01
8.986596255315130177e-01
8.999211558943539524e-01
8.335861673822048123e-01
9.008575057061126712e-01
8.904694488026124732e-01
6.691640132724637757e-01
9.271622423069161290e-01
8.964733065864808337e-01
7.907016954345912341e-01
8.297578188727006143e-01
7.826812166648724478e-01
8.748074787020283516e-01
8.781328046661182052e-01
9.048282792179711542e-01
8.782841481159163743e-01
8.702311921015555285e-01
8.391315911691074048e-01
9.597739431526687293e-01
9.053803295929224726e-01
8.039126261455137312e-01
8.711176777277256367e-01
9.494695542511171205e-01
8.486934506942112044e-01
8.334471866968298226e-01
8.418322393495260014e-01
8.691827012659527618e-01
9.146200694131034759e-01
8.534616531573683273e-01
8.458104064074781769e-01
8.745115399632796827e-01
7.731448703564872682e-01
8.441469150784214337e-01
7.789353477222984434e-01
8.659104218683851828e-01
8.755132766767927954e-01
8.515870653571494531e-01
9.177620460756887866e-01
8.811254557502313789e-01
8.900958945782873055e-01
8.760632419303548968e-01
8.245450403341118006e-01
8.331193922599910984e-01
8.242943231023304174e-01
7.598695059458834278e-01
8.629552436161532780e-01
8.635312533309964511e-01
8.438389175050259317e-01
8.144086040708515828e-01
8.399189892037709493e-01
9.166291263830576019e-01
8.914344734203509812e-01
8.763070376337221967e-01
8.648346121104474316e-01
9.428530314421517122e-01
8.548946064757579899e-01
9.374445087337383020e-01
9.347675621481360553e-01
8.844491923675911194e-01
8.185342435115873228e-01
8.660183424319112255e-01
8.844808398900079194e-01
8.821497654785771525e-01
8.579164716820376624e-01
7.292494371819224774e-01
8.616623240567495845e-01
8.691481205681310662e-01
8.040556137260364000e-01
8.819644196067140118e-01
8.517079868178243363e-01
7.938260164996753243e-01
8.720808196988117933e-01
9.032682090481659598e-01
8.970702775672489970e-01
9.276395075624354059e-01
9.241039418427628993e-01
9.036294092303095438e-01
8.729863336079971559e-01
8.839749226445243746e-01
8.812064384028951425e-01
8.099133702669412127e-01
8.372781777000372072e-01
9.101951135625977463e-01
8.778280165296927784e-01
8.861616923292899850e-01
9.281194642206890277e-01
8.372530997966736166e-01
9.136101029187825295e-01
9.075179690840429192e-01
9.130664241314937479e-01
8.615718396988417682e-01
8.318481698285006276e-01
8.788295656638047681e-01
8.971674497223185440e-01
8.735801824110613900e-01
8.821438516151172138e-01
8.806962828060244108e-01
8.383125936460987804e-01
8.548419464362073672e-01
8.469639312476533455e-01
8.885330823983164095e-01
9.583530625372524980e-01
8.748209949712583144e-01
8.358235507248845675e-01
8.640738434511729960e-01
8.847058474306036535e-01
7.925742673448071818e-01
9.590549103961145683e-01
9.077979924874414186e-01
8.755880893466091441e-01
9.031536234717483236e-01
8.672820205519143899e-01
9.030531543013637918e-01
9.044330265743348862e-01
8.965366567166536127e-01
