9.103320323634083167e-01
8.862519522992126086e-01
8.949364982934232549e-01
8.733557416883935831e-01
8.811661563629750171e-01
7.936836994028266812e-01
8.704758023918974796e-01
8.413508963158640164e-01
8.959063318813583754e-01
9.338949852271218877e-01
8.723862045701062939e-01
8.577949814782831472e-01
8.665663596899553234e-01
7.475818813453320999e-01
8.795672863276868814e-01
8.027478293142705779e-01
8.519687317703916740e-01
8.251584410105389233e-01
9.155929897186628752e-01
8.358116506483925789e-01
8.815460514879208676e-01
8.572071319059685335e-01
9.188736056515295347e-01
9.159027126838009680e-01
8.693381042914722912e-01
9.401337345377698274e-01
8.821640004457131923e-01
8.122285376593187944e-01
8.405867239175180972e-01
8.735096003061050274e-01
8.355435209219180814e-01
8.935431761960948016e-01
9.007928737878595493e-01
8.890548642609636953e-01
8.006068271486844745e-01
8.820543352059678766e-01
9.048330638423767169e-01
8.220840972757571530e-01
8.759270780203475271e-01
8.687231231768423045e-01
8.566925290725405651e-01
8.672818232460989263e-01
8.812825635375024502e-01
8.884660353301387925e-01
8.147563327511405662e-01
7.855759689435108939e-01
8.885821657107096927e-01
9.285824346451471145e-01
8.995964623152232775e-01
7.789765915149824416e-01
7.672495030665483773e-01
9.017665813969935051e-01
9.191445847303256755e-01
7.951194967874947173e-01
9.015454781795013695e-01
8.536793528467585546e-01
8.211699828884079233e-01
8.087970545003536627e-01
9.719951604953045443e-01
8.521534538177801821e-01
8.494715566773025639e-01
9.064492006515049161e-01
7.976640223236677318e-01
8.519904860773771516e-01
8.786221013023204351e-01
8.174830559873199620e-01
8.191055964802201883e-01
8.104497109933915810e-01
8.032856113351231064e-01
8.850615445487548527e-01
8.790060125524343793e-01
8.683971499149980566e-01
8.278756450937890810e-01
8.745527789680476172e-01
8.780600817944248515e-01
8.225999974534223824e-01
7.992840298012247047e-01
8.404743663185630931e-01
8.894211737707589105e-01
7.975748352245591866e-01
7.355848220010535732e-01
8.255846900474846928e-01
8.539385655529944108e-01
8.871028407655100478e-01
8.695447749619180655e-01
8.558322862887730587e-01
8.359756871661422339e-01
8.074376224877950481e-01
8.934133925390603803e-01
9.198403501594913934e-01
8.574258146826762017e-01
9.082150893195574115e-01
8.652705899505671594e-01
8.986385206632598877e-01
8.444018584012195072e-01
9.954031823171334281e-01
8.024872234472840704e-01
8.846527872822393945e-01
8.521092150781738317e-01
8.755652593102581926e-01
8.669380166243004782e-01
8.834311748225466276e-01
8.514010226883548249e-01
9.289676868931207032e-01
9.264373049872983712e-01
9.437624305729040985e-01
9.511414836434881614e-01
8.481249096296538115e-01
8.929334236614552278e-01
8.711244265365016837e-01
9.970366065887086293e-01
9.448435396518940488e-01
8.640265337266763712e-01
8.577657121884165736e-01
8.590046539306681606e-01
9.516330414833439333e-01
8.691394727370470585e-01
8.637821059845319782e-01
8.210925721710947700e-01
8.905005435440260797e-01
8.042520198409135457e-01
8.981651180643188681e-01
9.151590571643164473e-01
8.219820494758780516e-01
8.449017214593721459e-01
8.533143653913946025e-01
8.492356682450037386e-01
8.577222149700457487e-01
8.290634485991577041e-01
8.544214976653913274e-01
8.817122498609748504e-01
8.089547770737517407e-01
8.984453539291173962e-01
9.033015824659507143e-01
9.608139099018753182e-01
9.313455610035928922e-01
8.946700152192386124e-01
8.938629997767407742e-01
9.249345793004298821e-01
8.875900791607429507e-01
9.446347083825163971e-01
8.827805770543520891e-01
8.894808265946936299e-01
9.212956929924531746e-01
8.882670978810086604e-01
8.823362283663880312e-01
8.466389990814143784e-01
8.976013177813778610e-01
8.395118065016384801e-01
8.375679295164198956e-01
8.321947426818658844e-01
8.446851023977511863e-01
8.674984859688574801e-01
9.440308902291847382e-01
9.000530716045496149e-01
9.177302756186896948e-01
9.557099987719368528e-01
9.359468957325604022e-01
8.430567220662128491e-01
7.860792800305381745e-01
8.112112564441460449e-01
9.202750432049345841e-01
9.313413978085780531e-01
8.575702968699988604e-01
8.771948286461574984e-01
8.222227620361605149e-01
8.024002868505077934e-01
8.757820233881404848e-01
9.017783255271394349e-01
9.114540420682458732e-01
8.886087316074403608e-01
8.539773316789674995e-01
8.587546216392697440e-01
8.619605097565160579e-01
8.731298106202225462e-01
8.533063329441088474e-01
8.458380267964958898e-01
8.655101081055178724e-01
8.778250915290982670e-01
8.899567161079094957e-01
8.786439007998282369e-01
8.760808365881115334e-01
8.268349136320582993e-01
7.567241341101756946e-01
7.831263245723221189e-01
7.550681870513379357e-01
8.254561264592424896e-01
8.114177348856650429e-01
8.529026766996332665e-01
8.758614441556721308e-01
8.764057752005972590e-01
8.702378212197247054e-01
9.248633500546293851e-01
9.184077282452637325e-01
8.595880488574262346e-01
9.080089151110846135e-01
8.703355674543766796e-01
9.107733286857457866e-01
8.729976592089937482e-01
8.813198432304455432e-01
8.901804520459363212e-01
8.614325354497047726e-01
8.675902137072066811e-01
9.429927253480878679e-01
8.568964142995306732e-01
8.204960669956792296e-01
9.076319186746438783e-01
8.741629450402894630e-01
9.279659311872650029e-01
8.538953849997734658e-01
9.049936489655848737e-01
8.435509741140972961e-01
8.985110751582079391e-01
8.337479612367258985e-01
9.972260990912324985e-01
9.247105377354626343e-01
8.921695045319697481e-01
8.668344921118183999e-01
9.652144580339666602e-01
8.700664270951108392e-01
8.069269266942644681e-01
8.309917723811599544e-01
8.206111972877020433e-01
9.635628494881590678e-01
8.519615181906985413e-01
8.346754482619185289e-01
8.404659773443913240e-01
8.794081789998173804e-01
8.390159013914402220e-01
8.566352139218246231e-01
8.035995874933176131e-01
8.216236873346071112e-01
8.400161614424711543e-01
8.321815527327361961e-01
7.645705885723079742e-01
8.357382999875718754e-01
7.709948860540277726e-01
8.587931418028185160e-01
8.473157957026863363e-01
8.594570552208435910e-01
8.607508505359944273e-01
8.740021432356550601e-01
8.361519760603636220e-01
8.457468626484567764e-01
8.285783817634053694e-01
9.479498637323781063e-01
9.189909945696805860e-01
8.184464369125672434e-01
7.386281636339501189e-01
8.374910493172952330e-01
9.279858212657013938e-01
8.336696318020793139e-01
8.588680128210373077e-01
7.939952012733831888e-01
8.733918006560301706e-01
8.378903433713663640e-01
8.506934527097562704e-01
8.612198637557777481e-01
8.472653037814693588e-01
9.297321501723286863e-01
7.818866068541227010e-01
9.274792887515777018e-01
9.265166301896987644e-01
8.312857034379562693e-01
9.210208653022102787e-01
8.027664193668656578e-01
7.894035739950135966e-01
8.140580261347534208e-01
8.837069950876276225e-01
8.725216709161907058e-01
7.743968204021590696e-01
7.981504229718646704e-01
8.169616994627126871e-01
8.415704572729000299e-01
8.356325887974245248e-01
8.152288445846591625e-01
8.872741362026986822e-01
8.776556722059941640e-01
8.803668354156576337e-01
8.358175002043400914e-01
8.088927723686157867e-01
8.442702684401379720e-01
8.324834213793479432e-01
8.339103100782213618e-01
8.114507586793677785e-01
9.103320323634083167e-01
8.649717061834896192e-01
8.400784403452327131e-01
8.537807643399736302e-01
8.829711563352065085e-01
7.970720675188724957e-01
8.514771508873154593e-01
8.365606224924914125e-01
8.758235449445587184e-01
8.621593456705629599e-01
7.340685414760192984e-01
7.464533848436549768e-01
8.414152550178503054e-01
8.013066092587948219e-01
8.465828464086783134e-01
8.160011079071137763e-01
8.450084458820910083e-01
