8.088927723686157867e-01
8.274663620365334538e-01
7.703615017586457059e-01
8.132667523686779587e-01
8.832645639136215143e-01
7.476718571151174109e-01
8.351719013325986651e-01
9.210804505885806792e-01
8.662972220942199986e-01
9.121630944327423496e-01
8.223501340815903005e-01
8.596451895076172578e-01
9.472802922825385163e-01
8.746302004264154828e-01
8.423817744529924489e-01
9.001897198834306613e-01
9.066606387628396435e-01
9.107337899832195216e-01
8.057815001559254231e-01
8.498724778808374181e-01
9.156596031025079352e-01
9.381383209272532442e-01
8.246495256544400521e-01
8.510423415157609695e-01
8.687788590642547826e-01
8.492247921678337530e-01
8.443795477899722624e-01
9.079714883877535447e-01
8.377617086094104604e-01
8.818243833684850097e-01
8.898824431159347847e-01
8.602331202944931698e-01
8.536368098978470709e-01
8.477616385739689120e-01
9.520529047805678102e-01
8.530998054186974544e-01
9.010672088631652699e-01
9.340858122239413808e-01
9.053629945411473257e-01
8.357223647114988552e-01
8.568231427241296272e-01
8.877851394973732546e-01
9.070943564280544713e-01
7.780192483797973013e-01
9.061541861846618140e-01
8.565658612816675621e-01
8.150980392154431042e-01
8.491159510045984682e-01
9.288851829844791963e-01
8.651370876061893478e-01
8.467556476429897172e-01
8.666269933848089746e-01
8.804745109617795329e-01
8.924425787155114698e-01
9.318712705740773705e-01
9.115215170895514252e-01
8.189833012512389709e-01
8.397988127468085651e-01
8.895738076920900461e-01
9.172748786909212804e-01
8.100711091017582799e-01
8.664108921188268253e-01
9.100327994936924236e-01
8.623838740731755159e-01
9.196003979178187793e-01
8.914960789368832073e-01
8.878165420101309380e-01
9.503683329925081136e-01
9.234386086954704531e-01
8.970797312694648307e-01
8.594068177239835293e-01
8.493480106462060197e-01
9.286262505314581972e-01
8.826441866258439850e-01
8.638419783559434517e-01
8.450202957051740071e-01
9.215980555034848365e-01
8.654133143918890658e-01
8.088080813375422284e-01
8.654161053506139734e-01
9.102324935103398573e-01
8.308705899144154250e-01
8.946743602128847117e-01
8.029150216947114060e-01
8.926506041872528385e-01
8.320086647830197135e-01
8.681091375789945497e-01
8.407313951557938703e-01
8.886025344687896732e-01
9.189079999206729576e-01
8.227186437280653575e-01
8.314394516400165358e-01
8.823118369751797863e-01
8.404055401173379236e-01
9.348924608686230986e-01
8.725464823176530826e-01
9.135675517092710640e-01
8.263056244170363662e-01
9.053893335508098605e-01
7.952983744426894708e-01
8.138930537444957203e-01
8.212957188649634421e-01
8.903216832259518432e-01
8.512311346497237752e-01
8.200784239053171554e-01
9.150238050782281141e-01
8.478868622805701971e-01
8.438997908741194820e-01
9.165450068465089695e-01
8.959952674125676308e-01
9.079809042428576005e-01
8.459159691348931975e-01
8.858396905195576876e-01
9.105222437637493504e-01
8.889823344772510572e-01
9.136950888201177401e-01
8.459513107540868049e-01
8.756793317441471380e-01
9.129088880517420845e-01
7.952182532153952987e-01
8.966823550525960806e-01
9.212435916523169510e-01
8.729897531326330506e-01
8.090788454567754417e-01
7.874100610438350412e-01
8.289781904421197334e-01
8.355307324704821514e-01
8.037342042490410732e-01
9.163714024475728692e-01
8.780380871232706941e-01
8.400177291563885040e-01
9.282128040918541378e-01
8.239464384202718206e-01
8.480221494541629879e-01
9.565288974980642456e-01
9.208969864693744567e-01
8.542183225224596610e-01
9.318879510462247939e-01
7.787571203215762905e-01
9.038703932755536297e-01
9.634950526546265381e-01
8.527362913718596893e-01
8.865283504938836767e-01
8.313275416402770013e-01
8.992212071075058599e-01
9.177620460756887866e-01
9.134978385072218821e-01
8.657836172657390472e-01
8.921566969849459294e-01
8.700581786412250329e-01
9.014732547721397982e-01
7.829180839187401819e-01
8.168982823016982531e-01
8.632843490113901730e-01
8.685237259851510405e-01
8.777809372054997672e-01
8.753365302635320866e-01
9.409065158936382733e-01
9.070329749111043505e-01
8.312985257949517814e-01
7.704851378652722849e-01
8.502429540818328135e-01
8.106288133414054631e-01
8.596642267821017480e-01
8.707162051948530435e-01
9.043620364763906849e-01
9.054855192679079900e-01
8.210417068339990188e-01
7.761577222069051540e-01
7.550952141744587953e-01
7.580142809379830648e-01
9.285404191888292358e-01
8.342621078256342582e-01
8.419750357338333657e-01
8.465828464086783134e-01
8.506692841478367129e-01
7.936641501848298308e-01
8.735566631735419696e-01
9.125543069471390156e-01
8.784765852782292495e-01
9.186943181647859724e-01
8.862106844885568879e-01
9.329466875561008843e-01
8.498531992994152739e-01
8.020688085318710137e-01
8.056942062783952752e-01
8.243087904261500176e-01
8.715197426662679714e-01
8.188042500564259862e-01
7.921649022034736864e-01
8.540064468857647695e-01
8.660183424319112255e-01
9.329145107269051218e-01
8.715657018159463920e-01
7.556883804283652806e-01
9.069620369755214684e-01
8.900414723676385309e-01
8.450177799799517553e-01
9.030564792899071769e-01
7.957756436391189014e-01
8.387464804965644172e-01
8.204859071451295893e-01
8.507333602894918689e-01
8.066168293524111910e-01
8.321283304569879746e-01
8.379808044382126564e-01
8.122285376593187944e-01
7.836690992918149412e-01
7.945381458116991258e-01
8.289344776020937111e-01
8.431890015371849012e-01
9.965546512141491009e-01
9.152440028928270355e-01
8.742241891589833669e-01
8.176234147130932994e-01
7.921443941360476471e-01
8.306412467227267671e-01
9.500310581403527133e-01
8.278013792843064156e-01
8.490552407070558472e-01
8.122892216645875019e-01
8.225271971850783848e-01
9.075998556956427210e-01
8.416844239997234300e-01
9.082370227580940369e-01
8.337871001541459215e-01
8.360535425993695924e-01
8.797389699614129865e-01
8.486462624879634875e-01
8.613044509304912388e-01
8.235288886336507019e-01
8.275286485153757754e-01
8.851140672028452450e-01
8.652987547553377956e-01
8.620836930026997136e-01
8.536471011029795886e-01
8.203955044955443254e-01
8.752390969640042595e-01
7.994857087436731957e-01
8.587385031674574787e-01
8.809570178320484946e-01
9.015283665019897530e-01
8.385708949657836309e-01
8.343138357673129946e-01
8.405300673790191412e-01
8.952863484747283218e-01
7.302155289519295378e-01
8.758670060355813192e-01
9.119297474235327217e-01
7.544137215455163359e-01
7.999979971940086587e-01
9.316465402428742992e-01
9.204179552156861455e-01
8.426960911873444537e-01
7.953183024287082681e-01
8.162491814158108205e-01
8.477952822262142529e-01
8.373996382322286269e-01
8.289781904421197334e-01
8.468782162693282434e-01
8.202033140182561910e-01
7.748262544811937991e-01
8.294735371810310065e-01
7.610355836856131928e-01
7.929222244750776527e-01
7.936720297355506215e-01
8.762838964310398771e-01
8.396647554369504052e-01
8.179265764111557369e-01
8.662014789945825521e-01
8.619051097526838623e-01
8.433251945009599959e-01
9.152422125858226121e-01
9.165450068465089695e-01
8.573645726417523649e-01
9.068421011987711777e-01
7.750824810564080902e-01
7.947746713820710296e-01
8.217254979408604720e-01
9.064435886115715935e-01
9.228882026955801399e-01
8.021089292547725069e-01
9.258680102492471420e-01
8.060653702020039724e-01
8.492682877146175979e-01
8.380257828204791259e-01
8.762995099561413648e-01
8.050827874326050848e-01
8.377875132564958083e-01
8.154973777092542342e-01
8.734241300422730392e-01
8.816919958298934379e-01
8.866334948388805426e-01
8.986672571681731947e-01
8.143017182345874128e-01
9.267971841806633693e-01
8.259293856590674832e-01
8.354082260974543539e-01
7.602334405457503719e-01
7.753853285340494006e-01
8.549957147802980106e-01
8.359517744109329351e-01
