9.269872202663468341e-01
8.603935277530310177e-01
8.988437250770359155e-01
8.864344766761284022e-01
7.449224248021721895e-01
8.463252139403749652e-01
8.818887420736016836e-01
9.595261907449396110e-01
9.381546666929825307e-01
8.809912328898084066e-01
9.417196138903336511e-01
9.479804947097951739e-01
8.434413884204581269e-01
9.018884471881607467e-01
9.331701102538075832e-01
8.997723882291110975e-01
9.392907968419635933e-01
9.066862012898910805e-01
8.761036743989552011e-01
8.444318377492544547e-01
9.536728485078846962e-01
9.059683641334107529e-01
9.009625392964631940e-01
8.623496240651509215e-01
8.053793383899212621e-01
9.203670692975107759e-01
9.207654553540129960e-01
8.987451810227607973e-01
8.894089461396224028e-01
9.230538397115487514e-01
8.945065573433794714e-01
8.833772145790363961e-01
8.028434919894208432e-01
7.855114077192483224e-01
9.144489088781431185e-01
8.763080314169358065e-01
8.703974004981837043e-01
9.063393291921103545e-01
9.365899502551956468e-01
8.992777771837267009e-01
8.168335652093889898e-01
9.207093843138757228e-01
9.189930095092347928e-01
8.229390645502905333e-01
9.293874409604089282e-01
9.386307228108766720e-01
9.428347888370512964e-01
8.562145119779236424e-01
8.877627744930096654e-01
8.168021908063874958e-01
9.132647057929790257e-01
8.673675335174768630e-01
8.654309228787274710e-01
9.129755650570050562e-01
8.868789671944342645e-01
8.853694783524552747e-01
9.180434525007181712e-01
8.911442527005805081e-01
8.846683982787529876e-01
8.479752719940583106e-01
8.271862500060236378e-01
8.200486269530241623e-01
8.478758043347834894e-01
9.090673883203427286e-01
8.530479771222030383e-01
9.174077569987323377e-01
9.197239242332932996e-01
8.842683222096189288e-01
8.561113939013283991e-01
9.192811496048730602e-01
8.501813263195890924e-01
7.726164855780839336e-01
8.624297464908555755e-01
9.438952315749217226e-01
8.405320988955197192e-01
8.761798666232245569e-01
8.190102195089263848e-01
9.557084478920805370e-01
9.542831237331074190e-01
8.575115748626389589e-01
8.550848020198235089e-01
8.112359102478775563e-01
8.769512500548379830e-01
8.427313947704582198e-01
8.707966629700412131e-01
9.235036401985662335e-01
9.002524120478483383e-01
9.210479220109507592e-01
8.498531992994152739e-01
9.324572782640786484e-01
8.434577109582077625e-01
9.355854190645418456e-01
8.383497525891190350e-01
8.337618910060268229e-01
9.063264341973317206e-01
8.214896544998878669e-01
8.072775462456039941e-01
8.454061291615263540e-01
8.284633939360134258e-01
9.028182545533561809e-01
8.066526521753315526e-01
8.013629959829342564e-01
8.482845017816195154e-01
8.207978396125832354e-01
8.783219293938733241e-01
8.350489019855443784e-01
8.509146317325733122e-01
8.567689808080708458e-01
8.783380446830277855e-01
9.336115385094149177e-01
8.915937780198688323e-01
8.133077526794739720e-01
9.163980524730327426e-01
9.122925739674513368e-01
9.069109263659851372e-01
7.634834694266713351e-01
8.625204572028309924e-01
8.011243209585713343e-01
8.160699239014128636e-01
9.067762079560226507e-01
9.183010840411609532e-01
8.783219293938733241e-01
9.452157844948807508e-01
8.592354105411605936e-01
7.675921886973557928e-01
9.477608090557887444e-01
9.480626578417441497e-01
8.869972032504597204e-01
8.929746816803912912e-01
8.364088059202313685e-01
8.227627689023797597e-01
8.714708287106061047e-01
8.508826724370720518e-01
8.690702518030353207e-01
8.670155618969640487e-01
8.759218626839139210e-01
8.724246460749943699e-01
9.051687701428632327e-01
8.778627122740377819e-01
8.052511278965073238e-01
8.217339793842393103e-01
8.335285879252252172e-01
8.073261138527475511e-01
8.414749817097106899e-01
8.796030912708102667e-01
8.746589260414994182e-01
9.186360146885437228e-01
8.725487149214505855e-01
9.435547796111556362e-01
9.151137253870729182e-01
7.991743743957983037e-01
9.331325132475709605e-01
8.327569695539528416e-01
8.648564996937325722e-01
8.208754887265728994e-01
8.034877536670135267e-01
8.143754233838924605e-01
8.553470438305238455e-01
7.925045511673637355e-01
9.071477868571363734e-01
8.370109314644776921e-01
8.308941803730811593e-01
8.702293068525562836e-01
8.563337609560621733e-01
8.462084936551094172e-01
8.976558367678203476e-01
8.687173704668266216e-01
8.589566347529404844e-01
8.473098575870551263e-01
8.458573398046069780e-01
8.646046225787034079e-01
8.262029746924971496e-01
8.528403232172844239e-01
8.258155726054493551e-01
8.175501914162275341e-01
8.005688770820054145e-01
8.363043320495269217e-01
8.712939959573069437e-01
8.577853315313264115e-01
9.289343402400497274e-01
8.430815493278652761e-01
8.782138384708522150e-01
8.865335931132076741e-01
8.675883765499606826e-01
8.669258131486867747e-01
8.360151895019906076e-01
8.425918720324374611e-01
8.153891890195303915e-01
8.548107075849615821e-01
8.760242222854197625e-01
8.345149135179167343e-01
8.287578218937242669e-01
8.090672815358898040e-01
8.548622133176776439e-01
8.613302132322867566e-01
8.971759617759439420e-01
9.142748208078232963e-01
8.679468089245074847e-01
8.548818053892714985e-01
8.104886512979898594e-01
8.407916026433489565e-01
8.787745452479618358e-01
8.311127929055860397e-01
8.131566898559902112e-01
8.295599652083668341e-01
8.757249063485142981e-01
9.044729723005173749e-01
8.699022098603961251e-01
8.205009659835083013e-01
8.658190148128990238e-01
9.150790257648675485e-01
8.707885004435447218e-01
9.223383373052390644e-01
8.384288783091254915e-01
8.982603077750569431e-01
8.487776119327934410e-01
8.179838922961918390e-01
8.410284815326563024e-01
8.515194448490472912e-01
8.045828506555158244e-01
9.188116276961268980e-01
8.038438938623330143e-01
8.166256905406678035e-01
7.501420800024801716e-01
8.339304625749571764e-01
7.366328115940028454e-01
8.063477615458127801e-01
8.417134698630053258e-01
8.190597538792012688e-01
9.208889537792490643e-01
8.112689936856650741e-01
8.291771759416187715e-01
8.183862222006337284e-01
9.404751622931913912e-01
8.449032136228696865e-01
9.104404414358190367e-01
9.189831542982657142e-01
8.570549188642768712e-01
9.198443767827529927e-01
8.718416546044833737e-01
8.041457058079484188e-01
8.549376780763598971e-01
8.762467923797565561e-01
8.426843200448400628e-01
8.923922610030265989e-01
8.554074358232800490e-01
8.637146574118608200e-01
8.637731363863462297e-01
8.768094610217712637e-01
8.570854920720767378e-01
9.158809447776971036e-01
6.874890733705280033e-01
8.802173738944245596e-01
6.659782723270586402e-01
8.778545112900854042e-01
8.523187918525975126e-01
8.811032389392851050e-01
8.531723079108588514e-01
8.792320026235945774e-01
9.349896965830831741e-01
8.849892530740712804e-01
8.872994722785586541e-01
8.331193922599910984e-01
9.255846833837578780e-01
8.629941842206048097e-01
8.691153527010759827e-01
9.358629162525701206e-01
9.562925811357139150e-01
8.201872403850343218e-01
8.805057609341070401e-01
8.840015380854077121e-01
8.818887420736016836e-01
9.035440882174884392e-01
8.889409103749125185e-01
8.426018760721398770e-01
8.893911337523452421e-01
8.643184226044769991e-01
8.890470986374812146e-01
7.729559793173733651e-01
8.912984264334377071e-01
8.594135016417134842e-01
8.537807643399736302e-01
8.254447184386702885e-01
8.127695997268333805e-01
8.576094198725002782e-01
8.280191219412195158e-01
8.464479236511394111e-01
8.380271785237930482e-01
8.706706804811460421e-01
9.562166860195295826e-01
7.346770296135987088e-01
8.820224502448746895e-01
8.956010507451385161e-01
8.417134698630053258e-01
8.487786628609570450e-01
8.072346138200209298e-01
7.988513424844814192e-01
9.102947293048009314e-01
7.818404356637352892e-01
8.383276484050536936e-01
8.392905635168651513e-01
8.419920826265467895e-01
