9.725593559205927274e-01
1.182009177389007570e+00
8.919009857677629993e-01
1.803804898932337641e+00
1.478154146586534434e+00
1.124287802650057566e+00
1.420986598511760901e+00
1.184845911436186006e+00
1.309974246859867852e+00
2.548881100290874890e+00
8.648533570702404694e-01
1.159810785213758244e+00
5.610144044385985129e-01
1.005580222159193404e+00
1.025639063482366220e+00
2.306657841874009129e+00
1.490151492375964670e+00
1.697654473787481910e+00
1.538350811214186820e+00
1.214538887918930055e+00
9.418748733062893841e-01
2.393243968871574090e+00
1.203253262446058569e+00
1.067145106504575836e+00
1.934533402230982579e+00
2.052992014380250474e+00
1.964090603645351596e+00
1.231277449221723108e+00
1.124077923611882079e+00
1.396797985558813071e+00
1.155719315391475321e+00
1.106535554861449500e+00
1.827963962896167693e+00
1.037538288484725069e+00
1.306752201365005250e+00
1.077891280839525345e+00
1.161675516521755602e+00
1.333882537814183644e+00
1.313636456539596598e+00
4.518177879733755176e-01
8.333148299834187700e-01
8.710864625511697268e-01
9.662124969597871704e-01
1.303581308075426382e+00
6.981962086654973643e-01
1.138694312772634554e+00
1.213264765110833476e+00
5.179821916500096934e-01
1.114426702801785574e+00
5.769439037858042907e-02
1.124854462179410319e+00
1.325814416741033952e+00
1.273786156260892310e+00
8.223158833426713610e-01
7.225002878347954738e-01
1.349661301179728046e+00
1.071875843587915655e+00
1.217264020066594066e+00
1.058459563611543475e+00
1.210453979751600517e+00
6.199045136365427533e-01
1.023705341981647310e+00
1.296686649730893093e+00
9.723648171366546800e-01
1.165457894424116958e+00
1.207947769199764876e+00
2.276093308455239494e+00
2.161469881064287168e+00
1.255245938358443558e+00
1.356602964905097908e+00
1.330085759636996157e+00
9.906792611688610695e-01
1.025133549346843198e+00
1.611295595145317394e+00
3.605725637549022089e-01
6.917373680169961458e-01
1.476840908974377919e+00
6.630042318571159887e-01
1.443181356623926659e+00
1.396797985558813071e+00
1.311787479068561080e+00
7.114095243645338629e-01
8.573180850056697500e-01
1.176918330414544966e+00
2.260797344287226451e+00
1.004154806503176678e+00
2.386127096836482053e+00
1.553074710397890801e+00
1.603529506755989376e+00
2.374958007528869874e+00
4.094208666187620360e-01
1.751372879901174962e+00
8.670874445127837449e-01
1.361351568601956830e+00
7.097805051369272533e-01
8.831935945979592084e-01
1.402167612191921542e+00
1.339755287035213183e+00
9.918513789304707062e-01
1.188748826993924368e+00
1.373171910448097721e+00
1.569487147570828967e+00
1.664561004015953305e+00
1.516443674001829001e+00
4.744038991601246535e-01
1.130641018546534537e+00
1.043121285695199685e+00
1.084943019059641633e+00
1.018804171396453073e+00
8.814104681765194682e-01
1.229985076512212894e+00
1.047484273669509802e+00
1.029862534087774506e+00
9.247168552175417666e-01
1.109762073860817377e+00
1.559371570810763385e+00
1.045264395623253240e+00
7.912430182572929294e-01
1.374324385521611624e+00
7.285757327434930763e-01
1.080539596806481706e+00
1.489416872091076094e+00
1.294122044705448005e+00
1.758948276049296489e+00
7.730011987865020862e-01
8.752814101722199425e-01
1.203536999088833381e+00
1.273419696490622810e+00
1.227058378471180378e+00
1.045488578446974071e+00
1.245614293797955963e+00
1.143755148161769597e+00
7.373227820064190974e-01
2.817077146453351721e-01
1.240692276072748124e+00
1.235645192553888494e+00
1.037468574681687405e+00
7.333573960464769836e-01
1.641641436333765025e+00
7.964316866138118067e-01
1.015838703559978073e+00
1.358066985713559882e+00
8.274384323812330466e-01
1.928230385663977531e+00
1.308551885092385181e+00
6.973894965323857997e-01
9.605733711121886564e-01
5.088026458131746921e-01
9.690807525043870774e-01
1.193559033075801912e+00
1.218509827786284250e+00
1.153077482192600867e+00
2.365186556553442454e+00
5.179523925375226767e-01
9.388212458151840023e-01
9.406242002475727615e-01
9.165302102448837918e-01
1.162504287524936064e+00
1.643249854524027720e+00
6.543454477558120486e-01
4.295399555597600449e-01
9.207975485166139951e-01
2.135472818911244186e+00
8.540055850957947170e-01
1.053772692504706843e+00
1.389231032718830416e+00
1.875425798193462557e+00
6.981489137793619459e-01
2.599044571985387186e-01
1.118614353465234412e+00
9.862521607232025422e-01
6.533769693881631424e-01
2.426864008867656020e-01
1.955576783451961065e+00
1.285553520927677829e+00
7.628137527776437388e-01
1.027602603398049430e+00
2.217805906046048658e+00
1.864048983269580351e+00
1.732265914072679935e+00
1.391822925419988088e+00
1.174313610578700651e+00
8.084286313861144269e-01
1.096854745770216244e+00
1.609966449311924341e+00
1.909199111497211110e+00
1.208992485294192454e+00
1.003665175424401923e+00
1.137620456771817556e+00
9.623365489009956253e-01
1.680120037378267206e+00
3.410968583173918378e-01
7.765779735124647143e-01
7.811069195560290668e-01
7.910955138468218628e-01
1.162882927031575475e+00
1.309974246859867852e+00
1.561018305828197894e+00
1.039220385896897136e+00
9.435371066561152320e-01
1.473210042105731477e+00
1.487421245749034338e+00
9.099968191329663725e-01
1.544916020761855968e+00
1.106640838632341861e+00
1.079498837642801856e+00
1.283508577517049609e+00
1.907792425277722748e+00
1.032867855817994451e+00
1.263589011773203818e+00
2.445321696757252639e+00
6.216444164174246279e-01
1.041461176561286228e+00
8.594029279110197983e-01
1.223170616988487724e+00
1.515179109674987812e+00
1.047156361283660964e+00
1.885703319863406779e+00
1.085425743343979010e-01
1.060959905820197946e+00
9.816783780658878689e-01
5.490771299343298883e-01
1.976691977759774899e+00
2.412048966773899128e+00
1.006152757284428434e+00
1.553628623230023376e+00
6.252113041449025577e-01
1.933365668470137910e+00
7.925271517249469211e-01
7.515677388620533028e-01
8.260644563036536603e-01
1.617785131691505285e+00
1.494343326613586154e+00
1.526991921865881174e+00
1.117363104412333552e+00
1.523067662047249859e+00
1.241260795320964005e+00
8.047580730343061317e-01
1.015525064939838407e+00
1.488188121473523973e+00
8.181789195782925850e-01
1.098311282695863644e+00
5.650566891882308207e-01
1.007429455150275599e+00
1.207046216365229796e+00
1.353712525266609568e+00
4.900973534502369167e-01
1.299296410558804515e+00
1.376823515153845934e+00
1.124235480682510557e+00
1.416980219435658217e+00
1.352890831793245985e+00
1.746987177893457144e+00
1.291371663347869347e+00
1.120147549644363583e+00
1.982886172643533618e+00
1.533962214248864475e+00
1.007664286885304294e+00
1.181807051887336257e+00
1.179089654034604306e+00
1.511459769533310293e+00
1.815063213766001882e+00
1.088211329119951110e+00
9.482327148091260760e-01
1.529471021763255001e+00
1.375611363628416184e+00
1.728384128388338103e+00
1.331403779147457778e+00
1.483087094864447231e+00
1.888367534211395471e+00
9.810144734982741976e-01
1.208694851617321264e+00
2.502747756253518752e+00
1.507959312721516065e+00
1.125037854350926070e+00
1.058384307536333724e+00
9.980710787962694397e-01
2.228777118026063597e+00
7.781092127280064830e-01
1.319062949755637426e+00
1.293085087114068221e+00
1.017184855149851019e+00
1.649798293230311241e+00
8.384023108621521114e-01
1.244324394633083086e+00
1.178761082153151341e+00
1.568242504300587425e+00
1.171449635743827100e+00
1.851704569224390973e+00
1.498240310570935208e+00
1.092786701008750638e+00
8.371452164893914416e-01
1.368094755650915983e+00
1.954035130998957870e+00
2.401269362633198234e+00
8.160545271437573689e-01
1.289956052172790191e+00
1.317278323353917147e+00
6.783635732677401053e-01
1.825101498127282396e+00
1.490690740776599021e+00
1.004868514708168847e+00
1.089526220365689690e+00
8.297985496121240701e-01
1.054940612914695208e+00
1.606441535919502561e+00
2.135544784175055000e+00
1.260224189023997576e+00
1.003558761343606998e+00
1.267421718721610358e+00
1.300609140750522918e+00
1.419149155010166474e+00
1.456059105052518454e+00
9.548030992807613471e-01
1.361553993541152918e+00
1.062602887251668182e+00
1.362159921792328809e+00
1.141807537106262149e+00
1.085452433746533218e+00
9.204728559151637013e-01
1.167297751915538528e+00
1.107338729971995450e+00
1.022390977075957608e+00
8.045922216765364343e-01
1.088966445370819658e+00
1.364402295167070012e+00
8.290425625272510590e-01
1.487782834095220164e+00
7.435462534744156082e-01
1.001845873988290725e+00
9.299081887932825197e-01
1.049640571081324580e+00
1.132892833385509945e+00
8.653499068378777137e-01
1.443857127488111569e+00
2.017768722994059960e+00
1.480736531032603942e+00
9.891818322759192705e-01
2.218545732513903967e+00
1.676763040370530033e+00
1.516269390371973280e+00
1.120176354727498991e+00
5.088026458131746921e-01
1.347615436881510531e+00
1.208308619270606954e+00
1.243852990204752151e+00
7.941592328206065199e-01
1.374800089409163872e+00
1.817152942884922240e+00
1.125477931027166090e+00
1.163144264750771484e+00
9.157861254953360008e-01
9.187751981098231102e-01
1.061807362202586535e+00
9.013535022559223675e-01
8.775989627614018129e-01
1.330303299258365879e+00
1.876584053858466383e+00
1.541342767772421851e+00
1.117522917991843556e+00
1.101486324131150107e+00
9.091931363384185838e-01
1.371731750639807013e+00
1.104032342245283127e+00
1.013668181598808449e+00
2.135544784175055000e+00
1.031662708456301258e+00
9.075425004172139598e-01
1.245086687279959525e+00
1.133962188887194383e-01
5.482646237393553612e-01
1.048469819534758152e+00
1.272678710334332886e+00
1.257108296995492092e+00
1.143930474677017139e+00
1.300879355281988170e+00
1.788730506104014184e+00
1.117267414625521260e+00
1.485166126515995444e+00
1.468623481736290204e+00
8.894689754811251348e-01
1.012660054038421187e+00
1.382293114349746999e+00
1.456888113080445413e+00
4.543315087882997538e-01
1.054297928708167298e+00
1.700695482237089662e+00
1.611318487220317897e+00
2.842218230512247312e-01
1.007989113190987718e+00
1.357069688498799165e+00
1.258667289436075754e+00
6.867193011734973318e-01
1.083377740257835287e+00
1.546991754446435940e-01
1.308050077191269756e+00
7.750716237538322062e-01
1.034380115380043375e+00
1.124965165673782241e+00
1.923424218706600186e+00
1.657005284845805004e+00
8.007175890173543475e-01
1.452218030263916715e+00
1.591382251055238617e-01
1.124057556746145492e+00
1.893329126189444156e-01
1.628163157991481702e+00
1.318704833193485859e+00
1.338862544901168627e+00
1.764376811204707129e+00
5.961695078878600507e-01
1.245533359398647288e+00
1.350320983674722974e+00
1.679925601670998692e+00
1.364402295167070012e+00
5.437147845873989693e-01
1.321051179656050234e+00
1.700282992941814841e+00
1.013870812341908900e+00
2.830210995423726672e+00
1.396003419918238508e+00
1.675004403446699597e-01
3.117333721524397916e-01
1.248962890984206098e+00
1.190870569488777564e+00
1.356105530488363797e+00
1.614129532570816705e+00
2.467571172759571496e+00
1.865462968983246650e-01
1.307221735103965221e+00
1.308116585742266746e+00
1.182543162318284491e+00
1.225320027312179150e+00
1.197435771726921727e+00
1.183382134848456557e+00
1.591809249116023839e+00
1.229335476303549113e+00
1.974669677815007462e+00
1.282787670518496848e+00
3.695044034437237612e-01
1.085615538315644946e+00
3.135884744253073508e-01
7.343508877965703174e-01
1.656619318280017961e+00
8.655947482090926570e-01
1.878034794043627054e+00
1.459935484500024527e+00
1.048572970236749224e+00
1.752148447645573759e+00
7.406164955149535656e-01
1.508979337114416897e+00
1.350342871602971728e+00
2.900093537245448938e-01
1.542605082633686342e+00
1.545452440346957834e+00
2.141881012745560642e-01
1.455167734550222525e+00
1.008409968543712454e+00
1.009092928704631076e+00
9.869411896451718569e-01
9.359985398374579546e-01
1.455005161924805224e+00
1.768857053448075867e+00
1.035337488274967521e+00
3.176693722622353500e-01
1.384923146403010286e+00
1.613198678480270098e+00
6.036322819263810757e-01
1.241847168398762635e+00
8.318905990220736291e-01
1.254311201996832104e+00
1.377596886900145812e+00
1.161120862425158107e+00
1.385588715635008183e+00
1.556418175841442597e+00
6.410924625849941938e-01
8.382957441781674346e-01
9.368458513218075323e-01
8.398813453324756040e-01
1.395946718988327451e+00
1.238985281786159520e+00
1.063969013130621422e+00
1.135284637538112928e+00
1.072247206527124685e+00
9.222985963576986190e-01
1.091081125907846561e+00
1.282884322100627195e+00
1.119995340777281578e+00
5.602620496365866565e-01
7.072625858691680145e-01
1.548589136161654611e+00
1.201809018957017861e+00
1.022430243675484407e+00
1.272790999225348774e+00
4.777886164923682011e-01
1.732551473593507918e+00
1.275210362772163819e+00
1.695172598517118212e+00
8.030623403411558670e-01
1.181807051887336257e+00
1.215201590257513509e+00
2.770718226238003123e-01
1.262040289851327879e+00
1.337592581178388640e+00
8.633781246547549415e-01
3.208890814675113834e-01
1.515152645938734111e+00
7.938042958713726893e-01
1.099667558750127450e+00
1.194069981924779089e+00
1.017224848977582807e+00
1.133206729195043838e+00
1.205715214326291695e+00
1.492087814006936020e+00
5.739113108876794378e-01
2.172843142582895570e+00
1.215833984429862236e+00
1.502874706841258456e+00
1.726567502689189126e+00
1.114481664064722599e+00
1.168366354477747393e+00
1.073072942203504798e+00
1.598791205968371987e+00
1.039596350635204614e+00
1.320765211859514343e+00
3.055472999007384782e-01
1.068866511013608189e+00
1.349322026824053777e+00
7.626509256035056694e-01
8.533083165149868421e-01
1.938074098912931476e+00
1.046463148896995321e+00
6.490232061741707525e-01
9.419702196497466984e-01
1.496602917077856088e+00
1.703168115471094701e+00
1.230464212534744917e+00
1.190725013654336806e+00
1.983963211312507635e+00
1.925176697387420921e+00
1.255751586910770712e+00
9.091489567649231329e-01
9.308583232937430729e-01
1.287458879297231906e+00
7.742856769848777132e-01
6.425777525577289762e-01
1.544151431644023464e+00
1.081924784900905490e+00
8.023637868592505829e-01
2.068188026513825051e+00
2.068496644120073391e+00
9.491183703980703434e-01
9.374048346500969409e-01
1.155249527830568557e+00
1.375340264822724423e+00
7.492403296755448805e-01
1.306433356650946065e+00
1.241908812083539093e+00
1.479511928250608399e+00
1.323014296930890454e+00
1.793511181438372404e+00
1.087321312264126982e+00
1.320506235232780101e+00
1.017184855149851019e+00
1.652754604158585661e+00
9.617088174662474787e-01
1.707836635710300088e+00
1.203536999088833381e+00
1.687856252783485500e+00
1.081114980763714817e+00
1.128333751046850963e+00
1.518793696820517125e+00
1.366647899718613335e+00
1.766952470115602747e+00
1.290561809856793918e+00
1.163398026811381492e+00
1.149348514754539696e+00
1.145063491706438397e+00
1.019603563503015176e+00
1.839795772229932513e+00
5.131459859894880182e-01
1.075542963044392897e+00
8.317412643124584282e-01
1.434673637564965132e+00
1.313170626327121893e+00
1.282884322100627195e+00
8.860527270789588794e-01
1.561124705789415312e+00
6.388876672090748610e-01
1.101130626258914225e+00
1.264981450737492574e+00
1.203964281710937279e+00
8.414370008320676275e-01
7.028613860225064736e-01
1.171437653571857140e+00
1.183923015559412040e+00
7.683058678439638189e-01
7.289551058889249813e-01
2.144048637374412480e-01
1.199111786852389061e+00
4.705698776490195301e-01
1.743861671282139536e+00
1.390061379884238058e+00
1.715367625451542422e+00
7.666583003204681113e-01
5.651013322959568264e-01
1.157073416545463251e+00
1.099546753147771172e+00
8.991821236533016348e-01
9.670284615800656125e-01
1.036698872790684733e+00
1.938725162222979526e+00
1.204754802340792574e+00
1.368930045824481967e+00
6.309769873949283570e-01
1.249510424797149577e+00
1.409524332051903972e+00
1.226806522020644108e+00
1.477069707614334648e+00
1.084910792462440154e+00
7.195811373801203059e-01
1.057952536894075646e+00
1.152389204014917734e+00
1.852698731875922489e+00
8.356995102801481057e-01
1.098006497252180358e+00
1.153372452671383108e+00
1.969224642230731070e-01
1.357483251902352306e+00
1.133015610028700992e+00
6.388008044860817858e-01
6.867508513352950095e-01
1.306280066683798147e+00
1.825101498127282396e+00
1.184109867233311908e+00
1.339144857971798830e+00
7.719093705563571106e-01
1.340273888084853482e+00
8.894622783633195917e-01
2.382398135924188032e-01
1.052779312679321899e+00
2.178122766271536115e+00
1.586954252716325175e+00
9.250367666849249604e-01
1.800996532495908964e+00
1.183227838571079493e+00
6.084340428092462894e-01
1.171437653571857140e+00
6.791711077200508484e-01
1.948031553440859209e+00
1.732637856939626131e+00
6.818866938016768797e-01
1.663804780079611190e+00
1.391310245613361474e+00
8.204182737995794339e-01
9.354682855352323134e-01
9.269289382999794658e-01
1.054999145866087229e+00
1.464579736401377397e-01
1.924125630323830549e+00
1.252228171983971183e+00
1.187332705841502412e+00
1.936353001096298154e+00
1.358621263839784099e+00
8.689542437301753797e-01
1.187640761468463646e+00
1.227807578120337917e+00
2.341045422931950615e+00
1.766829118244854779e+00
1.258381318545447103e+00
1.273535526261165840e+00
1.650559877019979416e+00
5.895548337335079214e-01
1.789636085970802482e+00
1.334393286100150622e+00
9.224435608442019818e-01
1.191129526495530833e+00
1.093329324066732333e+00
7.364585873734652566e-01
1.848110409345814054e+00
1.266303796571790485e+00
1.135946220709161070e+00
1.199037984773308585e+00
5.734704406416125666e-01
1.513243697352802952e+00
1.268909371774849193e+00
1.400438981870698596e+00
6.876935342929624273e-01
9.700886469485062724e-01
9.036840687829464924e-01
1.623433921516312273e+00
1.756619086142277464e+00
1.511488235479032438e+00
2.068496644120073391e+00
1.550160195430350329e+00
7.523289150894052479e-01
1.921770641929650969e+00
1.283317705470806924e+00
1.615760794270058032e+00
1.163678159311922755e+00
1.859075066833435486e+00
7.251956539773054544e-01
8.419243586984423988e-01
1.412091886069131830e+00
5.127376376840255823e-01
1.085397819161247668e+00
1.219631745331617889e+00
8.311702969983841838e-01
1.050452829569456403e+00
1.477773467713058730e+00
1.433814301773497890e+00
1.138060784293259520e+00
1.247346772312804219e+00
1.198039975617813502e+00
8.076669159196760983e-01
1.756298554332465178e+00
1.307106242512535266e+00
1.203980245437469287e+00
1.164240300280396490e+00
1.327778759153406929e+00
2.169526829350578279e+00
1.476985333997812566e-01
1.268503330649707772e+00
1.518088859571408600e+00
8.267016884527805809e-01
2.374864520524558043e-01
1.342443099487630187e+00
1.582545260417953514e+00
1.419041162460313421e+00
5.698675258917770270e-01
8.371452164893914416e-01
1.075669413135617924e+00
5.985272312529341665e-01
8.585226080185974773e-01
7.136146413857158421e-01
1.670161498649768594e+00
8.291979512136828934e-01
1.201834923004810429e+00
1.186980544540724214e+00
1.662398219640910835e+00
2.643108774655840598e+00
1.289670994870833365e+00
1.374266857167933287e+00
1.347653529990614052e+00
5.951913957615881934e-01
9.502590540832869248e-01
1.259219806257461105e+00
1.217001003684988758e+00
1.509176767256703355e+00
1.239664189651671578e+00
2.591830565368169914e+00
1.004554881489535312e+00
9.369883183823103368e-01
4.116033918746179743e-01
1.891448328884398178e+00
1.617448392083979281e+00
8.711080305197512752e-01
1.378889195138341961e+00
1.094397966311062564e+00
9.801801274132627695e-01
1.084960139069548690e+00
9.363097534895719054e-01
2.007372820297195659e+00
1.369351609038966577e+00
1.237940922022613632e+00
1.073072942203504798e+00
1.220221312767474142e+00
1.309269792176038560e+00
5.724196673960728621e-01
3.219517636606434308e-01
1.093916889301732587e+00
1.131856731904814950e+00
1.257392944042723393e+00
1.317631414271437373e+00
1.235309115984922990e+00
2.457217175707470336e+00
9.422160460312959396e-01
1.463435577476039251e+00
6.971014978605363233e-01
9.514402642331939441e-01
1.377310343014855221e+00
7.736310450356842505e-01
8.753378972956658011e-01
3.757781534967221670e-01
1.195153651323486388e+00
9.118101229491722970e-01
1.011717567372344861e+00
1.143989113149118886e+00
9.751115068722110424e-01
1.192420976132103183e+00
6.720872752318709509e-01
1.205911262382299620e+00
7.903975606769793050e-01
1.473210042105731477e+00
8.004294143529682160e-01
1.497607037882023207e+00
1.271030049172087173e+00
2.175644537030662296e+00
1.480175169590464135e+00
5.426169715125207516e-01
1.345732388197845575e+00
1.051206515824288257e+00
1.019096018089349798e+00
2.385757665743681311e-01
1.640760517779364491e+00
1.182735775341252848e+00
1.223059154446854979e+00
9.942080266457630211e-01
1.558885752836674632e+00
1.177803001729758936e+00
1.323014296930890454e+00
1.062741428147363498e+00
9.056641514692140849e-01
1.042040556273784668e+00
1.223965924854301335e+00
1.901758703166480657e+00
1.425223165633277222e+00
1.151202583731784745e+00
1.993974493106037971e-01
8.944893073960836771e-01
6.733628958645120344e-01
2.494974469269880757e+00
6.608016210064342477e-01
9.675191264585738526e-01
1.585661374577702620e+00
1.148341007829005278e+00
1.236912727171116222e+00
1.319912607926243098e+00
1.032867855817994451e+00
1.052209490741094600e+00
1.457525690220248693e+00
1.573640071638511717e+00
1.554173728568210233e+00
2.195298315322468774e+00
8.920801629998450499e-01
9.909498147312779670e-01
1.202729014264680707e+00
1.684094062162904359e+00
1.212670397638683006e+00
1.806881541900337007e+00
9.593349633580271485e-01
5.184963176154532283e-01
1.093916889301732587e+00
1.142887767057705117e+00
1.995893593800203591e+00
9.942261230328790500e-01
1.142048466467373569e+00
1.272538160274816921e+00
1.788351365844850438e+00
1.261111889269315389e+00
1.502134533245929937e+00
1.395817856051577932e+00
1.331212423015521562e+00
1.180902729545745489e+00
9.738024535720616326e-01
6.608016210064342477e-01
9.147468057395080621e-01
7.399846773802392086e-01
1.119424654093159166e+00
1.143364336566936812e+00
8.209871189429985838e-01
1.394335342714093651e+00
1.160873783445993901e+00
1.048556737057600108e+00
4.467402139753153256e-01
1.038103039712277242e+00
2.271946264700242857e+00
1.533874728117223807e+00
2.119160238226426962e+00
1.282635717625107752e+00
4.543315087882997538e-01
2.448208443070588380e+00
1.164704690789971853e+00
1.431609712606952467e+00
8.579908978771313421e-01
1.486188695027586437e+00
8.856958628542637157e-01
1.720468210204208814e+00
9.874237674304701118e-01
9.500080712830692997e-01
1.523865982547743636e+00
1.587662206425455080e+00
1.431539468670530058e+00
7.625362506688102560e-01
9.148222401150297722e-01
1.371303110665964331e+00
1.363030337062187680e+00
1.546848098996421506e+00
1.140459292489613086e+00
1.229622821083977025e+00
2.098781375985073527e+00
3.392901644342425360e-01
1.061820119531924567e+00
1.161012170598025639e+00
1.328599656465144330e+00
1.176885072999649617e+00
1.220673034386717815e+00
1.390355670116936615e+00
1.740268606106576410e+00
1.914435995863446260e+00
1.296876955359283379e+00
1.901122466031893499e+00
2.383542223697671325e+00
1.249087055976895178e+00
1.529121860879996131e+00
1.032316056161296736e+00
1.028922347750607535e+00
1.141719738279134644e+00
1.176545165131891668e+00
1.333283996766322144e+00
1.232613812557217248e+00
1.417146919942128547e-01
2.274944268812285841e+00
1.111288325116270848e+00
9.515415056572688046e-01
9.737821822289792761e-01
1.218053753904459580e+00
1.199262597734723101e+00
4.136967452750231478e-01
7.136146413857158421e-01
1.077228490805298922e+00
5.229196673903964143e-01
6.658863621400763488e-01
9.365071592552161039e-01
2.194132636422525984e+00
1.002346072734534799e+00
9.705492814437606253e-01
1.139978290487583479e+00
9.971666888094697923e-01
1.153434337498579820e+00
1.052906817542365703e+00
4.717048779906044542e-01
1.582279919742032082e+00
1.204057119884685889e+00
1.408630361637594364e+00
8.835974001330313410e-01
9.369528793294988889e-01
1.246337099406941595e+00
6.771911049201088106e-01
1.774904701877895175e+00
1.118615044088414834e+00
1.112793075349428840e+00
2.177078391649862610e+00
1.325884969226933663e+00
1.222392506310696847e+00
1.011614010000783104e+00
1.106254393248599532e+00
9.908576383194128701e-01
1.388918308247231614e+00
1.851503172467727110e+00
4.216698122070956511e-01
1.292542693598486725e+00
1.357966076965744451e+00
1.350855503170321992e+00
1.052612327983757368e+00
1.000549503537716545e+00
1.721402462398314404e+00
5.488167287571229513e-01
1.161150753047697215e-01
1.069319846762076365e+00
1.504985023160441804e+00
4.194182706741979016e-01
1.367776806990158134e+00
3.208890814675113834e-01
1.208308619270606954e+00
1.897146097707376411e+00
1.021247941859993347e+00
1.354336893251691265e+00
9.774780454465131774e-01
2.017768722994059960e+00
1.811115869195626615e+00
1.803467045183611450e+00
1.039394739654961430e+00
4.315053071093991055e-01
1.645479594995634232e+00
1.139186786529612139e+00
1.202119958185821069e+00
1.119077860273876013e+00
1.220603447532230490e+00
1.111643971462663583e+00
1.629410832999646175e+00
9.680198378672464354e-01
1.707019176577791120e+00
7.285757327434930763e-01
2.093324719345141638e+00
1.498917547107667225e+00
1.241847168398762635e+00
1.391218463261855387e+00
1.275511071729099388e+00
1.358448376579957317e+00
1.243304948306407587e+00
1.424920562215720388e+00
1.335958168069802499e+00
9.341901150482759819e-01
4.695369733024906678e-01
8.788866242850791322e-01
1.361754881947513596e+00
7.738038276843074437e-01
1.362079690140495902e+00
1.103997841734953189e+00
9.098790821009792307e-01
8.739952035823220777e-01
1.532113437723494398e+00
9.027109941865403275e-01
1.136896953610502470e+00
8.765024060860037158e-01
9.345286227941008717e-01
1.404481870866551629e+00
1.249924796092461099e+00
1.238114616215890473e+00
1.309458720427383316e+00
6.024682807372165882e-01
8.111730939665573459e-01
9.151254487548514671e-01
1.534802206547149384e+00
1.381490003918213638e+00
2.318777148922187781e+00
1.368135003198498234e+00
2.302323285804179331e+00
1.255032517086583921e+00
1.237922738381754817e+00
1.965695631556065637e+00
7.352063201230611966e-01
7.894779671353427952e-01
1.282538193970829132e+00
1.594406438040326446e+00
1.338122193476499522e+00
7.266066543631843899e-01
2.019504887079204725e+00
7.052465950817313756e-01
1.375611363628416184e+00
1.071533259536090910e+00
1.357483251902352306e+00
1.278442499207308680e+00
1.056633891645149648e+00
2.240236695938924161e+00
8.972392519204713812e-01
1.310702881406645481e+00
1.069095395366700396e+00
8.651289713221081978e-01
1.044203916873034821e+00
1.036276964419664409e-01
6.164430456925145130e-01
5.508308003246318307e-01
8.388599060350099279e-01
1.192922314954649954e+00
3.675300760251021259e-01
1.344008230310062446e+00
1.452272677151467795e+00
1.324425682339887667e+00
1.342914418588197378e+00
1.882160769417992041e+00
5.081493202093682049e-01
6.361341323821624316e-01
1.153362357494732260e+00
1.659249470914828217e+00
1.177725320199750403e+00
1.203334861652707755e+00
1.413315952650012530e+00
1.453518530673144848e+00
9.353866742134149259e-01
1.808353483173193110e+00
1.423127395249439875e+00
1.232393811205287903e+00
2.007642516112259301e+00
1.799903598964415430e+00
1.184231090609130677e+00
1.575882698004313021e+00
1.708779510522142608e+00
1.007989113190987718e+00
8.010301194224999088e-01
1.092693476709571510e+00
1.873903521418209817e+00
6.873378795711959643e-01
7.061129605664679953e-01
1.581690834126234124e+00
1.958246985902439175e+00
1.268602692571337398e+00
1.065800589073352622e+00
2.556141511557711077e+00
6.987651475745262353e-01
1.540213092076478718e+00
1.334393286100150622e+00
9.319574170651495626e-01
7.467645920599945697e-01
1.030180177295757060e+00
7.233633255551982222e-01
7.021330152578491024e-01
9.461412484517025545e-01
1.045699158309728150e+00
1.292319310711129932e+00
1.564877109458530313e+00
9.618610088428709570e-01
1.422617314461510185e+00
1.047015571343088869e+00
1.206084965389232266e+00
1.061195975005505332e+00
1.069451635924614674e+00
1.008754052518511912e+00
1.117744585222227194e+00
4.948743253961904176e-01
1.170622499388544790e+00
1.053044500523289351e+00
1.297160768065663383e+00
9.495369778824772622e-01
1.080279573175322749e+00
9.126543768630773767e-01
2.272753353347575445e+00
9.916973457700135608e-01
3.236664839317348052e-01
1.673068063165018327e+00
8.185385353195592240e-01
1.285962927176125703e+00
1.344867161372567788e+00
1.008540503249025555e+00
1.471481440554293085e+00
1.311669710935353228e+00
1.103371022298284432e+00
8.257461966428051303e-01
1.039628409125677999e+00
1.241623683152496493e+00
3.456234039231658173e-01
7.051783322492753969e-01
1.073556528473548877e+00
1.163714893926866667e+00
1.878334048913683940e+00
2.274493286372135437e+00
1.705021812886555743e+00
9.908174877162420069e-01
1.336280632788284572e+00
1.671379173755212832e+00
1.017227394775408023e+00
1.904714324215571963e+00
1.331806503383365037e+00
3.660100293127153126e-01
7.146809061916843397e-01
1.291752732789942071e+00
2.964636989336609796e-01
4.616686745949065140e-01
1.236560218091606211e+00
7.679600273427233947e-01
1.365925769954319247e+00
9.056641514692140849e-01
1.854206570137848065e+00
1.890310267528472865e+00
2.293526183632284887e+00
1.173501487924154096e+00
1.145199924969654282e+00
1.064431202964225776e+00
1.580293281390949822e+00
8.308655179686612602e-01
8.772871561013135810e-01
1.094276962660502228e+00
5.087663418794742265e-01
4.039232460971773908e-01
1.545762233069066127e+00
1.194933071073850162e+00
1.395756924879648198e+00
2.399879079218239397e+00
1.319432229834236692e+00
1.712321763690572762e+00
1.511099004106156496e+00
1.218786809401060989e+00
1.260961264662884940e+00
9.225201037604605636e-01
7.241398503667357822e-01
1.362864238561949159e+00
1.219349281942903485e+00
9.504361662100849761e-01
1.417309574925863735e+00
1.063997205678676838e+00
1.563314016600064305e+00
6.968105230165034802e-01
1.777311375971501350e+00
1.374196820313898781e+00
1.069313645908260391e+00
1.852745383891847730e+00
1.998665325040818619e+00
1.108803493839109811e+00
1.636810836596834573e+00
1.133700776351199702e+00
1.300558002938442703e+00
9.229011271249945025e-01
1.879337269172502767e+00
1.417459606246000314e+00
1.112735976463624432e+00
6.634729199861539861e-01
1.429099786300660035e+00
1.281787838784360922e-01
1.005227147895320527e+00
9.796092502606227326e-01
1.110500397541649198e+00
1.260561190356977113e+00
1.226192441928457555e+00
2.229939881061482332e+00
9.508934087103833033e-01
6.565205868435706194e-01
1.143358483885259069e+00
1.205655200035506747e+00
6.608016210064342477e-01
1.674493963591965340e+00
1.100373627464216630e+00
1.186114704406475706e+00
1.300130500060579397e+00
2.011138895262905901e+00
1.742556864663406424e+00
1.263617964756785783e+00
2.067541681313948221e+00
1.217713802507394583e+00
7.860226116567433641e-01
1.067485961670997519e+00
1.078272664357764477e+00
4.640277516503296673e-01
1.596891803090625839e+00
1.454633436640592858e+00
1.185129524801052048e+00
1.007784941985860216e+00
1.020375309778791983e+00
4.164145353953664364e-01
2.156827508906779267e-01
1.571284817431857883e+00
1.155306982043360131e+00
9.298477284130430842e-01
2.215192210965899022e+00
9.998685152282877908e-01
1.017227394775408023e+00
1.339953040652417604e+00
7.186770760782895673e-01
1.485738334574796093e+00
1.119090523915780455e+00
1.126057085795765245e+00
1.888490086201258800e+00
1.152734767149854900e+00
1.277923366168644215e+00
9.386285227270635412e-01
1.330115382065457208e+00
1.084573843281326555e+00
9.729723959449483317e-01
1.320799570409496138e+00
1.021038868210041528e+00
1.197664367954401232e+00
2.502747756253518752e+00
1.316312731806215552e+00
9.414761805375558845e-01
9.541318316822845480e-01
7.718760151314657536e-01
7.586723528644317982e-01
2.336993379322599707e-01
1.306170831887338624e+00
7.892674738897471620e-01
2.239305462249581602e+00
1.744045972376575104e+00
8.821820299060809667e-01
1.042149603145865022e+00
1.873903521418209817e+00
1.344507058116293452e+00
1.062842512567679032e+00
1.085619362078983130e+00
6.422454271189512731e-01
1.584748115745062913e+00
8.808134442069435188e-01
1.694161612275434603e+00
1.083338157412519598e+00
1.637536572428512249e+00
1.000623964249940379e+00
1.965695631556065637e+00
1.565441997009243913e+00
1.169644325803507412e+00
9.500057752269097655e-01
1.185079433793429393e+00
1.411992504497375789e-01
1.307949338875741496e+00
1.323229205183064749e+00
1.011444055075710891e+00
1.099358179506161770e+00
6.320881455389192327e-01
1.049342510940347806e+00
1.464837246827470629e+00
1.302975835842434815e+00
1.825228264062501049e+00
1.593286010381960827e+00
6.829668819761015586e-01
1.236591735077558152e+00
1.157073144639975126e+00
1.796753942307307561e+00
1.296633843430568644e+00
1.632619859169019527e+00
2.362502889014209906e+00
6.051618117616390791e-01
1.952146681473913903e+00
1.088340045527592670e+00
9.196199510450824288e-01
1.249087055976895178e+00
9.459752926814157803e-01
8.960271124175729351e-01
1.010910526413767441e+00
1.263878027079666788e+00
1.303048551712155056e+00
1.727952154568872745e+00
1.061135789303457422e+00
7.566673672718754462e-01
1.079259856013238927e+00
1.539285498994079848e+00
1.043133806287156462e+00
1.852122158905503468e+00
1.876950995985103177e+00
1.358448376579957317e+00
1.056250421028756881e+00
1.712818093371146988e+00
2.568587036157209957e-01
1.421924069191739415e+00
1.178748160152281566e+00
1.384550272336878329e+00
1.407258673353432910e+00
8.959579301626180436e-01
1.409685925023460351e+00
5.915367597272578326e-01
1.119012197730687719e+00
7.804719083209725738e-01
7.844246021880260100e-01
1.362163867485613578e+00
2.093587438422166436e+00
1.395695199069989956e+00
1.493468790828308412e+00
8.094105449566505461e-01
1.320165472280731889e+00
1.775292426352831354e+00
9.192202198430728943e-01
1.097789927736328774e+00
1.025643691471170182e+00
1.015525064939838407e+00
9.662367430913572086e-01
9.994377855752548667e-01
1.749564508436753263e+00
1.110301826569087158e+00
2.081631188568250579e+00
9.560827845354441523e-01
1.187561961436158553e+00
9.965502371206291787e-01
1.705021812886555743e+00
1.578132905729471958e+00
1.085885244290470064e+00
1.386481226301966574e+00
1.271496575704909038e+00
7.505900391314563880e-01
9.136102388622219239e-01
1.862689812945557799e+00
1.076546516333048986e+00
5.511698892925831483e-01
1.051744998012349663e+00
1.651509895386920501e+00
1.744556624824482594e+00
1.656544759941647849e+00
1.224620712791772315e+00
3.777586407335264962e-01
7.539537467895451872e-01
1.140667910840594379e+00
8.631072229435526877e-01
2.285984205642312084e+00
1.330935363385158832e+00
1.272920314934363750e+00
9.973676163920758286e-01
1.529329430056294070e+00
3.326274175646293241e-01
2.392502918215176688e+00
1.130158841079225374e+00
1.015575566629732807e+00
1.211009032774295280e+00
1.170499914057310464e+00
2.117870213003739455e+00
1.301702604250837503e+00
1.562511971718897774e+00
1.714780298638052258e+00
1.123378871512630939e+00
1.847869664619977259e+00
2.318777148922187781e+00
1.138449891866632147e+00
1.954121616590108967e+00
1.581620005045363708e+00
1.976041367645698710e+00
1.105502218876183607e+00
1.087959388595225008e+00
7.293121123533148342e-01
9.959808068792602720e-01
1.077318182599729113e+00
1.030970819616424672e+00
2.463821216755379240e+00
1.361411726715903159e+00
1.470351729191145873e+00
1.349448757594933490e-01
7.964570101430674676e-01
9.338006760934001171e-01
2.666216036835118430e+00
1.002253089095230143e+00
1.171816522918699865e+00
7.484143118218213875e-01
7.730336548478606851e-01
4.590415287811132616e-01
1.229308175183013274e+00
1.145867397187040337e+00
1.057039156288053228e+00
1.329811709536269593e+00
6.998640016123081065e-01
1.014609395346027565e+00
1.314407829229444769e+00
1.022994590169782114e+00
2.245646934274886597e+00
1.360838661351035483e+00
1.984794468551806190e+00
1.362163867485613578e+00
7.754997260106207824e-01
1.334028121475757001e+00
1.224620712791772315e+00
9.779365428955528738e-01
1.076943944054072455e+00
1.868679506031722504e+00
9.812556286431874941e-01
8.343959923983212956e-01
5.605144392017212818e-01
1.652545424035918087e+00
1.651759704106475102e+00
1.289670994870833365e+00
1.506187639741431439e-01
8.251098571636161783e-01
2.092139101067520990e+00
7.729721019395132675e-01
1.557571190338759459e+00
2.038023169904863430e+00
1.296051681097620145e+00
1.084779946846282650e+00
7.740660355279013194e-01
5.432028422813228730e-01
5.743924114568718098e-01
7.211360633165326828e-01
1.005026694610968052e+00
9.147862476948307453e-01
1.668857843109047279e+00
1.197938968515419145e+00
1.905451272661197737e-01
1.309974246859867852e+00
9.122316166056355646e-01
1.152405363741223709e+00
1.362677587823905689e+00
1.600539945838820310e+00
1.240860195439994929e+00
1.336444356495417596e+00
1.028289987142962270e+00
1.189688241913430922e+00
1.112897887489620485e+00
1.162084829916083750e+00
9.181472442276977786e-01
1.163563920565944043e+00
2.144119051217403094e+00
1.287036478451213828e+00
1.092962837629269046e+00
1.450094123714370298e+00
1.277810651912158812e+00
1.906152578121766084e+00
5.663611233306781179e-01
1.620103893193635569e+00
1.043542203319735018e+00
1.374800089409163872e+00
9.975437688595978347e-01
1.558363123431897979e+00
8.956989364101077822e-01
9.202036034269411857e-01
1.053095093412920402e+00
1.518813303816133775e+00
9.782507782221180337e-01
1.268602692571337398e+00
1.501365972342209254e+00
1.916583985251445688e+00
1.727847938126300331e+00
1.812460745188986255e+00
1.397706040345467526e+00
1.384923146403010286e+00
1.090893937424467497e+00
3.879903586818865824e-01
1.452218030263916715e+00
1.394810148217240586e+00
1.364833496151484749e+00
1.654710565461820160e+00
1.079456683877880296e+00
1.363909167935432709e+00
5.709252099637205369e-01
1.393400052950187096e+00
9.878250568742499294e-01
1.292191684406033936e+00
1.347724474087807156e+00
1.024325330316321558e+00
8.665252437099751903e-02
5.130429075012016282e-01
8.321486336550553142e-01
1.824984873581820266e-01
7.690519090169435357e-01
6.543454477558120486e-01
1.123744094797630932e+00
1.090478095095424926e+00
5.011865378936578574e-01
1.517131461021972161e+00
1.388131506467428222e+00
1.759357950241617674e+00
1.473317084605913152e+00
1.197938968515419145e+00
9.042876596937242661e-01
1.204614597768343343e+00
1.644511772425959473e+00
1.237160725740266587e+00
1.220603447532230490e+00
1.445717137071524272e+00
1.052955926653600383e+00
9.177838434248339894e-01
1.263292425425187160e+00
8.097135736926868166e-01
1.081781426654168987e+00
1.205571879376585054e+00
1.052209490741094600e+00
1.191940929989954601e+00
1.010237999535815057e+00
1.090710693340691595e+00
1.575532363244825929e+00
1.250671911797504254e+00
1.623375774951165473e+00
1.288135633767266031e+00
1.331322145410711366e+00
8.439602289258592016e-01
1.266778873307416786e+00
1.164502478206322023e+00
1.824565274860837916e-01
1.027834791702803896e+00
1.207396291204223981e+00
1.884113424775637258e+00
2.086433165518241761e+00
1.337558061085125871e+00
4.687540301107459562e-01
1.393502024999512701e+00
1.896383387160102130e+00
6.694590260913161339e-01
4.664779332633413600e-01
1.238374196304830921e+00
1.213620187936613970e+00
1.185425923913738133e+00
1.433471889720969727e+00
1.328135133219130681e+00
1.594430917048939689e+00
1.054507573034831225e+00
1.080260762811989794e+00
1.100624709253949174e+00
4.270557230564815399e-01
8.376620988170945248e-01
1.176727798167258365e+00
1.238588231598888756e+00
1.123378871512630939e+00
2.492415148819472570e+00
1.375086940427147297e+00
1.339543167889550856e+00
1.267461794146577336e+00
1.375956269396837239e+00
1.718700864401474293e+00
1.218091412465684087e+00
1.128302654545245920e+00
1.210024444428980939e+00
1.221267120994384614e+00
1.255600023281656430e+00
2.826633021711005278e-01
1.271876536180664985e+00
1.128920275441030352e+00
7.697235592533274717e-01
7.893175504223767236e-01
9.643995682904152877e-01
1.317620463115376284e+00
2.008558194862751556e+00
1.098837121144151219e+00
1.434524838683962411e+00
7.982982899730969306e-01
1.065790942880192604e+00
1.320226682709472188e+00
1.290306755414983853e+00
9.231992281622968255e-01
1.685215808787720482e+00
1.962499155307420917e+00
1.142268085065069050e+00
9.173125998882841747e-01
9.323125812678754176e-01
9.163281794091121535e-01
1.443616073358771068e+00
1.447288105750373477e+00
1.270939810095649491e+00
5.675579266782116994e-01
9.051124285688777471e-01
1.054251292936093876e+00
9.966617190085355071e-01
5.846841678330205738e-01
1.179506716495081875e+00
6.871520025916583174e-01
1.426640517368787053e+00
1.822672102586794241e+00
1.621675295328593336e+00
5.506128488324463222e-01
1.641935741360010192e+00
1.999028560044715075e+00
7.584273923799047523e-01
1.212689736905134957e-01
2.312910642668266181e+00
5.995483911838044300e-01
1.094275909822781223e+00
1.148006780028704821e+00
1.498327825346192022e+00
1.224260435467387165e+00
6.624124567311487910e-01
1.215201590257513509e+00
1.508151160187887196e+00
1.614348099209816478e+00
1.350440269324564069e+00
1.601999946785761963e+00
8.167357456159469731e-01
1.632769411737318599e+00
7.505502507544596913e-01
1.487533736456131850e+00
3.143237116482113791e-01
1.468432703749240620e+00
7.864753037284433201e-01
1.596959924603997383e+00
1.438665886080468637e+00
1.290299827223992057e+00
1.253712859812750491e+00
1.145997265569302481e+00
1.066655425827760295e+00
8.700128379804499268e-01
1.109099336996187457e+00
1.501797656823983473e+00
1.332524007454823023e+00
1.445789541625311037e+00
1.529846124756591763e+00
1.118627409042355803e+00
1.766952470115602747e+00
6.218817949054937788e-01
1.289290389411105631e+00
1.332524007454823023e+00
1.265835590328284965e+00
1.104629749645416048e+00
1.297522996387813210e+00
1.176557239744088657e+00
7.638236779556535350e-01
1.020031095041025626e+00
1.037413988941780829e+00
1.109498927808476809e+00
1.432752053936856118e+00
1.093695930928679783e+00
1.040402715162031866e+00
1.125198315123497661e+00
1.181178259645355944e+00
5.733053907872548427e-01
7.459766915363794659e-01
3.796778876239345624e-01
8.665117351706036475e-01
6.991655354454063831e-01
1.215751531028626431e+00
1.930236812323537832e+00
1.313127478799273495e+00
2.020108030487400619e+00
1.343083498388917496e+00
1.035169797235969247e+00
1.305631850120677395e+00
8.947686756910703254e-01
1.003665175424401923e+00
1.174471976661653150e+00
9.681136312231349850e-01
9.927752821489432833e-01
1.552718126145166355e+00
1.495116566587876727e+00
1.194933071073850162e+00
1.227451992332659003e+00
1.052645849653062404e+00
6.208890030129013970e-01
9.037688622436366170e-01
1.463435577476039251e+00
1.631559906524852277e+00
1.417564220235337791e+00
1.166070156781654932e+00
4.965894758993070757e-01
9.275758617961537000e-01
1.105454183007997360e+00
7.192567535185927508e-01
1.963391420420202316e+00
6.973894965323857997e-01
1.027590638438893977e+00
2.525911946825178944e+00
4.227355718401911155e-01
1.005573501233994138e+00
9.751729479339281692e-01
8.552762562703174476e-01
1.006733619623038534e+00
1.065428840054255089e+00
1.341444470205395811e+00
1.015832433892133624e+00
1.682860599834631099e+00
1.025058349097856647e+00
1.310305972056227786e+00
1.378064205095517192e+00
1.231216995234464040e+00
1.032565056549582305e+00
1.313541176204285454e+00
1.904071715973811640e+00
1.221405266065405337e+00
1.128357342186283141e+00
1.293299496574969121e+00
1.289430242222435741e+00
1.337321541690693394e+00
1.355953052973622341e+00
1.319464001047509161e+00
6.083404000307359727e-01
1.384923146403010286e+00
1.281798560189776115e+00
1.405915321077451763e+00
1.663894477849310105e+00
8.475819036257956629e-01
6.998640016123081065e-01
1.104743612626542637e+00
1.078924219799182405e+00
7.905814071781880337e-01
1.482545585766490204e+00
1.815669299154524019e+00
7.378072011792613516e-01
1.021138492718005386e+00
1.035824693491252724e+00
7.539727513056633246e-01
1.494462813622808195e+00
9.905604524599129768e-01
1.029503115423593407e+00
1.398331077263982314e-01
1.158185654666338049e+00
1.699614570547226533e+00
1.236601487572972502e+00
1.452091075377250684e+00
8.505640122390001334e-01
1.006071298826675564e+00
1.141719738279134644e+00
6.377100885307026568e-01
8.953526287368915870e-01
8.541019719199955951e-01
9.477149241866711371e-01
1.059230877957807460e+00
1.964686902953525438e+00
1.411764091395584675e+00
1.114472436402994537e+00
8.916391511791718072e-01
4.035856808405470786e-01
5.737688442220324481e-01
9.669380893561105861e-01
8.806079904621174625e-01
9.808018093304807783e-01
