1.865158989347809548e+00
3.265488402037739490e-01
1.063704954465285235e+00
1.061512554387516793e+00
9.593138909706979689e-01
1.061021531927914596e+00
9.096295298228926907e-01
1.099088694994957427e+00
8.293455012931395531e-01
1.511024099590317027e+00
1.406265526132870480e+00
9.356839308911631958e-01
2.516902726107136390e-01
8.051225827492911602e-01
1.922138489597221778e+00
1.875425798193462557e+00
2.392368154058673646e+00
4.128751389082247480e-01
7.717996883125023411e-01
1.385658478636195845e+00
7.695920311051421825e-01
9.184536631402017148e-01
1.640698749174672288e+00
1.425689388271788705e+00
1.420276833569892538e+00
1.219631745331617889e+00
8.357829552390129146e-01
7.164406346080891552e-01
1.259219806257461105e+00
1.282006979168072380e+00
1.588058359654547003e+00
1.053896503818563701e+00
9.417101828418663612e-01
1.189203192838699019e+00
1.887167543683404114e+00
1.111556174914703599e+00
5.703915530901537689e-01
9.824735071777317419e-01
1.685147835580966591e+00
1.082316799843219046e+00
9.047116321193889865e-01
1.342168257871714010e+00
6.574842900562615222e-01
1.239122860245897018e+00
1.223059154446854979e+00
1.051440652362727768e+00
1.836826365368099623e+00
1.179575270289292543e+00
9.820574669762264230e-01
1.496677762921373445e+00
1.258193166196302393e+00
1.088778517497581921e+00
1.660652306782230525e+00
2.186341236152506973e+00
1.721402462398314404e+00
6.607005123687419434e-01
9.421563297561645900e-01
1.652279380776069395e+00
1.047543584003181483e+00
3.254541362163269613e-01
1.140041572775730483e+00
3.179864621471721886e-01
1.041978411391445647e+00
9.110949823562036753e-01
1.421494004707106074e+00
1.168779555538168147e+00
1.552957540443864692e+00
1.587167842093887504e+00
1.502265643685007257e+00
8.454750783119298063e-01
7.548632054011046311e-01
1.274322634624311945e+00
9.156089214512690422e-01
1.986783171939282333e+00
1.136766044766249539e+00
1.185074095377214753e+00
9.098800728756279987e-01
1.180460575873520046e+00
1.650185153223017398e+00
1.008896090705214688e+00
1.083476449105504225e+00
1.144282293496884817e+00
1.278769753868193915e+00
4.988799532819612748e-01
3.269510290299813549e-01
1.370665428032480593e+00
1.665546265045922514e+00
1.398408762146388984e+00
1.452218030263916715e+00
8.425101123483919041e-01
1.207264454412822596e+00
1.134194167138131704e+00
1.337080721187587251e+00
5.752626587732866392e-01
9.878828415333117396e-01
1.012652458997666205e+00
1.104275890117730308e+00
1.765711895099730144e+00
1.157268226689793567e+00
4.779246408763724863e-01
1.825228264062501049e+00
8.764143614379958924e-01
6.145333255789847682e-01
1.473703802136071772e+00
1.758700283408646925e+00
5.892884348770169867e-01
5.183037600607766082e-01
7.519198373565364468e-01
6.410924625849941938e-01
1.117224939865686828e+00
1.267663925993742779e+00
1.520581678997195763e+00
9.496387770341917500e-01
6.787260576615281593e-01
7.440892950530971772e-01
1.111859432349322274e+00
1.135289878099120298e+00
1.568306090824420185e+00
2.682636957082064288e+00
1.452272677151467795e+00
1.452218030263916715e+00
1.121017064881341119e+00
1.339773250327405130e+00
2.016550655624786526e+00
2.841803617093809908e-01
7.151058943716041005e-01
1.526991921865881174e+00
1.032841714033338354e+00
1.639140798908168328e+00
8.843790487552579682e-01
6.682579120976021025e-01
2.868634102809080044e-01
1.281191972846118521e+00
1.759680808429775700e+00
1.178773213725345492e+00
1.721402462398314404e+00
1.064431202964225776e+00
9.617562545691860088e-01
1.778601290585339445e+00
1.911082244259642016e+00
1.468273696121480176e+00
9.740540924148913815e-01
1.486588626577407979e+00
8.579908978771313421e-01
2.262973807180444774e-01
1.089902162746803072e+00
1.081136523282863582e+00
1.450558075013341774e-01
1.355088509891043014e+00
9.096353037250387574e-01
1.230779318553861135e+00
1.455230685815006586e+00
1.095322401179781080e+00
8.402075986289059273e-01
1.679502929428470237e+00
9.768999556069652979e-01
8.948716342608017404e-01
4.557869041218521322e-01
1.686110346707958341e+00
1.675294642551341084e+00
5.283378493005410625e-01
1.262392980766479766e+00
1.478058691032425820e+00
1.179389678974998912e+00
1.062054153552811409e+00
2.169526829350578279e+00
6.606096345941078196e-01
1.277024455821575311e+00
1.489792629585036332e+00
1.017499465002773107e+00
1.855445904295949022e+00
2.161318154822024606e+00
1.021564064600959831e+00
8.077651756848515108e-01
1.522055222355221116e-01
1.204057119884685889e+00
1.353937758417842474e+00
9.230551225901655332e-01
8.057869541121586154e-01
1.372487386769864148e+00
1.020112583131296491e+00
2.153471273236545080e+00
5.982039748169850624e-01
9.191574825869520682e-01
1.253098017255199981e+00
2.172919240065107171e+00
1.916583985251445688e+00
9.204728559151637013e-01
1.689085143128627120e+00
2.272744918003156422e-01
1.444116681355454235e+00
4.818718505578074573e-01
1.139873138433257438e+00
1.136375482790235925e+00
1.056938473526404465e+00
1.093752621031709671e+00
9.205771075369392209e-01
1.287244034624048794e+00
9.827539733677935763e-01
1.338567979953097398e+00
7.903123829303357883e-01
1.392854705387796654e+00
1.238881396795453727e+00
1.915298214652322084e+00
9.893823337321396849e-01
1.328735443930385340e+00
1.102912006224134434e+00
1.469845505991420831e+00
1.124116007932954187e+00
4.804361989940585387e-01
1.391231608587810475e+00
1.046225165226055465e+00
1.560690325958375535e+00
7.352783823267546870e-01
8.475923398305830192e-01
1.010027737782310364e+00
1.063813802190296753e+00
1.195833500807828242e+00
1.335733992730917308e+00
1.281103049497066326e+00
1.710951767109682775e+00
1.790292037565275995e+00
1.035544795430026088e+00
8.309144032918938105e-01
7.663687746099179243e-01
1.092532019432526313e+00
1.528073522673968565e+00
1.143654540293657762e+00
9.685402628020951532e-01
1.052007946261809934e+00
1.069267322120954544e+00
2.225115916978973374e+00
9.741906644476379107e-01
1.294295775423763617e+00
1.144109370102593282e+00
9.303046524224671820e-01
1.197051773680579023e+00
1.323229205183064749e+00
1.353712525266609568e+00
7.001586245109600037e-01
1.175810568519334298e+00
1.763002848216220331e+00
1.320630291534182765e+00
1.408979611038757129e+00
1.040248574403398241e+00
1.204752131615535848e+00
1.392450925089397495e+00
9.433377192424005075e-01
2.642263076802875421e+00
1.119301782821638946e+00
1.916269917393427669e+00
1.254808758995840101e+00
1.283354889857895476e+00
5.027478878723462552e-01
1.316471237670065131e+00
7.761850833404261296e-01
5.942387340777652849e-01
1.255858336886045423e+00
2.501373633776802663e+00
2.054430520278730299e+00
9.017493072052290559e-01
1.075671566235875121e+00
1.138954643540752265e+00
2.964636989336609796e-01
1.625779183064432587e+00
1.038693719911869318e+00
6.547121776097758472e-01
1.380985366557789806e+00
1.310862124517669480e+00
1.175452637079555052e+00
1.524475221471410125e+00
1.038506431660691565e+00
1.020591761921218588e+00
9.490555224202597007e-01
1.180788354719580324e+00
2.097279019195308791e+00
1.113280276160661941e+00
9.016207062671507400e-01
1.178764920089902857e+00
6.588922194291084722e-01
9.208392264448246323e-01
2.222569825199506521e+00
1.657501068128459876e+00
1.702818899908911332e+00
1.408605181772517811e+00
1.138429235918014149e+00
1.115768515273604544e+00
8.231941441948663618e-01
1.174757701174160340e+00
1.152611032699554450e+00
1.106376551927450214e+00
6.899654862317898818e-01
2.000230574938599126e+00
8.414591170741879678e-01
1.204596131034909368e+00
1.445717137071524272e+00
1.080068652818062747e+00
1.560925153377576979e+00
7.701734514440720103e-01
1.328630061703165222e+00
3.557636282037907605e-01
2.268547378157111716e+00
7.740660355279013194e-01
2.748739590782041664e-01
1.080841136845227091e+00
7.638236779556535350e-01
1.074287618598537275e+00
1.111716810147407308e+00
1.675996811859518543e+00
1.450257892785090208e+00
6.196011172527162714e-01
1.598765341192272205e+00
5.191865894687604926e-02
1.143893395823910808e+00
9.419967949987446687e-01
1.507678005744357508e+00
1.149646699783274162e+00
1.282165202230961309e+00
1.411731857464243012e+00
4.281470607819740648e-01
6.794486332779263726e-01
3.456359077383506229e-01
1.122450849092426761e+00
1.099546753147771172e+00
7.196537080746029380e-01
1.673609677075923452e+00
1.092122041717471070e+00
8.869428649392969710e-01
1.610499575317824839e+00
4.535367082043341713e-01
1.347456575959509628e+00
1.841262112340165791e+00
1.341904112919000358e+00
1.588326911966081001e+00
9.943852004781973397e-01
3.558166248143296850e-01
6.335463903530890173e-01
6.392928123054051337e-01
1.697654473787481910e+00
9.897657380403275251e-01
1.154765807919110765e+00
5.333756509584896000e-01
2.137425952778852167e+00
1.575193119212167314e+00
1.799199436152213671e+00
1.073258177781739819e+00
1.424475708976671973e+00
1.228394452554950389e+00
8.382573216011027784e-01
1.134007803547397275e+00
1.894251385443809887e+00
1.264028194564666974e+00
2.023051224325393527e+00
7.896483553137377820e-01
7.910673401678720573e-01
9.811009303818892802e-01
1.203536999088833381e+00
2.260797344287226451e+00
1.171923161215901565e+00
1.448308180502278830e+00
1.389894849646220232e+00
9.832344558286285618e-01
1.489409001809077315e+00
1.311131227568627544e+00
1.102396070306467024e+00
1.137923840614078141e+00
9.402450296989712797e-01
9.760735377254396994e-01
1.114481664064722599e+00
1.443202589115635925e+00
7.283383850234773638e-01
1.102817503246344089e+00
1.640920018952324311e+00
1.086593425425231629e+00
2.336993379322599707e-01
8.161218928490384661e-01
8.467449870053742611e-01
8.579908978771313421e-01
1.485402366419288134e+00
1.338866909906673008e+00
1.149045331259713754e+00
1.042040556273784668e+00
7.190854415064497074e-01
7.502890511272330976e-01
1.399450061199360773e+00
1.149383498146199445e+00
1.158336384133513253e+00
9.531847721816701924e-01
8.308289978746306037e-01
7.172638448110995046e-01
1.640866944958618623e+00
9.139211103871038855e-01
1.142887767057705117e+00
1.505936052782279599e+00
6.305611545543297058e-01
5.540985581680435423e-01
1.305900146829307662e+00
1.687691260321466435e+00
6.754498305793736890e-01
1.201797175837059140e+00
6.037529419036921086e-01
1.284219692397898127e+00
1.868679506031722504e+00
9.669380893561105861e-01
1.036482244987354306e+00
1.124041525913589190e+00
1.401898448921754303e+00
7.025458796075221279e-01
9.850063136930229390e-01
1.107029792918156508e+00
9.114525977154742664e-01
1.608785564571075799e+00
1.175038020303319053e+00
6.593089274256451748e-01
5.133533035097298525e-01
1.130545109875456866e+00
1.735924607731886615e+00
1.006242031607195386e+00
9.244606759834333998e-01
1.735435394682753651e+00
2.027090732175127918e+00
1.511273536389167171e+00
2.106868528114662631e+00
1.474858400644700085e+00
2.571183865062808049e+00
1.068200152850871332e+00
1.359110624532623879e+00
1.254210039971172641e+00
1.306247449153703721e+00
1.336591184031839852e+00
9.151254487548514671e-01
1.079816342393744799e+00
1.343733038566928162e+00
8.849816856345703586e-01
1.083786500393347785e+00
2.278393284949751685e+00
1.427176842368173881e+00
1.117721118232182009e+00
1.513215321682924719e+00
1.241419251326247419e+00
4.972582120414753559e-01
1.205926036519031852e+00
1.000382756736070133e+00
5.211223670078939385e-01
1.703617295467641179e+00
1.022140370762688599e-01
1.196390165438166120e+00
2.110408668845184188e+00
1.112655206630569937e+00
1.080136031473452274e+00
5.124387085078243587e-01
1.356485072441150352e+00
1.110189804586383389e+00
1.213146538626698190e+00
1.265600881000573219e+00
1.061537095895192850e+00
9.149215775325342248e-01
1.265078210288746341e+00
1.229134477767088285e+00
1.085061783955437065e+00
7.721947604784976660e-01
1.134948192524289468e+00
1.503227130963945113e+00
9.145333805114702619e-01
1.029417933652563732e+00
6.669571785718997337e-01
1.423673483543474561e+00
1.159543312866115450e+00
1.155012338646028258e+00
7.700137318860920121e-01
1.265653965379809787e+00
6.938302830226489304e-01
1.761978436265251524e+00
7.871358627908610073e-01
5.574250581458028986e-01
1.842251211375496578e-02
6.436869460789882424e-01
1.117730887727683697e+00
1.309437333998238806e+00
1.109291670005061681e+00
1.043319796295726576e+00
8.318081459021157142e-01
1.998256203223540917e+00
1.518770609640229141e+00
1.435765974125060351e+00
1.126619176139538103e+00
1.302872332191897797e+00
1.117249212475404541e+00
1.630077038649036192e+00
1.411841092420470734e+00
1.106919121312939014e+00
1.373253357560428434e+00
1.709105223775143401e+00
5.011255976425332825e-01
1.383599535997740437e+00
1.588766135184454642e+00
2.099647019715449758e+00
6.030671098967408383e-01
1.434071181903791015e+00
1.066962850794542561e+00
1.429419478446433356e+00
1.244156297473123507e+00
1.306547135699459572e+00
5.488167287571229513e-01
1.382915156534800349e+00
1.037931270236147618e+00
7.285757327434930763e-01
1.554995114104089415e+00
1.474198631294770578e+00
1.074152142366625373e+00
7.458145138314407063e-01
1.252478456970770537e+00
4.664779332633413600e-01
1.003282716488113957e+00
6.660452091422691678e-01
5.362724741203942491e-01
1.264028194564666974e+00
1.943797573745140284e+00
1.228514185589257623e+00
1.363909167935432709e+00
9.238276558844514819e-01
5.060090735601459055e-01
2.593584185664953079e+00
1.019733246136509175e+00
1.135396639457354695e+00
4.685281655937772460e-01
1.124415955935068823e+00
1.226102504977472751e+00
1.632619859169019527e+00
1.419091672871718224e+00
8.318081459021157142e-01
1.662798620723995979e+00
5.959027132403323934e-01
1.439228682817014215e+00
1.096340537657026326e+00
9.902426086267651639e-01
7.129908036723808795e-01
1.820725094633700580e+00
9.441206548928716691e-01
1.956760434958316974e+00
1.190213784730068669e+00
1.075812012824671093e+00
1.334943240893513350e+00
1.350239960996243160e-01
1.243947059182089143e+00
1.513243697352802952e+00
1.161385245704849689e+00
2.408588997819439914e+00
1.424475708976671973e+00
1.416130241238471310e+00
1.710764333078375055e+00
9.801801274132627695e-01
6.400286352743249640e-01
8.197139928125313224e-01
1.880913607474104410e+00
1.742716052333737498e+00
1.295919829606330398e-02
1.561065475883625098e+00
9.509396146712557618e-01
1.155712100541798071e+00
8.767840458788054292e-01
1.249168916224290937e+00
1.998256203223540917e+00
7.013120267804806574e-01
2.002438183443529862e+00
2.702949929714916211e-01
9.122405166535002552e-01
1.367843619410303413e+00
1.255299304118294046e+00
1.483635600049594050e+00
1.021448761935603189e+00
9.464282223882077849e-01
1.338343224834950274e+00
1.772215736047939583e+00
8.750853425522731044e-01
7.957581661115300520e-01
4.210320214672498285e-01
1.425183106733150407e+00
1.272535135378839888e+00
1.462125012358473919e+00
1.622306338000063741e+00
3.055472999007384782e-01
1.266308233166937969e+00
5.073816361495787630e-01
7.644728056314122888e-01
5.734704406416125666e-01
7.801749517260955225e-01
1.266016471309774127e+00
2.552598713294937927e+00
1.509943281028168549e+00
1.353181509219298251e+00
1.107517416565634072e+00
1.998740934332952301e+00
9.762843399396665678e-01
1.627336892391294532e+00
2.863923840357882056e-01
1.677603455267784094e+00
1.093329324066732333e+00
1.371731750639807013e+00
1.206239301418693621e+00
1.588322218920640294e+00
1.439453902601517399e+00
1.239564758766853680e+00
1.168709759355028188e+00
1.244072191639820080e+00
9.730671059841559112e-01
1.432434464789208217e+00
1.350594151199591364e+00
1.369351609038966577e+00
1.180350156933821948e+00
2.038561450821340326e+00
1.122026636376801667e+00
2.374474541552760165e+00
8.468839992292986896e-01
1.016122387781660752e+00
1.410337155889699323e+00
1.538503189708871233e+00
1.580280080068981352e+00
1.450078074294427033e+00
1.958828016581137366e+00
1.156810052419225965e+00
1.254815641316717301e+00
1.037422794253304525e+00
1.294390489776388709e+00
1.679681884074647691e+00
1.865102572657881153e+00
8.314326500245484697e-01
1.163000250056200890e+00
8.384029829637130726e-01
2.201672748070506280e+00
1.519596152331893935e+00
8.146893335844234141e-01
1.103479125033820285e+00
7.116417154573446702e-01
5.073816361495787630e-01
1.332693204755224459e+00
1.297827615637643373e+00
1.754043593514253541e+00
2.569509781666561743e+00
9.193346022313234611e-01
4.957236122642330600e-01
2.243032695588762060e+00
2.807460251805544704e-01
1.240278126759308375e+00
1.074122125947710060e+00
1.747962522566051558e+00
1.584598882177375101e+00
1.164035988001373090e+00
1.176266830648811546e+00
9.729831647324099775e-01
1.318300759022026147e+00
1.031079312903820266e+00
1.417364148497803622e-01
1.128150162027242276e+00
9.316131969380381239e-01
2.045103034623315885e+00
1.272996737039159942e+00
1.188529989392301145e+00
8.587480586935141158e-01
1.061203358454514634e+00
1.074133335684583024e+00
1.291008682491890269e+00
1.266305575693845498e+00
8.650624597312950304e-01
1.302401531970527104e+00
1.531944168751561808e+00
7.616906413634997319e-01
1.722827421205867182e+00
1.347503972751076917e+00
1.564678542591461552e+00
1.660652306782230525e+00
1.124010587623715640e+00
1.211358656953689827e+00
1.337592581178388640e+00
1.548232049433248214e+00
1.389467943251758042e+00
8.316371176284470534e-01
1.120462631001158060e+00
1.047908427222194128e+00
1.199616078793064533e+00
9.630411979624221575e-01
9.508794121601026328e-01
1.729060607911588887e+00
1.204948489938292067e+00
1.487990620567958944e+00
1.105653680019709428e+00
1.214850103065223896e+00
5.874476810811238847e-01
1.226102504977472751e+00
1.261440491645645201e+00
1.156101884311900196e+00
1.667065330758834785e+00
5.024874397869807385e-01
7.674602714333627063e-01
9.409927348842158645e-01
1.242664782538738910e+00
1.068939160957176560e+00
1.043358450084399314e+00
7.373674931569256241e-01
2.044256037276237059e+00
1.169663885697982186e+00
1.147413419735964002e+00
1.081893722311976447e+00
1.233324590555076039e+00
1.565599082497588057e+00
4.980655090499417348e-01
1.263895886583585426e+00
6.998640016123081065e-01
1.545639871096060824e+00
1.843637717550226318e+00
1.637642316251674002e+00
1.157664961569478068e+00
1.462780748213362347e+00
8.876891728767332124e-01
1.821908043266873056e+00
1.201126793867246079e+00
1.593365122379131860e+00
1.441075253666917355e+00
1.320674068868011641e+00
1.100401507366330911e+00
5.275345355201898068e-01
1.240920540720046317e+00
8.929136252101935733e-01
9.200886732496176279e-01
2.013107407684680883e+00
1.797563150601957815e+00
1.083641714109418119e+00
9.024251966225700361e-01
1.229622821083977025e+00
9.141837237691914364e-01
9.399335757691380522e-01
1.030005635650689033e+00
9.729330203661848975e-01
1.452272677151467795e+00
1.158276067042623980e+00
6.575899512995428964e-01
3.921182384522636233e-01
8.855375295963712201e-01
1.483087094864447231e+00
7.848972112154617431e-01
2.353173412066493775e+00
8.929826319276182867e-01
9.918724427050638059e-01
2.868634102809080044e-01
1.487997829682244033e+00
1.554252642116104699e+00
5.549778434147049078e-01
1.513295591653321504e+00
1.362780397206871497e+00
2.339484216869945676e+00
1.046042800960786945e+00
1.058811242534512642e+00
1.849510217030480907e+00
1.087248610060765230e+00
1.845613112234139930e+00
1.103564998769530403e+00
1.470467890832352520e+00
1.186077995281282993e+00
1.073475510056184801e+00
9.242055973235738797e-01
2.007070084245376140e+00
7.360277580760148375e-01
1.459245071444929431e+00
1.729610757053710590e-01
1.703641953098059769e+00
6.235131521817512956e-01
1.266676265239041976e+00
1.442126035186075406e+00
8.498760940863123725e-01
4.705698776490195301e-01
1.176063321489535962e+00
1.461169145522190016e+00
8.541550470752415913e-01
1.554071805569710696e+00
7.412808983558710763e-01
1.207413455478154596e+00
1.223053120773317515e+00
1.211816752399505148e+00
7.442716680213006253e-01
1.339102454814021792e+00
1.050718386424008388e+00
2.027603142543264791e+00
1.309974246859867852e+00
1.286442578082512611e+00
8.114653527235963226e-01
1.674732462210981820e+00
1.202293795692305878e+00
1.261171459831624597e+00
1.217357446044017966e+00
2.486120853307089096e+00
6.414381649229753402e-01
5.100844841393299411e-01
8.536694453144649808e-01
1.170954925893198606e+00
1.302574529964147798e+00
1.942426860517433296e+00
1.400596570281941178e+00
1.726570698785157010e+00
4.460032344970173424e-01
1.453860864123139862e+00
1.213255743688244959e+00
1.252772893153610845e+00
1.007414485348081978e+00
1.139458908960391925e+00
1.163375907763857908e+00
7.549034191029354579e-01
1.629489870365308901e+00
2.069489165681968057e+00
9.380126172099250148e-01
2.496613051672465389e+00
1.019091913322599519e+00
9.461412484517025545e-01
1.465670234803814198e+00
1.108100420823298293e+00
1.052372252174845091e+00
1.690739149803839103e+00
1.261256871378309219e+00
2.044478856805772349e+00
1.109178563310276200e+00
5.427146857990289286e-01
5.221919203966920442e-01
1.395453726358942603e+00
1.628163157991481702e+00
1.341904112919000358e+00
6.765314485744567952e-01
1.149466780503483720e+00
4.865412615280918507e-01
1.367642095399342006e+00
1.072282316167970206e+00
1.284458624019538808e+00
1.000688043394640125e+00
1.167247605446540604e+00
9.750465052042004421e-01
1.197400398596483173e+00
3.343319731526029903e-01
1.751939489475120570e+00
1.369069195023407959e+00
2.255998901812516166e+00
1.046549173354855311e+00
1.235549302742470212e+00
2.114996689106093619e+00
1.219443380273564914e+00
1.430310896193979220e+00
1.261099100100518067e+00
1.971822918155482940e+00
8.125315734942012424e-01
1.439386299645444289e+00
1.847960368592064251e+00
7.810317306658242087e-01
1.505936052782279599e+00
1.402030947874379985e+00
1.203720723400119486e+00
8.069801822650056744e-01
5.696507043436908058e-01
1.403502517094542545e+00
6.004940142318211382e-01
9.160047126326561484e-01
1.256930347587441821e+00
8.668430842172119011e-01
1.531400161351232247e+00
7.402530970600043059e-01
1.110024664440180109e+00
3.626781348305252450e-01
1.469624421726018593e+00
1.157079832238209649e+00
1.017886696763332655e+00
1.679418684167435227e+00
1.302420262921136107e+00
1.422749394693518576e+00
3.776249232763672636e-01
7.379310346248735275e-01
1.176650008755847354e+00
1.185185302426296383e+00
1.363407417754959550e+00
1.022358983140003286e+00
7.763274621010595178e-01
1.344335873638180301e+00
9.969143610299978642e-01
1.261256871378309219e+00
7.025261128788983234e-01
1.339540512374231662e+00
1.174925986509098019e-01
1.317310772002485253e+00
1.082390821159265881e+00
1.360246027830927185e+00
1.372121231736580738e+00
1.976516642686243719e+00
1.229769653667170726e+00
9.122044308251753275e-01
1.183512838657279742e+00
1.220696338438357564e+00
1.095494506515306554e+00
9.365318061025574847e-01
2.258115991766885156e+00
7.205265143335706224e-01
2.011429407742869824e+00
1.139880533043506006e+00
2.063432320437526890e+00
1.702170018983249822e+00
1.658062744394529942e+00
1.534853215138031857e+00
2.047605140940266910e+00
5.601501849520067466e-01
1.168251351843946795e+00
1.001473683229040956e+00
1.205007951288350032e+00
1.614437288762263556e+00
8.745329754016630819e-01
1.865594302158623874e+00
1.231346328626550246e+00
7.533887247613092475e-01
8.940243126323911271e-01
2.451845962409574753e+00
5.034880661236896815e-01
1.410277731106680754e+00
1.363030337062187680e+00
1.104507234105571056e+00
1.007784941985860216e+00
1.675423382475175638e+00
1.119851255363257803e+00
1.175570988584779375e+00
1.476448928456998377e+00
1.163460622028655189e+00
6.314601143381458614e-01
1.238999263615728985e+00
6.900521961109902236e-01
1.058845397930287646e+00
7.503059013993663706e-01
1.313541176204285454e+00
1.160494613183070234e+00
1.689576889035091511e+00
1.279912446175045515e+00
1.138630655127533586e+00
8.954291427224549960e-01
1.669357725826760452e+00
1.488540839910125646e+00
1.102911890723147659e+00
1.604665591030145499e+00
1.891866241941142945e+00
1.024554274114427121e+00
1.348581115604456926e+00
8.991821236533016348e-01
1.578255449976215585e+00
1.331394924700402882e+00
1.015034131308366616e+00
7.103786332214215848e-01
1.191488875140357395e+00
2.359960728277046282e+00
1.118793850158456893e+00
1.882461608903145844e+00
1.224699889665066488e+00
1.466129544878875590e+00
1.184371981046445255e+00
2.346575241135618661e+00
1.246559927700330306e+00
2.177198446878864657e-01
1.542605082633686342e+00
1.639713489055685702e+00
1.079415115796698688e+00
1.546404573034891428e+00
7.296330449680678010e-01
1.075043086284034555e+00
9.900330244816020198e-01
3.176693722622353500e-01
9.211293032551375326e-01
1.249594379275520639e+00
1.313498938384093817e+00
7.730011987865020862e-01
8.091440284034783215e-01
1.288416711748608723e+00
1.406929902638009544e+00
1.149589800388646887e+00
1.220603447532230490e+00
1.175351126844926375e+00
1.568327487199207448e+00
1.451842537874039163e+00
1.009505723453427484e+00
1.142268085065069050e+00
1.003282716488113957e+00
8.481458731059370315e-01
1.658062744394529942e+00
1.315875961073644795e+00
9.287419711078389595e-01
2.172239293877514577e+00
8.935015148577835076e-01
1.505388644680856425e+00
9.289034832275355758e-01
1.549236195835794749e+00
5.231381935349224133e-01
1.016116831910566232e+00
1.054203406259543119e+00
1.077425587612343083e+00
1.479296206776955946e+00
2.007115146792044946e+00
2.221264871714579314e+00
1.009228749188274987e+00
8.655947482090926570e-01
1.584798465958587421e+00
2.620830500636073257e+00
1.886949137574237545e+00
1.163070406494399522e+00
7.665419879244437240e-01
9.207195918585751038e-01
2.064371241339905794e+00
6.945895618839537100e-01
1.895844592552908825e+00
9.417901654122705635e-01
2.081631188568250579e+00
8.627195715812348009e-01
2.512025707509768502e+00
1.574119136398408392e+00
1.119686340079707021e+00
8.257461966428051303e-01
1.203706322794210415e+00
1.494388406600569041e+00
4.371873144379578302e-01
2.134243636410671385e+00
1.204057119884685889e+00
1.476889563410044293e+00
1.879320910130239941e+00
1.109762142465911428e+00
1.303881113284524718e+00
8.053072814119115463e-01
1.064684217932755583e+00
1.823140698349499988e+00
2.095900703188811054e+00
1.658181708201777571e+00
7.290286528466491944e-01
1.166524515344661062e+00
1.238387381263414078e+00
1.132779152590958738e+00
1.237867638980470808e+00
8.623202752409275806e-01
5.170983675338198804e-01
1.100211369425461383e+00
1.123876585866187439e+00
4.703085233931088016e-01
9.367181379627713689e-01
1.006209379181341790e+00
1.385428208665219207e+00
1.199616078793064533e+00
1.128744689658773698e-01
1.426053636345861353e+00
8.030623403411558670e-01
7.496195988304081848e-01
1.173371453672198417e+00
1.005288274337286625e+00
9.782507782221180337e-01
1.377616179002698837e+00
1.287262699488346041e+00
1.344867161372567788e+00
1.263948274297800767e+00
1.017760638421940866e+00
1.075900906762329301e+00
9.243265841527174009e-01
1.733442478490643479e+00
8.771954056394775101e-01
1.460720306160966819e+00
1.244868891991330662e+00
2.627357013137630481e+00
1.689225716171712799e+00
1.265600881000573219e+00
1.009897162621740341e+00
4.815161766259407061e-01
5.304227756696078266e-01
1.217389074537579496e+00
1.012652458997666205e+00
7.751937349734651095e-01
1.588954747927295408e+00
1.878428904560387469e+00
9.986327929411067394e-01
9.444043373496636695e-01
1.101429419428898271e+00
1.310846862275841351e+00
1.262600223639724240e+00
1.210662510893975696e+00
9.796048345618931785e-01
5.060338068463943184e-01
1.171149594320518350e+00
8.796561803877023245e-01
1.187130425126292188e+00
1.621074516433932411e+00
1.039740477151698039e+00
9.551577234356060098e-01
1.106254393248599532e+00
6.079582892467942923e-01
7.513504121168003147e-01
1.377716434938713652e+00
1.343250897542813238e+00
1.261256871378309219e+00
1.431525775394968170e+00
7.353199883109403645e-01
7.146809061916843397e-01
7.918401257316013409e-01
1.244218634664634449e+00
6.335840020605528755e-01
1.232078988457823820e+00
8.639849824913771181e-01
8.794075224748972852e-01
1.865553110272597293e+00
1.536803614551020214e+00
5.789193258928558850e-01
1.425942632959158907e+00
1.260170296997928929e+00
4.089413315984205544e-01
9.281038392157647809e-01
1.219844016861317160e+00
1.157194282313821709e+00
1.147104152952732381e+00
2.258115991766885156e+00
8.568747282327262571e-01
1.548589136161654611e+00
3.701839611655596274e-01
1.453188917233167787e+00
1.654210473415915317e+00
7.482315969073048967e-01
8.094107449373195706e-01
1.877484886101124628e+00
5.951913957615881934e-01
8.703495573449122613e-01
1.196390165438166120e+00
7.619728593765221492e-01
7.114752397711663345e-01
1.462299653787999087e+00
6.365178058116109927e-01
1.338740371206560420e+00
1.216319132362913003e+00
4.410808952958250040e-01
1.253671194049965854e+00
5.850909843783242970e-01
9.854084447267777991e-01
1.212467300211742538e+00
9.016207062671507400e-01
9.508934087103833033e-01
1.173378057538434271e+00
1.153077482192600867e+00
1.103533376229613783e+00
1.349486794247400256e+00
1.164258745565784015e+00
1.183378642596859764e+00
1.796250841358220551e+00
1.876534484736475328e+00
1.435089987884517804e+00
1.316471237670065131e+00
1.278018376417183077e+00
8.412372844833657659e-01
1.100116770343463557e+00
1.610865047791922189e+00
1.338033965117281676e+00
9.950594684226595765e-01
1.021374952473167230e+00
2.010301456116097452e+00
1.059251610933566123e+00
8.854215260790770925e-01
9.162687272315113152e-01
1.102234823583384538e+00
1.619817294026433041e+00
1.039256924577634411e+00
2.306976362250706014e+00
8.492335851821860571e-01
1.491354001086141690e+00
5.096342345410646013e-01
1.347503972751076917e+00
1.138843137137188988e+00
8.817422266758164762e-01
3.403992697367055897e-01
1.472426946457853658e+00
8.475819036257956629e-01
1.022768179240524322e+00
1.022081592675994965e+00
2.017959759551019250e+00
7.494560123121501993e-01
5.464513331888345427e-01
2.807460251805544704e-01
6.447285185480214897e-01
1.360872044694074967e+00
1.577499481224947431e+00
1.429901097306825131e+00
1.326567153509385033e+00
2.748739590782041664e-01
1.015481385017237059e+00
1.841262112340165791e+00
1.341143381392619682e+00
1.191753133519636521e+00
1.106640838632341861e+00
1.478287631505001976e+00
1.427751015892147812e+00
9.824735071777317419e-01
7.769999107137597338e-01
1.958215898661142651e+00
1.015680659399743169e+00
1.045350853168175220e+00
1.163980016473965096e+00
8.645707853428443723e-01
1.094275909822781223e+00
1.584785789625163366e+00
1.175494292080598413e+00
1.053797614683406270e+00
1.179553826801423400e+00
1.185094160039875888e+00
1.051976141189397085e+00
2.070527972271121619e+00
1.004054967104341056e+00
9.569045643516628230e-01
2.150789531748694472e+00
2.231536095328038982e+00
7.904642806404056365e-01
3.104472549708724438e-01
2.210409781457137957e+00
7.061129605664679953e-01
7.542174066180060699e-01
1.170803910975878104e+00
1.515587356350926118e+00
1.031662708456301258e+00
6.477505234187515004e-01
1.366053399024110382e+00
1.534879017366869380e+00
1.017741043958969360e+00
1.382381188921774084e+00
1.504314677954894153e+00
6.717662554384644658e-01
9.117120363948496564e-01
1.111101089620675886e+00
6.591441234324169063e-02
9.737135490610220323e-01
1.580608628755633571e+00
1.418683678472935306e+00
1.210470530120528743e+00
1.449018034458824378e+00
1.021239614042332988e+00
1.062961574517242047e+00
1.009635309028546590e+00
9.065453608563195376e-01
9.765302883779782839e-01
1.286455987248037225e+00
9.509582885705770705e-01
1.497202946743393825e+00
1.910660236600750350e+00
1.179974052107989779e+00
1.035815160990780193e+00
1.218786809401060989e+00
1.324666093123757937e+00
1.023577539850123452e+00
1.106447222593005097e+00
7.002683262763417238e-01
1.229067110881707281e+00
1.143755148161769597e+00
4.768944058914210693e-01
1.018802665702020604e+00
9.369036569664881409e-01
1.656252875350504805e+00
6.474466388090223123e-01
1.156522778167307530e+00
7.361422493874373307e-01
1.042569089406546246e+00
1.428290117412543525e+00
1.303492283308463229e+00
1.455861289929780256e+00
7.408869669844966310e-01
7.940730744612077840e-01
9.444112306020717718e-01
2.045103034623315885e+00
1.333401936196614956e+00
1.031903086917686618e+00
1.014074326269231552e+00
1.443326273553508843e+00
1.115768155924642624e+00
7.225002878347954738e-01
1.069209063212777755e+00
1.130671588379151160e+00
1.751290239524617487e+00
5.737688442220324481e-01
1.032623191146056385e+00
1.395527107574731751e+00
1.654725883332218928e+00
8.586661820532638378e-01
2.275755127185802973e+00
1.114242072361177449e+00
1.820637548987566579e+00
1.227258439085630704e+00
1.116672148396145037e+00
1.551236962829325217e+00
1.262008850570052632e+00
1.138106680363059064e+00
2.090432948650554401e+00
1.027281195924935497e+00
1.358864274058096733e+00
1.184109722930633657e+00
1.133538465555523178e+00
1.353958984739371596e+00
1.559057878553977261e+00
1.308119121700091148e+00
9.613090545132999543e-01
2.063432320437526890e+00
1.313909885252571907e+00
2.245997169559210249e+00
1.653997009683745967e+00
1.457718145275728405e+00
1.486375405003241168e+00
1.454897374348709471e+00
7.780459330560106634e-01
1.096412604958109993e+00
1.354614740495429182e+00
1.759680808429775700e+00
6.364880485894134354e-01
1.386480610472168529e+00
1.596959924603997383e+00
1.058254443342381279e+00
1.563061237278764892e+00
1.606814516603122467e+00
1.601289629400392878e+00
2.089714903674197988e+00
1.279803386016984623e+00
2.204210528156022697e+00
1.379922457877539088e+00
7.797253287034588976e-01
7.493952215704693387e-01
1.332812520851259341e+00
1.916307804915315938e+00
9.403640114905313929e-01
1.536897468366804187e+00
1.720247324227996755e+00
1.263292425425187160e+00
1.508190320650031113e+00
1.354827301244118987e+00
1.584748115745062913e+00
1.560225749362553205e-01
1.017970156430073603e-01
1.697956311759850845e+00
6.655282991223729905e-01
8.788301095325371515e-01
1.143492435043466315e+00
1.089167585317749598e+00
1.036837384771120751e+00
1.093936660659915683e+00
1.068633720100424345e+00
8.900872610049652689e-01
1.144282293496884817e+00
8.169714111929157196e-01
1.101918961909240435e+00
1.803926164239289864e+00
1.676763040370530033e+00
5.118489767113988398e-01
1.165804155638301864e+00
1.371512528842728784e+00
9.927752821489432833e-01
1.175939465726117517e+00
2.576099465479566031e-01
1.241005754408663453e+00
6.746155809790600477e-01
1.061195975005505332e+00
1.326129557005336190e+00
1.555037705677920989e+00
1.081114980763714817e+00
1.491116909877904684e+00
1.085998663479931015e+00
1.351223891602352900e+00
1.813664888631447036e+00
1.801241960804729203e+00
1.146304538060661793e+00
3.253804687282288444e-01
1.481935783489825464e+00
1.320130517459751518e+00
1.074812671144382392e+00
1.007038468844460466e+00
1.651404137824282303e+00
7.738038276843074437e-01
6.637750785811291632e-01
8.248902001699965902e-01
1.084170020059001649e+00
1.255856752673467192e+00
1.092709418610638528e+00
1.016712424727144626e+00
1.036317378566846914e+00
8.942943344879152878e-01
9.719147472125320153e-01
1.391621554159232721e+00
1.673015056278522650e+00
1.009930111325336055e+00
5.149840759903930865e-01
1.112663670667399352e+00
1.455056301409271891e+00
5.374440253465725403e-01
8.151538499531365556e-01
1.382380698368032457e+00
1.150242782454738322e+00
9.720624100021376668e-01
1.051440652362727768e+00
4.975720945339462964e-01
1.134346912067456969e+00
8.991821236533016348e-01
1.528363092774182697e+00
1.103393791174140937e+00
6.962407911654817649e-01
1.433203587585750949e+00
1.152800451969884010e+00
1.614813734549985558e+00
1.274697664620795701e+00
1.106500256416611983e+00
2.297420186269078179e+00
1.089526220365689690e+00
1.226195917026581039e+00
1.171844187326867459e+00
1.140465535980932144e+00
9.762843399396665678e-01
1.017741043958969360e+00
1.215549918204270163e+00
9.662916076471957938e-01
1.299952737446526729e+00
1.540296516477256628e+00
1.774029539292572899e+00
9.959808068792602720e-01
1.613242688428842220e+00
1.547392486568857917e-01
7.103786332214215848e-01
9.678584982116384960e-01
1.087686615868574291e+00
1.291441192991374054e+00
7.026343520592992498e-01
2.226140375476422517e-01
5.620350451441979978e-01
2.069544129178802372e+00
2.397314296169505532e+00
1.988492122266146245e+00
8.645707853428443723e-01
1.679925601670998692e+00
5.889450455278614216e-01
1.132765172455545644e+00
9.077448683923986517e-01
1.323229205183064749e+00
1.842251211375496578e-02
7.516302672712479316e-01
1.695593158363833286e+00
9.929936555687551847e-01
1.130393826405746482e+00
7.165795335789179044e-01
9.729723959449483317e-01
9.805907582848087944e-01
1.698515911419710811e+00
1.038878464662400747e+00
1.077120409968077785e+00
1.321092551779074142e+00
1.232078988457823820e+00
1.790161774592613053e+00
9.202343134052463069e-01
2.524874550384314631e+00
4.371873144379578302e-01
1.979291901666481390e+00
1.714827873025352556e+00
1.093740492840890921e+00
1.134338572903836218e+00
1.582279919742032082e+00
1.551147687513627860e+00
1.134289215016322849e+00
6.243311868762546624e-01
8.655947482090926570e-01
1.380102072697579452e+00
1.507174594291098790e+00
8.768834220012525771e-01
1.325955995305130530e+00
1.310305972056227786e+00
6.134887993268401951e-01
9.102293562440657571e-01
1.223090059847947053e+00
9.715880137040440179e-01
1.360184735495739039e+00
1.188377825573109225e+00
1.169183191084992357e+00
1.102185428927031863e+00
1.679689507337298604e+00
1.289129167628985329e+00
1.095755945208713777e+00
1.540002330150564314e+00
1.632564121650221356e+00
5.903426279088352935e-01
2.519743336343818751e-01
9.999772970951703588e-01
1.312448060089665969e+00
1.003665175424401923e+00
2.408673495176242019e-01
1.324063320882019612e+00
1.139282333268389680e+00
2.018740933533769599e+00
1.519267958748537373e+00
1.410929097156248480e+00
1.300877296711553832e+00
1.193103762245500965e+00
1.252984130417864161e+00
1.449041556407644205e+00
1.393357077068690497e+00
2.732512960537534785e-01
8.960986841388627333e-01
4.655841827687050016e-01
9.730706411043399395e-01
1.151112219811702531e+00
3.174539035181906388e-01
1.611318487220317897e+00
1.342168257871714010e+00
2.205121751842062494e+00
7.512130095199774926e-01
8.794075224748972852e-01
1.822573727091385765e+00
1.265855845794377599e+00
1.740707966262738493e+00
1.001024911292387243e+00
4.211199448665045586e-01
5.895548337335079214e-01
1.439433770270505120e+00
1.735001620310164805e+00
1.046549173354855311e+00
1.287671637613044151e+00
1.091649365860358101e+00
1.884390495741085081e+00
1.031173279441630841e+00
9.160047126326561484e-01
1.354614740495429182e+00
9.201741290405669460e-01
1.437901970875116398e+00
1.252664772137932481e+00
7.353199883109403645e-01
5.587920825866871111e-01
1.255496420999445695e+00
1.505388644680856425e+00
1.430019606219509853e+00
8.717424132886080201e-01
3.020782793609027572e-01
1.656016169254628689e+00
1.088600353096891071e+00
2.694265183567020383e+00
9.151893093578205018e-01
2.083084040057983533e+00
1.659249242262981205e+00
7.013655133604848047e-01
7.678878378319897724e-01
1.060873216140228559e+00
1.537883885408850793e+00
9.866632651309156232e-01
8.425737574941052355e-01
1.281103049497066326e+00
1.189882071072386527e+00
1.241110141325904692e+00
1.365485649975411775e+00
1.391503555517287660e+00
9.344442593209706382e-01
1.461016675368644213e+00
1.096692200439122633e+00
2.086017119873674552e+00
1.361293043101647227e+00
1.236912727171116222e+00
1.026099611155715907e+00
1.384635602060960924e+00
1.242528861829650388e+00
1.143654540293657762e+00
1.902632342986795289e+00
8.949718317965817960e-01
2.954994699646413814e-01
1.872535537129094596e+00
6.032811002446564208e-01
3.715542011606882689e-01
9.736710559191558145e-01
9.911381614773110416e-01
1.588058359654547003e+00
5.627468185382220600e-01
1.704776100873266254e+00
1.164864786145761277e+00
2.058798413779815650e+00
5.811434227142368014e-01
1.925375342005939627e+00
6.401346272916053071e-01
2.129504068506070436e+00
9.725593559205927274e-01
1.471676456398075539e+00
1.247197688489481981e+00
1.115808756912709088e+00
6.881858140077619090e-01
1.397117593385893253e+00
1.043121285695199685e+00
5.775804875737353683e-01
1.613198678480270098e+00
1.518895624026216362e+00
4.725113006221113299e-01
1.029503196126699827e+00
1.501791406438454546e+00
1.173662915814372543e+00
9.598680347018389014e-01
5.641607098342319437e-01
1.362583155030204551e+00
9.133001352092073866e-01
1.825228264062501049e+00
2.556848675686737238e+00
8.444470940059628505e-01
1.142817910302245332e+00
8.311702969983841838e-01
5.889450455278614216e-01
7.757060220285437735e-01
1.326991942258714419e+00
2.198521399720559710e+00
1.663804780079611190e+00
9.563928217538434362e-01
9.459087524634980371e-01
9.223407925285019848e-01
6.184136619815671088e-01
1.170427063642281995e+00
1.212450255710761926e+00
1.467368522188680968e+00
1.363538625521726111e+00
9.666807896391496069e-01
1.467126854019557003e+00
9.538492265664557657e-01
1.184649158392342638e+00
1.336083922210993258e+00
1.277923366168644215e+00
1.077817362126433309e+00
1.682166596343979137e+00
1.656605410064678763e+00
8.564260213658900778e-01
1.181476496745110794e+00
7.514628197983422853e-01
9.909498147312779670e-01
1.876396580420267801e+00
1.730319185318919484e+00
1.175767394626257678e+00
8.856958628542637157e-01
8.174578315485494517e-01
1.156729408925702529e+00
1.469489984951438455e+00
1.320362354140892425e+00
1.206375130174815569e+00
1.278665293809917225e+00
1.214722400586101481e+00
5.360384401940039290e-01
1.764000828474211469e+00
1.341442615368601654e+00
1.305304854911272017e+00
6.702804727019814335e-01
1.207236497857476776e+00
1.074403912982355491e+00
1.180846669417764616e+00
1.324703633359783694e+00
7.451324384385075161e-01
1.358467931122083749e+00
4.392349008023235801e-01
9.953642932972580626e-01
3.702834279503424142e-01
9.865782058235934571e-01
1.759680808429775700e+00
1.104873610088106028e+00
1.076787006399021251e+00
7.929000248756478131e-01
1.010027737782310364e+00
5.500979683024462830e-01
1.543424652149077536e+00
9.718626796675002844e-01
1.320051037313332509e+00
1.276684441122806213e+00
1.386310628184948879e+00
6.622605646178636452e-01
1.252449446830239177e+00
1.319907662419600891e+00
1.080295505086160235e+00
1.871536759508049652e+00
2.151307389583662910e-01
7.503526071064768876e-01
6.746155809790600477e-01
2.269486703637321856e+00
4.054673346049521010e-01
1.775926233378195551e+00
1.501670627184620521e+00
1.151112219811702531e+00
5.873573505791868099e-01
1.467055465447135054e+00
1.062129506844703419e+00
1.336218748726737182e+00
1.041758172121272974e+00
1.434973814047259877e+00
1.285617292342360551e+00
1.003830947127447581e+00
1.545293081621745390e+00
1.489657716232025475e+00
2.239374352679933899e+00
2.265965997372771490e+00
2.126727743002119642e+00
7.884111176313134406e-01
1.281346562160040836e+00
4.810040386377733013e-01
1.290561809856793918e+00
1.628090561019180926e+00
9.771452365629174075e-01
1.193172003270450032e+00
1.380102072697579452e+00
1.417352987409103093e+00
1.563241558080293858e+00
1.497905273920587144e+00
1.026099611155715907e+00
7.386740380757934599e-01
2.156827508906779267e-01
1.652837991566522557e+00
1.103728157803677945e+00
2.212306019373086574e+00
1.018286037106700626e+00
1.075588123262040341e+00
8.752278765819246908e-01
1.101130626258914225e+00
1.474293937676196764e+00
4.756319382942403307e-01
1.150028076212967543e+00
5.970295995801288003e-01
1.428823843079896072e+00
1.057815100123306262e+00
1.003573982620589389e+00
7.792519986770819473e-01
1.442297997471803983e+00
7.910955138468218628e-01
1.538637673820316021e+00
1.074574785732067772e+00
1.119717297982049775e+00
6.971014978605363233e-01
1.231377247658125285e+00
1.274697664620795701e+00
2.128812201506160129e+00
2.191690855867104659e+00
1.673903606719503223e+00
1.283423411525055347e+00
1.708692911051345353e+00
1.205304630675453792e+00
2.181253552947547192e+00
7.969654594734473241e-01
4.497220561117868942e-01
1.984291589899074726e+00
8.966666741613380509e-01
5.001874395566282550e-01
5.673240189055380744e-01
9.448608898597573580e-01
1.069157608261178893e+00
8.894622783633195917e-01
1.583473106851306822e+00
1.661181972800272577e+00
1.806237809223025126e+00
1.272839968674503774e+00
2.631454699647977513e+00
8.406663878978416493e-01
1.241220319044738840e+00
1.923424218706600186e+00
8.783978361537292390e-01
3.414853856585856051e-01
1.324063320882019612e+00
1.280692308372304966e+00
1.687691260321466435e+00
1.173662915814372543e+00
2.345895422136343278e+00
1.206162787475732801e+00
1.128780207444560313e+00
