1.716614732656196907e+00
9.837646475239494315e-01
1.073685024952202305e+00
1.115955590154156241e+00
1.805109466048777422e+00
9.138723954921297299e-01
1.676361405724397624e+00
7.668450695503569170e-01
1.626856482005495597e+00
3.731923033263028766e-01
1.337469844803573560e+00
1.668673244193985772e+00
1.021735200210796890e+00
1.286853776854527620e+00
1.049388782169989653e+00
8.094731160074799536e-01
8.784614372737370447e-01
1.389248485891948270e+00
1.913738749728356003e+00
1.430516460755312247e+00
2.457538470694799193e-01
9.972067558069168669e-01
1.523508685522636963e+00
7.310070228547902449e-01
1.059721183413080636e+00
1.292873510850151675e+00
1.375112957666013491e+00
6.565205868435706194e-01
1.550340786115332659e+00
7.776923764052839916e-01
1.231969298294026016e+00
1.756997155519000930e+00
1.370665428032480593e+00
7.041376638563212609e-01
1.402194297761049091e+00
1.864752175864803074e-01
2.366385633115139497e-01
1.158276067042623980e+00
8.231908491049088061e-01
1.333957583561047322e+00
1.003439124989439213e+00
9.262626476432549438e-01
1.039256924577634411e+00
1.084170020059001649e+00
1.543623491898983069e+00
1.386764597642241581e+00
1.183212771424810628e+00
1.186563513224381472e+00
1.589577973696651769e+00
1.585633222406282794e+00
8.964989724370805435e-01
1.162401482698940391e+00
2.033995127510476841e+00
1.689184845657429435e+00
1.666763044888974532e+00
1.574168450348926607e+00
1.152359938862966171e+00
1.465670234803814198e+00
1.527458479916434575e+00
1.853536002801968952e+00
8.363779148544542297e-01
5.227629862592619858e-01
1.338828358455212530e+00
1.213745318780202087e+00
1.269569024542176683e+00
1.208992485294192454e+00
1.304537529284805153e+00
8.910885581483621865e-01
1.249558377503561024e+00
1.446957907044899461e+00
6.765314485744567952e-01
1.447897521518605624e+00
1.885814484408271818e+00
1.287665967557994895e+00
1.222667405554427766e+00
1.095887175261334168e+00
9.330476340278347491e-01
1.460701700834826644e+00
1.716849365615297218e+00
1.849590099231785079e+00
1.229335476303549113e+00
1.028744814683910214e+00
1.799052309499259428e+00
2.144048637374412480e-01
1.341444470205395811e+00
1.383892853430340963e+00
1.838877629333943053e+00
1.732648938117596460e+00
1.427071097709080805e+00
2.054490233067642446e+00
9.969341547679341220e-01
1.336249360184363466e+00
1.183299493365912003e+00
4.124470326462296166e-01
2.170726794304685292e+00
1.628035130153036913e+00
1.958894120995751109e+00
1.120155566373805645e+00
5.110511551067192793e-01
1.338353745690572749e+00
4.786273367517721589e-01
6.218696271267040165e-01
1.122982485172190126e+00
1.675423382475175638e+00
1.611632437033613696e+00
1.168927599508565951e+00
1.767961735496087039e+00
1.144429896416758519e+00
8.316371176284470534e-01
1.436089016135580376e+00
1.049413066774925296e+00
9.219155163914556361e-01
1.582545260417953514e+00
7.384920525934124402e-01
7.749606388387050293e-01
5.827104008265814317e-01
5.499188703135899914e-01
1.516269390371973280e+00
1.379883185329898510e+00
1.346832832250780987e+00
1.414056759195317037e+00
1.150932686570991237e+00
1.558961680687340978e+00
1.042005019171991620e+00
1.070128512096842233e+00
1.048556737057600108e+00
1.126729584353453717e+00
1.103533376229613783e+00
1.241809119774886394e+00
7.548760858950224195e-01
8.880811010805167438e-01
1.823140698349499988e+00
4.000329575139573990e-01
1.127633319143195534e+00
1.286718446730641396e+00
1.244780923999661004e+00
1.099139878220146471e+00
1.232167959133938506e+00
1.057213201524223933e+00
1.114963118541465681e+00
8.210214503121400220e-01
1.432434464789208217e+00
1.433488426110772318e+00
1.017499465002773107e+00
1.105003158261188556e+00
1.044814121829627407e+00
4.845473799295682005e-01
1.036857425120150777e+00
1.589530144845765935e+00
9.416164789635801391e-01
1.669596618124782994e+00
1.172055433749097153e+00
1.194571192676318727e+00
1.844750886368675014e+00
1.128144935886103761e+00
1.058847751448475538e+00
9.004714498200880879e-01
1.088368876797860096e+00
1.744799431065963802e+00
6.791711077200508484e-01
1.123201582815816835e+00
1.171230947459808158e+00
1.247950801806413157e+00
7.171264293797054989e-01
1.496105983606889955e+00
2.435567138298942336e+00
9.523076928927901585e-01
7.754997260106207824e-01
1.075043086284034555e+00
1.100080896608482295e+00
9.690807525043870774e-01
1.017990924761388083e+00
1.191456946106265846e+00
1.326079797071817890e+00
1.845432808199936270e+00
1.505936052782279599e+00
1.048721900346465841e+00
5.432118226367609326e-01
1.010850166720122401e+00
8.835974001330313410e-01
1.212689736905134957e-01
1.181573678504208802e+00
1.076943944054072455e+00
1.467712495949334173e+00
1.027590638438893977e+00
8.058290769832608946e-01
1.697654473787481910e+00
1.105120560933142260e+00
1.958930211511480834e+00
1.235354542580776149e+00
1.074133973714859192e+00
1.325064825166525795e+00
1.770565870630841088e-01
7.906699676053469128e-01
1.068390947126534929e+00
1.344847214655575662e+00
1.678244675265398778e+00
1.509289439287224699e+00
1.301162209091568434e+00
1.323742306430825355e+00
1.710829572292102085e+00
7.550025512459435095e-01
1.104057057202125103e+00
9.690807525043870774e-01
6.927168619285566376e-01
1.096337669718680408e+00
1.501241734957466489e+00
1.289472271734180442e+00
1.381645296605424456e+00
9.514390398905058222e-01
8.950266488974709667e-01
1.268662473099223087e+00
9.723172065122254182e-01
7.174482730937360442e-01
1.118559963239596389e+00
1.237953885126537923e+00
8.707332255245654462e-01
1.812785480588931186e+00
1.332812520851259341e+00
1.014206627927292326e+00
1.857403499289544513e+00
1.340273888084853482e+00
3.402684885210280896e-01
6.505011400789300069e-01
9.420571200316770755e-01
6.056976301171733690e-01
4.228134796269584772e-01
1.036482244987354306e+00
1.128144935886103761e+00
1.547645530907766354e+00
1.132249479923785440e+00
1.052121345328267843e+00
6.887718123943221693e-01
1.001913491322237837e+00
1.154913107206474443e+00
3.909882126940337765e-01
5.260351306391068960e-01
1.666452117557061241e+00
6.759669466901072621e-01
1.851503172467727110e+00
7.899701617754436578e-01
1.719576066941836734e+00
1.265600881000573219e+00
7.328648721743810102e-01
6.895876264564443359e-01
1.333030151038722355e+00
1.074420571124989010e+00
1.198928528922191816e+00
1.140201956074268663e+00
5.837304198431539914e-01
9.630411979624221575e-01
1.040579306218041067e+00
8.772499993996287770e-01
8.093610009844097730e-01
7.761850833404261296e-01
7.750716237538322062e-01
1.532856849385081821e+00
1.059746457154582044e+00
7.770243086108360453e-01
1.632619859169019527e+00
1.208308619270606954e+00
6.121228854135454256e-01
1.619702229331289267e+00
1.160723711232025002e+00
1.370738837319434023e+00
1.167297751915538528e+00
1.255231716376934203e+00
6.701316257580174351e-01
2.007070084245376140e+00
8.508761754382538900e-01
4.589918660931288086e-01
1.305304854911272017e+00
1.083812534180361942e+00
1.043634889449868375e+00
1.968460752803508518e+00
1.199665826256421708e+00
1.063103825928397805e+00
1.012898681554988300e+00
1.163678159311922755e+00
7.940730744612077840e-01
1.033061372138578626e+00
1.047282023293755415e+00
9.801606838184230286e-01
6.842815818573397824e-01
1.284004514905031202e+00
1.654095111274284990e+00
9.652966067277392037e-01
1.535519518478636769e+00
1.810607923131922981e+00
8.607282492668396623e-01
1.135870282254644703e+00
9.959808068792602720e-01
8.732187036951581660e-02
8.522029098494238175e-01
8.888422944491038979e-01
1.421547843989426685e+00
1.169005259926768181e+00
9.983147465683314126e-01
1.133336857393078434e+00
1.177482035215533074e+00
1.055322265086431566e+00
1.293085087114068221e+00
1.512029173841587637e+00
1.007784941985860216e+00
1.010474926942927176e+00
1.203217950383599577e+00
1.754995645092681356e+00
1.186208405427806145e+00
9.706216429372680476e-01
1.013660341334913451e+00
1.352890831793245985e+00
1.145701687104290434e+00
9.558667218447145508e-01
1.826411727466991763e+00
1.454349277393206963e+00
8.301776973000039028e-01
2.845629717794456170e-01
1.566594932143694496e+00
1.133410709017945717e+00
1.460494927372349983e+00
1.880542317082112724e+00
9.149844860669735791e-01
1.872535537129094596e+00
1.129458718399890094e+00
1.122816919805468050e+00
1.575980326001378051e+00
9.710304700020220281e-01
1.203166059236957741e+00
1.460408075563432551e+00
1.785578975154294312e+00
2.191690855867104659e+00
5.358949301820116196e-01
1.120015622045748893e+00
5.114771736526790846e-01
5.751731103655380872e-01
1.524315554716701104e+00
2.477642790387609484e+00
1.876839351897684471e+00
9.334669358893578073e-01
1.157796814151255571e+00
1.796593057211865352e+00
1.307095715493527655e+00
1.149318155899804017e+00
4.246344565396999449e-01
4.768293075364005151e-01
8.389582012438195902e-01
8.627962748556579076e-01
1.700282992941814841e+00
2.294210012165427415e+00
7.219117613863350602e-01
1.048014332347894761e+00
1.696597125165778541e+00
1.035967325336096589e+00
1.469489984951438455e+00
1.171187859365486528e+00
1.124436409465538356e+00
1.177095020726568908e+00
1.047302765056210561e+00
7.740660355279013194e-01
1.473483585009462304e+00
1.275171132555400488e+00
1.555037705677920989e+00
1.068071677692963517e+00
1.416094604135678336e+00
1.046875344477243397e+00
8.344248245607366332e-01
1.203205718461058282e+00
1.118627409042355803e+00
1.586523274979833920e+00
1.804295708450747826e+00
1.010850166720122401e+00
7.495300464507687055e-01
7.410855172379742228e-01
1.596916395235148167e+00
1.152520892122404605e+00
1.268552443473913049e+00
9.379285364531100289e-01
1.321646692713379201e+00
1.083204213256001580e+00
5.549855033708483987e-01
1.127792982053473558e+00
1.142156609308423443e+00
1.123081162233107611e+00
1.019754657272253340e+00
1.199684558298969916e+00
8.172570280517171826e-01
1.622245927714051072e+00
9.894144316624656765e-01
1.604929450160746285e+00
1.343587850531606120e+00
1.717552189945976027e+00
1.317587657381191102e+00
1.175767394626257678e+00
1.227505576606679583e+00
1.249383732385244361e+00
1.431038519578983648e+00
8.812396174674439475e-01
1.598791205968371987e+00
4.116513041315666976e-01
9.503689939959312216e-01
1.159248845419154517e+00
1.462780748213362347e+00
2.116973885663560040e+00
1.509662348947411914e+00
1.047986459182981278e+00
1.305473387263835772e+00
1.020258400368527774e+00
9.775880430022539924e-01
1.839795772229932513e+00
1.414557895684380062e+00
2.054359029653922697e+00
1.178761082153151341e+00
1.518832036635426874e+00
1.829116566222077633e+00
1.120451643858347612e+00
1.249527741716977225e+00
1.446672054863770374e+00
2.502747756253518752e+00
1.076943944054072455e+00
6.715566853424965732e-01
4.109452526789661442e-01
1.601999946785761963e+00
5.257844242372313737e-01
1.156127558607770833e+00
1.031479188778892109e+00
5.694969301402360573e-01
9.441350533365957531e-01
1.506937112002592727e+00
1.064503467216454835e+00
1.351956324607277216e+00
1.186820360941639674e+00
1.176918330414544966e+00
1.046008714588386734e+00
9.401703066488203975e-01
5.827104008265814317e-01
1.327274747005162459e+00
2.095900703188811054e+00
1.292860148107798812e+00
1.220057830320053993e+00
1.217389074537579496e+00
1.632619859169019527e+00
1.502208704324975441e+00
1.908607827659325684e+00
1.021418588494020785e+00
1.051684645266293128e+00
5.596839883769438861e-01
1.845613112234139930e+00
1.083685469113389921e+00
1.979650651593816590e+00
1.123603278494317514e+00
1.434615223573995957e+00
1.252723969523187986e+00
1.253497555825878518e+00
9.957044391290060803e-01
1.163784918889133380e+00
1.536803614551020214e+00
8.841414472879063347e-01
8.821820299060809667e-01
1.775796702244212266e+00
2.047362690469551438e+00
8.093638284316139186e-01
3.265488402037739490e-01
1.024832287612624793e+00
1.513719482041389508e+00
1.602589061694870365e+00
1.367966446409226489e+00
1.707373969295315153e+00
1.817230681067547371e+00
1.090276593634479596e+00
1.733214723843592875e+00
1.660482479143143397e+00
9.994377855752548667e-01
7.254142433496546527e-01
2.149101305403307904e+00
1.146659055867914834e+00
1.032316056161296736e+00
1.124077923611882079e+00
9.550753513924689075e-01
1.235407769070621997e+00
9.786266835004675535e-01
1.658798907940663092e+00
5.722854025124027855e-01
2.007642516112259301e+00
7.525160189841533231e-01
1.113020430548251394e+00
1.321092551779074142e+00
1.157926133991546314e+00
8.972617073258164488e-01
1.490151492375964670e+00
1.074133973714859192e+00
1.916700845305005840e+00
2.386172602619834660e+00
1.857129447648642184e+00
8.069801822650056744e-01
1.387122825727612030e+00
1.653648150696482855e+00
1.689184845657429435e+00
1.178761082153151341e+00
1.372622887174409056e+00
8.539243071566198218e-01
6.289771611068690760e-01
1.228631237542362920e+00
2.101008291665782846e+00
4.191422789712317964e-01
1.067454624391463769e+00
1.101257318752162595e+00
1.854501127031113583e+00
1.089526220365689690e+00
2.685326405087157808e-01
1.730800697866327731e+00
1.457525690220248693e+00
1.979883146404268768e+00
1.460103983753253232e+00
1.150288716684176649e+00
1.682366384383843005e+00
3.970853332218348686e-01
1.163685919020980730e+00
9.782507782221180337e-01
1.098407023853152475e+00
7.092694369333311100e-01
1.467831808085980239e+00
1.740597242771426412e-01
4.954836537834113042e-01
1.097191858570174983e+00
1.025639063482366220e+00
1.298692577990914643e+00
1.984232303797918595e+00
1.250897831072537381e+00
1.376851342978048676e+00
1.281487640378572879e+00
2.447839338065825210e+00
1.153077482192600867e+00
2.391701203807488518e+00
1.628729077873008357e+00
4.846719262141472861e-01
8.637913227280488160e-01
1.494462813622808195e+00
9.583466189502513055e-01
2.292083019893335294e+00
1.525545508696823038e+00
1.114210780827188385e+00
6.446325427172631128e-01
6.471926514181970402e-01
3.328880323668264030e-01
1.138954643540752265e+00
1.601999946785761963e+00
1.588905649811556575e+00
1.249628209268947687e+00
1.408648699707128804e+00
1.460701700834826644e+00
1.386391653203567609e+00
1.180589749329603366e+00
2.628887641965706568e+00
8.551247045054335416e-01
1.326495015184369519e+00
1.565261201422912807e+00
9.932554251644644117e-01
1.136249139838066968e+00
1.289230894780783121e+00
1.128357342186283141e+00
1.768711587969134413e+00
1.217264020066594066e+00
3.349521934898472275e-01
1.159258688603912901e+00
2.331769121073076434e+00
7.832809207824293907e-01
1.001295611666004559e+00
9.197044773277305296e-01
1.184632672764272643e+00
1.294122044705448005e+00
1.021239614042332988e+00
1.153692249326629504e+00
9.890102641115852133e-01
8.930180595919451347e-01
4.161745971173748115e-01
9.754159936965136612e-01
1.095371220895716924e+00
1.191456946106265846e+00
1.191856059139326574e+00
2.408126354322179363e+00
1.162677121247513989e+00
7.254388244721309276e-01
2.107294688504970925e-01
1.347800499122274953e+00
1.211816752399505148e+00
1.106898285938565873e+00
9.174154806451327859e-01
5.673240189055380744e-01
2.279949659588675459e+00
1.122395332756337183e+00
1.226528851920497321e+00
1.107905578170010230e+00
1.105288743353034731e+00
1.697980228508248146e+00
1.508016249831148015e+00
5.899379689303588803e-01
1.141628562114935797e+00
2.029531380726541823e+00
9.995627235624372775e-02
6.388008044860817858e-01
5.464393900171855556e-01
1.291971685170671957e+00
8.691090817302083993e-01
1.077992889996431503e+00
1.052131232809261796e+00
2.807460251805544704e-01
6.347280018940508750e-01
1.700994347647621252e+00
1.245893417637219835e+00
1.428949676727667706e+00
2.728042514235369254e+00
1.541797128905508796e+00
4.968066219809165740e-01
9.024342303738903670e-01
1.844483757363241772e+00
7.625377219068655288e-01
1.374209219696389095e+00
9.875359845438625994e-01
1.243936815707723298e+00
9.677819090743458030e-01
1.936353001096298154e+00
1.458693605134236737e+00
1.273632983299973542e+00
9.968245568069740159e-01
9.597341866884173678e-01
1.435819434409026929e+00
8.213555526904575688e-01
6.319704360271918286e-01
1.030835761459027555e+00
2.386188499508101746e+00
7.021330152578491024e-01
1.176650008755847354e+00
2.401406337822364900e+00
1.071837471435283407e+00
1.099914885849003099e+00
6.080257516501926807e-01
2.239374352679933899e+00
1.490759055712907566e+00
2.006277164630536625e+00
1.568913959081187803e+00
1.175042456927642753e+00
1.241536607222596622e+00
1.712818093371146988e+00
2.162114265905189736e+00
1.175308640401954596e+00
1.163678159311922755e+00
1.134185267782995776e+00
6.087339291997386770e-01
1.062054153552811409e+00
4.400512436451844978e-01
1.720976613521041365e+00
9.894389126070115559e-01
7.687720013514333095e-01
7.988338934092343857e-01
1.943797573745140284e+00
9.196247434663467057e-01
1.252778378865625930e+00
3.555754560758989102e-01
6.292021352443938342e-01
9.612303159687138887e-01
5.360064144088008131e-01
1.432737312836034782e+00
1.949543076603618141e+00
1.246984560351959592e+00
4.936311565992356210e-01
9.056079890751959072e-01
1.307221735103965221e+00
1.622108852206416874e+00
1.609966449311924341e+00
1.132616572644147057e+00
9.824735071777317419e-01
1.597417153240249466e+00
1.853111501872945599e+00
1.049120901927839578e+00
1.544710373896481803e+00
1.633972401284970122e+00
9.223407925285019848e-01
1.093329324066732333e+00
1.139978290487583479e+00
1.092404532226634917e+00
1.182251938936010188e-01
1.096660558240281080e+00
1.047833666991997426e+00
1.631422652353586855e+00
1.248614297159237996e+00
1.176063321489535962e+00
1.202287699874453608e+00
1.153831265952017571e+00
1.088757330018599090e+00
1.612005394962351179e+00
1.090142546798746448e+00
7.476092061139459899e-01
1.018136963146030638e+00
1.826853992348442368e+00
1.101918961909240435e+00
1.468246806283589168e+00
1.157454156205565576e+00
1.154292205239251912e+00
1.414917013693231196e+00
9.523927036772675825e-01
1.595465032985821319e+00
8.942943344879152878e-01
1.123761539878366245e+00
1.448827239435149572e+00
5.643312085984936166e-01
1.611367169078061323e+00
9.344220117005190840e-01
1.822915703875162441e+00
8.984186972175018937e-01
1.314277607234794365e+00
1.692160674341077309e+00
1.240766529620017433e+00
1.387498698161154342e+00
9.784812711489015991e-01
9.461690578091312975e-01
1.552488447884804890e+00
1.065718967871815970e+00
1.437330160185947614e+00
9.983697393379308282e-01
7.660630026572829987e-01
7.028608165255748608e-01
1.428609809598251124e+00
1.048712583263825993e+00
9.883083216984310804e-01
1.586735159605523027e+00
2.349033717322130954e-01
1.124833460229874182e+00
8.298534020571707304e-01
1.289440885200166420e+00
1.408605181772517811e+00
1.053265875676753449e+00
1.275511071729099388e+00
1.146182484595996698e+00
1.027345073213113524e+00
1.198020835422224151e+00
9.760735377254396994e-01
2.121868954717998357e-01
1.080603035286846980e+00
1.157945589895073013e+00
2.797932716373522366e-01
5.383953564429734273e-01
1.930995203089820089e+00
1.870797196228211279e+00
7.480578645652712355e-01
1.408129129477188712e+00
1.057028929468391443e+00
1.218758022914075756e+00
1.002050766273965943e+00
1.439386299645444289e+00
7.644728056314122888e-01
2.152022951141475016e+00
1.768967209291369524e+00
1.337660312526109951e+00
4.115860968133356890e-01
3.538395490079345729e-01
1.349100888564969569e+00
1.023745486988331344e+00
1.133189111730900533e+00
1.371895610739729765e+00
1.061629706760865766e+00
1.110045387257533545e+00
1.754995645092681356e+00
2.546171857332256039e+00
1.036994703942180518e+00
6.893786000237881462e-01
6.951136162977356037e-01
1.398865284693296296e+00
8.848958215236906177e-01
1.119459117552804139e+00
1.161954635390507473e+00
1.159847861396144264e+00
1.699614570547226533e+00
8.109043028069242709e-01
1.257184961680428481e+00
1.028922347750607535e+00
1.067822080020223163e+00
1.542385578042277272e+00
1.629682467216096997e+00
1.420641527423560424e+00
1.083550684819436949e+00
1.036766230643647591e+00
1.488023519100860614e+00
1.241354493004999560e+00
9.114525977154742664e-01
8.412726511653825234e-01
9.730671059841559112e-01
1.685615344456959042e+00
1.916269917393427669e+00
2.222777606211923995e+00
9.831072334758944598e-01
1.203228722054898059e+00
1.341444470205395811e+00
9.297998883215978783e-01
1.942569618876890392e+00
8.276078794735082234e-01
1.520636122056704176e+00
1.149426478265007212e+00
2.027090732175127918e+00
2.211465243182383134e+00
1.231419377727867692e+00
1.051653118423117927e+00
8.285200128029196476e-01
5.939947532401047559e-01
5.889708436054492680e-01
4.039232460971773908e-01
7.172175092056104484e-01
1.302420262921136107e+00
1.714310385756822708e+00
1.130920154992178794e+00
1.098829348769948311e+00
1.316047611322770816e+00
1.182520827739707681e+00
1.060471724525334336e+00
1.677499309575525510e+00
1.286159193252590427e+00
1.039628409125677999e+00
1.217156223143994964e+00
7.570222491846418933e-01
5.576716058331092629e-01
1.483335423473645998e+00
8.325427158859328713e-01
7.687720013514333095e-01
1.515090009746246524e+00
1.042131896169685268e+00
1.014724385792953099e+00
1.401863833784564362e+00
8.258722676527513462e-01
1.167969144707543983e+00
1.324027117855266056e+00
1.159309008107635375e+00
1.350476458264595392e+00
1.042395442374888237e+00
9.122405166535002552e-01
1.564549155610913678e+00
1.003954371208009899e+00
1.418509142054337202e+00
1.771906843692151012e+00
3.737094248951912112e-01
1.112947801324388530e+00
1.706278287193272236e+00
5.145069491115663585e-01
1.038791291834023633e+00
6.451497453220621514e-01
1.176063321489535962e+00
4.435797687180469406e-01
1.011627948397692212e+00
1.459265057415099154e+00
1.128302654545245920e+00
1.247507099209087755e+00
1.262327898106137880e+00
1.309256964010089286e+00
2.208929917598108084e+00
7.198182387150847683e-01
8.354288831032231910e-02
1.125198315123497661e+00
1.411118558277661306e+00
1.424123030863755579e+00
8.040833730130549917e-01
1.152530348929232895e+00
1.646916386075954142e+00
1.505352656132857403e+00
5.643312085984936166e-01
1.386214711236187780e+00
6.816530842944834578e-01
1.688393355500066084e+00
1.014609395346027565e+00
8.714337632702148229e-01
1.238162442988779199e+00
1.876836643680547700e+00
1.435731978109814788e+00
1.114092039469445128e+00
6.622362384454639761e-01
1.089198819449900268e+00
8.645707853428443723e-01
4.700795953729307586e-01
1.129291261904439958e+00
1.580293281390949822e+00
1.782922604402651379e+00
5.172292193674888905e-01
1.024832287612624793e+00
1.624276432822309602e+00
1.531400161351232247e+00
1.141084435110677697e+00
3.912824971100238858e-01
2.230704506223872008e-01
8.637259966131412003e-01
1.289472271734180442e+00
1.539720995649036972e+00
1.868679506031722504e+00
1.043131873552880506e+00
1.737361267792383979e+00
1.363505818665827318e+00
1.325980550826470816e+00
1.232625911607208691e+00
1.428949676727667706e+00
1.329331572431640573e+00
1.198724166598273300e+00
1.584728333291557378e+00
1.184649158392342638e+00
1.477621015545639516e+00
1.225659451488089635e+00
1.154842664190833812e+00
1.129049462229246625e+00
1.827737837404843413e+00
1.231532920190433478e+00
9.272364390964739078e-01
1.171437653571857140e+00
1.179744944175651566e+00
1.532397678238218930e+00
1.397618245307298501e+00
1.772076670797243070e+00
9.950594684226595765e-01
1.844004594589213841e+00
9.137235301557345979e-01
1.168923447095859824e+00
1.333715117625475122e+00
1.051653118423117927e+00
8.683472636943367906e-01
8.524873820937679536e-01
1.050467163102462242e+00
1.582561981559028164e+00
9.791950386162189268e-01
7.083232026702255268e-01
7.653422395527307298e-01
1.186596990536294971e+00
1.200728057020064021e+00
1.617694527995881648e+00
1.149529641943095148e+00
1.981280064146283770e+00
1.343864057180849114e+00
8.333131965490305770e-01
1.306408015562777303e+00
1.655298907047189294e+00
1.119658017305411812e+00
1.284219692397898127e+00
2.029326579867663405e+00
1.372862840085544489e+00
8.018522636257335856e-01
9.069770742350411474e-01
1.395817856051577932e+00
5.576716058331092629e-01
3.827369845993625064e-01
9.060533766814614642e-01
1.758980702901364213e+00
1.107021728744604361e-01
1.993700863085412278e+00
3.844867975140421335e-01
1.186181620611389098e+00
3.597968978108042615e-01
1.284867699509476324e+00
1.726570698785157010e+00
1.264139463367616845e+00
1.263877309166140828e+00
1.331611334693952209e+00
9.691932522572800357e-01
1.685615344456959042e+00
1.058955987309492031e+00
2.258115991766885156e+00
6.680692915314608848e-01
1.474878499217887828e+00
3.851095739245632421e-01
1.556847266212809444e+00
1.171808284752509977e+00
1.610477851529840132e+00
1.180741171449113391e+00
2.188799447292252287e-01
1.617448392083979281e+00
1.209775595665652403e+00
1.313953046947383241e+00
1.461005965088761016e+00
9.638418241153492438e-01
1.406929902638009544e+00
1.588322218920640294e+00
1.476178984740891487e+00
1.089551628839756869e+00
1.064906838272198675e+00
7.619935764477172579e-01
8.341693240389858044e-01
7.178779179519995113e-01
1.100020175896223584e+00
1.200901825501577314e+00
1.457556185173557450e+00
9.034754694755304794e-01
6.379362791995971671e-01
1.218759594406478186e+00
8.315157141925636486e-01
1.173046568690798486e+00
1.094275909822781223e+00
3.916420858148725315e-01
1.162493557535777322e+00
1.488656919995982264e+00
9.228845972008863363e-01
1.207010477203977139e+00
9.184188482911219698e-01
1.916700845305005840e+00
1.007038468844460466e+00
2.035123923314512417e+00
1.568788962718409064e+00
1.544714913365196951e+00
1.401247104065722615e+00
1.286556348405759831e+00
1.354812091279619546e+00
1.039118641373741214e+00
2.228845729991333346e+00
1.072182453499453292e+00
5.127063363068117274e-01
1.134551730964774130e+00
9.673386601217620617e-01
1.539524979399393922e+00
1.108588170906200210e+00
1.501323516960740179e+00
1.179306037696653320e+00
8.474747493238589113e-01
6.058862592530736002e-01
1.739991189770438706e-01
2.508929198121265802e-01
1.174296291125795477e+00
1.065586004499534001e+00
1.239517764403899935e+00
2.127437255570628238e+00
1.432434464789208217e+00
7.772220603242983028e-01
7.164406346080891552e-01
9.962647977349869954e-01
1.633434262297009276e+00
6.294349347452415921e-01
1.114057600166443285e+00
1.242399438237456799e+00
2.157848083151742369e+00
1.532620398554557672e+00
9.683400396267197729e-01
7.255245868328861203e-01
1.334028121475757001e+00
7.293777999857840033e-01
1.039220385896897136e+00
1.427801093738276128e+00
1.219497550043073586e+00
1.036752053687883368e+00
5.694969301402360573e-01
1.274741021544835373e+00
1.883437004998671727e+00
1.086770450714576564e+00
1.209067080545190187e+00
6.190521511644501151e-01
1.252541697985815272e+00
3.456234039231658173e-01
1.325356272352534726e+00
1.957998388172765281e-01
1.851063337873038783e+00
2.360345218733947981e+00
6.329934699072607973e-01
1.865553110272597293e+00
1.170766465554854197e+00
1.439693302593331836e+00
9.438659673872581424e-01
7.390892226164755829e-01
1.610499575317824839e+00
8.805911371450177993e-01
7.223294027695856823e-01
1.571131162313073482e+00
1.811968320741648153e+00
6.272512732365124188e-01
1.114282267982311669e+00
1.259676622610739427e+00
1.566318206474207886e-01
1.406515144041362575e+00
1.280888902055325573e+00
1.267870983458987411e+00
9.956616942573685014e-01
1.422687932188428706e+00
9.430707506120457051e-01
1.375687031033818730e+00
8.010301194224999088e-01
9.511793884996896375e-01
1.501953839682897529e+00
1.657743777954392872e+00
8.135578771328944025e-01
1.027626564020757582e+00
6.593511151292327233e-01
8.529521162420506952e-01
1.231216995234464040e+00
1.315830904804019097e+00
6.668855039709224997e-01
1.034788354213583172e+00
1.495849038385785645e+00
1.284710109081823148e+00
1.586732084071360349e+00
1.465670234803814198e+00
1.146409595340404319e+00
9.759314313006594022e-01
7.286235533672666964e-01
1.023434139859678238e+00
1.238999263615728985e+00
1.231195208438342181e+00
1.040561899353559472e+00
9.843522144586865918e-01
1.179804642663889513e+00
1.163000250056200890e+00
1.406834258244364921e+00
2.570147033490193245e-01
1.197351302141479445e+00
1.339911005667951960e+00
1.091898398982185103e+00
1.183137238538626290e+00
1.047795534351470215e+00
1.141084083824204898e+00
1.052464346353940927e+00
1.014053108068911691e+00
1.037947804995427381e+00
1.495667004901830355e+00
1.090970499521885850e+00
2.081631188568250579e+00
9.625538939193898358e-01
8.555544078436050359e-01
1.719489041867657386e+00
1.207947769199764876e+00
4.083185217584044402e-01
1.626883673649660578e+00
9.918513789304707062e-01
1.767033390020261940e+00
1.039111508107319448e+00
1.188819448871383022e+00
1.145184147452206647e+00
1.550398449232719633e+00
1.139739315559109345e+00
1.244420805548947934e-01
1.172143284825069243e+00
6.446812933372110255e-01
5.250821632757834978e-01
1.636712923708982803e+00
1.908262335673587717e+00
1.400961567512135186e+00
3.830333158617805767e-01
7.797396502513120886e-01
1.822103648739038739e+00
1.184257684044359271e+00
1.257903798286694297e+00
9.869216920343756305e-01
1.154995768483477958e+00
7.219117613863350602e-01
1.432434464789208217e+00
1.597127244247171340e+00
1.220221312767474142e+00
1.545639871096060824e+00
6.680692915314608848e-01
5.759035358352690981e-01
1.384037983253634030e+00
1.290299827223992057e+00
1.741025441915510896e+00
1.564084680231165869e+00
1.249087055976895178e+00
6.233500107451453998e-01
1.342516280469748802e+00
1.393583144102039428e+00
1.488884243938517926e+00
2.745108744561569059e-01
9.133001352092073866e-01
1.204057119884685889e+00
1.284041831544405321e+00
1.341444470205395811e+00
1.388374988530099330e+00
1.259574616119277346e+00
9.756447837022995673e-01
1.077261188044394968e+00
1.146066727221071613e+00
1.827667612099366456e+00
1.045998530125383574e+00
1.480627307451299890e+00
1.167576903258673138e+00
1.203066594830521474e+00
9.558667218447145508e-01
1.046463148896995321e+00
1.499801693913953127e+00
2.011138895262905901e+00
1.762177026810884728e+00
1.127543005247148900e+00
1.295389992640643584e+00
1.421251674598038361e+00
1.585635384312427565e+00
1.402791590485946704e+00
8.585226080185974773e-01
1.888480409813633409e+00
2.445991976572644333e+00
1.378765666234423204e+00
1.157162980146440034e+00
1.306752201365005250e+00
1.170954925893198606e+00
9.348590508502042651e-01
2.240096201815970467e+00
1.468920845581706658e+00
5.648067348680327893e-01
2.205968519599519340e+00
1.181723908148795799e+00
1.280381909825925479e+00
1.535429029843790039e+00
1.816033470570389774e+00
1.354614740495429182e+00
4.343292514414133776e-01
1.384635602060960924e+00
1.184245133993882204e+00
9.667438626704079052e-01
1.063103825928397805e+00
1.253166912742539774e+00
1.249606709261120718e+00
1.258947789057462519e+00
1.033376388729335904e+00
9.145333805114702619e-01
1.246926647330983018e+00
1.003855655400306857e+00
1.757411062623920606e-01
1.135870282254644703e+00
1.975484525651146184e+00
5.679143341947328061e-01
1.184845911436186006e+00
1.191423114448673104e+00
1.104853294343050907e+00
5.967595553383383544e-01
8.910885581483621865e-01
1.831223898462160937e+00
9.690504047139680832e-01
1.111765243039151807e+00
1.005742724294961254e+00
1.139867954789821614e+00
1.124906911290210143e+00
1.604151221538157479e+00
1.153375171670308674e+00
1.979087230962337962e+00
1.320519244750407051e+00
1.513295591653321504e+00
1.319738742093138795e+00
1.257786924697060771e+00
1.851503172467727110e+00
9.639752141725153045e-01
7.725685388542958831e-01
1.211761218546938856e+00
1.377351154218246831e+00
1.873796647961986916e-01
5.938461721049770325e-01
9.340938871224266915e-01
1.433563230959940205e+00
1.745649482345600578e+00
6.287449608822968106e-01
1.294616250063176155e+00
1.088739498491172908e+00
1.654434723103846983e+00
1.115258152090976118e+00
1.200443283500240543e+00
6.292537570946272751e-01
6.114185168717898300e-01
1.202625276654961217e+00
1.365008909061807163e+00
2.419454117588129893e+00
1.611318487220317897e+00
1.551741859331079443e+00
6.145333255789847682e-01
1.236912727171116222e+00
1.626619898261269404e+00
3.893689465570064345e-01
1.658733850699744217e+00
1.284219692397898127e+00
8.040833730130549917e-01
8.395242312359785242e-01
1.182641152892183634e+00
6.007806494886968052e-01
1.556813101476322014e+00
2.261512708175998920e-01
1.176967373104931935e+00
1.801124035260187384e+00
7.018480281793216813e-01
1.055228252438088266e+00
6.896693824515632842e-01
3.777586407335264962e-01
9.042876596937242661e-01
1.699614570547226533e+00
1.142549308705034017e+00
1.323168747844123416e+00
1.467053306190494677e+00
1.277832549254205530e+00
1.320224000267903097e+00
1.563058296757578125e+00
1.273668597418835979e+00
1.462194280163975346e+00
7.891461578291445456e-01
8.739952035823220777e-01
1.407030629375219499e+00
1.452474653351933487e+00
8.510473062080464723e-01
1.573202799907568172e+00
7.700464809664394616e-01
7.370032359010588729e-01
1.200087236266497159e+00
1.098620953935596445e+00
2.092139101067520990e+00
1.147472223377747902e+00
1.194144674539512563e+00
1.284219692397898127e+00
1.090710693340691595e+00
1.427836188067850509e+00
6.121228854135454256e-01
1.155355845461713660e+00
1.308801706193475134e+00
9.191574825869520682e-01
2.066070962073229378e+00
5.360384401940039290e-01
9.809209381353257706e-01
1.332194161639464358e+00
1.189571379754931213e+00
1.146324310569106553e+00
1.033715014867683690e+00
1.552718126145166355e+00
9.393512690240696239e-01
1.302724725316725118e+00
6.058063765767910391e-01
5.219690226650761655e-01
6.184136619815671088e-01
2.396168184395000456e+00
6.140307106850958485e-01
1.083717156869031584e+00
1.484872586559715213e+00
1.949675558659651697e+00
1.258193166196302393e+00
1.402296716552816402e+00
1.640485095235370672e+00
2.090154906419202430e+00
1.289301132487051138e+00
1.257175515129994370e+00
1.593688693602420825e+00
6.735192131181463315e-01
1.134464841873129792e+00
1.252046806803997603e+00
6.330442588756751698e-01
7.625362506688102560e-01
1.722475792932192107e+00
1.203066594830521474e+00
9.984383639169458480e-01
1.870502776992305050e+00
1.250496498894117403e+00
2.686357761708070835e-01
6.405325697176740274e-01
8.223158833426713610e-01
2.472056413416353848e+00
5.874476810811238847e-01
1.968211762192661363e+00
1.063103825928397805e+00
7.171136615993625174e-01
1.059218045814636078e+00
1.820290385846039305e+00
1.237922738381754817e+00
3.589368270648032322e-01
1.203706337971294005e+00
1.112604671356953512e+00
1.320478196221034350e+00
1.004451478275037113e+00
9.938718086795236273e-01
1.768964443602984105e+00
1.875406483839873184e+00
1.493609599071844096e+00
1.005520250387376135e+00
1.145907329517755757e+00
8.807198436355763160e-01
1.033753075002058708e+00
9.599942723997768601e-01
1.092404532226634917e+00
1.469921776939124847e+00
1.028591184099570066e+00
1.286768940669844818e+00
1.887167543683404114e+00
1.127269744721292932e+00
2.712403188978929514e+00
9.364342435509396267e-01
1.244763660597443922e+00
1.243045159808060740e+00
1.198332776169682923e+00
1.310757310038006107e+00
1.794127646055417857e+00
1.348694588128173555e+00
1.308661527219418197e+00
1.247159084673056251e+00
1.373875060470748588e+00
1.214197864111696390e+00
9.598680347018389014e-01
1.880508434492515590e+00
1.224922969149238705e+00
8.752278765819246908e-01
7.160537170371342741e-01
1.017608398851340690e+00
1.067018117126553589e+00
6.540503657268647020e-01
1.470479369135945458e+00
1.380102072697579452e+00
1.328213602993160380e+00
1.499569049091810324e+00
9.617562545691860088e-01
7.419016979953374502e-01
1.376215010433222696e+00
1.075043086284034555e+00
1.211229305962854719e+00
8.893350079819812848e-01
1.209001419797328891e+00
1.789029440992079945e+00
4.410808952958250040e-01
1.104057057202125103e+00
1.383892853430340963e+00
7.480578645652712355e-01
1.024069041471192598e+00
9.629904397343279632e-01
1.164831065683457068e+00
1.325191822506981643e+00
1.051312399526895813e+00
1.764957315505916613e+00
1.080603035286846980e+00
1.256930347587441821e+00
1.571284817431857883e+00
1.150966879020071110e+00
2.017179716782297572e+00
1.291315706149419151e+00
1.127939714664099702e+00
6.446812933372110255e-01
8.910160113535597892e-01
1.487990620567958944e+00
1.597236800467838114e+00
5.987024917940351187e-01
7.014565440999090962e-01
1.645428809974799123e+00
1.011717567372344861e+00
7.925817560136280138e-01
1.429076179641082689e+00
7.434362317310445611e-01
1.193173106217993107e+00
1.474059980735380915e+00
1.161377248882587532e+00
1.614462657776800203e+00
1.654210473415915317e+00
1.882846977555882928e+00
8.285087981611827246e-01
1.080188846978872741e+00
8.803201085636502832e-01
8.156530714471794674e-01
1.408630361637594364e+00
1.601509633106508845e+00
1.121580251103583503e+00
1.077144118877686685e+00
1.736403319703571757e+00
1.231647755833726876e+00
1.490128407522794740e+00
8.258220582586331959e-01
1.239721426159346329e+00
1.169832454813641398e+00
9.662808713510838698e-01
1.604151221538157479e+00
9.776233472984988682e-01
9.171829754621754205e-01
1.248614297159237996e+00
9.815952803226708490e-01
1.145867397187040337e+00
1.206777801526969229e+00
1.263207335779418905e+00
1.381165046511785954e+00
1.405474666622841706e+00
5.643643628805147250e-01
1.010474926942927176e+00
1.026134389657009649e+00
1.161648978500133600e+00
1.163894684970403715e+00
9.710304700020220281e-01
2.106580978656833913e+00
1.043549440700485054e+00
5.916416601803792252e-01
1.571543285478368857e+00
1.360791670327598624e+00
9.439597723295979348e-01
1.218630137277331382e+00
1.210503743529118825e+00
1.049075144185669828e+00
1.118793850158456893e+00
1.217713802507394583e+00
4.646636454082309076e-01
9.957430369184379071e-01
1.257117547457545337e+00
1.191002510685002402e+00
9.444309087568368843e-01
1.171550534878275318e+00
1.517942136426579935e+00
9.326490783988569122e-01
1.489416872091076094e+00
1.218466319337470294e+00
1.124820292812020339e+00
2.412324292810457571e+00
1.606951700324337429e+00
1.444711312381767643e+00
1.169954004901249345e+00
9.969140923496584428e-01
7.573582964365124237e-01
5.651013322959568264e-01
1.637279972436897157e+00
1.129536770223990239e+00
7.158290704318013287e-01
7.788506820124375674e-01
1.300130500060579397e+00
1.143620492262304777e+00
1.635799675852326551e+00
1.405057787817700410e+00
1.782279003534537276e+00
1.672390171732948572e+00
6.964611280073789157e-01
2.094298524369913039e+00
1.269172522500435107e+00
2.153755760979778167e+00
6.930107916318716255e-01
1.602924440645134840e+00
1.460177785511871607e+00
8.347007854850339026e-01
9.249300709101418994e-01
8.721580583912578177e-01
1.057986844031179041e+00
9.319574170651495626e-01
4.920941468749004954e-01
1.855362382757637096e-01
1.048712583263825993e+00
1.656694912175644463e+00
9.736710559191558145e-01
6.709318809555581131e-01
1.073924439148862486e+00
1.936431522640735814e-01
2.348293822981805334e+00
4.221354586193451497e-01
7.591256817333568163e-01
5.597248429543432158e-01
2.579220273977094635e+00
9.486624146833638749e-01
1.078456873808835814e+00
1.208525986424944687e+00
1.094251600257764023e+00
9.885076271351290744e-01
1.063813802190296753e+00
1.417842237795092775e+00
2.458767666282786757e-01
1.189850801129353153e+00
1.094191992609692576e+00
9.185006009425868978e-01
1.226365954032409888e+00
6.237649198331047806e-01
1.262949678819310639e+00
1.904904394558667002e+00
1.106328140274846161e+00
1.313030847308993998e+00
1.111763223460354277e+00
1.058557102911147574e+00
9.676035400866344061e-01
1.108905728269512503e+00
5.961695078878600507e-01
1.031578920707582281e+00
7.087328064462653510e-01
1.038693719911869318e+00
1.413963612016797100e+00
9.312443167933892596e-01
1.037201989104424182e+00
1.175829509591748812e+00
6.688434664064586421e-01
1.418487689432758048e+00
9.032598150196293751e-01
1.797563150601957815e+00
1.160431807382138691e+00
1.102733240729056430e+00
1.172421578206396697e+00
2.180574566014915394e+00
1.378126211808734736e+00
1.105881401023945276e+00
1.107920964827939780e+00
1.257175515129994370e+00
1.273668597418835979e+00
1.124974379176785666e+00
1.250176427581923821e+00
1.278453890489342770e+00
1.580048347081478122e+00
1.164007158422481591e+00
1.004414907394799883e+00
1.112725915350975203e+00
1.153029469246224403e+00
1.371435100304116972e+00
8.454806639309788707e-01
1.043748011896636463e+00
2.116151973611781756e+00
8.549044042750743033e-01
1.498240310570935208e+00
1.010502327162372094e+00
1.181985476539147095e+00
7.471256219728832360e-01
1.550160195430350329e+00
1.244373630920101448e+00
1.508600291986972541e+00
2.058732366113447565e+00
1.727675125018686364e+00
1.163894684970403715e+00
1.066539380694716321e+00
1.064045252369231198e+00
2.521923274372070978e+00
5.494401100562181783e-01
1.041005717161988864e+00
1.088005358696181979e+00
1.415336237991377422e+00
7.609908344005339442e-01
7.393565956268626227e-01
1.182641152892183634e+00
1.844728448468327509e+00
1.199884732888723216e+00
1.609679164189715017e+00
2.367944318398638615e+00
1.011740315774235510e+00
9.356161529474709138e-01
2.211004935733909438e+00
1.140166635996886946e+00
1.873599206197791744e+00
4.945965964924391445e-01
1.562135757736951458e+00
2.504262759919576808e+00
1.286198605721675436e+00
5.674992079275547052e-01
1.042558383640068920e+00
1.056107519155094598e+00
8.282275154306556475e-01
7.025458796075221279e-01
1.385354483438034912e+00
1.794823274456838424e+00
5.576716058331092629e-01
8.549830228608938931e-01
1.143978787661174001e+00
4.517020146013314696e-01
2.241807995724330205e+00
1.123726879410185120e+00
1.001295611666004559e+00
6.050496593683813984e-01
1.817152942884922240e+00
4.426643217250439966e-01
1.111765243039151807e+00
8.530787430647263081e-01
1.205386614084303254e+00
2.914693396426706884e-01
1.088561082567673033e+00
1.042320482986505148e+00
5.432118226367609326e-01
4.824435025103893659e-01
1.487492412225221328e+00
1.013050800293301634e+00
1.587335651416439397e+00
1.184910715331716879e+00
7.964047059492119773e-01
7.668450695503569170e-01
1.631438599199576345e+00
2.575656688460573829e+00
1.350465942658130469e+00
1.229415898206240421e+00
1.604151221538157479e+00
7.339254994863083637e-01
1.035621262370929996e+00
7.061425981279249031e-01
6.218696271267040165e-01
8.681607587697023343e-01
1.006259497159396998e+00
6.490827614744771878e-01
9.867948766373157987e-01
1.453421273444155837e+00
8.467449870053742611e-01
1.296876955359283379e+00
1.144113179842072281e+00
1.790564858497891487e+00
1.582157333443637626e+00
1.284434830247478843e+00
1.112793075349428840e+00
7.026343520592992498e-01
8.469731952136243525e-01
1.430265111483339124e+00
1.921870820410513270e+00
1.285003029412377762e+00
1.658181708201777571e+00
4.487924707744203601e-01
1.190627224460535150e+00
7.697235592533274717e-01
1.238960538570396785e+00
1.187328380091712487e+00
9.345286227941008717e-01
1.632813254810212777e+00
9.210205185521370685e-01
1.173225176585380947e+00
1.226806522020644108e+00
5.034880661236896815e-01
1.352078550367879384e+00
9.180157065921358273e-01
1.275707836838542608e+00
1.097191858570174983e+00
1.017242832270867314e+00
1.564130088872221158e+00
1.338091236411207419e+00
6.551434460517103764e-01
1.641934122740440705e+00
9.781903650675854989e-01
6.078516625966431386e-01
1.282175600912730751e+00
7.607627049024362487e-01
3.360405043113678936e-01
1.131147089420747376e+00
9.275758617961537000e-01
1.078031542634927620e+00
1.365925769954319247e+00
1.413252402549436182e+00
1.249087055976895178e+00
1.920523773537334611e+00
3.194255879527030384e-01
1.917541842312897815e+00
2.123258472400181507e+00
6.056976301171733690e-01
2.964636989336609796e-01
9.477149241866711371e-01
1.330470458042194881e+00
8.769491764743203577e-01
1.110071822707996869e+00
1.358986826289904526e+00
1.084940089292289800e+00
1.584598882177375101e+00
1.172591957021101416e+00
1.282787670518496848e+00
1.203826858814746048e+00
7.393663045112812693e-01
6.136188770839539064e-01
1.200130301501270091e+00
4.441179552814596976e-01
1.463435577476039251e+00
7.448938798483771828e-01
1.010027737782310364e+00
1.155184330716469532e+00
1.036857425120150777e+00
1.115527397053988290e+00
1.343379751935393385e+00
9.982613009512780744e-01
1.616578027911075965e+00
1.100116770343463557e+00
9.998623826221423316e-01
1.354939410201149164e+00
1.845329636218287161e+00
1.439244904505467604e+00
8.970273236494439306e-01
1.629304838638364838e+00
1.083550684819436949e+00
1.673175621953670866e+00
1.255515612979233087e+00
1.585635384312427565e+00
1.743362086677691547e+00
1.705479288812463023e+00
1.270659529821527522e+00
1.210082225706083703e+00
3.847717785804994906e-01
1.137923840614078141e+00
