8.744055952513272167e-01
1.225447280337108813e+00
1.658181708201777571e+00
6.454347617013806993e-01
8.331867586172851947e-01
1.086873825998684095e+00
1.326284642330248342e+00
1.409132284209644093e+00
1.419723195934466053e+00
8.442293506207020348e-01
1.078591732828648952e+00
1.050467163102462242e+00
1.194671687422087958e+00
2.375188370120244308e+00
1.516597670869259673e+00
9.416460100653258891e-01
8.842413457202183968e-01
1.332524007454823023e+00
1.325356272352534726e+00
2.090390619701445907e+00
1.280365017074369227e+00
7.982109621817481404e-01
1.049220713212308143e+00
1.119483465168313208e+00
9.888421870939442249e-01
1.457525690220248693e+00
9.214277358715414756e-01
1.703836942477068295e+00
1.395453726358942603e+00
2.095803603534321269e+00
6.414381649229753402e-01
1.279045960768655732e+00
9.723648171366546800e-01
1.247605822579908486e+00
1.112655206630569937e+00
6.410924625849941938e-01
1.017387184028655467e+00
1.423570177600676612e+00
1.234675080386671508e+00
8.888618220948892867e-01
9.865600155594610454e-01
1.024659958722209607e+00
7.882695120182687809e-01
1.447664052110318345e+00
1.020483231504295762e+00
1.263878027079666788e+00
1.163460622028655189e+00
1.157717750291115122e+00
7.860566654547364029e-01
1.433093021128287070e+00
1.010765173371731995e+00
1.750551184042831832e+00
1.518019084078468417e+00
8.718322324865447337e-01
1.151485331960090841e+00
1.087139448403347419e+00
1.204614357199384145e+00
1.635992219634504474e+00
7.735446940212488132e-01
9.607613979984191976e-01
9.955739687898585988e-01
5.995483911838044300e-01
1.658798907940663092e+00
1.921766593607419304e+00
1.171147349599148235e+00
1.260761351779694950e+00
9.148031735590865798e-01
1.221553153368453160e+00
5.873151875408370026e-01
1.151860126317475697e+00
1.195256217213609862e+00
1.139340904512554875e+00
1.379515985650967780e+00
1.183512838657279742e+00
1.209596078002785235e+00
3.368366765025015974e-01
9.325513625366717019e-01
9.563344925000538677e-01
1.237889190935522077e+00
1.379413701655790359e+00
1.105631048809016193e+00
6.851716216670915571e-01
1.022309435093976093e+00
9.867295615364466421e-01
7.523009589106813833e-01
1.221267120994384614e+00
1.012893264800391657e+00
1.081122706482109175e+00
7.427494455433126808e-01
1.457157699116748972e+00
2.007465394290459226e+00
1.078217613405298536e+00
1.261329279822623439e+00
1.023513824768871538e+00
1.382179670976429131e+00
9.283564963789564528e-01
1.320681682009494207e+00
1.642406011151037903e+00
1.345005185020638150e+00
1.142444810623814977e+00
8.464049871233940703e-01
1.036726474268368836e+00
9.633020305621728951e-01
6.143322883814703594e-01
6.623644920737040698e-01
1.367966446409226489e+00
6.475317885874604107e-01
9.037553800618799427e-01
1.153365127321123618e+00
9.196833446651445643e-01
1.670413866711609963e+00
2.387188875365686247e+00
1.866464391634143682e+00
9.625968678937046885e-01
1.873599206197791744e+00
1.694633194409067789e+00
8.912212766285041443e-01
1.060734699771432643e+00
1.013238250806488994e+00
1.873796647961986916e-01
8.223899335877814520e-01
1.140459292489613086e+00
2.007642516112259301e+00
1.880262178979398069e+00
1.015492821309849081e+00
2.141881012745560642e-01
1.368406135666085044e+00
1.032132004691267424e+00
1.317379693785270867e+00
1.495849038385785645e+00
8.343312476161797164e-01
1.284119622083579770e+00
1.602650082404254883e+00
7.988338934092343857e-01
5.228141818157221454e-01
7.964316866138118067e-01
1.270929010004090198e+00
9.991611459291294128e-01
9.028770153941068077e-01
1.053797614683406270e+00
1.389490991246808749e+00
9.215551200997290637e-01
7.435462534744156082e-01
1.462763558449528878e+00
1.503227130963945113e+00
1.021568731579234779e+00
5.084733269839921688e-01
1.471481440554293085e+00
1.113582276408980665e+00
1.284519336429817304e+00
1.326740913367766117e+00
1.058622655402957413e+00
1.289286751800005959e+00
1.272920314934363750e+00
1.097768832200192168e+00
1.132638184203009990e+00
7.028613860225064736e-01
1.039673644708478450e+00
1.835619290807667614e+00
1.094934663316039725e+00
8.922064905760538345e-01
1.193499528445608915e+00
1.491393303945004689e+00
9.857112756559992528e-01
8.863558461760032703e-01
1.426643561889354928e+00
1.257108296995492092e+00
1.354827301244118987e+00
1.334547592548277040e+00
3.458636478307214879e-01
1.529737337872550285e+00
6.361764629320075803e-01
8.030623403411558670e-01
4.831676932313672679e-01
1.015034131308366616e+00
1.580524458088450768e+00
1.161452314953882459e+00
1.167273859916602374e+00
1.176808052098050617e+00
1.208525986424944687e+00
1.393644327043802589e+00
1.461169145522190016e+00
1.428996742668341202e+00
6.058862592530736002e-01
1.219697744284695906e+00
1.496676793673671790e+00
1.103969755759585780e+00
1.955034898481454730e+00
1.115474744656287376e+00
1.873796647961986916e-01
1.719831694325416160e+00
1.637614716321631469e+00
1.176100639761227473e+00
1.320362354140892425e+00
1.996438053062350004e+00
3.082710754606813319e-01
1.131552799337883108e+00
1.413252402549436182e+00
8.056658032700818595e-01
8.855375295963712201e-01
1.450797097893944620e+00
1.336811300579982209e+00
1.140440920677413095e+00
2.037450239184210865e+00
1.289283973390814797e+00
9.729831647324099775e-01
8.504629561100987001e-01
1.190917538569140177e+00
1.829679073524044686e+00
1.693965427642228683e+00
1.123758184565016416e+00
2.098984203170732421e+00
9.949029897745993445e-01
2.433578193852738103e+00
1.108905728269512503e+00
1.425689388271788705e+00
1.237489239883958314e+00
1.198259361593607464e+00
1.162260965084217501e+00
1.244237475071683363e+00
2.351851441973956458e+00
8.238781246028166194e-01
1.547871407028296620e+00
7.399846773802392086e-01
1.273981488204052104e+00
1.006242031607195386e+00
1.415401489204878738e+00
1.216191495727867888e+00
1.549925903004723882e+00
1.900928420511361239e+00
6.765314485744567952e-01
1.247703046396689164e+00
1.073476083408821058e+00
1.184664301196957759e+00
2.153030869256153945e+00
9.982613009512780744e-01
1.239564758766853680e+00
1.693440642237401095e+00
1.229067110881707281e+00
4.640277516503296673e-01
8.248902001699965902e-01
1.405761118638019225e+00
1.100509499129651347e+00
7.297324787771635179e-01
5.886629727103189769e-01
1.164704690789971853e+00
1.217980346383768175e+00
5.199181695641136303e-01
1.427836188067850509e+00
1.205911262382299620e+00
7.073909825034071508e-01
1.076830960771502976e+00
2.025387203359788391e+00
1.045507595207575413e+00
2.609176470076536858e-01
1.213745318780202087e+00
1.054383281476554801e+00
1.893518898610101475e+00
1.019964309288419635e+00
1.305843643021920686e+00
1.336873754283576909e+00
2.407989383521980109e+00
1.515160643384975581e+00
8.048923459441167383e-01
3.885611206251975980e-01
8.564260213658900778e-01
1.235361794854104023e+00
1.066793642252618746e+00
9.240353536828090908e-01
1.056938473526404465e+00
1.062799635566016088e+00
1.284041831544405321e+00
1.438883746879827674e+00
1.873218819254746093e+00
8.316371176284470534e-01
9.199471825887818310e-01
1.467242642761965365e+00
1.164602833828829676e+00
1.245463198349346046e+00
1.082274220783983054e+00
1.106032576572793635e+00
1.421251674598038361e+00
1.534802206547149384e+00
1.524032640595583521e+00
6.854403889772210656e-02
8.987890601862613682e-01
1.204754802340792574e+00
9.606038171253987734e-01
7.278803998031941891e-01
1.768964443602984105e+00
1.499914239864869492e+00
1.402030947874379985e+00
1.080519696146745146e+00
1.674677660153154779e+00
1.304537529284805153e+00
1.219255394100916101e+00
1.058023235329924372e+00
8.561071537634538098e-01
1.736358534807215470e+00
4.620977142105412994e-01
7.750716237538322062e-01
6.302708257184769236e-01
1.105288743353034731e+00
1.020112583131296491e+00
1.857056046178340303e+00
1.028992205312400321e+00
9.396864665217494750e-01
1.056183190038078035e+00
1.279725900093574786e+00
1.704461048668553524e-01
9.900330244816020198e-01
1.068897001578305694e+00
1.333404115475615326e+00
9.459567885684112554e-01
1.676888070921084939e+00
1.624600287997145731e+00
4.173704565700379066e-01
1.593630235903560566e+00
9.903779638741997404e-01
1.641264969111737138e+00
8.879407694595869982e-01
1.477020406504345296e+00
1.017860615144747793e+00
1.458292359594193455e+00
1.257081232421068950e+00
3.366524881523118573e-01
1.947108368911217413e+00
1.042954089482840629e+00
4.164145353953664364e-01
1.122067724827063406e+00
5.507895313488316846e-01
1.821908043266873056e+00
1.011249590115513852e+00
1.095353761289133532e+00
1.318806873596226170e+00
7.357175426941079399e-01
8.297453475777065712e-01
2.261180629434960565e+00
1.040912145386436949e+00
8.752653424498259005e-01
7.851517706471552449e-01
8.048332805346463115e-01
1.622771667882364044e+00
1.088387946168649645e+00
9.975379428931235859e-01
1.266676265239041976e+00
1.486081590814470443e+00
1.304984044604917681e+00
9.555442964352730550e-01
2.700288348180145959e-01
1.548963027794625136e+00
3.353827764696986624e-01
1.947015261118283602e+00
1.149943548583385544e+00
2.674033275307678537e+00
1.058905369732106250e+00
2.450978341445542164e+00
1.025506666679903756e+00
8.155827974161241611e-01
1.257802097328418300e+00
1.095579946864301046e+00
1.694633194409067789e+00
1.647886120468538662e+00
1.116100628671699235e+00
1.443445427037303830e+00
3.581325635083807968e-01
5.864109567488021701e-01
1.418683678472935306e+00
2.017394140835983674e+00
1.724430846037326548e+00
1.215951212805928217e+00
1.184109867233311908e+00
1.123370030689230248e+00
6.521621568153583848e-01
2.096508844479295419e+00
1.754155750224740684e+00
8.258370754684885018e-01
1.953749240655625052e-01
1.638358454770554973e+00
7.522342780198806311e-01
1.342984113373519417e+00
1.379786022123174583e+00
9.482175375371705295e-01
1.001135635057602835e+00
1.184062528748263787e+00
1.308551885092385181e+00
1.026682859919974877e+00
1.149704232120200231e+00
9.330476340278347491e-01
1.722404039513169005e+00
1.007038468844460466e+00
1.715367625451542422e+00
9.262626476432549438e-01
1.828594121868291511e+00
9.061056382484918847e-01
7.713443310272084519e-01
1.650584986884478633e+00
1.264139463367616845e+00
1.798159181765067727e+00
7.912583897367170271e-01
1.010743553417848384e+00
1.441075253666917355e+00
1.702129766103807285e+00
9.590956118873347203e-01
1.361582347870577303e+00
9.695724495761899320e-01
7.563014675461898761e-01
1.132000930507225167e+00
1.176338398493071979e+00
8.364338436698186552e-01
2.326482420406876361e+00
1.225659451488089635e+00
1.200832871979225169e+00
1.099225669975309128e+00
2.319862933426422913e+00
9.102939995376508886e-01
8.645707853428443723e-01
6.906650890660898101e-01
9.992118595699783778e-01
1.317310772002485253e+00
1.048712583263825993e+00
2.087651052582474520e+00
1.162677121247513989e+00
9.157861254953360008e-01
1.190870569488777564e+00
1.722814602739025924e-01
1.100401507366330911e+00
1.852315828694686584e+00
1.173374368568154580e+00
1.632638214523144615e+00
1.032931864049831949e+00
1.642518075450779991e+00
7.812195452444528065e-01
9.587645614321143039e-01
1.948293694933181941e+00
1.521859124650883688e+00
5.222288093631348715e-01
1.021374952473167230e+00
1.287262699488346041e+00
1.698607007460305907e+00
1.025359016858362393e+00
1.445684823809146424e+00
9.213469292529612442e-01
1.425689388271788705e+00
1.499585466191540428e+00
9.295590835699609755e-01
1.247312749958841005e+00
1.376791141600036239e+00
1.721402462398314404e+00
1.209427513973668988e+00
1.600539945838820310e+00
4.860311631735109161e-01
1.443616073358771068e+00
1.137063559642391475e+00
2.549616064142448124e-01
1.549797180184476098e+00
8.692207759264631850e-01
1.158900516708968986e+00
1.221267120994384614e+00
6.874781131662659472e-01
1.555726351999668466e+00
9.218379773414290268e-01
1.087563381044245769e+00
1.452883124824888794e+00
9.828730556204546831e-01
1.032591451527343995e+00
6.076919629929417033e-01
1.759017315772907430e+00
9.620624145382199455e-01
1.673285967063260049e+00
1.179835514712956668e+00
1.130162668297671980e+00
7.157524244657090806e-01
1.305529589048269212e+00
1.667065330758834785e+00
1.101729316456087071e+00
1.284929368466696920e+00
1.163007217632781254e+00
8.501531890714721929e-01
8.646899878302425346e-01
1.080279573175322749e+00
1.060324326153284424e+00
1.622771667882364044e+00
1.158575472016751595e+00
8.745037275190858939e-01
8.524873820937679536e-01
1.223902122889057420e+00
1.649135006870441345e+00
6.437855704467655427e-01
1.262990697240313764e+00
1.724055678714885964e+00
7.508083850500765211e-01
1.020693942706995427e+00
1.682166596343979137e+00
7.494483170738240885e-01
1.452218030263916715e+00
1.541853561046798049e+00
1.429178621267815086e-01
1.506024966319553515e+00
9.840996627347966541e-01
2.396133969985028145e+00
1.606837746220370899e+00
1.312126614596548668e+00
8.338117987872646353e-01
9.367181379627713689e-01
1.148961866230611806e+00
5.201586520365151234e-01
1.076457537850195045e+00
6.967996239480853671e-01
1.993536979492790628e+00
8.012566231064578437e-01
9.465035530928439522e-01
3.827369845993625064e-01
1.060324326153284424e+00
2.654147816697647322e-01
1.157073144639975126e+00
5.169974886298381866e-01
1.268123185124949037e+00
1.653024148539537830e+00
1.019655466873698790e+00
1.262949678819310639e+00
1.007939066435482811e+00
1.504985023160441804e+00
1.451493137166647074e+00
1.311132260001121708e+00
1.322099810525910524e+00
5.127063363068117274e-01
8.978912296917019864e-01
1.553142331019251809e+00
1.023467546355370628e+00
7.152355747555600995e-01
1.284759288585212378e+00
1.446672054863770374e+00
1.534341015187156598e+00
8.718322324865447337e-01
1.845193548170292352e+00
1.066426889727108973e+00
1.452883124824888794e+00
9.201773695218887772e-01
1.264956389187633423e+00
6.921475566579199379e-01
1.503475391775318082e+00
1.022718435592063768e+00
6.711009894848689594e-01
1.047309130355503326e+00
1.412365188504455471e+00
1.052957421124242288e+00
8.425101123483919041e-01
1.017783357468332150e+00
7.972806561628527078e-01
1.598902569980012789e+00
4.593490865076579333e-01
1.042760430306465702e+00
1.407876960974331570e+00
1.080886483265915521e+00
1.023748732769139913e+00
8.986147636077830292e-01
9.932835910243400512e-01
1.977767423554702697e+00
1.020829068252207428e+00
1.072142612286772101e+00
1.545849236073559174e+00
7.002561280779865394e-01
1.135461003171522432e+00
2.568010279183794431e+00
1.124854462179410319e+00
1.688393355500066084e+00
1.362163867485613578e+00
7.738038276843074437e-01
1.321707980128091986e+00
1.074835212690378183e+00
1.164258745565784015e+00
1.880775917635103767e+00
1.466129544878875590e+00
1.698607007460305907e+00
1.116100628671699235e+00
1.583473106851306822e+00
9.556406691120622465e-01
1.238852397675062500e+00
1.543624083476266451e+00
1.175308640401954596e+00
1.578386044394349597e+00
1.660106610089001622e+00
1.145192640084911506e+00
8.330519946464188807e-01
8.586661820532638378e-01
1.237830484357299365e+00
1.078274641201303563e+00
1.635518723731069990e+00
1.072084374433628140e+00
1.317874320037676572e+00
8.414646560958194410e-01
1.043505046351833832e+00
7.163771484855767646e-01
1.159290742018860731e+00
1.182060959704232417e+00
2.179212465873310300e+00
7.869843300774187478e-01
1.613425374623702835e+00
9.802529271523262588e-01
1.003622376264045268e+00
1.585661281650792676e+00
1.484440816154664722e+00
1.126488095646026810e+00
5.797315550056030276e-01
1.440670328156182789e+00
1.723934834529723625e+00
1.041104039607710696e+00
1.123378684565092822e+00
1.571426363651209135e+00
1.030122661665563433e+00
7.548502561802409305e-01
9.357165480991250783e-01
1.052479552979907584e+00
8.178820488812383882e-01
9.084273088917252936e-01
9.275758617961537000e-01
9.186989250295611864e-01
1.311822767136171963e+00
1.086053207128107490e+00
1.299296410558804515e+00
8.496425478668613307e-01
1.065933756698801638e+00
2.091703626803475213e+00
2.191690855867104659e+00
1.729282632561433219e+00
1.341904112919000358e+00
1.124974379176785666e+00
6.967996239480853671e-01
1.255602947333120278e+00
9.381543636493484550e-01
7.358816292731371611e-01
6.243311868762546624e-01
1.234812258857454159e+00
1.004831058097791496e+00
1.142501012914563185e+00
7.285757327434930763e-01
1.103533376229613783e+00
1.320122141944855887e+00
1.016979861797746354e+00
1.134980147130238981e+00
9.030988128472267062e-01
7.574804640745115281e-01
9.333512674504889084e-01
1.235473294335637684e+00
1.047212940937301662e+00
7.231335944415592243e-01
9.199471825887818310e-01
9.808018093304807783e-01
1.034499947721990054e+00
2.041309896924413891e+00
1.258571346896268262e+00
4.313345341699620361e-01
2.192828473734566685e+00
1.607739205867014576e+00
2.336153639609574562e+00
6.008418191069053726e-01
7.695920311051421825e-01
1.888254396694680093e+00
1.068866511013608189e+00
1.224006422718554532e+00
2.712824568154348359e-01
8.855100432367257746e-01
1.388563871139832040e+00
1.358572046986245896e+00
1.225144229007460783e+00
1.136375482790235925e+00
1.078502119295147166e+00
1.375318251199124431e+00
1.187095876822559681e+00
1.082717918173229377e+00
1.906003752971096921e+00
8.625901075956275976e-01
1.285870643188707474e+00
1.136981119748767588e+00
1.000623841987972495e+00
2.042195035023576910e+00
1.113652078195359163e+00
1.231216995234464040e+00
1.035812024110347229e+00
1.374885372182314880e+00
9.896778879203355084e-01
1.452218030263916715e+00
1.879320910130239941e+00
1.100116770343463557e+00
1.464921725300889932e+00
1.505607228101462525e+00
1.681919794591722361e+00
1.611680112361121520e+00
1.392854705387796654e+00
1.339533516518968792e+00
1.050007360270362344e+00
5.522872309849710115e-01
3.121115770615645602e-01
1.385758408016604326e+00
1.453518530673144848e+00
9.724249161001248254e-01
1.050007360270362344e+00
1.739361173863965604e+00
1.331262236486126183e+00
1.788908959392209619e+00
9.894668285135985730e-01
1.124833460229874182e+00
1.252169788479975621e+00
1.892695482054707501e+00
3.500592812481636007e-01
5.136651911141107973e-01
1.369069195023407959e+00
9.759314313006594022e-01
1.180388378029525454e+00
1.089032516119891270e+00
1.439453902601517399e+00
1.141697251677540548e+00
1.310907573075764887e+00
9.465035530928439522e-01
2.288933790221827191e+00
4.214105018564900940e-01
1.332524007454823023e+00
1.159739448629484748e+00
5.934851702791158479e-01
1.159980800501314135e+00
1.105003158261188556e+00
5.599426799012817701e-01
4.030543083516883729e-01
1.825955881871012432e+00
8.936860115414768657e-01
1.132638184203009990e+00
1.646472338186703688e+00
8.876891728767332124e-01
1.284867699509476324e+00
9.397956213888151167e-01
1.621837791427325204e+00
1.057039156288053228e+00
1.384174626190534774e+00
6.424370390893948679e-01
7.285757327434930763e-01
5.654978980615359418e-01
1.149318155899804017e+00
6.956301808029616840e-01
1.404556171913649010e+00
7.566673672718754462e-01
6.161955925778863641e-01
3.500592812481636007e-01
1.373875060470748588e+00
2.573965305967992556e+00
6.438197673186467629e-01
2.660135569281758539e+00
7.408869669844966310e-01
1.045507595207575413e+00
7.014842089201683839e-01
1.242599366036726272e+00
8.935819162414829764e-01
1.273760625554513526e+00
1.122946536954026575e+00
9.736710559191558145e-01
4.098064301964530198e-01
2.149871351432100841e+00
9.996409750836561248e-01
1.136472619467202572e+00
8.879763195151348931e-01
1.099921481768620035e+00
1.679925601670998692e+00
8.448424702920169782e-01
1.125037854350926070e+00
1.299579581834550579e+00
1.134032123648500923e+00
9.087524605501455799e-01
6.809700833549552357e-01
1.372862840085544489e+00
1.297947841779756750e+00
1.637428109745875826e+00
1.007038468844460466e+00
1.093210214170465155e+00
7.953199468742507827e-01
2.014324697760578875e+00
1.498373630095971354e+00
1.216319132362913003e+00
1.409685925023460351e+00
8.791651341787103391e-01
1.077817362126433309e+00
1.062584220992867978e+00
7.657320623740068166e-01
1.683614145550545116e+00
2.624255329350396071e+00
1.306288180055978243e+00
2.448637922707041170e+00
1.020340058442233300e+00
1.344805458997993419e+00
1.180219471208630688e+00
1.140041572775730483e+00
1.154751984157669886e+00
6.743382136671159932e-01
1.767335551010171146e+00
1.156788946439087917e+00
3.879903586818865824e-01
1.686758723498718915e+00
1.853520494972547228e+00
1.759996618940495638e+00
1.258329879621912006e+00
1.532113437723494398e+00
1.844285505031146188e+00
9.881502326679300063e-01
1.626883673649660578e+00
9.555442964352730550e-01
1.631851300183778219e+00
2.029833483225550239e+00
1.148440467152747946e+00
1.082431917194230264e+00
9.820574669762264230e-01
9.975440416495336970e-01
1.210153985024052359e+00
1.287105039181542621e+00
6.792810541459345375e-01
1.244829824900948401e+00
1.445580908252506180e+00
1.529737337872550285e+00
1.887192332013392315e+00
1.047093094044137640e+00
1.362163867485613578e+00
1.051386091240639642e+00
2.064371241339905794e+00
3.737094248951912112e-01
1.058905997905819962e+00
1.365097901946664249e+00
7.508524510071731273e-01
1.312343009886697942e+00
5.217881858701994835e-01
1.260224189023997576e+00
1.508138473621116971e+00
9.851796685487096417e-01
1.176557239744088657e+00
7.584273923799047523e-01
1.323646768607876112e+00
1.219021302175261612e+00
1.337549170102817486e+00
1.001973084784408830e+00
1.336444356495417596e+00
8.380075879113839665e-01
8.084286313861144269e-01
5.440080158759400542e-01
1.272905152144185426e+00
1.027685132121974432e+00
1.106500256416611983e+00
1.078877183798162553e+00
1.904568407220108783e+00
1.187890502389135072e+00
6.498702376803072722e-01
1.021324500247952072e+00
3.106345131796556247e-01
1.229123838440419059e+00
1.646400168167088340e+00
2.251991227059622069e+00
1.948598500291754521e+00
1.099030893806356879e+00
1.839283587199137093e+00
8.215901575140446278e-01
1.000633793171834096e+00
1.182520827739707681e+00
1.512029173841587637e+00
7.666583003204681113e-01
9.294720665018919581e-01
1.116606858073650121e+00
2.982867312761352530e-01
1.542284391128910803e+00
2.253290803861980884e-01
1.031152472040489876e+00
8.293455012931395531e-01
1.309900149019215032e+00
1.179744944175651566e+00
1.022309435093976093e+00
1.124041525913589190e+00
1.676361405724397624e+00
1.232347641691132756e+00
2.378994459613381629e+00
1.362012497385654664e+00
1.311944119942639819e+00
1.184349434860884509e+00
1.163000250056200890e+00
8.943772876379015857e-01
1.497536242732393941e+00
8.029915056325842571e-01
1.296880324027251730e+00
1.047484273669509802e+00
1.982886172643533618e+00
1.217555571654549196e+00
1.865594302158623874e+00
3.876959088255169661e-01
5.170622200005561275e-01
1.004824463417088865e+00
1.888367534211395471e+00
9.326306134258298686e-01
4.282692213089715483e-01
1.047156361283660964e+00
1.073259154310686192e+00
1.369979915933461356e+00
1.595754532962546435e+00
1.676730980705739560e+00
8.316371176284470534e-01
1.037413988941780829e+00
1.306752201365005250e+00
1.673199443498509575e+00
1.349548918296128441e+00
1.700282992941814841e+00
1.006242031607195386e+00
1.063861038246182833e+00
8.206420755945349477e-01
1.567278153406562069e+00
1.099021753573748095e+00
1.020248573990065966e+00
1.409015476453579829e+00
4.170545733805368638e-01
5.294695319310562809e-01
1.610060556824626232e-01
1.293072104771345598e+00
9.642256811687437423e-01
7.223294027695856823e-01
1.651719393986362139e+00
1.079655998107008186e+00
7.480578645652712355e-01
7.314205334553740556e-01
1.009677673227684425e+00
1.306383549510787168e+00
1.119375911561527159e+00
7.484931167197222956e-01
1.263798252929730248e+00
1.555726351999668466e+00
5.819984636679519374e-01
9.440143371752965917e-01
9.992945195677047643e-01
1.702616414819569268e+00
1.408630361637594364e+00
1.680154169097490824e+00
1.554609081142558580e+00
1.521971114479772957e+00
9.226213072093050194e-01
2.311286921725751675e+00
1.198202803358394242e+00
9.802256058534130068e-01
1.104749739122412144e+00
1.471996379298746271e+00
2.017768722994059960e+00
1.493678148377802994e+00
9.155663866397444339e-01
1.055125173367448710e+00
6.991655354454063831e-01
1.124660359128208054e+00
8.652656194943212364e-01
1.596119096603954235e+00
2.262204058230912196e-01
9.668118951731484723e-01
1.335198169324648187e+00
1.331681079440417470e+00
1.129134330878278192e+00
1.099225669975309128e+00
1.308099278227400575e+00
1.168536218257858916e+00
1.590492103545741331e+00
8.869915567309432092e-01
1.421517193273656110e+00
1.438249245639447116e+00
2.014358313954046409e+00
5.451934763700386766e-01
1.144667769205204078e+00
3.374760297124501651e-01
1.001106788529184888e+00
1.083895855360200500e+00
1.214572729347654478e+00
1.125639046672133547e+00
1.153345231889439271e+00
9.733909313570621169e-01
1.325043782758374755e+00
1.203706322794210415e+00
7.657320623740068166e-01
1.005568698119001514e+00
8.453245454828014482e-01
9.789852854757938871e-01
1.769900399134070046e+00
6.663414260938461675e-01
1.198774050801430846e+00
2.088253112664974598e+00
9.767653769087141225e-01
1.105879255140742368e+00
1.136678957084758634e+00
3.154469870869123227e-01
1.913738749728356003e+00
1.430883651056271688e+00
9.883660337831579046e-01
1.167345059897637816e+00
1.107108014005531160e+00
8.038848716696234131e-01
1.382920974385039692e+00
9.761014399382752504e-01
5.415851133146211138e-01
9.753468861431593417e-01
1.560225749362553205e-01
1.911082244259642016e+00
1.163000250056200890e+00
1.738002640855735415e+00
1.343982841629747682e+00
1.958649034664661004e+00
1.236023402663900095e+00
1.102480265977489049e+00
1.471403407347295689e+00
2.458603993630039675e+00
1.697269092980846272e+00
1.467053306190494677e+00
1.048330655152796220e+00
3.567155222813242488e-01
5.673719011262711165e-01
1.151622924710421270e+00
1.738500017997047120e+00
1.159810785213758244e+00
3.881897302676401984e-01
1.705955157508040276e+00
1.544151431644023464e+00
2.047607436418362958e+00
3.680138361003812419e-01
1.403881750168830544e+00
1.027290524204971689e+00
1.701679877918433448e+00
1.128623030983097575e+00
1.606724751902907533e+00
1.170087838988246753e+00
1.534802206547149384e+00
1.042425889078118839e+00
1.561739496672197580e+00
1.036435395496065892e+00
1.665200617564198238e+00
2.122864867706064196e+00
5.685008709817119810e-01
1.254312153242043815e+00
1.435305747125784182e+00
1.262681748267704629e+00
9.359320767686571951e-01
7.458786478973350453e-01
1.508122276972916564e+00
1.399029216392989827e+00
1.645614422838891144e+00
1.371579410458244830e+00
1.414405718868998463e+00
6.173880367572353034e-01
7.532143264528912141e-01
4.270557230564815399e-01
5.227629862592619858e-01
4.173704565700379066e-01
1.842251211375496578e-02
1.020363600135915538e+00
1.002643758626782011e+00
9.758519301710044669e-01
1.033907437127221662e+00
1.138883386655159979e+00
8.344266183379116519e-01
1.277832549254205530e+00
1.113746538467149882e+00
1.066646897129824856e+00
1.640866944958618623e+00
6.686134994718695435e-01
1.272684531168927879e+00
1.172143284825069243e+00
5.087663418794742265e-01
1.083986537281603102e+00
9.733397097456696345e-01
2.503422878148802155e+00
1.738804242973978731e+00
2.171480561987626956e+00
1.313030847308993998e+00
1.107146653963216654e+00
2.328715742396637367e+00
1.089621823617748841e+00
9.955739687898585988e-01
1.068986365803210825e+00
1.311555901152520631e+00
1.166691160771692548e+00
1.201359403573744045e+00
1.149050741277033438e+00
1.307283707502801651e+00
1.258319314373826492e+00
1.779082349248727990e+00
6.576584627481143475e-01
1.243947059182089143e+00
9.758165477678777400e-01
1.306129913303848200e+00
1.070920372477642823e+00
1.873437811601749825e+00
8.263809976304973270e-01
1.833327593745730066e+00
1.043766727950735884e+00
9.066202305302714093e-01
1.252693534752754800e+00
1.575605288822070182e+00
1.077891280839525345e+00
8.266493922637608849e-01
1.243045159808060740e+00
1.140201956074268663e+00
9.273010722369572356e-01
1.314407829229444769e+00
2.268563429982012325e-01
6.446325427172631128e-01
1.156803455370921441e+00
1.208525986424944687e+00
8.774111938856431481e-01
1.618204805821973347e+00
9.972070823824211727e-01
1.489792629585036332e+00
8.192377457714504763e-01
1.525006891652256780e+00
1.194933071073850162e+00
5.417872389164920532e-01
1.613590796426373375e+00
1.329956472968181425e+00
1.247652505823608093e+00
9.024214468623307228e-01
1.173807660631695615e+00
1.495931483998673928e+00
1.072282316167970206e+00
7.710204237823786722e-01
9.987736723582134601e-01
1.138856139613952712e+00
1.556689211555073227e+00
1.835933204079853498e+00
2.017768722994059960e+00
2.276093308455239494e+00
9.729831647324099775e-01
7.399846773802392086e-01
1.006814010738204868e+00
1.673086892404300974e+00
1.857129447648642184e+00
9.431060399069303157e-01
1.307284778642128664e+00
1.448228549987063962e+00
1.049354617158649638e+00
8.935015148577835076e-01
1.391623710336105546e+00
1.201650667875550083e+00
7.057569778556203044e-01
1.940609848053628683e+00
1.143564202312417954e+00
5.510099700425733493e-01
1.995893593800203591e+00
1.193839301546836262e+00
8.831019443793357571e-01
7.268014838486130946e-01
1.668673244193985772e+00
1.562545008427990600e+00
1.085452433746533218e+00
1.120666778184219003e+00
5.682243195186249540e-01
1.006576181703345840e+00
1.006052250220478284e+00
1.778749057071279172e+00
1.274697664620795701e+00
1.096800869717977411e+00
1.259260991167830079e+00
1.402037620098914639e+00
1.901122466031893499e+00
9.262432245409485398e-01
7.360277580760148375e-01
1.057953118316013352e+00
9.706216429372680476e-01
1.265049663350619413e+00
1.180904723422053548e+00
1.096428192803102108e+00
1.509176767256703355e+00
9.078688939035951533e-01
6.746836484206004680e-01
1.417085089252877239e+00
1.065858095316715382e+00
8.412488241507418696e-01
1.474606742667279091e+00
1.041889976891743785e+00
1.042192099606712885e+00
1.573151381134904936e+00
1.255600023281656430e+00
8.429608703163831152e-01
7.776923764052839916e-01
9.108330279357912396e-01
1.218152587374748741e+00
1.193559033075801912e+00
7.746737568047001865e-01
3.474345962149123501e-01
1.246890916736774546e+00
8.634193981196047751e-01
1.332524007454823023e+00
1.473713616520298864e+00
1.523757959874109336e+00
9.908247173610215119e-01
1.126619176139538103e+00
7.840410200856740008e-01
9.648213532685191440e-01
1.169553802002406107e+00
1.066223966541493207e+00
8.953364653021045338e-01
6.799449389554221845e-01
1.170919970523328635e+00
1.263289329603545674e+00
1.111859432349322274e+00
3.581144038652483430e-01
1.396391252382412906e+00
1.541002757180410354e+00
7.947247647333147702e-01
1.596916395235148167e+00
7.982109621817481404e-01
1.375689979949923147e+00
1.170954925893198606e+00
2.180386310496088553e-01
1.317379693785270867e+00
1.632246106280484499e+00
2.038561450821340326e+00
1.132000930507225167e+00
1.146039370769830201e+00
1.080976041663376463e+00
1.173378057538434271e+00
1.026192970723092568e+00
1.902928893029933732e+00
1.887167543683404114e+00
8.819153427798142042e-01
1.637279972436897157e+00
1.274897045264356876e+00
3.529793767886174605e-01
1.350429404639392317e+00
8.570298986433596555e-01
1.016122387781660752e+00
1.311623232809886241e+00
1.467512481597381679e+00
1.138954643540752265e+00
9.385715070543982907e-01
7.566673672718754462e-01
7.751937349734651095e-01
8.064138642897088483e-01
7.441965949747649800e-01
2.572104684523030205e+00
1.355658511244132391e+00
7.198741452356949289e-01
1.535083683414414146e+00
1.430265111483339124e+00
1.579751702954033998e+00
1.686412114423928577e+00
3.757781534967221670e-01
4.668708236538235967e-01
2.975729759538401908e-01
1.373061094495891199e+00
1.596430999300298526e+00
1.168031487077414665e+00
9.706713985983667081e-01
8.383274142989404210e-01
9.995473557868144177e-01
1.274661894860672495e+00
1.373578196266099560e+00
9.296011591524903084e-01
1.451728624721408289e+00
8.960025258513727442e-01
1.472841569478924084e+00
9.350580223111264466e-01
1.019096018089349798e+00
1.796295328318456841e+00
1.174471976661653150e+00
9.111127774959569825e-01
1.124473327650044485e+00
9.508934087103833033e-01
8.345255150909454134e-01
1.202916997878757499e+00
9.430680636565446084e-01
1.149181368493292332e+00
8.155827974161241611e-01
1.430265111483339124e+00
7.272254873900177441e-02
1.142444810623814977e+00
1.131557348466267099e+00
1.004604685846834045e+00
1.620459503094957121e+00
9.811935056940241928e-01
1.394044252450749255e+00
1.887167543683404114e+00
1.148134591590834308e+00
1.770565870630841088e-01
1.771700879620713653e+00
3.057002484562389433e-01
1.172143284825069243e+00
1.031325173131720563e+00
1.310466912090640923e+00
9.838462460432575440e-01
1.739135358493551831e+00
1.553755769061198055e+00
9.908576383194128701e-01
1.460720306160966819e+00
8.467610303067389932e-01
1.093653941651217654e+00
6.066618788215702995e-01
2.350612627808259525e+00
9.524520006060521737e-01
8.370610086434225883e-01
6.252113041449025577e-01
8.234998559663414541e-01
1.375093197453624683e+00
5.626313151427916326e-01
1.093740492840890921e+00
6.327271277752550827e-01
2.135544784175055000e+00
2.439344123008892584e+00
1.670161498649768594e+00
8.691090817302083993e-01
1.277510053733172946e+00
1.432434464789208217e+00
1.183749666277005952e+00
1.151485331960090841e+00
9.909498147312779670e-01
1.501365972342209254e+00
4.578912067453887180e-02
7.416900558729399018e-01
1.272021940121612849e+00
1.394044252450749255e+00
8.425297532322814087e-01
8.651904971928682242e-01
9.063072090307998652e-01
1.383867916184212898e+00
1.008644398125208230e+00
1.466129544878875590e+00
1.539333074147914537e+00
5.403209011337921641e-01
1.263342275775230839e+00
1.990390075405202186e+00
1.706011622713289544e+00
1.052906817542365703e+00
1.190113456070061027e+00
1.255822494719450511e+00
7.187807569034619926e-01
1.501595529296075204e+00
5.413399167685120084e-01
9.892640333509471473e-01
1.109620257122006182e+00
1.149425640196962251e+00
1.170947672636296399e+00
3.176693722622353500e-01
7.278803998031941891e-01
1.104509822842687061e+00
1.426053636345861353e+00
7.677589812293311722e-01
1.260600428312714572e+00
1.374209219696389095e+00
1.486588626577407979e+00
1.043542203319735018e+00
1.934192222881792045e+00
1.298903560804893997e+00
1.958183178956507398e+00
1.009815712843820545e+00
1.746439639950369438e+00
1.551317458781817704e+00
3.796778876239345624e-01
9.551500239021856187e-01
1.263746532971287362e+00
2.339849237486668621e+00
1.243852990204752151e+00
7.149303505735461473e-01
1.069505825284663647e+00
9.465838137491092708e-01
1.255515612979233087e+00
1.565538995091376506e+00
1.355058993719031601e+00
1.456400063770317388e+00
1.799559478760428988e+00
1.315294484581443824e+00
1.064684217932755583e+00
1.069895893460217851e+00
1.294730446110276878e+00
2.017394140835983674e+00
8.887030469365110319e-01
1.575454563762239690e+00
1.623375774951165473e+00
9.747608238195331065e-01
9.873717126461211135e-01
8.212570298424314297e-01
1.323204091259113424e+00
6.851660699686434874e-01
1.207046216365229796e+00
1.256146975529204513e+00
1.563587193159423183e+00
1.543623491898983069e+00
9.543015784774433463e-01
6.994947852713839787e-01
7.018721654309796332e-01
1.048712583263825993e+00
5.846841678330205738e-01
1.743362086677691547e+00
1.128333751046850963e+00
7.302713377267735506e-01
9.947293082863256641e-01
1.789291182190421381e+00
1.078403459175383272e+00
1.908662204637008308e+00
4.741021270226942752e-01
2.020265107426914231e+00
1.208263226767001042e+00
1.063381336073113026e+00
7.290347226135484027e-01
1.319865461832919085e+00
1.336811300579982209e+00
1.084073539136789277e+00
1.032156391020057296e+00
8.583944242125546298e-01
1.808208225007390757e+00
1.348460391767622335e+00
8.827335176016603002e-01
1.038047575345104612e+00
1.080295505086160235e+00
1.429269242908079329e+00
1.705720825537135443e+00
1.003439124989439213e+00
1.866151174141749802e+00
1.708765759528853900e+00
1.690639988634414559e+00
7.952896916269028837e-01
1.070498306367438701e+00
1.202941430788408539e+00
1.160069687052823317e+00
1.670820170845003005e+00
3.773903266984890426e-01
6.252113041449025577e-01
2.032338244565991658e+00
1.072420790441637850e+00
1.363995139397302214e+00
1.001174201294701582e+00
1.527938955323082881e+00
1.078160431063607261e+00
1.078377687723678813e+00
1.040708300945176745e+00
1.468623481736290204e+00
5.993374784873853889e-01
1.043426654432606515e+00
1.035052934454728568e+00
7.814292492803477375e-01
1.722114550275411160e+00
9.379414335412373793e-01
1.164814662297863679e+00
1.242677686322021247e+00
1.118966844588182186e+00
1.996438053062350004e+00
9.290204491288182043e-01
1.480627307451299890e+00
1.098397875693067904e+00
1.763427151532521275e+00
6.298476626155609104e-01
9.385715070543982907e-01
1.002937324803097496e+00
1.366053399024110382e+00
9.626523294362632210e-01
9.470783339796886580e-01
1.449079102838830790e+00
7.674602714333627063e-01
1.670453938521493820e+00
9.165302102448837918e-01
1.445458911711125838e+00
1.890310267528472865e+00
1.611699889336896785e+00
1.726570698785157010e+00
1.183031587675929641e+00
1.145974817667321899e+00
1.391338614972480237e+00
1.037046326822214093e+00
1.060734699771432643e+00
1.441183018140017369e+00
1.268773088474146382e+00
1.200164104604908299e+00
4.131218360293744674e-01
2.041309896924413891e+00
1.095215678634264833e+00
1.238960538570396785e+00
1.071987111051598385e+00
1.067742492971437640e+00
1.612845261403057062e+00
9.921774576066819673e-01
1.324008316097546212e+00
1.118223054540027572e+00
1.004831058097791496e+00
7.505502507544596913e-01
7.396588023958196034e-01
1.106776458016789366e+00
1.121372613475054347e+00
1.127543005247148900e+00
9.998807069273845105e-01
1.376215010433222696e+00
5.648067348680327893e-01
1.005091383336557342e+00
1.106937190117647241e+00
7.045484795040680703e-01
7.293777999857840033e-01
6.097282905011383036e-01
1.247507099209087755e+00
9.496936122428523142e-01
1.178177793418852870e+00
1.183382134848456557e+00
1.325221023086829319e+00
9.230334597710546651e-01
6.572541339779378600e-01
8.920801629998450499e-01
1.178307942786751106e+00
1.132414203906493055e+00
1.734860935510546875e+00
1.416458524571906796e+00
1.236711503665811396e+00
1.224030416354238371e+00
1.329346499377325852e+00
1.917852787460832653e+00
1.156385050425443151e+00
1.582283590737454615e+00
1.042374856319405296e+00
1.200119756702389351e+00
1.270954743038994028e+00
8.181789195782925850e-01
1.053539928905469880e+00
1.743146857328630395e+00
1.038006722247241997e+00
8.506385292214638794e-01
6.446325427172631128e-01
1.422749394693518576e+00
1.007007034930322842e+00
1.019964309288419635e+00
9.898196032652518683e-01
1.861190099091843519e+00
1.209503133049938395e+00
1.145534807287866608e+00
1.144195138487941188e+00
5.950682656883180544e-01
1.226102504977472751e+00
6.076919629929417033e-01
1.210453979751600517e+00
1.469573728686896397e+00
9.866632651309156232e-01
1.365097901946664249e+00
1.304478532748896580e+00
7.934008076025572676e-01
6.739221118669742605e-01
1.254808758995840101e+00
2.358454866536850769e+00
6.972381479572893337e-01
9.629057562273037885e-01
1.306408015562777303e+00
1.029947927044770006e+00
1.166518671931565221e+00
9.186989250295611864e-01
1.575534471020775706e+00
1.116465338160804288e+00
2.224768919879991813e+00
9.000519520121230688e-01
1.252182811139113783e+00
8.987901342750281852e-01
8.835401271249935240e-01
1.472841569478924084e+00
1.851321264240546993e+00
1.735279046003195269e+00
8.335817706978898567e-01
1.012652458997666205e+00
1.151236575465298673e+00
1.400555830613011032e+00
1.609678406052662103e+00
1.396003419918238508e+00
1.749019160408696427e+00
1.295343317517944515e+00
9.461690578091312975e-01
1.066338937328968450e+00
1.239719789308581177e+00
1.763711550475954182e+00
1.377597739853933190e+00
2.177198446878864657e-01
7.444717540131291500e-01
1.607087851359251474e+00
4.606605662326299089e-01
9.631509165868955558e-01
1.145666046878483169e+00
2.569684614638895859e+00
1.213146538626698190e+00
1.259345223113336631e+00
1.281148927794482972e+00
1.561387911320642141e+00
1.316654848778804343e+00
1.038693719911869318e+00
7.787019751117255639e-01
1.295919829606330398e-02
1.428173615260684093e+00
7.411065815182029670e-01
1.189960012702749870e+00
1.521397019937584583e+00
1.053748387900461658e+00
1.112931665124826219e+00
9.509582885705770705e-01
1.233398600190819039e+00
5.961929058939139381e-01
1.203826858814746048e+00
1.946049078062285442e+00
6.717973955030120958e-01
1.636768869808673532e+00
1.159780338361775742e+00
1.258794751998960626e-01
1.942439869955966625e+00
1.033342488617225996e+00
9.584793380950871189e-01
1.128907562862071945e+00
1.254161813195522779e+00
3.340659736242638789e-01
9.966448904153909494e-01
1.040402715162031866e+00
1.518853723307540093e+00
4.646636454082309076e-01
9.822619869355799782e-01
1.550143199308662512e+00
1.077261188044394968e+00
2.082666060989406542e+00
1.160813536963293036e+00
1.191275772492420337e+00
1.802833052341198838e+00
8.625615337587766440e-01
7.223294027695856823e-01
1.108334837013591923e+00
1.140703261114985656e+00
2.641649822224166333e-01
1.573936666967130416e+00
1.138788670585561658e+00
8.505640122390001334e-01
8.819153427798142042e-01
1.190901856519833935e+00
1.429901097306825131e+00
1.102911890723147659e+00
1.235848951186827138e+00
1.134346912067456969e+00
9.686491983904382819e-01
1.059256617468274930e+00
1.177954991610737689e+00
1.658062744394529942e+00
1.219443380273564914e+00
1.297003437941241621e+00
1.055322265086431566e+00
1.343769118526725759e+00
1.323755147809460242e+00
9.065453608563195376e-01
5.478980395443567852e-01
7.493952215704693387e-01
5.410984897769796076e-01
1.141581790070919977e+00
1.440382622321326522e+00
1.132420448405487612e+00
2.008558194862751556e+00
1.218644893059787293e+00
7.593764721512459293e-01
9.406212333092299760e-01
9.495369778824772622e-01
7.977677538288461268e-01
3.529935821716063127e-01
1.011334991974840225e+00
1.186395449582581252e+00
1.142268085065069050e+00
1.238588231598888756e+00
1.418912188724306356e+00
1.301047133537470923e+00
2.589241986906412052e+00
1.914435995863446260e+00
1.342425492562459466e+00
1.860348625484876228e+00
9.246427340587201060e-01
1.454633436640592858e+00
1.919376308383328178e+00
4.611418304781448874e-01
9.999905572136440490e-01
8.691090817302083993e-01
1.134307374713122263e+00
1.119876254812504301e+00
1.017560496325379926e+00
1.229398995493816482e+00
9.955197764849348374e-01
1.139420353297910138e+00
1.168470848959765718e+00
1.048404381985996503e+00
8.865545302605158939e-01
8.238685113476803545e-01
1.099540568247361572e+00
1.049388782169989653e+00
1.024566716654076615e+00
1.016604974407645523e+00
1.873903521418209817e+00
1.289472271734180442e+00
1.098200356743837536e-01
1.176152602228258681e+00
1.513243697352802952e+00
1.277810651912158812e+00
1.313102053824821480e+00
1.110297904401151836e+00
2.302323285804179331e+00
2.667376816382779570e+00
9.918724427050638059e-01
1.378964335158233245e+00
1.091726750663520207e+00
1.064629005564749376e+00
1.034123523953388801e+00
1.395817856051577932e+00
1.477621015545639516e+00
1.680120037378267206e+00
1.718222821312687776e+00
1.442801647116359609e+00
6.134781703960420218e-01
5.903426279088352935e-01
6.785738419112912201e-01
1.043766727950735884e+00
1.030122661665563433e+00
1.488884243938517926e+00
1.308071999276394726e+00
7.502890511272330976e-01
1.604856733766409915e+00
1.137362645280336038e+00
1.084170020059001649e+00
1.465670234803814198e+00
1.905300532463721552e+00
1.525496394766216568e+00
1.488826529048486336e+00
1.739159714178166505e+00
1.560690325958375535e+00
1.585390166456479122e+00
4.703767289585467082e-01
1.342168257871714010e+00
1.646923250128049299e+00
1.942569618876890392e+00
1.502213854587901576e+00
1.556689211555073227e+00
1.133467597011967642e+00
1.763002848216220331e+00
1.344507058116293452e+00
1.673529245474367544e+00
1.461169145522190016e+00
1.180902729545745489e+00
1.014380679100892690e+00
1.393583144102039428e+00
1.007429455150275599e+00
2.060109360040572657e+00
1.004649296480900622e+00
9.757859380515733205e-01
9.767653769087141225e-01
4.539019336114429870e-01
1.030005635650689033e+00
1.218938960395207216e+00
1.402461778676068915e+00
4.070996261539912564e-01
1.157926133991546314e+00
1.051953175479600766e+00
1.410337155889699323e+00
6.189507242757807948e-01
1.133396590237304657e+00
1.187018122374639884e+00
2.827015803682221828e-01
1.106475586033079939e+00
1.337321541690693394e+00
1.073978804128426612e+00
1.197351302141479445e+00
1.511286525796239621e-01
9.223407925285019848e-01
