1.440301385905911280e+00
9.444309087568368843e-01
9.779332563416995860e-01
7.253651364102920995e-01
4.865412615280918507e-01
1.083718119548204406e+00
1.052479552979907584e+00
1.467051444282302164e+00
1.352014003390293650e+00
1.103533531394433886e+00
1.509939948802371035e+00
1.673199443498509575e+00
1.394522239514926154e+00
1.441842788992083069e+00
1.248167328241515994e+00
1.757560366039357946e+00
6.833646950721523616e-01
1.149466780503483720e+00
9.752670096773247144e-01
1.629410832999646175e+00
1.136822135213047424e+00
1.175810568519334298e+00
1.387455529334284732e+00
1.346305683982870649e+00
1.076787006399021251e+00
1.763427151532521275e+00
1.073840602188757876e+00
2.356844154904169208e+00
1.253833610972526103e+00
5.905744967750976848e-02
9.065453608563195376e-01
1.226181220087256829e+00
1.750183935024506088e+00
5.772340489473803959e-01
1.453670369242856308e+00
6.971014978605363233e-01
1.500032081526892380e+00
3.084988340127018946e-01
1.434673637564965132e+00
9.414402036912686844e-01
1.054656978374456600e+00
1.661764325668713571e+00
1.304395613491556638e+00
1.109682857965042624e+00
1.032991213694989252e+00
1.104712097300638129e+00
1.582157333443637626e+00
1.484969432312578608e+00
1.349322026824053777e+00
9.162649945925889217e-01
1.016414876955702873e+00
1.671784516319265057e+00
7.358816292731371611e-01
6.010249693701316120e-01
1.392854705387796654e+00
1.281148927794482972e+00
1.124965165673782241e+00
1.171196622438668067e+00
1.473389830896437935e+00
1.383561268456487969e+00
1.064898572055149595e+00
6.908502048802996898e-01
1.244552351468162676e+00
2.226028567702587058e+00
1.687671509615829013e+00
1.192424526088472048e+00
7.678061199586054819e-01
1.039673644708478450e+00
9.906980657546493596e-01
7.821366367232234218e-01
1.192801265403126365e+00
1.044510955034961608e+00
1.921870820410513270e+00
1.816958328998418803e+00
8.791778813029598183e-01
9.940422288703161247e-01
9.419702196497466984e-01
9.729330203661848975e-01
1.037413988941780829e+00
1.288135633767266031e+00
8.512503507158196703e-01
1.462575471696676566e+00
1.109630654427684382e+00
8.908879930493353028e-01
1.367966446409226489e+00
1.086411301568398269e+00
5.278069936085972857e-01
4.580761630674216045e-01
1.441168129230084638e+00
1.690542739401164507e+00
9.637322546783079202e-01
9.200138412389294862e-01
1.147530655707829750e+00
1.223466757713828956e+00
2.084880217936520896e+00
1.365634793409123082e+00
1.162197402444256067e+00
1.204614597768343343e+00
1.127879660713979160e+00
1.886949137574237545e+00
1.231153167367931012e+00
1.528589594001321439e+00
9.663373985155588874e-01
1.261931428416345868e+00
2.797932716373522366e-01
9.541318316822845480e-01
1.074144851802337763e+00
2.011138895262905901e+00
1.034788354213583172e+00
1.558961680687340978e+00
1.893136116036796546e+00
6.287449608822968106e-01
2.080307227528469305e+00
1.190644063279609810e+00
1.048362715890408081e+00
1.199616078793064533e+00
1.667778214798862679e+00
2.354975944902643725e+00
2.326619816622522929e+00
2.042007073008638984e-01
1.025770234628442967e+00
2.384658824960947943e+00
1.054709707886987813e+00
1.338043833643979497e+00
7.049667174204383713e-01
1.297882511715952703e+00
8.156530714471794674e-01
8.872116316832203697e-01
2.820557022086844778e-01
8.256259769336192766e-01
1.378126211808734736e+00
1.132804483944233942e+00
1.245893417637219835e+00
1.113730281200461691e+00
6.933066931286254730e-01
1.438249245639447116e+00
1.251459420657775601e+00
2.099143495771878865e+00
8.297453475777065712e-01
3.248995200660266258e-01
4.755281240032606660e-01
1.278504948110936956e+00
8.696264649829980042e-01
1.493448491458699623e+00
1.250366163603621628e+00
1.640059929171289399e+00
1.135344750731298813e+00
9.368770622079373167e-01
1.116537419592428693e+00
1.349475930126954104e+00
1.328353552591897246e+00
1.547939088085708237e+00
5.925449994235472140e-01
1.282803504468182032e+00
1.583473106851306822e+00
1.467035466751917872e+00
1.913738749728356003e+00
5.526785747737851251e-01
9.729330203661848975e-01
1.810238106306162331e+00
1.013957890149035590e+00
1.214489640783458002e+00
1.177440568358596229e+00
1.470047697516803087e+00
1.069451635924614674e+00
9.824844878663743231e-01
1.777634428012637491e+00
1.698607007460305907e+00
1.285183218836375207e+00
1.397745924431064601e+00
1.400863606234981074e+00
9.298166098314966099e-01
1.736484161215291921e+00
2.098983940983759844e+00
1.448304443984144818e+00
1.941960099741100843e+00
5.506128488324463222e-01
1.527241065972548828e+00
7.417326721093105979e-01
1.275137335536069783e+00
1.789359684902160019e+00
1.536666859367071369e+00
1.722331081606508718e+00
7.703039693727936621e-01
8.618264474190968638e-01
6.311403918712954475e-01
3.024319971712280397e-01
3.529793767886174605e-01
1.832734205763055346e+00
1.168659427824423558e+00
1.376926661589210177e+00
1.377266863249742901e+00
1.220259931898293182e+00
1.656243585136277563e+00
1.001793713374329986e+00
1.340461416657706017e+00
1.476975196933751899e+00
1.202459902156512328e+00
1.055578041163599323e+00
8.770682162305090124e-01
1.152021468538061200e+00
1.413286265580401491e+00
2.229594678932441454e+00
1.175829509591748812e+00
1.275207256898846842e+00
1.048516540114420748e+00
1.097078121143723717e+00
6.967996239480853671e-01
1.756468534912148272e+00
2.445772628278953809e-01
3.529793767886174605e-01
1.116510011296078853e+00
6.792810541459345375e-01
4.214105018564900940e-01
1.313541176204285454e+00
1.302975835842434815e+00
1.157654167623255459e+00
1.560063623911767561e+00
1.513578605733392202e+00
1.100534218821702437e+00
9.258014809515268118e-01
1.558768460334322592e+00
1.163460622028655189e+00
1.130369148791368517e+00
1.947683083212697008e+00
8.379978627454248707e-01
1.744179408881988969e-01
1.691776593982959653e+00
1.117085602578703263e+00
1.088737881948578456e+00
1.107095201743283797e+00
6.301884282998589937e-01
2.467564609730150682e+00
1.302619021571155056e+00
2.445772628278953809e-01
9.133234452542056125e-01
1.196539266811428082e+00
1.173163838443288753e+00
1.198774050801430846e+00
1.096962235381512496e+00
1.079583864143957239e+00
1.578458893261719398e+00
1.535753470535231591e+00
1.612005394962351179e+00
1.178270986745049154e+00
1.314654444258690935e+00
1.240985177505504966e+00
1.155566200349609440e+00
1.337372217637825100e+00
1.418683678472935306e+00
2.926143746194194706e-01
9.110033600307685386e-01
1.484210472287585736e+00
1.299952737446526729e+00
8.665117351706036475e-01
1.355071657574788091e+00
1.099242301849555847e+00
1.987153099418809798e+00
7.854093904705313767e-01
1.268602692571337398e+00
8.406663878978416493e-01
3.023681607212016509e-01
1.452101460631373797e+00
1.574168450348926607e+00
9.880994765972777039e-01
2.138549822600888106e+00
7.419735193936141116e-01
1.261111889269315389e+00
7.417326721093105979e-01
6.489939724865799731e-01
1.010027737782310364e+00
1.626883673649660578e+00
1.145345911339452627e+00
1.014286123442098564e+00
2.562185043323473188e+00
1.436479277572057400e+00
1.236023402663900095e+00
1.038291555336300576e+00
4.725815898769390455e-01
1.405145584678799020e+00
1.294730446110276878e+00
1.495504252232438214e+00
1.047610127862568241e+00
1.962681108658857587e+00
1.069917278572025232e+00
9.625824160216621683e-01
1.344802652281067878e+00
1.015779762208267822e+00
1.809676274443475563e+00
2.391623607400302554e+00
8.817583685025934814e-01
1.187611291775137801e+00
1.491116909877904684e+00
4.037242043582727202e-01
1.567430391282083724e+00
9.524520006060521737e-01
1.232049331669446079e+00
1.334131179435800840e+00
1.044782196254888884e+00
1.399829571974789966e+00
1.400436985773112486e+00
1.446420786905836531e+00
1.111598186559350054e+00
1.820411112572634549e+00
2.032100703323413415e-01
9.164832288400978078e-01
4.430421770929047764e-01
8.869052669021616486e-01
1.065424154033970394e+00
1.260170296997928929e+00
1.303810576245535646e+00
2.164552528925627772e+00
1.125172347562529263e+00
1.227678986123684091e+00
2.013107407684680883e+00
1.154059402213729824e+00
1.277832549254205530e+00
1.098224269034537404e+00
1.149348514754539696e+00
9.177838434248339894e-01
6.955427133007017204e-01
1.083550684819436949e+00
9.407338496457787747e-01
7.028093253782053962e-01
1.052969457765711825e+00
1.068819015501603742e+00
2.522286629799800894e-01
1.707373969295315153e+00
5.991222134880189731e-01
8.631272090265078578e-01
1.428812484083410661e+00
1.199225676048092826e+00
2.200888635714886910e+00
1.336996389280079578e+00
1.255822966944478036e+00
1.533885676742605453e+00
1.117611039549620600e+00
1.017990401953749124e+00
9.959808068792602720e-01
9.172295838404601609e-01
1.067527373356195630e+00
8.500468582293665420e-01
1.412127748547206574e+00
1.457556185173557450e+00
1.758762444781996059e-01
1.184142019647142163e+00
1.249922219567238368e+00
1.243567872226320148e+00
1.609971420005018139e+00
9.078820259014221961e-01
8.076039823061702538e-01
2.253250749563300293e-01
1.299158453282839520e+00
1.130750702599825130e+00
7.755954774800335461e-01
2.308010339885296247e+00
2.045277689770493013e-01
1.369366718673380667e+00
7.574804640745115281e-01
1.817152942884922240e+00
1.405255223656852293e+00
1.288699952601260579e+00
1.395118773343109631e+00
1.301047133537470923e+00
1.851503172467727110e+00
1.243293600968211399e+00
8.957881013899704481e-01
1.184924806377612549e+00
9.321732397072122200e-01
1.182641152892183634e+00
9.289981895314751714e-01
1.227807578120337917e+00
1.296880324027251730e+00
5.488167287571229513e-01
3.706528397310732137e-01
1.321758599976768478e+00
1.392001034123442116e+00
9.599668536358496596e-01
5.540985581680435423e-01
7.945399717960804908e-01
1.234105320622208568e+00
1.139371896875787105e+00
1.342958663771757211e+00
1.611711187106180221e+00
1.480627307451299890e+00
2.479751257437083911e+00
1.222827936116589020e+00
1.965224436047487977e+00
1.542605082633686342e+00
9.380126172099250148e-01
1.129510308136224328e+00
1.306129913303848200e+00
4.343292514414133776e-01
1.272996737039159942e+00
6.754749510512054744e-01
8.442293506207020348e-01
1.310862124517669480e+00
1.214609682997873419e+00
1.239930064697109868e+00
1.503262964115935185e+00
1.496581080221800697e+00
1.094888512828621430e+00
1.010206878163027788e+00
8.172570280517171826e-01
7.372741120519595848e-01
1.149466780503483720e+00
1.111182726663995757e+00
1.767189389005797695e+00
6.343079042357919750e-01
1.401863833784564362e+00
7.219117613863350602e-01
9.024214468623307228e-01
1.357221500778742040e+00
1.105502218876183607e+00
9.347783664004738480e-01
9.186921867622478421e-01
1.674467798216346059e+00
8.877108024251958440e-01
2.261512708175998920e-01
1.580608628755633571e+00
3.921432164230533313e-01
1.238162442988779199e+00
1.542693787535271088e+00
9.927752821489432833e-01
1.434615681902591033e+00
1.237939910370222885e+00
8.004343491977540248e-01
2.007642516112259301e+00
1.136678957084758634e+00
1.421494004707106074e+00
1.974669677815007462e+00
9.992118595699783778e-01
8.275342596125083716e-01
1.373653172839770953e+00
1.673068063165018327e+00
5.102766261709013040e-01
1.517052668044504227e+00
1.237149793357884997e+00
1.077287714672702013e+00
1.600842472195484811e+00
1.457599946446762884e-01
1.168842905234309226e+00
1.200901825501577314e+00
1.199369797925414982e+00
1.220221312767474142e+00
1.376398959195160199e+00
1.637146361563961205e+00
9.887687877297226535e-01
1.195798277837585299e+00
1.155719315391475321e+00
1.604501876921271997e+00
4.740330140375862977e-01
1.277932187059620084e+00
1.522326082313069318e+00
8.690661090570517278e-01
7.576902182673982411e-01
3.385892454306456134e-01
1.693366470697162285e+00
1.252778378865625930e+00
1.046491060916588500e+00
1.132000930507225167e+00
1.521971114479772957e+00
1.058545826197358375e+00
1.247197688489481981e+00
1.827667612099366456e+00
1.520250985393527765e+00
2.298362824480884914e+00
1.285870643188707474e+00
1.505466911332172364e+00
1.982675342042965694e+00
1.132359350412667887e+00
1.281103529629703086e+00
1.542469200832510934e+00
1.328106980260932657e+00
1.090897165056171847e+00
1.098417767075974272e+00
1.027290524204971689e+00
1.678100493764451917e+00
2.535208685076574264e-01
1.393809269191266464e+00
1.190916131327575123e+00
1.658677332454885356e+00
1.022266042431669408e+00
7.525160189841533231e-01
1.310305972056227786e+00
1.066962850794542561e+00
8.552762562703174476e-01
1.192794255343177401e+00
2.681644083288802438e+00
1.338091236411207419e+00
1.183399386079611482e+00
9.666078465717959922e-01
1.195310985575596563e+00
1.114802579529949877e+00
1.229395032045452751e+00
1.014275456850289414e+00
6.400286352743249640e-01
1.148050484528314819e+00
1.095192060507280019e+00
1.255020241486799470e+00
4.361550474831214497e-01
1.043542203319735018e+00
1.028289987142962270e+00
4.441635704181479127e-01
1.009170414707112551e+00
1.112604671356953512e+00
9.952059642830652919e-01
2.430426526065022852e+00
1.139555914779837309e+00
1.278004406599291487e+00
1.383312084040197565e+00
1.392484974824237609e+00
1.735215328692684800e+00
1.708269592485430088e+00
8.530291702239370943e-01
5.884818191427398926e-01
1.279612080677060559e+00
9.778956856063515390e-01
8.583669692196985723e-01
8.274384323812330466e-01
1.083573103584694719e+00
7.762448284031079337e-01
1.681152961419604130e+00
1.343085543293125461e+00
9.256359417747643814e-01
1.420303842676025496e+00
1.197938968515419145e+00
1.731859207790068078e+00
1.413286265580401491e+00
7.147636580401672823e-01
1.093197569158051996e+00
9.032598150196293751e-01
1.079788213540536113e+00
1.280693258780787769e+00
1.085060498650888716e+00
1.099641173705705466e+00
5.585825934414950789e-01
1.688617847160666097e+00
2.516285695852207294e+00
1.184045677735187319e+00
1.145141402729640268e+00
1.399231754822522378e+00
1.246582474097391868e+00
1.415225423657986203e+00
1.822249918866543750e+00
1.408419085401140913e+00
1.200443283500240543e+00
5.324185819353666194e-01
1.101101376850178504e+00
1.341904112919000358e+00
8.107903683818766805e-01
9.623912607005128406e-01
1.378693645702723680e+00
5.442844780322999565e-01
1.529479262913926441e+00
1.096412604958109993e+00
1.227568874928478548e+00
6.674813455131827222e-01
9.551213463036415385e-01
3.761595010262778205e-01
1.180715048434017422e+00
1.024049879619682635e+00
5.283378493005410625e-01
1.258570601978710179e+00
9.194964721225379334e-01
1.043634889449868375e+00
1.030685670148620448e+00
2.038561450821340326e+00
7.547343896468418079e-01
1.289438404421020534e+00
9.782507782221180337e-01
9.945505268556394940e-01
8.540272483522842739e-01
9.789852854757938871e-01
6.446325427172631128e-01
8.506149308311948820e-01
1.975235127959136694e+00
1.242677686322021247e+00
1.017184855149851019e+00
9.518986621825457073e-01
1.192981522673556727e+00
8.483128923737108806e-01
1.515980315244033427e+00
2.000820682583057231e+00
1.657167886631055742e+00
1.089492240517766497e+00
9.589780919425499039e-01
3.193922040485519531e-01
1.093752621031709671e+00
7.540505755696463863e-01
1.244062097783440679e+00
1.556847266212809444e+00
1.061203358454514634e+00
1.526604263835798170e+00
8.808134442069435188e-01
1.039628409125677999e+00
1.463967634608030366e+00
5.214481158238033487e-01
1.234812258857454159e+00
2.256676575111423722e-01
1.439150196715667018e+00
1.239468503463554194e+00
6.010249693701316120e-01
1.413353123628846797e+00
8.991821236533016348e-01
1.221553153368453160e+00
1.385150852300681912e+00
7.779732594012158664e-01
1.380268815910214553e+00
1.353625648791583647e+00
1.103318701276797542e+00
1.411841092420470734e+00
1.054365113211687133e+00
9.541318316822845480e-01
1.155473147050095850e+00
1.008896090705214688e+00
3.610207552774665207e-01
1.492346926643992377e+00
1.430218563698227419e+00
9.779813782337777317e-01
1.215008519628891337e+00
1.218464248896899527e+00
1.876950995985103177e+00
7.781092127280064830e-01
8.752274241339738081e-01
1.208488700144628947e+00
9.200513826553369245e-01
1.339144857971798830e+00
7.716492148621464375e-01
8.208345622128028207e-01
1.792565218902181234e+00
4.425092388469701321e-01
8.123773562987325336e-01
1.513994257015224276e+00
1.359473647013655029e+00
9.973676163920758286e-01
1.710203941035488562e+00
1.559912491482276842e+00
1.232760401006456563e+00
1.340903369498137598e+00
1.632564121650221356e+00
8.089503565606026569e-01
5.259110190770586168e-01
1.699429938305691890e+00
2.864037855951777067e-01
1.261931428416345868e+00
9.323139378187881299e-01
1.428844780497620981e+00
1.089837654938045519e+00
1.618830485057921598e-01
1.252772893153610845e+00
1.453802724975949090e+00
5.231476020979830555e-01
1.213264765110833476e+00
4.655841827687050016e-01
3.015238357570307337e-01
9.354014884276099506e-01
1.511513537282292541e+00
9.721140032300126244e-01
6.025586097672166325e-02
1.148727381670786363e+00
8.861047063920445277e-01
1.699429938305691890e+00
1.715367625451542422e+00
1.239513383739100361e+00
1.382293114349746999e+00
1.148465339876657998e+00
1.658448003039342700e+00
5.065421611448986949e-01
3.376809013788991676e-01
1.088577125659505374e+00
1.842155606397293699e+00
7.980946145805447589e-01
1.166218956892207670e+00
1.836910086145436605e+00
1.379515985650967780e+00
6.987759811252681752e-01
1.239468503463554194e+00
2.533581553622362703e-01
9.275258933536661976e-01
1.440888198044527169e+00
1.333523495990273533e+00
9.906792611688610695e-01
1.536418980519482780e+00
9.694878550530872108e-01
1.206041704253104196e+00
1.397666129875229091e+00
1.081136523282863582e+00
1.580479428661864860e+00
6.710685032598201483e-01
1.141628562114935797e+00
9.763715208855309191e-01
1.859504259099202361e+00
2.112168661939218151e+00
1.629783045201497860e+00
1.375209842640655600e+00
1.442520102352188749e+00
1.041962348432851515e+00
1.145199924969654282e+00
7.883015747856607636e-01
1.422735039265553780e+00
1.136635943906608048e+00
1.815126388221769638e+00
3.594557918543453412e-01
1.272835605404929904e+00
1.316166946018027639e+00
1.235875785105227997e+00
5.259110190770586168e-01
1.317751018937949326e+00
7.727210238933951425e-01
8.093289968453866168e-01
1.172591957021101416e+00
1.975235127959136694e+00
6.037529419036921086e-01
1.409309106862024041e+00
1.141400250392476501e+00
9.457512442561932797e-01
9.326990182628251969e-01
1.001135635057602835e+00
8.768835045464069555e-01
1.095180230573747915e+00
1.446672054863770374e+00
1.067487737368695955e+00
1.657820731210234211e+00
6.733521547707236321e-01
2.068496644120073391e+00
7.720039845223299890e-01
1.031662708456301258e+00
1.237607818815114724e+00
1.210828860931695061e+00
1.698138040120823700e+00
9.776375118511668738e-01
2.224069309964755714e+00
7.791714235878934858e-01
2.075838372048264269e+00
8.817583685025934814e-01
1.034381022326862798e+00
1.109371038211233840e+00
1.049342510940347806e+00
1.295051635104958576e+00
9.428921055059793499e-01
1.127034378810881643e+00
1.209714999796125179e+00
1.726233579282631991e+00
1.137923840614078141e+00
1.724429308075212885e+00
1.227474563954176423e+00
2.833305132716949504e-01
3.571398674302479065e-02
7.379549999102364977e-01
1.122705839731169108e+00
1.364245417004686045e+00
1.702799918651999977e+00
1.418487689432758048e+00
1.134993320096311820e+00
9.881699767783314048e-01
1.461358086856303862e+00
1.457055514144599107e+00
1.182520827739707681e+00
9.370980697636898116e-01
8.948797802609045338e-01
2.551562359495661347e+00
2.130925467818944430e+00
1.533992628739473396e+00
9.482327148091260760e-01
1.420210031830163366e+00
8.877108024251958440e-01
9.662916076471957938e-01
1.107135540331716017e+00
2.382398135924188032e-01
1.154180485669956235e+00
1.371895591846148399e+00
1.074165154060021221e+00
1.318787986393010980e+00
9.662808713510838698e-01
1.084856277694550730e+00
1.365008909061807163e+00
1.613281674000642596e+00
9.749028870567373328e-01
8.899096347788097994e-01
1.339533516518968792e+00
1.169832454813641398e+00
8.223899335877814520e-01
1.173796954500003320e+00
1.596049119197155086e+00
9.532443508992425318e-01
1.667049961426447124e+00
8.523364334642018481e-01
1.180624834742662665e+00
9.144133953791876435e-01
1.069267322120954544e+00
9.368458513218075323e-01
2.622644070917693249e+00
6.588754501441621558e-01
1.442520102352188749e+00
1.598791205968371987e+00
1.472416484921043045e+00
1.018286037106700626e+00
7.503668836429689959e-01
1.377351154218246831e+00
1.511927519360498628e+00
1.262040289851327879e+00
1.201881352063055131e+00
1.718063286607513618e+00
1.303184858394811352e+00
1.309877904999557474e+00
9.709909031464935003e-01
1.453421273444155837e+00
7.957310791601618361e-01
1.551236962829325217e+00
1.207462443868311031e+00
1.119301782821638946e+00
9.345286227941008717e-01
3.297725816948202104e-01
1.378765666234423204e+00
1.425174785183608739e+00
1.092786701008750638e+00
1.368772847540483895e+00
7.031333003210795685e-01
1.632182788798084649e+00
1.913027120621086485e+00
1.240612733150084024e+00
1.314879395057756417e+00
1.127543005247148900e+00
1.041959026814490707e+00
1.833749725544862486e+00
8.793285625301930919e-01
1.667049961426447124e+00
2.669444271836056704e+00
9.749771997067495644e-01
6.505011400789300069e-01
1.167752244840154718e+00
8.258220582586331959e-01
1.125045872236404954e+00
6.523589547992514337e-01
1.167725292108904522e+00
2.083084040057983533e+00
1.011740315774235510e+00
1.242439871231542758e+00
1.558475699170588813e+00
1.656299772407878956e+00
7.675665189531994947e-01
7.496141762098705863e-01
7.789149306267941775e-01
1.202459902156512328e+00
1.174632597357948560e+00
1.410929097156248480e+00
1.175999444034116825e+00
1.492747970262998214e+00
1.872535537129094596e+00
1.231434438048350177e+00
1.356521085055823583e+00
6.806252963735630601e-01
1.654710565461820160e+00
1.331771497977375374e+00
9.454237042322033435e-01
1.112364206422435720e+00
1.321051179656050234e+00
1.653018883376956849e-01
8.352755538937232105e-01
1.977305778246487566e+00
1.277810651912158812e+00
2.772675940158486063e-01
8.219133464802684808e-01
5.437147845873989693e-01
1.905854712491483305e+00
6.993378888682754146e-01
1.137035500029036195e+00
9.299866323708552152e-01
1.133876261024100440e+00
9.697022758827588129e-01
1.073163458495353995e+00
1.213918871246465470e+00
1.475810943400184927e+00
9.121904911743125011e-01
1.129327456118783379e+00
2.198077786589841320e+00
9.364661031419444503e-01
5.934851702791158479e-01
1.171308261763537972e+00
2.408588997819439914e+00
1.429323294364000407e+00
6.986900022409148203e-01
1.251901087606518193e+00
1.228933721832073056e+00
1.567215310690542207e+00
1.083718278081541087e+00
5.334211791306956441e-01
3.813722190445275606e-01
1.332374136166690315e+00
1.165833999836023205e+00
7.721947604784976660e-01
1.930139935245928751e+00
1.397677877920310063e+00
8.631272090265078578e-01
5.167003890833912205e-01
9.575451968700606775e-01
1.709535589916659548e+00
4.593490865076579333e-01
1.279794568834752733e+00
1.247554410447578421e+00
7.982862007581604802e-01
1.221148741660658787e+00
1.090810613808152141e+00
1.365925769954319247e+00
1.794017940124188193e-01
1.107920964827939780e+00
1.849896418223044403e+00
1.600517827807008464e+00
1.220640211323987590e+00
8.631272090265078578e-01
1.420276833569892538e+00
9.502590540832869248e-01
1.021651187092132318e+00
1.159713150309657159e+00
9.628383346157256550e-01
1.109697727064373529e+00
1.282006979168072380e+00
1.407866812580073290e+00
1.029123644616511069e+00
5.496931433480053419e-01
1.841675034406365485e+00
1.532751312884456096e+00
8.215560697664353595e-01
9.010193123917743518e-01
9.256359417747643814e-01
1.047986459182981278e+00
1.947015261118283602e+00
1.652837991566522557e+00
1.420276833569892538e+00
7.619728593765221492e-01
1.418998138267181686e+00
5.526746484556797068e-01
1.888309553437437227e+00
4.668708236538235967e-01
1.390061379884238058e+00
9.376359844006941779e-01
1.516980062344983171e+00
1.636236845409736906e+00
1.058363318158751287e+00
4.590415287811132616e-01
8.224707520342313671e-01
3.796778876239345624e-01
7.668720232995859254e-01
1.144195138487941188e+00
1.604929450160746285e+00
6.663149766063474200e-01
1.122626757289592492e+00
9.318642215612321644e-01
1.498917547107667225e+00
1.337321541690693394e+00
2.184437252851674227e+00
2.245646934274886597e+00
1.246701931682686393e+00
1.267367044240932605e+00
6.897968238160880894e-01
6.529529468127381886e-01
1.631422652353586855e+00
9.588012285349682973e-01
1.698607007460305907e+00
6.889753794292318156e-01
1.227238261345245052e+00
1.867225461118245278e+00
1.528589594001321439e+00
1.406929902638009544e+00
1.363119977468190136e+00
1.018286037106700626e+00
1.292406384497611915e+00
1.152262213296394888e+00
7.043194472123492922e-01
2.130925467818944430e+00
1.955400882393024231e+00
8.345255150909454134e-01
1.145701687104290434e+00
2.410540467686552724e+00
1.276229229008024602e+00
2.647034058261617528e-01
1.927795124605743149e-01
1.336811300579982209e+00
1.788908959392209619e+00
1.629366810947709965e+00
1.153434337498579820e+00
6.032811002446564208e-01
1.141581790070919977e+00
1.190775659991176960e+00
2.234437106840100995e+00
1.887510326086241808e+00
8.975958726713719749e-01
8.446641675683481676e-01
1.008896090705214688e+00
1.837838883179350624e+00
1.515552554786081307e+00
2.363529266051405120e+00
1.204908923976001356e+00
1.261873816712156815e+00
1.261610826803042151e+00
1.929795860177561106e-01
1.021512181248835027e+00
1.326129557005336190e+00
1.339755287035213183e+00
1.609438766190860459e+00
1.404385562239144569e+00
9.982669947044933156e-01
1.031920816433072208e+00
5.733053907872548427e-01
6.792890354215420923e-02
5.550682421579496983e-01
1.349008467676748868e+00
1.735215328692684800e+00
1.812580985139863543e+00
1.404927885491614514e+00
1.109412651444591891e+00
7.819989498456645372e-01
4.686497884992690266e-01
1.221779004343295671e+00
1.444762756486259292e+00
1.143272410373555203e+00
1.145789920945934348e+00
9.252106110472048117e-01
7.910955138468218628e-01
9.424364898017456582e-01
8.586661820532638378e-01
1.238588231598888756e+00
9.967539204587059221e-01
1.224409802243379142e+00
1.983674716109581126e+00
1.329956472968181425e+00
1.078653322415233928e+00
1.218644893059787293e+00
7.028093253782053962e-01
6.004940142318211382e-01
1.091081125907846561e+00
7.470862405581005783e-01
1.463943647334309706e+00
1.197824064153141910e+00
1.767077558580643304e+00
2.226888499697484480e+00
7.327914729282635209e-01
1.191207769445554732e+00
6.940823887152429705e-01
8.291191465198809452e-01
1.114802579529949877e+00
1.077228490805298922e+00
7.463765676694096296e-01
8.523152154119630897e-01
1.737361267792383979e+00
1.701846241082851208e+00
1.427027847916192416e+00
1.864752175864803074e-01
1.255885960528293932e+00
8.387965298030668482e-01
1.412252215877205064e+00
2.341927538122178909e+00
8.101673950779934019e-01
1.308947595481865012e+00
9.801801274132627695e-01
1.505858931596074424e+00
1.350742357787855896e+00
1.393400052950187096e+00
1.205386614084303254e+00
1.820297603938003217e+00
1.282420279736273594e+00
1.541629976192558260e+00
9.745363039893154555e-01
1.320101111571868380e+00
1.430218563698227419e+00
9.808333348084070646e-01
1.281346562160040836e+00
1.093830032934750118e+00
1.184172060013182648e+00
8.887448859368157761e-01
1.021112071561310009e+00
3.796778876239345624e-01
8.371754028621687382e-01
1.025506666679903756e+00
1.113050488970746432e+00
1.563038776100999394e+00
1.866922609837667002e+00
1.128920275441030352e+00
2.337358186472978883e+00
1.260104352619385804e+00
3.529793767886174605e-01
7.531456436641668084e-01
1.083444545767358491e+00
2.215913170789081565e+00
1.196706128428715710e+00
2.667376816382779570e+00
1.721148817386029206e+00
1.110045387257533545e+00
2.297357778558088981e+00
8.318029231921343358e-01
1.073819237280638772e+00
1.008842025976218970e+00
1.182112601820514364e+00
1.172311348102484940e+00
8.812396174674439475e-01
2.192177230229191309e+00
2.363529266051405120e+00
2.179413214226825435e+00
1.371435100304116972e+00
1.282740889676078799e+00
6.349216428837549664e-01
7.850172829157497922e-01
1.604602993885673401e+00
1.540580085720353598e-01
1.426967024628303715e+00
1.285733377440454683e+00
8.903977882360314400e-01
1.131557348466267099e+00
1.194868449635962504e+00
1.066021856146275981e+00
9.419741666807208702e-01
1.184559923528901715e+00
1.763520571174682416e+00
5.569495690527007659e-01
1.032796412440210476e+00
1.518038662903148373e+00
1.294862355173751922e+00
1.865439332582375043e+00
1.264495818005413996e+00
1.817230681067547371e+00
1.100218150534917116e+00
1.703959565052574288e+00
3.500592812481636007e-01
5.949861649766187144e-01
7.994652301368356806e-01
1.121703153409595588e+00
1.422833871809753736e+00
1.043757199620868992e+00
1.702799918651999977e+00
6.623833061893160679e-01
1.319582932455304780e+00
1.170023515278549198e+00
1.382088446918487978e+00
1.009803571688326906e+00
6.761249598636516200e-01
1.038103039712277242e+00
1.707496386253320564e+00
1.377084558061856256e+00
1.294328182622361600e+00
4.191422789712317964e-01
7.088304785843256850e-01
6.953569669072247050e-01
1.428377289642194459e+00
9.878665350705211345e-01
1.486486034753042862e+00
7.327784480855439320e-01
1.111827263668460075e+00
6.013879246736328898e-01
1.267063124890609016e+00
5.215431613607725003e-01
9.304009577345870863e-01
9.252106110472048117e-01
1.295789705188789442e+00
1.728221976796347370e+00
9.922953923738822013e-01
9.357165480991250783e-01
1.512518778596427360e+00
1.005821895688461254e+00
1.078715651748210380e+00
4.635172891041525745e-01
1.477621015545639516e+00
1.173661109252763790e+00
1.122317548779054874e+00
1.042673375038722483e+00
9.822458731657112141e-01
1.229583961260902969e+00
5.658324997246043653e-01
1.493400333595358731e+00
1.384037983253634030e+00
3.297725816948202104e-01
9.632846205180353172e-01
5.961695078878600507e-01
7.550025512459435095e-01
9.429123466914379748e-01
9.706037013423426396e-01
1.270026027655959400e+00
2.999322824529910281e-01
5.839744334914115376e-01
1.957842358475792244e+00
1.010013639787685769e+00
7.668450695503569170e-01
6.810181554947107863e-01
1.005942720705432558e+00
8.786784964443199453e-01
9.706216429372680476e-01
9.739116692518490215e-01
1.490816647071199208e+00
1.353719353140930171e+00
1.754995645092681356e+00
7.376101491762249163e-01
5.944137698733173991e-01
9.427013533855483907e-01
3.595971355496651589e-01
7.498305543175769472e-01
1.011346260369000216e+00
1.339144857971798830e+00
1.150824990343400245e+00
1.069895286698440584e+00
9.177140359616071663e-01
1.310566517600946668e+00
6.215323998505860592e-01
4.764784334264566823e-01
3.956942502955309027e-01
1.031564913838815878e+00
3.921182384522636233e-01
9.262824689023110292e-01
3.517493977078901546e-01
9.518986621825457073e-01
1.407357531173231591e+00
1.209607848420845899e+00
8.996303116302160063e-01
9.193346022313234611e-01
9.823823283698898123e-01
2.145007340524870187e+00
5.985272312529341665e-01
1.429669289481319439e+00
1.176917529033031595e+00
1.375611363628416184e+00
8.899096347788097994e-01
9.675684670484602234e-01
7.617463031298001841e-01
9.887687877297226535e-01
1.166218956892207670e+00
1.509682490442509462e+00
9.845905700063244392e-01
1.001024911292387243e+00
1.200130301501270091e+00
1.241183236039198778e+00
8.433309099901554751e-01
1.566195433077463450e+00
4.014514950601230092e-01
8.588651782296752302e-01
1.062209283493635859e+00
1.221267120994384614e+00
9.138723954921297299e-01
9.495369778824772622e-01
9.730671059841559112e-01
7.172638448110995046e-01
1.614804808295236649e+00
8.788301095325371515e-01
1.445299183630088358e+00
1.524360750432372402e+00
9.281496191790590267e-01
1.471561595448912296e+00
1.419041162460313421e+00
1.848810287058535895e+00
7.165575984261601805e-01
1.072834504428496594e+00
1.024566716654076615e+00
2.779229991782435905e-01
1.073491303887807558e+00
1.484790918351547528e+00
2.585125157010458308e-01
1.755847479206986472e+00
9.601501129900608111e-01
1.135446054119689796e+00
8.784614372737370447e-01
8.768834220012525771e-01
7.842807663819864050e-01
9.165302102448837918e-01
1.131550646778730851e+00
1.242260890125751027e+00
1.048318410046621851e+00
1.091081125907846561e+00
6.895725575769772187e-01
1.149425640196962251e+00
1.576825929531572079e+00
9.614317588611444032e-01
1.282611177178678341e+00
1.137400884498200870e+00
7.036410513414531609e-01
1.077083885753290060e+00
1.439758755030470239e+00
1.398227625563794874e+00
1.244881133189239542e+00
1.494343326613586154e+00
2.056063964707472991e+00
1.225447280337108813e+00
1.130843242363068990e+00
9.671127719427521363e-01
7.223294027695856823e-01
8.737521956186886651e-01
1.143893395823910808e+00
1.345293860669546815e+00
1.212467300211742538e+00
1.421023038111046022e+00
1.235549302742470212e+00
1.338091236411207419e+00
1.008169046426230953e+00
6.957892832766680025e-01
1.208992485294192454e+00
4.328727627691535962e-01
6.490232061741707525e-01
1.774410686707897700e+00
1.154284756261882983e+00
1.083271784747295685e+00
1.146921861773106732e+00
8.007145641071351516e-01
9.402450296989712797e-01
1.448154097265585305e+00
1.371255762142740142e+00
6.575093553965880577e-01
1.230530273620912940e+00
2.013568441380889862e+00
9.398296121508290524e-01
1.744107371702761311e+00
1.695138774436085072e+00
1.390510633336443869e+00
1.825823521525252957e+00
1.478508550571414615e+00
1.252984130417864161e+00
9.344220117005190840e-01
3.147438279024045160e-01
1.891444883449006520e+00
6.365178058116109927e-01
2.190812510874571739e+00
5.100844841393299411e-01
1.769595773388797921e+00
1.306557633442123390e+00
1.033715014867683690e+00
7.685498388087430577e-01
1.039256924577634411e+00
2.971994911790034055e-01
8.251967597150225986e-01
1.520452139969527217e+00
1.852698731875922489e+00
1.263207335779418905e+00
1.277904861700396744e+00
1.346832832250780987e+00
2.253290803861980884e-01
1.292184304069582845e+00
1.142834976832892036e+00
1.091081125907846561e+00
3.841415900972085518e-01
1.707352071467642673e+00
1.264379260137382888e+00
1.012133011412317707e+00
8.020441717023845118e-01
1.909558745706787075e+00
1.393343010041995012e+00
1.011469295446718819e+00
1.373653172839770953e+00
1.051079288553139923e+00
2.943219351065227141e-01
1.225793617838196958e+00
1.749277398680940676e+00
7.090168845540905096e-01
1.377616179002698837e+00
1.177135453466941595e+00
2.333827254895800285e-01
1.028412435564640681e+00
1.298559517674173325e+00
1.353625648791583647e+00
2.006675360050672818e+00
8.555916428948746599e-01
1.533655998349829908e+00
1.411348186819881612e+00
1.109249398945250098e+00
8.299063299801047178e-01
1.304537529284805153e+00
1.109622973608531238e+00
1.081853300000501505e+00
8.359759137193663037e-01
5.576716058331092629e-01
1.565727768786707053e+00
1.272844160225811594e+00
1.221779004343295671e+00
1.389569550167474965e+00
1.006814010738204868e+00
1.242362782165252089e+00
7.052465950817313756e-01
9.597502153085868404e-01
1.148406458786842332e+00
1.405908910992930583e+00
1.353951953339447734e+00
1.207236497857476776e+00
9.534189289380374799e-01
2.642215287340614616e-01
1.293673662811037461e+00
6.794222895562548326e-01
1.159248845419154517e+00
1.911082244259642016e+00
9.061056382484918847e-01
8.254564862789658397e-01
1.574388251362910607e+00
1.965224436047487977e+00
7.644728056314122888e-01
1.793197870883472156e+00
1.049122602622977185e+00
1.467053306190494677e+00
1.376627616665841991e+00
1.124041525913589190e+00
7.046826437841415824e-01
1.155345355466219859e+00
5.089676815294369439e-01
9.737135490610220323e-01
7.087328064462653510e-01
1.841262112340165791e+00
1.667669641387207413e+00
1.219712091267532772e+00
1.198498826043274956e+00
1.286853776854527620e+00
1.577466358938216517e+00
9.605924354777435337e-01
1.424164026102823666e+00
9.484393921864708865e-01
1.880436502602276683e+00
1.105653680019709428e+00
2.092139101067520990e+00
9.629707473339312873e-01
2.007644444741156331e+00
5.302230304269672789e-01
2.570509214458081448e+00
1.184845911436186006e+00
1.549268059426195832e+00
1.380048441768790379e+00
1.301093343191767726e+00
1.525985291285118839e+00
1.136896953610502470e+00
1.201094003474626914e+00
1.611711187106180221e+00
7.787019751117255639e-01
1.348448056490464397e+00
8.312414781337250647e-01
1.112897887489620485e+00
1.700425477813533037e+00
7.821366367232234218e-01
1.567430391282083724e+00
1.879457056803338189e+00
1.038506431660691565e+00
1.028091711653277729e+00
1.041461176561286228e+00
3.496024012888788723e-01
1.376745259724928117e+00
8.086131053901630672e-01
1.061135789303457422e+00
8.843790487552579682e-01
9.157861254953360008e-01
1.913091778640511942e+00
8.732187036951581660e-02
6.615068664780768826e-01
1.264135360035310240e+00
6.173975570492303833e-01
8.885861722111823013e-01
1.458060992186419824e+00
8.632312951819666180e-01
1.354755620671223904e+00
7.388419784048559646e-02
9.193346022313234611e-01
1.016537336202312458e+00
1.159713150309657159e+00
9.812556286431874941e-01
7.146477159007631474e-01
9.477149241866711371e-01
8.337480272739303810e-01
1.264241853976395769e+00
1.021060416196570619e+00
1.005263854647655553e+00
1.637243086147687210e+00
2.958420904730682532e-01
1.406265526132870480e+00
1.338468882593152109e+00
6.475317885874604107e-01
1.270505732742809091e+00
8.163774698771523175e-01
1.004538792623275389e+00
1.393047074297587340e+00
1.545452440346957834e+00
1.611632437033613696e+00
9.843522144586865918e-01
8.006463843909183975e-01
1.302989607798658467e+00
9.801801274132627695e-01
1.213531717399865206e+00
1.974669677815007462e+00
1.055578041163599323e+00
1.702170018983249822e+00
9.954694006620095070e-01
1.403508374555334948e+00
1.402898365375763845e+00
1.409700524459509108e+00
1.564877109458530313e+00
1.774872712708881695e+00
2.952692397621482501e-01
1.974370746106433705e+00
7.876205604511949954e-01
4.796424311308585264e-01
1.585661281650792676e+00
1.680526696288045407e+00
1.158549153073222149e+00
1.104621742823975739e+00
1.169340642410872766e+00
8.762583359539539707e-01
1.875202153252895076e+00
1.405211622431678187e+00
7.439439488568586611e-01
1.233030176077291484e+00
1.741831254560204822e+00
9.788667979480978332e-01
1.699890166998549557e+00
1.433460982604156220e+00
2.000230574938599126e+00
9.250367666849249604e-01
1.615760794270058032e+00
4.920537331994715990e-01
1.293987937300111524e+00
9.789852854757938871e-01
1.184062528748263787e+00
1.758980702901364213e+00
1.186920525308918117e+00
9.905343265391597374e-01
8.454750783119298063e-01
5.451934763700386766e-01
7.498838945284418411e-01
2.553438257039822190e+00
1.490128407522794740e+00
1.332681796904511717e+00
5.811009115977847639e-01
1.911082244259642016e+00
1.066646897129824856e+00
1.485999624369155558e+00
1.865174469896866860e+00
9.822523040399723238e-01
1.231968762112926274e+00
2.462499780698573559e+00
1.159458638126516394e+00
9.447622023897762622e-01
1.701811721909726849e+00
1.654672734688217073e+00
1.920975740519648423e-01
7.219117613863350602e-01
1.021522030391880609e+00
1.690450220633689327e+00
2.195298315322468774e+00
1.039726006918952450e+00
1.132804483944233942e+00
1.286556348405759831e+00
1.083303540508050888e+00
1.522358840711558248e+00
1.290616522697739077e+00
1.104057057202125103e+00
1.264176206234622679e+00
1.145907329517755757e+00
7.640388509823847762e-01
1.256302675592147144e+00
1.379413701655790359e+00
3.689611459058144693e-01
1.420554763148879296e+00
9.638456167795038665e-01
9.998807069273845105e-01
9.625968678937046885e-01
1.036317378566846914e+00
9.899676844118560082e-01
1.901926774309728785e+00
9.173125998882841747e-01
1.053797614683406270e+00
1.272538160274816921e+00
7.008626995684902328e-01
5.576716058331092629e-01
1.448737306673565595e+00
1.054345136081310308e+00
1.568242504300587425e+00
1.239818928046074520e+00
1.741025441915510896e+00
4.235760885060579906e-01
1.450914421724539993e+00
9.648414981446665761e-01
2.322135107965772605e+00
1.053614824533903871e+00
9.220175785361724996e-01
1.224002142883105160e+00
1.051454708927463066e+00
1.008099107501578162e+00
5.228815537625883803e-01
1.257887374366529531e+00
9.024214468623307228e-01
1.029211224458761897e+00
8.046843436358794843e-01
1.050892118842988721e+00
9.459087524634980371e-01
1.292018714220291020e+00
9.726278427763582757e-01
1.027099996856508435e+00
1.262327898106137880e+00
7.980432453602299692e-01
1.374209219696389095e+00
1.206607363638984909e+00
1.197647636830515783e+00
1.569666440550394393e+00
1.800542515319003334e+00
8.690661090570517278e-01
1.287657652080837378e+00
1.097965321585939069e+00
1.092292708349353214e+00
7.416069251983175015e-01
1.461101273074230544e+00
1.465950747869643633e+00
1.235848951186827138e+00
1.070016875307133519e+00
1.310305972056227786e+00
3.906599769125944643e-01
1.117267414625521260e+00
1.614437288762263556e+00
1.047883127866685360e+00
7.112076762809568242e-01
3.545244477458933674e-01
1.405761118638019225e+00
1.355191411876503826e+00
1.423174726015013380e+00
1.272684531168927879e+00
1.570417879606978095e+00
1.229631037061737153e+00
1.131856731904814950e+00
1.012510926294165836e+00
1.461516335007273959e+00
1.709046117995692393e+00
1.153910850566141733e+00
1.193238511106661015e+00
1.014313248834317172e+00
1.275895329304724823e+00
1.072090656066463810e+00
1.304984044604917681e+00
1.258076598284371350e+00
1.052460485741019136e+00
9.125252998361192969e-01
1.131856731904814950e+00
1.015779762208267822e+00
1.207947769199764876e+00
2.027867196666831351e+00
1.017184855149851019e+00
1.727377452151571902e+00
1.241536607222596622e+00
6.058862592530736002e-01
1.738475556631669416e+00
1.048598324327380871e+00
2.295183032380611721e+00
1.111859432349322274e+00
1.356543136865809185e+00
2.330219758130676944e+00
1.617035956379929473e+00
1.070598975351300330e+00
1.695610932511660174e+00
1.238097906287934480e+00
1.217713802507394583e+00
1.547264254393608152e+00
1.423664142568632274e+00
1.425290252635319499e+00
1.301343477458295039e+00
1.796303349353643108e+00
1.293932052626501683e+00
7.950942503585355370e-01
1.453421273444155837e+00
1.461066004283770425e+00
1.167134785574053923e+00
1.170329285836356314e+00
4.842631191906159871e-01
1.072090611822915429e+00
9.774780454465131774e-01
1.045837344320235340e+00
1.384363677437296936e+00
1.036574927664891899e+00
2.149101305403307904e+00
1.349857254573743282e+00
1.367843619410303413e+00
1.001024911292387243e+00
7.411065815182029670e-01
2.165573927912016305e+00
1.326039549091368563e+00
5.733053907872548427e-01
1.152912195341596169e+00
1.242199559807914522e+00
8.188851591108857741e-01
1.435819434409026929e+00
1.147953495267320490e+00
1.118336860022755896e+00
1.115314715579382110e+00
1.273419696490622810e+00
8.460787924166968121e-01
6.365095087842295163e-01
1.253671194049965854e+00
5.179672681707732096e-01
1.544576616045090223e+00
1.043792603969321053e+00
1.423983133318032612e+00
1.414153304400759481e+00
1.033748299944612592e+00
1.714780298638052258e+00
1.030735803578094689e+00
9.444112306020717718e-01
6.077927870214870909e-01
1.192420976132103183e+00
5.840506700863181688e-01
1.297727023589575257e+00
7.354885751384611092e-01
1.110715130022855268e+00
1.102532075821549107e+00
1.034123523953388801e+00
1.998256203223540917e+00
9.827726807314054458e-01
2.166998352968281250e+00
9.319574170651495626e-01
8.985839637324335438e-01
1.669663204853914840e+00
8.978912296917019864e-01
1.041652602657738402e+00
1.503953708515009424e+00
9.624922789983810789e-01
2.288270212421829264e+00
1.391623710336105546e+00
1.598568816213400412e+00
1.135344750731298813e+00
8.065473954398705292e-01
1.237793536988877952e+00
1.306288180055978243e+00
8.510574852397412293e-01
1.041005717161988864e+00
1.339284138036746397e+00
1.605798174944490730e+00
5.604287775114743519e-01
8.228014010477859852e-01
1.400232434548729366e+00
1.462260970223198564e+00
7.285757327434930763e-01
9.615452995035709272e-01
1.897332912844903685e+00
1.225766524543134173e+00
8.454806639309788707e-01
1.108879030163088864e+00
1.068866511013608189e+00
1.074793358678394206e+00
1.156566325775173931e+00
2.403956139503530487e+00
1.061203358454514634e+00
1.054747908491151076e+00
2.201912389534429748e-01
9.866676771906499610e-01
1.308947595481865012e+00
1.058545826197358375e+00
1.505675810234474055e+00
7.784477707605903518e-01
1.303477591450954431e+00
9.104375595095608453e-01
9.649424787217786292e-01
9.486779865215939633e-01
1.075759181931861930e+00
1.480075205260717119e+00
1.363263239112581404e+00
1.212467300211742538e+00
1.863589602229635211e+00
1.386165781437649569e+00
