5.271134866677760211e-01
1.306547135699459572e+00
1.405915321077451763e+00
8.957881013899704481e-01
2.345892882456999118e+00
1.263746532971287362e+00
1.693042743915014414e+00
1.297003437941241621e+00
1.037046326822214093e+00
9.038444063650324933e-01
1.050187758638553515e+00
1.657501068128459876e+00
1.090595321596643963e+00
1.310846862275841351e+00
7.840410200856740008e-01
1.022487878342173362e+00
1.721402462398314404e+00
1.583279432859014291e+00
1.169320286891612382e+00
2.298470173486800050e+00
1.860027995868948292e+00
1.541629976192558260e+00
9.850183156051708355e-01
1.122228541069445695e+00
1.008896090705214688e+00
1.218759594406478186e+00
1.512651349852280669e+00
1.494203329324331087e+00
1.142676095459931318e+00
1.137923840614078141e+00
2.247615629184958053e+00
1.109878739349779986e+00
1.549302374330381982e+00
7.649297536031097744e-01
2.356911470391887420e+00
1.284710109081823148e+00
1.403104034557831392e+00
1.179478322590383099e+00
1.190494236428131014e+00
1.419215606669715024e+00
1.356240385673579629e+00
1.155719315391475321e+00
9.061056382484918847e-01
7.045660394697441653e-01
1.778766834268927122e+00
2.445636951217109889e+00
9.588792651177503457e-01
6.829527699577466748e-01
1.265547793519506303e+00
1.208401846875609920e+00
1.031281748524085495e+00
1.534937488209469958e+00
1.444656294712126643e+00
8.816476114190261448e-01
9.927752821489432833e-01
1.117579013142724342e+00
5.989155551901376162e-01
1.489409001809077315e+00
1.293743042596727788e+00
1.627336892391294532e+00
1.544822928563803766e+00
7.484931167197222956e-01
8.111107673958126707e-01
1.463390460965430018e+00
1.445738728892565383e+00
7.549034191029354579e-01
1.031760145065272027e+00
1.176888564959999828e+00
1.132414203906493055e+00
2.071667359401042408e+00
1.276684441122806213e+00
1.501995944381425696e+00
1.069917278572025232e+00
1.291860007278713196e+00
1.431679555382972646e+00
7.450362720150599527e-01
1.584672349065612051e+00
8.293349679914953088e-01
1.547335521321803187e+00
1.192424526088472048e+00
1.237367695571354176e+00
1.624600287997145731e+00
1.689184845657429435e+00
1.289635637735720319e+00
1.069898281116135053e+00
8.862853481495284180e-01
6.444693096881527472e-01
2.009232449427332590e+00
1.275707836838542608e+00
1.709840528760507850e+00
1.356292320693354148e+00
8.479685899768720780e-01
1.218705384257753099e+00
8.308289978746306037e-01
1.423760339132639219e+00
1.609010189310881023e+00
1.294390489776388709e+00
1.545849236073559174e+00
1.114400653760528659e+00
1.598791205968371987e+00
1.363995139397302214e+00
9.902140933083475316e-01
2.084375181452334136e+00
8.010068382501064344e-01
1.768964443602984105e+00
1.706273653346747077e+00
1.098417767075974272e+00
8.631272090265078578e-01
1.526651639564675422e+00
9.778956856063515390e-01
9.947293082863256641e-01
1.279178399756201623e+00
1.417387456356932418e+00
1.120621021824186325e+00
9.747243771390916578e-01
9.214277358715414756e-01
1.102185428927031863e+00
1.650119542101234904e+00
1.068845119823661483e+00
1.476889563410044293e+00
1.432806824292044867e+00
1.015945160720455265e+00
1.085425743343979010e-01
4.846719262141472861e-01
1.344507058116293452e+00
1.168251351843946795e+00
1.281103049497066326e+00
1.145141402729640268e+00
1.334487365971063655e+00
1.487045858666779630e+00
9.016362295150445183e-01
9.329850982753092881e-01
2.441969466134879863e+00
1.111586434323619921e+00
8.232800118574706838e-01
9.993877560001228622e-01
1.128302654545245920e+00
8.089081733923442208e-01
1.685750714328165811e+00
1.714636559815214234e+00
1.487045858666779630e+00
1.040235574878834335e+00
1.076933912190813025e+00
1.025948952577074635e+00
2.047752176364720178e+00
8.454750783119298063e-01
1.775235419364474543e-01
1.135344750731298813e+00
1.599061095504414221e+00
2.385757665743681311e-01
7.393663045112812693e-01
1.300994427392217156e+00
1.557821785965048944e+00
1.128678407268353112e+00
1.231385646480181340e+00
5.482646237393553612e-01
7.189818198795865367e-01
1.217156223143994964e+00
9.571350363850068543e-01
1.549925903004723882e+00
1.141697251677540548e+00
9.477844557658234859e-01
1.041126795800093596e+00
1.639713489055685702e+00
1.320765211859514343e+00
7.283383850234773638e-01
1.680526696288045407e+00
1.002346072734534799e+00
1.460202443732528721e+00
1.378460193442156978e+00
1.492219853148623487e+00
1.584748115745062913e+00
5.332456757803027969e-01
1.143545463965875086e+00
1.322308838270812137e+00
1.656696429152201944e+00
1.495017644306053217e+00
8.036457832957712988e-01
4.260718754362737837e-01
9.588716148591190924e-01
1.351018834280341530e+00
6.825366264888030887e-01
1.114816074290758019e+00
1.146921861773106732e+00
1.226102504977472751e+00
1.240109992905095382e+00
1.223616330846351241e+00
1.732265914072679935e+00
1.320765211859514343e+00
1.012510926294165836e+00
6.376172633947464474e-01
1.340256480370441983e+00
1.711851667416173228e+00
1.020811702295604473e+00
2.222480933416467686e+00
8.197139928125313224e-01
1.320765211859514343e+00
1.584888128222136539e+00
7.982109621817481404e-01
1.066962850794542561e+00
1.694633194409067789e+00
1.092557503071273528e+00
1.525012711031716650e+00
1.013668181598808449e+00
1.176242112425336162e+00
1.583454153132043629e+00
6.354816451754408124e-01
1.136306788774035015e+00
5.989155551901376162e-01
1.165873734409614615e+00
4.158490266406498770e-01
1.285007170170398227e+00
5.654978980615359418e-01
2.217521985461897438e-01
1.001241597925983662e+00
1.521379064695724592e+00
1.008988016030289092e+00
7.873164764000252225e-01
2.364339703262978709e+00
9.072270485542561769e-01
1.083769042981229669e+00
1.465950747869643633e+00
8.775989627614018129e-01
1.241220319044738840e+00
6.105062409107799848e-01
9.373316226273223917e-01
1.156668518427876435e+00
5.779207595552561250e-01
1.127808237296153537e+00
1.747962634799351545e+00
9.293908151633114567e-01
6.708429296787910001e-01
1.210153985024052359e+00
2.476999522003088927e+00
1.613374372236827226e+00
1.138954643540752265e+00
1.136044602764509026e+00
1.204786739829947217e+00
2.995450364493971729e-01
7.491187598296027428e-01
1.205322772630517569e+00
1.691478509449894085e+00
1.660482479143143397e+00
2.126727743002119642e+00
1.124833460229874182e+00
1.839314966036015075e+00
1.560496938296457303e+00
3.219517636606434308e-01
9.730831343822823332e-01
2.011138895262905901e+00
1.472581314345336123e+00
7.513229635742358914e-01
1.728575908377304904e+00
1.098829348769948311e+00
1.239666014129670701e+00
1.025167302636239119e+00
1.438566323793148305e+00
4.680151945288650306e-01
1.538503189708871233e+00
9.407338496457787747e-01
1.393502024999512701e+00
1.326324809473092170e+00
9.508934087103833033e-01
8.339353358320634735e-01
1.769900399134070046e+00
1.117522917991843556e+00
1.573823929094992025e+00
9.206916642984110943e-01
1.110045387257533545e+00
1.674467798216346059e+00
9.705492814437606253e-01
1.177041488268540714e+00
9.889000130785494669e-01
1.268686128837065885e+00
9.998807069273845105e-01
1.532814072035646014e+00
1.756259732460911938e+00
1.235910342549224827e+00
1.142758419445463858e+00
2.013107407684680883e+00
8.586661820532638378e-01
9.777858203474323329e-01
1.051653118423117927e+00
1.217357446044017966e+00
6.900521961109902236e-01
1.489959244179129616e+00
1.138619756053028453e+00
3.627408812767444757e-01
1.729813850930814079e+00
1.612677170904993629e+00
1.054566321316532607e+00
1.227702539258340275e+00
1.266170472010101467e+00
1.047093094044137640e+00
1.036857425120150777e+00
1.161540588715350930e+00
1.596561443817802850e+00
1.028479259921055045e+00
7.746737568047001865e-01
7.810320459356397960e-01
1.212670397638683006e+00
1.597774486772429947e+00
1.368772847540483895e+00
1.224699889665066488e+00
1.457556185173557450e+00
6.408856504704564250e-01
1.223090059847947053e+00
9.418748733062893841e-01
1.007989113190987718e+00
1.436670941331140927e+00
1.361953432621212823e+00
7.721947604784976660e-01
1.278504948110936956e+00
8.546219489028509253e-01
9.829495250462774170e-01
6.930107916318716255e-01
1.483335423473645998e+00
1.676558629232262954e+00
1.156566325775173931e+00
9.741906644476379107e-01
1.303048551712155056e+00
1.595465032985821319e+00
1.263207335779418905e+00
1.264703354298382543e+00
1.231628703207797715e+00
1.128623030983097575e+00
5.572855596004935297e-01
1.518284601829856584e+00
1.322527898998538731e+00
1.870797196228211279e+00
1.897311393883079456e+00
1.460202443732528721e+00
8.360113208299245757e-01
8.114653527235963226e-01
8.497448665342630658e-01
1.084014550180387282e+00
1.386358858786494563e+00
1.713504895510443715e+00
7.862896795933582705e-01
1.349038274870966392e+00
9.577063991143222044e-01
1.060202577563404081e+00
1.903412421678403410e+00
1.299579581834550579e+00
1.276952636589958612e+00
1.458621594678924049e+00
9.423554758989066693e-01
1.231385646480181340e+00
7.221027229555525562e-01
9.800919154698856106e-01
1.321000827734109873e+00
1.184349434860884509e+00
1.739918628095867836e+00
1.019003506872563802e+00
1.223170616988487724e+00
1.026983872740591996e+00
1.258074413940649228e+00
1.521379064695724592e+00
1.851503172467727110e+00
1.590255424436714415e+00
1.094174369929324042e+00
1.397760944713653863e+00
1.449209645073852304e+00
9.483313461799103283e-01
1.220685673679335004e+00
7.289910234473636619e-01
1.282536546532697663e+00
1.392302504988192080e+00
1.017610583277012370e+00
1.181723908148795799e+00
1.080111022667512355e+00
1.295102332559361136e+00
1.511511824711321061e+00
8.919548063875470945e-01
1.035158336297115955e+00
1.878989766958425900e+00
1.180506235023575323e+00
6.268137133857404342e-01
1.114271895891956188e+00
1.770240686012095388e+00
1.609146571132579417e+00
1.561739496672197580e+00
1.698607007460305907e+00
1.281148927794482972e+00
1.338694262076518315e+00
1.999754777390032601e+00
1.269855096752926071e+00
9.316131969380381239e-01
1.584785789625163366e+00
1.130119298204117051e+00
9.657238585250751406e-01
1.133474867170437550e+00
1.295519280533662165e+00
1.473703802136071772e+00
2.563163281734746501e+00
1.260493999191695247e+00
5.494401100562181783e-01
1.064884126521300489e+00
1.080188846978872741e+00
2.335121082688165206e+00
1.345005185020638150e+00
1.372382557600237751e+00
1.509708796307666967e+00
1.560920749015151543e+00
1.110024664440180109e+00
1.224002142883105160e+00
1.226931367748020474e+00
1.921870820410513270e+00
1.405286349898655640e+00
1.083895855360200500e+00
1.473137901230206381e+00
1.316275834334876160e+00
1.820069590883055533e+00
9.162649945925889217e-01
1.237362587611566811e+00
9.316131969380381239e-01
1.422306513951882012e-01
1.799199436152213671e+00
1.087858401851853785e+00
1.367335545959827314e+00
1.341143381392619682e+00
1.430883651056271688e+00
1.313909885252571907e+00
9.868279722073515225e-01
1.087858401851853785e+00
1.405057787817700410e+00
3.055472999007384782e-01
1.438571901451555668e+00
1.419160099766132888e+00
1.776121569537859601e+00
1.115001878082725550e+00
1.507145296917410393e+00
1.388512218125795394e+00
1.219443380273564914e+00
1.037201989104424182e+00
2.469874352515518900e+00
5.879287333945816263e-01
1.047285538100823254e+00
7.584273923799047523e-01
1.295678522192915905e+00
1.262845223008109752e+00
7.385299979684741833e-01
1.435793828213059731e-01
2.219849049482285785e+00
1.023351648201814568e+00
1.128470780300091514e+00
1.297183704917182379e+00
9.671127719427521363e-01
7.954326625323054900e-02
1.249301252071913781e+00
1.394273245235188918e+00
1.003665175424401923e+00
1.301162209091568434e+00
1.382622403484117246e+00
1.491393303945004689e+00
1.329849489343431612e+00
1.438566323793148305e+00
1.015976023343578838e+00
1.830265380303937262e+00
1.064503467216454835e+00
1.679856971008251598e+00
1.190222522274147376e+00
1.748078418509505960e+00
1.202197318581659902e+00
1.017970156430073603e-01
1.167327091473778555e+00
1.844285505031146188e+00
1.203291371550399225e+00
1.673529245474367544e+00
1.078924219799182405e+00
1.568327487199207448e+00
9.720624100021376668e-01
1.733063213191601948e+00
1.529554038717085618e+00
1.738475556631669416e+00
9.767225993997429301e-01
1.063027787727331974e+00
1.773565238611285011e+00
8.483128923737108806e-01
1.206162787475732801e+00
1.104873610088106028e+00
1.313170626327121893e+00
7.566673672718754462e-01
1.345835779603806737e+00
1.893235316085361664e+00
1.167308557930087920e+00
1.310566517600946668e+00
7.772220603242983028e-01
1.306355804685240818e+00
1.178122659965231911e+00
1.587552206632054874e+00
1.125133080278336140e+00
1.917588746194824889e+00
1.709847104251620342e+00
1.278342256710255143e+00
1.005972937571990800e+00
1.139186786529612139e+00
8.771871513978367618e-01
2.017768722994059960e+00
1.520452139969527217e+00
1.016006969931624981e+00
9.839499399127559220e-01
9.465035530928439522e-01
1.708599849108216162e+00
1.373537961367067961e+00
5.217881858701994835e-01
6.895876264564443359e-01
8.686711696429560980e-01
1.377443173882842764e+00
1.982531630328721040e+00
9.993877560001228622e-01
1.838926595701411815e+00
1.281139172604119469e+00
1.573202799907568172e+00
1.778973060451232435e-01
1.194290508237926041e+00
1.424516963199642827e+00
1.571029088342253410e-01
9.875920458528166801e-01
1.954802811955430819e+00
4.144607135874869841e-01
1.473713616520298864e+00
1.830863954761480894e+00
8.311600805968000216e-01
1.486053233622301573e+00
1.121510209929042601e+00
1.172308461816628178e+00
1.192420317424989662e+00
1.270524543644225401e+00
1.353364381844402109e+00
1.474773119132360533e+00
7.124719474680883957e-01
9.505951408648244394e-01
1.184084116397425168e+00
7.525160189841533231e-01
1.262133822286448437e+00
9.425040244632004738e-01
1.426643561889354928e+00
7.613541319089426329e-01
1.214646883228377661e+00
9.641986767080928944e-01
1.904178793872136621e+00
7.802959265317503945e-01
8.323601874751622720e-01
8.859611682415434730e-01
1.176780061765968055e+00
1.176557239744088657e+00
1.646727576425181416e+00
2.178330537038634773e+00
1.167090480758407267e+00
8.018067333596636814e-01
7.283383850234773638e-01
1.356271981201330856e+00
2.057661193336735916e+00
1.465670234803814198e+00
1.499569049091810324e+00
1.341143381392619682e+00
1.952881477407445665e+00
9.468056874627266417e-01
7.935866149376320511e-01
2.509062451456736120e+00
1.308684833484167864e+00
9.206916642984110943e-01
1.085811240412195344e+00
1.586476594710710675e+00
1.261256871378309219e+00
1.340971234339564333e+00
1.040579306218041067e+00
9.104514008684103654e-01
2.298470173486800050e+00
6.064720199918561816e-01
1.400683092562153176e+00
1.886781858354905417e+00
1.259978700062486245e+00
1.880176001527491758e+00
9.822523040399723238e-01
6.958792527344072054e-01
1.006052250220478284e+00
1.347068822334160254e+00
9.623365489009956253e-01
1.519474142331803002e+00
1.862210397113743809e+00
1.230914465175093619e+00
1.192560329672047503e+00
2.041071996557891399e+00
1.546982692536226223e+00
1.168244743371698702e+00
4.216698122070956511e-01
1.205911709743704430e+00
1.568557219490072985e+00
8.605724683856252888e-01
1.015779762208267822e+00
7.799508100694889645e-01
9.457512442561932797e-01
9.400625128260233776e-01
1.152856404956980496e+00
1.169611916013024278e+00
1.159777853050462548e+00
1.542284391128910803e+00
5.204531413403749029e-01
1.589048194980903217e+00
1.294804698671610410e+00
1.366371285677247194e+00
1.304439999193543809e+00
1.306267003382844294e+00
1.322328231471889159e+00
1.188839836132163263e+00
5.366129616892919563e-01
1.590829717782234587e+00
1.179122025809868246e+00
1.542371267530753931e+00
1.558961680687340978e+00
1.154292205239251912e+00
1.202544409670226688e+00
9.233044091845409307e-01
6.644957886173737949e-01
1.327274747005162459e+00
1.530207733712404927e+00
9.590510180892077852e-01
1.852698731875922489e+00
1.114200996013657186e+00
1.584613523314924333e+00
9.993667811305986248e-01
6.400286352743249640e-01
1.384620711528658399e+00
1.046573496293693672e+00
4.582940189410325549e-01
1.717845462642894283e+00
1.159290742018860731e+00
1.138694312772634554e+00
1.758907978123383620e+00
1.365277331535306171e+00
1.354201188698184621e+00
1.684094062162904359e+00
1.179389678974998912e+00
1.354812091279619546e+00
1.182821769316728888e+00
1.319738742093138795e+00
2.411298310866500927e+00
1.811115869195626615e+00
1.393400052950187096e+00
1.415057451775019182e+00
1.197295017796912386e+00
1.356210699869802583e-01
1.164598456370210311e+00
1.263886292550757684e+00
1.147229666627148426e+00
1.718384901333055881e+00
8.632312951819666180e-01
1.268680783904309273e+00
1.690639988634414559e+00
7.550400527703707843e-01
1.025359016858362393e+00
2.088253112664974598e+00
2.246125927040066639e+00
1.655471405359477233e+00
1.611680112361121520e+00
1.568306090824420185e+00
1.406165348436088758e+00
1.425242790449122943e+00
9.001984620396782377e-01
1.236398663555928756e+00
1.521203552924242475e+00
7.604996738663986067e-01
1.256146975529204513e+00
1.418634156073435681e+00
1.262990697240313764e+00
1.209846683115789467e+00
1.172506461963437108e+00
8.229704043477453768e-01
1.439962696469268000e+00
1.224260435467387165e+00
6.457906053175163086e-01
1.462991033526859663e+00
1.090970499521885850e+00
1.140459292489613086e+00
8.662790213292802521e-01
1.435474663126638850e+00
2.095726519039325719e+00
1.008169046426230953e+00
1.529554038717085618e+00
1.746323961485270138e+00
1.876356776939246629e+00
1.527458479916434575e+00
1.587675836943742258e+00
1.385904646223353964e+00
1.043131873552880506e+00
9.123443549904183270e-01
1.177239392877991619e+00
1.425942632959158907e+00
1.171462430463922955e+00
2.724024474989092948e-01
1.180054911861590172e+00
1.021083560431954806e+00
1.328951159788861247e+00
1.641198415833767577e+00
5.918182625947756570e-01
1.511926516654708008e+00
2.038561450821340326e+00
1.048598324327380871e+00
5.250821632757834978e-01
1.172922559791414354e+00
1.532871956569957561e+00
9.070708972009289273e-01
1.112735976463624432e+00
1.552718126145166355e+00
1.446397438732407892e+00
1.260257985706981332e+00
1.612005394962351179e+00
6.083404000307359727e-01
1.871698165450082607e+00
6.010249693701316120e-01
1.878334048913683940e+00
1.143947202947381836e+00
1.322407865961009898e+00
1.481482269619650349e+00
1.072397974206353188e+00
8.376530444522588548e-01
3.154469870869123227e-01
1.308551885092385181e+00
9.896778879203355084e-01
8.995702317128069225e-01
1.349080709830473568e+00
1.036752053687883368e+00
1.022687977802249293e+00
1.146182484595996698e+00
9.453166449228358470e-01
1.149943548583385544e+00
1.544314340688036857e+00
1.135415711620336721e+00
1.234892784802940957e+00
1.219753382525874397e+00
9.788656453087354326e-01
1.435731978109814788e+00
3.724640808412719717e-01
1.424613951171458393e+00
2.081631188568250579e+00
1.223499557708582319e+00
2.256703555922217941e+00
1.020585305478450167e+00
1.241809119774886394e+00
1.182821769316728888e+00
1.235714407441191653e+00
1.929703637749872414e+00
1.333238463416862363e+00
7.288210474086826984e-01
1.040281768715274335e+00
9.982200739967979075e-01
1.109628187486202844e+00
1.432327913047683587e+00
2.516220442511251654e-01
8.862853481495284180e-01
1.482238586043548523e+00
1.223121561696978388e+00
1.348581115604456926e+00
1.709376245418394280e+00
2.076501063575222794e+00
1.212670397638683006e+00
1.848599915467749932e+00
1.583279432859014291e+00
1.115426316605821588e+00
1.375714862585053044e+00
2.069963490153634122e+00
9.126574126389842556e-01
8.627195715812348009e-01
1.757411062623920606e-01
1.196235511331533274e+00
6.220591830937604039e-01
3.672585841778865934e-01
3.545244477458933674e-01
1.916700845305005840e+00
8.291144403590897660e-01
8.174451611723002609e-01
1.004341454917401455e+00
4.775258090498292196e-01
1.667065330758834785e+00
8.361008718989453303e-01
8.343959923983212956e-01
4.640277516503296673e-01
1.198640930033039176e+00
1.551932695889744140e+00
1.273360262576530566e+00
1.016122387781660752e+00
1.072834504428496594e+00
1.465931812169021242e+00
1.068176777770204033e+00
3.763439178362285031e-01
6.334068191077373289e-01
7.826445262332666353e-01
1.446333300777154385e+00
1.114337872347805236e+00
1.234675080386671508e+00
1.283305509383606768e+00
2.283561262520667157e+00
1.077952359859084996e+00
1.779772402310192403e+00
1.494388406600569041e+00
9.801606838184230286e-01
9.291978869602469659e-01
1.820297603938003217e+00
7.646359602204476635e-01
3.763439178362285031e-01
1.321169525667964972e+00
2.445636951217109889e+00
1.632619859169019527e+00
1.046849345462081970e+00
7.721947604784976660e-01
8.536694453144649808e-01
9.262287116810102860e-01
1.295919829606330398e-02
9.242055973235738797e-01
1.951449750508224446e+00
1.001956239714969277e+00
9.802256058534130068e-01
1.306247449153703721e+00
1.166632851225935408e+00
2.302844833723769025e+00
7.041376638563212609e-01
6.316087115417562403e-01
1.870797196228211279e+00
1.248371325189704395e+00
9.405643155453152771e-01
1.514112669909152498e+00
1.079471665629242016e+00
1.055224597883812843e+00
1.092055722207123214e+00
1.825955881871012432e+00
2.100165530786380685e+00
1.282413895867861697e+00
8.696264649829980042e-01
1.634862931533793917e+00
1.964975404224672095e+00
4.945965964924391445e-01
1.114353100242962746e+00
1.301567246222140817e+00
6.710051495792311860e-01
3.477719209705354420e-01
7.002561280779865394e-01
1.476985333997812566e-01
1.112793075349428840e+00
1.279725900093574786e+00
9.685402628020951532e-01
8.182771373304837947e-01
1.313157477836363718e+00
5.201745565880000477e-01
1.576202375865372929e+00
8.065473954398705292e-01
1.517385419246380041e+00
1.327011532552659689e+00
1.196878099815314123e+00
1.105370200028937822e+00
8.684478782945435071e-01
1.707764644351378758e+00
1.156710577990736288e+00
1.074240568272940566e+00
1.146406233715515199e+00
1.335404446954755686e+00
1.092186261339073816e+00
7.973224787947457148e-01
1.641758691597841047e+00
1.149288124664310740e+00
1.265701541814191255e+00
1.541342767772421851e+00
1.557698927885547979e+00
8.002094614947166118e-01
1.394810148217240586e+00
1.170087838988246753e+00
1.135386010293122361e+00
6.742955966548865865e-01
9.735297072170252530e-01
2.193728723382341261e+00
2.724024474989092948e-01
1.226806522020644108e+00
1.298559517674173325e+00
2.552022281247523949e+00
1.262941162192073641e+00
2.656656186438858480e+00
8.038279258881869671e-01
6.658863621400763488e-01
8.793720387001123795e-01
3.807583337573721138e-01
8.552762562703174476e-01
1.848797673315807355e+00
9.400625128260233776e-01
1.207711669516960074e+00
1.066962850794542561e+00
1.027657646009515258e+00
1.364708324427329034e+00
1.120004984755360367e+00
1.046252775912783983e+00
1.743146857328630395e+00
1.305468338140342022e+00
9.239769566158094749e-01
6.237514038839542252e-01
7.251185418244869840e-01
8.089503565606026569e-01
1.206113114263187347e+00
1.860348625484876228e+00
1.200414133595500088e+00
1.655217617847601685e+00
1.067160643969292000e+00
1.103825091254132307e+00
1.479263178838419845e+00
1.135415711620336721e+00
1.106328140274846161e+00
7.757564719367161521e-01
1.768964443602984105e+00
2.142790382133711535e+00
1.284995048213749991e+00
1.096692200439122633e+00
4.116651928354290724e-01
1.249199345321492904e+00
7.338815063381870507e-01
7.550025512459435095e-01
8.311399545382016640e-01
1.128470780300091514e+00
1.089167585317749598e+00
1.223300666122648650e+00
1.533962214248864475e+00
1.864048983269580351e+00
7.427897444744321342e-01
5.989505396679211113e-01
1.386165781437649569e+00
8.341976324463338255e-01
1.543738272408195167e+00
1.180460575873520046e+00
1.041660757161918971e+00
1.160823371657457637e+00
1.059971373235192083e+00
7.978875609213467168e-01
8.479685899768720780e-01
1.172591957021101416e+00
1.285693189073562781e+00
1.277161887395545037e+00
1.063463624280226671e+00
9.691344670421344620e-01
2.034243777553114807e+00
1.318746898444176585e+00
1.903218626785917911e+00
9.135713755315583162e-01
1.611318487220317897e+00
9.016207062671507400e-01
8.318081459021157142e-01
1.146520828672057402e+00
4.998410537165903778e-01
1.858698091642252415e+00
1.613438993967358348e+00
1.201881352063055131e+00
1.008159003487214100e+00
1.147530655707829750e+00
1.078960967111141089e+00
2.519494704095790460e+00
1.656299772407878956e+00
1.611367169078061323e+00
1.287036478451213828e+00
4.191422789712317964e-01
1.483087094864447231e+00
7.568321413495643357e-01
1.202748380222230518e+00
1.143492435043466315e+00
1.782895033498572701e+00
6.237649198331047806e-01
4.646636454082309076e-01
1.405915321077451763e+00
1.384037983253634030e+00
7.681158759208703835e-01
1.658504153845091089e+00
1.144894744062744829e+00
1.804081022975899007e+00
5.188678587235715511e-01
1.358864274058096733e+00
1.159774953204553150e+00
1.216718558318218513e+00
1.403757490201210656e+00
1.397037843106526678e+00
1.050467163102462242e+00
1.216580313103283073e+00
8.605174059043028123e-01
7.242071884003975502e-01
2.620830500636073257e+00
1.480736531032603942e+00
1.616578027911075965e+00
9.114570261920973415e-01
1.303219861870908103e+00
5.028680005558209265e-01
1.052310906181475936e+00
1.263746532971287362e+00
1.996588689887310308e-01
1.648318292111727423e+00
1.400088820702335202e+00
1.026073451088672650e+00
1.457682719743528255e+00
1.046252775912783983e+00
9.607171068978344053e-01
2.219256336643027794e+00
1.806881541900337007e+00
1.150151230965144711e+00
1.288152241527801500e+00
2.718532167625672180e+00
9.344220117005190840e-01
1.316394214207346369e+00
1.717528807544609570e+00
4.652730034093702227e-01
1.393400052950187096e+00
1.368482571534561654e+00
1.176055936342094821e+00
1.602408961138080068e+00
2.198521399720559710e+00
6.022324245865703363e-01
7.215104428386588387e-01
1.325786972250236895e+00
4.230387437397804540e-01
1.382602497543788500e+00
1.202479946024486601e+00
6.772557775312735284e-01
1.198078499664195079e-01
9.291915116720194101e-01
9.003571514323107650e-01
9.167460077069672364e-01
1.198558026605998306e+00
1.728642414863975407e+00
1.270665324018697584e+00
1.450331822902984902e+00
1.309784552609045916e+00
1.098407023853152475e+00
1.184862000338797072e+00
9.784957609328770456e-01
9.144133953791876435e-01
8.728595481216839813e-01
2.038561450821340326e+00
5.875688541274493026e-01
7.806108785922465376e-01
2.392502918215176688e+00
1.124473327650044485e+00
1.088367116295726467e+00
1.683712771131346209e+00
1.339602308777632089e+00
1.631836277925160283e+00
1.149425640196962251e+00
7.896280234623418437e-01
9.420201269591805815e-01
9.942080266457630211e-01
1.593763701412176159e+00
9.605295512940558167e-01
1.855838400196362592e+00
1.005972937571990800e+00
1.400221326241032127e+00
7.928455237008661394e-01
1.195256217213609862e+00
1.227568874928478548e+00
4.945965964924391445e-01
1.195256217213609862e+00
1.508016249831148015e+00
1.287858241640141621e+00
1.043387988457595172e+00
1.716849365615297218e+00
8.700933745044255874e-01
9.604653331107002590e-01
1.160839441849912612e+00
1.707352071467642673e+00
1.027345073213113524e+00
1.724824772895456215e+00
1.643013152892318862e+00
9.380126172099250148e-01
7.477055453614894764e-01
2.330219758130676944e+00
1.085615538315644946e+00
9.405643155453152771e-01
1.149704232120200231e+00
6.728514354483163817e-01
7.755857190393859735e-02
1.544289534500771444e+00
1.250570977064891620e+00
1.405057787817700410e+00
2.280411177514663823e+00
5.420148562762467509e-02
1.596119096603954235e+00
7.546360983725195481e-01
1.241695567618984475e+00
2.408588997819439914e+00
1.356748469043856264e+00
2.269811952567799995e+00
1.347800499122274953e+00
1.144997808169115006e+00
9.791950386162189268e-01
1.444943064932336041e+00
1.158392151455242880e+00
8.778150834977753725e-01
1.497905273920587144e+00
1.375318251199124431e+00
1.183031587675929641e+00
1.062054153552811409e+00
2.073044116640124557e+00
1.173128920862900326e+00
1.476448928456998377e+00
1.035475514345223003e+00
1.160873783445993901e+00
1.494462813622808195e+00
1.179776429514361569e+00
3.328500656163361215e-01
9.368458513218075323e-01
1.373537961367067961e+00
4.695369733024906678e-01
1.186681386385480819e+00
8.767840458788054292e-01
1.511273536389167171e+00
1.795444736404048669e+00
5.604287775114743519e-01
1.159810785213758244e+00
1.809638443925507323e+00
1.541055450781063874e+00
1.769900399134070046e+00
1.260867474930311039e+00
1.071331060033396732e+00
1.211094789525385407e+00
1.164528705024718835e+00
1.186510661760582730e+00
1.121245161631347909e+00
1.149170896153534960e+00
1.155306982043360131e+00
1.975637474981851271e+00
1.063318363944146583e+00
1.225943122832064525e+00
1.628538259893156370e+00
1.203248479152344341e+00
3.909882126940337765e-01
8.383274142989404210e-01
3.276802672709868691e-01
7.122627798189854476e-01
5.223208393834135599e-01
1.559109947994124390e+00
1.252781696627418118e+00
6.685823279141055453e-01
1.061133525824974999e+00
8.717229069529428553e-01
1.860348625484876228e+00
1.152226392943810795e+00
1.053614824533903871e+00
1.389894849646220232e+00
5.995483911838044300e-01
7.987365452730598170e-01
1.061195975005505332e+00
2.444367844978458937e+00
1.041968485304115566e+00
1.584748115745062913e+00
1.184086259940137831e+00
4.662078381296803076e-01
1.754175551423523549e+00
1.343245775929000185e+00
1.107517416565634072e+00
1.279725900093574786e+00
1.758331964685650117e+00
1.658733850699744217e+00
2.425927123468992530e+00
1.460795418148510105e+00
1.110301826569087158e+00
1.332524007454823023e+00
1.897055913862863319e+00
1.337574176791221037e+00
1.027281195924935497e+00
1.370055353885359262e+00
1.496176220108214716e+00
2.226028567702587058e+00
1.290306755414983853e+00
1.195533823014926167e+00
7.399846773802392086e-01
1.713373371856239391e+00
9.373316226273223917e-01
1.093916889301732587e+00
1.679652702100122852e+00
1.736403319703571757e+00
6.170099706929055294e-01
1.844285505031146188e+00
1.290199294508949990e+00
1.310928478817455556e+00
1.117583767889220425e+00
1.012510926294165836e+00
2.065765873117691775e+00
2.099133223534103365e+00
9.232838881285971855e-01
1.617022401942081578e+00
1.138517016356634048e+00
6.695211932575515501e-01
1.648318292111727423e+00
4.257392811517349829e-01
1.068743631944824246e+00
5.226066540262459537e-01
7.865454900868212862e-01
8.046843436358794843e-01
1.409524332051903972e+00
8.997825800555900866e-01
1.244868891991330662e+00
1.192252238362020211e+00
9.717013367538043234e-01
1.335663616917688312e+00
1.947579108922877333e+00
1.453869715800922391e+00
1.676361405724397624e+00
1.495334028309657226e+00
1.556418175841442597e+00
1.999962648158980283e+00
1.366372861374531178e+00
1.083179574328090755e+00
1.277161887395545037e+00
1.347235549151767575e+00
1.857460396831743354e+00
1.473577440525180027e+00
7.532143264528912141e-01
8.779006240725925059e-01
8.706288190589581699e-01
1.042192099606712885e+00
1.334546361096460743e+00
1.774904701877895175e+00
1.217003801619038983e+00
1.048066666111830969e+00
1.322693421310984219e+00
1.142867167440751786e+00
1.331494978786364358e+00
5.942387340777652849e-01
1.726871865125527705e+00
6.392928123054051337e-01
1.419091672871718224e+00
1.176727798167258365e+00
9.988204919983045826e-01
9.584793118883874197e-01
7.546360983725195481e-01
1.299770692025921326e+00
1.825228264062501049e+00
1.038791291834023633e+00
2.599044571985387186e-01
1.432434464789208217e+00
1.021324500247952072e+00
3.839647193777578904e-01
1.171871229725820918e+00
1.349235585735669929e+00
1.763002848216220331e+00
1.706586116965126854e+00
1.951308560882454746e+00
8.991821236533016348e-01
4.865412615280918507e-01
5.841517659136050700e-01
1.172311348102484940e+00
1.578618299611132869e+00
1.335613368708234772e+00
9.983147465683314126e-01
1.599061095504414221e+00
1.302420262921136107e+00
1.205715766056316252e+00
1.415238419620630017e+00
2.187410010735062027e+00
1.999686148823598186e+00
9.207348032878184263e-01
1.074151253343281542e+00
9.733602531635561217e-01
1.225981521023729481e+00
1.261171459831624597e+00
1.854836469891416373e+00
9.719442096693987621e-01
1.487421245749034338e+00
1.143146686757413377e+00
1.327474399511005432e+00
1.123378871512630939e+00
1.342495179973692832e+00
1.272996737039159942e+00
1.673086892404300974e+00
1.124261381219777922e+00
6.053098155651946005e-02
1.103533531394433886e+00
1.757560366039357946e+00
1.165880188692561159e+00
8.149463135007306569e-01
1.256555798876373586e+00
1.365399817537198413e+00
1.347654212497677806e+00
1.074732115190020654e+00
1.949675558659651697e+00
8.358383144809121701e-01
9.696586766850641137e-01
1.705564733132918454e+00
1.285803185729678777e+00
4.318193178778752528e-01
1.022204921269970201e+00
9.215340100217815911e-01
1.331494978786364358e+00
6.843548398310187464e-01
1.288656624823747654e+00
1.279720208822175520e+00
1.562430015172077802e+00
2.125304990067656163e+00
6.398870578369172391e-01
5.790092794260897069e-01
1.142053615731254856e+00
3.952256150137089530e-01
1.022081592675994965e+00
1.478018823275212057e+00
9.699888940189903552e-01
1.849521668537638330e+00
7.648607460445320250e-01
1.363146278122271848e+00
1.197435771726921727e+00
1.452219821882842155e+00
9.042122659186631051e-01
1.193961878014501821e+00
1.221148741660658787e+00
1.825955881871012432e+00
1.052427992055694927e+00
1.074574785732067772e+00
9.588012285349682973e-01
9.759314313006594022e-01
9.000422183036719259e-01
7.681158759208703835e-01
1.288991459479521096e+00
1.782746081702627272e+00
1.746323961485270138e+00
1.028301573770336486e+00
1.253937157904263966e+00
8.325233220616948815e-01
1.008795001534831037e+00
4.995317130383069015e-01
7.568040759801096806e-01
1.376956328367199722e+00
1.447071547668596470e+00
1.124057556746145492e+00
2.340181234417860079e+00
1.571426363651209135e+00
7.385530391055493693e-01
1.442228022757479966e+00
9.457512442561932797e-01
1.919360403219111166e+00
1.212670397638683006e+00
9.055710949138721100e-01
4.214105018564900940e-01
9.739116692518490215e-01
3.935789983411323578e-01
8.033523011433156835e-01
6.897968238160880894e-01
1.246513637847013412e+00
1.498588880158409964e+00
1.596703134922919931e+00
1.194477568418076618e+00
1.117394123483409052e+00
1.374266857167933287e+00
1.027180282643900266e+00
1.153029617553168462e+00
1.378510880319228971e+00
8.728595481216839813e-01
1.175767394626257678e+00
1.143182089560761838e+00
1.592084709807050080e+00
1.383867916184212898e+00
4.947326109267428662e-01
1.305059104977301931e+00
1.886978520262777570e+00
9.610785818005500580e-01
6.077069010955911121e-01
1.103388522785027082e+00
1.338343224834950274e+00
1.057233668523449799e+00
6.233733869147393136e-01
1.146335618627577269e+00
1.157073416545463251e+00
1.249087055976895178e+00
1.379375168528657714e+00
6.659025302470207297e-01
6.570597429204858564e-01
1.204615235831140163e+00
1.390831607583322249e+00
1.212689736905134957e-01
6.799449389554221845e-01
6.593089274256451748e-01
1.196647455277613847e+00
9.909588046270929595e-01
8.328421525638659562e-01
7.813872862726473079e-02
1.139852277082205267e+00
1.363909167935432709e+00
5.223208393834135599e-01
9.314941711049954387e-01
1.345065045483287758e+00
8.093316659395769497e-01
9.760401482346107160e-01
1.256754662402025158e+00
1.749019160408696427e+00
1.114937618960656129e+00
1.365008909061807163e+00
1.135461003171522432e+00
1.643421845224360078e+00
5.989505396679211113e-01
1.090318390012631866e+00
1.131786461939248811e+00
1.346986384710960438e+00
1.225320027312179150e+00
7.330569438013362360e-01
2.320734197520812891e+00
1.387267096527583732e+00
9.338006760934001171e-01
1.004649296480900622e+00
1.905927572317545948e+00
2.381734466858322907e+00
1.587335651416439397e+00
4.104756955327248380e-01
1.432248042225639395e+00
1.676763040370530033e+00
1.165804155638301864e+00
1.138084570597312606e+00
1.023513824768871538e+00
1.350346540409812057e+00
1.934403494843813132e+00
3.269510290299813549e-01
1.410549833174490342e+00
1.451354879351458571e+00
1.187676375628792691e+00
8.133122676771106230e-01
1.539524979399393922e+00
1.257117547457545337e+00
9.503037412781224491e-01
1.365097901946664249e+00
8.861047063920445277e-01
1.288152241527801500e+00
3.983402664144805039e-01
1.205911709743704430e+00
7.385299979684741833e-01
1.282365793089512040e+00
4.136967452750231478e-01
1.536941225474296235e+00
1.263919366637675568e+00
1.353700784641903354e+00
1.882234830687188998e+00
7.379549999102364977e-01
1.600842472195484811e+00
7.136146413857158421e-01
9.995575741849462847e-01
1.413901220795447777e+00
1.407224956245038738e+00
1.528105907936456731e+00
2.740371913804382942e+00
9.726139519779534170e-01
8.101711519567532660e-01
1.159997010598305289e+00
5.127063363068117274e-01
7.084353614387647324e-01
1.308280430892579727e+00
7.885425427746921567e-01
9.675684670484602234e-01
1.257661789971172173e+00
1.307736958057162502e+00
1.320799570409496138e+00
1.226651058264370597e+00
1.756859947402016564e+00
1.867356030865902961e+00
9.789852854757938871e-01
9.077517329924622569e-01
9.883143991459509836e-01
1.499914239864869492e+00
9.271480228679527258e-01
9.262002954478472105e-01
3.253349960818003317e-01
8.172838041220111815e-01
1.460869312383464624e+00
1.182060959704232417e+00
9.854175987231935663e-01
4.228134796269584772e-01
1.640009605939067194e+00
1.461442345879199856e+00
1.760728863127386079e+00
7.439439488568586611e-01
1.403881750168830544e+00
1.450094123714370298e+00
1.619379294312084383e+00
5.537607258587452508e-01
1.800705691359294480e+00
1.982942174123387025e+00
1.189143448117836233e+00
1.099655727177273334e+00
7.194176603791947455e-01
1.122395332756337183e+00
8.873923597181228029e-01
1.783693752380298481e+00
3.237713624800742096e-01
1.073978804128426612e+00
1.737881331074645264e+00
1.111038556831176249e+00
1.286000004329782787e+00
7.526910538062149270e-01
1.116287745537923870e+00
5.621227864590541135e-01
7.419735193936141116e-01
1.506187639741431439e-01
9.133900276393811524e-01
1.177440568358596229e+00
9.461536555838754303e-01
1.080603035286846980e+00
1.924519423201135782e+00
1.128832152758916685e+00
2.179662246327461972e+00
7.865454900868212862e-01
1.271834350833849880e+00
1.607087851359251474e+00
8.762058722379119091e-01
9.365314223896483714e-01
9.549034905025914899e-01
1.080279573175322749e+00
9.321732397072122200e-01
1.439967151703538839e+00
1.078715651748210380e+00
3.306542226787018146e-01
1.070071643656059113e+00
1.025931337957796785e+00
1.703168115471094701e+00
1.107860083913663418e+00
1.277804567657965684e+00
1.650015900884307607e+00
1.566590269092263288e+00
1.755752712140182581e+00
1.310862124517669480e+00
1.113556078429017049e+00
1.043270914436527752e+00
9.894389126070115559e-01
9.962345899753559664e-01
1.575970438721538303e+00
3.581325635083807968e-01
1.003954371208009899e+00
1.508359380697550600e+00
1.130766392097708462e+00
4.731405540992538183e-01
1.010237999535815057e+00
7.190854415064497074e-01
9.681375530721024747e-01
9.316022575809771444e-01
1.119366556654293410e+00
1.013755544868373715e+00
2.111573370795368998e+00
1.313526655662000664e+00
1.128276108819233903e+00
1.282447684534168797e+00
5.476297015603104335e-01
1.050792868207168773e+00
1.394810148217240586e+00
1.111284505413047574e+00
1.176557239744088657e+00
1.188844120200485799e+00
1.083338157412519598e+00
1.420554763148879296e+00
1.595465032985821319e+00
1.432756633771642196e+00
2.027459817099204198e+00
1.311305390699022633e+00
1.849202283574373107e+00
5.025421902726840973e-01
1.788793620513482674e+00
1.175829509591748812e+00
1.088357088270278217e+00
1.003274324513743876e+00
7.013655133604848047e-01
5.429618409437808602e-01
8.679649157311511987e-01
1.284167909461873203e+00
1.293344029807360629e+00
4.499045882234176119e-01
9.480936410489998467e-01
3.709714158946374463e-01
1.211274900160316914e+00
1.645555221624249942e+00
1.678100493764451917e+00
1.038791291834023633e+00
9.419084268810681282e-01
1.273974208089391214e+00
9.983166082234113947e-01
2.716387239538791687e-01
1.166524515344661062e+00
1.409685925023460351e+00
1.132884179691357573e+00
7.515960927622336030e-01
1.169611916013024278e+00
1.388660340902631463e+00
1.676187976559700976e+00
1.023305282883762768e+00
1.395582498009687367e+00
6.929641545503292255e-01
2.863923840357882056e-01
1.103379498709141426e+00
1.126619176139538103e+00
7.603517211521930719e-01
1.213916315953873726e+00
2.164552528925627772e+00
1.142327905204267635e+00
1.126867566567563816e+00
2.017179716782297572e+00
9.227016215335798188e-01
1.104629749645416048e+00
9.331325761406406016e-01
1.567278153406562069e+00
9.693920051438438268e-01
1.246977653056000390e+00
4.560628456372675110e-01
1.047767556638022901e+00
1.630584336557023839e+00
1.028863999535561957e+00
1.465109473732461254e+00
2.374738263269144056e+00
1.604965725405548937e+00
1.118056136704251857e+00
1.656016169254628689e+00
8.799674591022282888e-01
7.512615452766843172e-01
8.859611682415434730e-01
1.552216091288719069e+00
8.020441717023845118e-01
9.690807525043870774e-01
1.646400168167088340e+00
1.297387690981059771e+00
1.089509953621565330e+00
2.124089826103539025e+00
1.270277000179079518e+00
1.254161813195522779e+00
1.287262699488346041e+00
1.369504953267776992e+00
9.531662652380168410e-01
1.184910715331716879e+00
6.593511151292327233e-01
3.173891238658357317e-01
1.044038061657382555e+00
1.278442499207308680e+00
1.067696486036949777e+00
1.213916315953873726e+00
1.334619191339492028e+00
1.008373238462127786e+00
8.942755423292464423e-01
1.268783442688354857e+00
2.245258967118456128e-01
1.137132622004918936e+00
4.246344565396999449e-01
1.363909167935432709e+00
9.867948766373157987e-01
2.101234493853045837e+00
1.035052934454728568e+00
9.913015165365911541e-01
1.221405266065405337e+00
1.031157136282029985e+00
9.398844221570461510e-01
1.348939817674916775e+00
7.815748929917536447e-01
1.800899897183838361e+00
1.188462288624329233e+00
7.302581659555420490e-01
2.032877638592666347e+00
1.015832433892133624e+00
1.339023766784336322e+00
1.205007951288350032e+00
1.127456705510796464e+00
5.934851702791158479e-01
9.882247288344755409e-01
1.164015755653815098e+00
1.459433028090195483e+00
1.299496532221726230e+00
1.103553836884923367e+00
5.633186760458296360e-01
1.194761745362060923e+00
1.083685469113389921e+00
6.338117359899977377e-01
1.732595772617131269e+00
1.050877258802945802e+00
1.561933438858537526e+00
1.275604831216502921e+00
1.089521906766633297e+00
1.654664850317921321e+00
1.338101370315524230e+00
8.751625159799226727e-01
1.473703802136071772e+00
6.831643303153845936e-01
1.437087290513599180e+00
7.950942503585355370e-01
1.130049413417331117e+00
5.572855596004935297e-01
1.369069195023407959e+00
1.539566887131395001e+00
6.911446956217872639e-01
1.310862124517669480e+00
1.575855778420776954e+00
1.237540861851141427e+00
1.360278729772498085e+00
1.046560625151083945e+00
9.659704993385205274e-01
1.053797614683406270e+00
1.083353577067991624e+00
1.573747312926058184e+00
1.461026153734073185e+00
1.079973723496207683e+00
8.984542503697816596e-01
1.184086259940137831e+00
8.936860115414768657e-01
9.465838137491092708e-01
1.046875344477243397e+00
1.061146789351636421e+00
1.462125012358473919e+00
1.115474744656287376e+00
5.576716058331092629e-01
8.174451611723002609e-01
1.658277877269229261e+00
1.152912195341596169e+00
7.688970371455826625e-01
1.626883190452128813e+00
1.307830872527157462e+00
1.110287022384700117e+00
1.139186786529612139e+00
3.408937078047686864e-01
6.543180306288901571e-01
1.322653955150535410e+00
1.000392769384665259e+00
2.127437255570628238e+00
3.254541362163269613e-01
1.083427603546175177e+00
8.325609352815189768e-01
1.363412598087167804e-01
2.340181234417860079e+00
8.660768975737127562e-01
9.562079454172873749e-01
1.441278464359044831e+00
1.033198958524342848e+00
1.238163922592234734e+00
9.298477284130430842e-01
1.453421273444155837e+00
1.247726689825555457e+00
1.440097111428866317e+00
1.503729599270929418e+00
1.363487181828737738e+00
1.159521097322945726e+00
9.540104767158671395e-01
8.829466011645488166e-01
2.025442859145759389e+00
8.806428821087866066e-01
1.229887267252103067e+00
1.108737419074554031e+00
1.076447153024989722e+00
8.820902513280629575e-01
1.126865455763683022e+00
1.222685094933702699e+00
3.639791865450034969e-01
3.833720140299847756e-01
1.276183732114259062e+00
9.908038266230878577e-01
2.436015071489824990e+00
1.122939516292060125e+00
1.804589233172453566e+00
1.193292459130749217e+00
6.578847900153903527e-01
1.221388892094744660e+00
1.369504953267776992e+00
9.133616582025186892e-01
9.298166098314966099e-01
5.537046442155458825e-01
