5.573772016398612639e-01
1.158075503742412193e+00
1.735001620310164805e+00
1.228574258958429422e+00
1.198020835422224151e+00
9.144322167277383340e-01
5.805434602473541483e-01
1.372862840085544489e+00
1.150792588457049792e+00
2.572104684523030205e+00
1.886424045134409866e+00
1.096306456716379607e+00
1.400438981870698596e+00
1.650015900884307607e+00
1.051286852070256739e+00
1.909558745706787075e+00
1.061146789351636421e+00
8.062267723310018175e-01
1.153716267602151957e+00
2.037273553028646766e+00
1.177936706959465063e+00
1.803769491636405542e+00
9.061056382484918847e-01
6.109259166900411486e-01
1.400608233414273762e+00
1.032623191146056385e+00
9.596567465847077871e-01
1.670820170845003005e+00
8.414591170741879678e-01
1.213702340233342003e+00
1.768964443602984105e+00
1.292688508602046316e+00
9.254397551307202985e-01
1.641934122740440705e+00
6.886265674451482743e-01
1.569196797111918062e+00
1.402374476723059038e+00
1.110462637628514493e+00
1.305149242702957402e+00
9.760735377254396994e-01
9.821505348785845024e-01
1.147685443516994974e+00
1.239944551842371734e+00
1.230858353365031244e+00
1.236912727171116222e+00
1.277659649719330659e+00
2.104108352496200762e+00
1.336662180625646013e+00
9.676403753467379687e-01
1.056301467696380891e+00
9.721977717101288885e-01
7.374352737108430533e-02
7.982600652437901179e-01
1.436769614634033854e+00
1.234857469318473289e+00
1.465019670776954941e+00
8.605724683856252888e-01
1.512241708964283671e+00
1.673529245474367544e+00
6.211462463026814484e-01
1.614476056349713362e+00
2.001375107213274607e+00
6.832947788938991129e-01
9.389535132546968921e-01
1.135870282254644703e+00
5.382263478629302211e-01
2.946031718803150956e-01
1.090001095705755985e+00
1.241123538459416142e+00
2.394237160180127777e+00
1.788793620513482674e+00
5.982039748169850624e-01
2.080904437068535895e+00
1.467242642761965365e+00
1.615725772339928756e+00
5.432118226367609326e-01
7.977677538288461268e-01
1.172245449866989198e+00
1.483087094864447231e+00
6.475317885874604107e-01
1.007430149236942407e+00
1.258329879621912006e+00
1.827667612099366456e+00
9.913015165365911541e-01
1.242422116095934115e+00
1.150255192319883601e+00
1.604856733766409915e+00
1.682587654461766613e+00
9.160047126326561484e-01
1.794823274456838424e+00
1.575532363244825929e+00
1.920781416226548188e+00
7.868244753202737751e-01
1.425942632959158907e+00
1.606268182216717744e+00
9.405643155453152771e-01
1.352627322205660843e+00
6.955820711482878504e-01
7.123498721136356515e-01
1.921870820410513270e+00
1.036276964419664409e-01
1.866464391634143682e+00
4.191422789712317964e-01
1.427071097709080805e+00
1.510738458761823111e+00
1.358398580711389414e+00
1.465019670776954941e+00
1.034134487704275296e+00
1.163375907763857908e+00
1.113102160486845404e+00
1.419091672871718224e+00
1.198897685171198990e+00
1.001497392430069633e+00
1.057451720282348129e+00
9.999772970951703588e-01
1.230133058298487958e+00
4.006612902280956012e-01
1.360363604537809801e+00
1.173219368959579567e+00
1.484428075926901958e+00
8.099664572765549186e-01
1.354922682557776481e+00
1.427101660828868024e+00
7.917450950167146395e-01
5.874525955969830404e-01
6.645164267972091254e-01
1.157945589895073013e+00
1.680120037378267206e+00
7.110039544683544044e-01
1.113280276160661941e+00
1.693681114178169578e+00
1.172251472861604027e+00
9.772029635690737681e-01
1.741831254560204822e+00
1.501791406438454546e+00
1.635799675852326551e+00
1.739319915280950868e+00
1.839795772229932513e+00
1.262327898106137880e+00
1.454633345961976909e+00
1.115955590154156241e+00
1.304984044604917681e+00
1.248353932389681509e+00
8.708071212897312563e-01
1.329229326521033760e+00
1.705182591685072024e+00
1.200920777146091911e+00
3.259518002642937118e-01
8.492140807897946564e-01
1.889416702507339618e+00
6.659025302470207297e-01
1.308116585742266746e+00
1.025359016858362393e+00
1.018968639271531806e+00
1.663897322933363565e+00
1.959987306218923475e+00
6.228674551142993066e-01
1.612677170904993629e+00
9.688464014077485809e-01
1.179440724675942409e+00
8.920660654856296112e-01
1.905854712491483305e+00
6.746836484206004680e-01
1.319026614491709326e+00
1.584711312275663753e+00
1.275707836838542608e+00
7.061447755092125078e-01
1.853364067280496741e+00
1.567278153406562069e+00
1.232866224519391096e+00
9.201741290405669460e-01
1.170803910975878104e+00
4.246344565396999449e-01
1.135708098642258079e+00
4.774022664546861972e-01
1.561832067236918364e+00
1.092122041717471070e+00
1.346714303253151890e+00
1.111598186559350054e+00
9.930404353345800850e-01
8.581193864926403014e-01
1.264640148259692509e+00
9.481660151821809102e-01
9.559815997889192785e-01
4.625303633722659957e-01
9.968007381883255968e-01
1.820294415069476646e+00
9.083847390135223465e-01
1.530207733712404927e+00
5.482646237393553612e-01
9.514440395901077041e-01
1.775926233378195551e+00
6.400350226365976170e-01
7.347570027596166398e-01
8.741242761277743245e-01
1.325365177067904021e+00
1.209596078002785235e+00
1.748402611281725028e+00
1.001129834863518919e+00
7.729721019395132675e-01
1.452407869907911708e+00
1.319604831231225850e+00
1.347563389409418555e+00
1.656694912175644463e+00
1.630966544379855776e+00
1.529329430056294070e+00
1.380314343527185850e+00
1.352456459304436365e+00
8.940243126323911271e-01
2.568189090892876614e+00
1.194871559215388901e+00
8.783978361537292390e-01
1.141677788648285174e+00
1.156436539036539202e+00
1.365289397092028789e+00
1.560499291516114218e+00
5.918182625947756570e-01
7.225565333834085280e-01
8.093638284316139186e-01
2.466738244413105297e-01
1.183432870372205459e+00
9.875262580534786006e-01
1.699882877361133193e+00
8.762058722379119091e-01
1.181164798654261494e+00
1.132756429918573504e+00
1.332682173372276679e+00
1.165278597460154719e+00
1.182575377468266797e+00
1.291272032815042659e+00
2.224768919879991813e+00
1.486157723637909323e+00
1.086938088813311776e+00
1.121188173434039204e+00
1.257175515129994370e+00
1.061700635159802619e+00
1.381052358049321027e+00
1.203536999088833381e+00
1.877484886101124628e+00
1.340273888084853482e+00
8.950266488974709667e-01
1.365779111597080986e+00
1.497536242732393941e+00
1.155230802926978217e+00
1.737881331074645264e+00
4.025768271150262367e-01
1.796213143921529642e+00
1.283746669909821225e+00
7.964570101430674676e-01
1.381490003918213638e+00
9.609371588482008564e-01
1.999686148823598186e+00
5.623308267802061833e-01
1.448228549987063962e+00
1.148406458786842332e+00
4.287165040714703834e-01
1.205066556117409649e+00
7.799359060477920602e-01
8.741242761277743245e-01
1.170935162959352072e+00
1.056964921175547634e+00
2.392368154058673646e+00
1.284711602750358228e+00
1.183512838657279742e+00
1.279685986769253381e+00
1.130052475047677474e+00
1.113804490043027062e+00
1.091461569454816871e+00
3.581702896088526100e-01
1.741477038224167551e+00
1.571372107614834812e+00
1.312030731722588550e+00
1.477272127332858620e+00
8.747272833046908502e-01
9.771452365629174075e-01
1.217274643007889567e+00
9.032598150196293751e-01
7.646812195031799098e-01
6.852183223788929078e-01
8.814899375387447167e-01
1.561704083680290012e+00
1.401491421506031010e+00
1.135708098642258079e+00
1.124057556746145492e+00
1.783622634227421733e+00
4.118398684928173958e-01
1.157073416545463251e+00
6.785738419112912201e-01
6.023261269599842205e-01
6.886265674451482743e-01
1.038423014479899820e+00
1.074133335684583024e+00
1.420210031830163366e+00
2.007291488221008002e+00
1.005942720705432558e+00
6.570597429204858564e-01
8.307156077562071195e-01
1.486625673597400832e+00
1.425689388271788705e+00
8.897559566920113516e-01
1.344847214655575662e+00
6.887718123943221693e-01
1.509799370001550844e+00
8.218777699404802295e-01
1.169789861730667235e+00
1.432752053936856118e+00
5.697049033918912819e-01
2.208693546138036368e+00
2.123872319841571432e+00
1.009482751937452738e+00
7.574804640745115281e-01
1.473428723668480211e+00
1.046061885386570189e+00
1.939404540323878434e+00
8.172790489011330095e-01
9.916973457700135608e-01
8.385586951650714216e-01
1.177936706959465063e+00
4.246344565396999449e-01
6.629782355464841626e-01
9.470102702618524715e-01
1.728357549043085140e+00
1.372952956369273947e+00
6.255704258918619587e-01
1.095770499538142539e+00
1.164258745565784015e+00
6.997952494634647191e-01
1.277510053733172946e+00
1.209001419797328891e+00
1.278018376417183077e+00
9.653024695618080964e-01
2.435693208998373382e+00
1.041884477044203283e+00
1.174344089681243153e+00
9.687343324327981620e-01
6.272512732365124188e-01
1.052121345328267843e+00
3.950884478860756666e-01
1.485402366419288134e+00
1.047559029586071722e+00
1.634862931533793917e+00
1.422833871809753736e+00
6.825062553782828001e-01
8.343312476161797164e-01
1.242399438237456799e+00
9.209381335683172187e-01
1.368475548960633725e+00
9.887527055984799418e-01
9.971666888094697923e-01
1.488023519100860614e+00
2.484371248212696059e+00
2.398980068268613319e+00
1.782279003534537276e+00
1.040337266316551545e+00
1.862210397113743809e+00
1.224006422718554532e+00
1.341442615368601654e+00
6.637750785811291632e-01
1.019655466873698790e+00
9.540454268617262201e-01
1.216580313103283073e+00
1.115724821440902570e+00
2.178665881213509348e+00
1.477621015545639516e+00
1.575532363244825929e+00
7.118726397054524480e-01
1.231647755833726876e+00
1.052906817542365703e+00
5.989505396679211113e-01
1.945110019251462985e+00
1.448946145098936267e+00
1.845613112234139930e+00
1.564755619780693552e+00
1.181802844840242672e+00
1.460701700834826644e+00
1.198897685171198990e+00
1.186675064810340574e+00
1.761559930972788734e+00
8.414370008320676275e-01
1.554252642116104699e+00
1.229328806376564609e+00
1.089198819449900268e+00
9.637322546783079202e-01
1.833437898094221641e+00
1.334393286100150622e+00
3.610207552774665207e-01
1.047986459182981278e+00
1.163563920565944043e+00
1.180314684391391200e+00
1.325221023086829319e+00
1.613198678480270098e+00
1.284810093339858073e+00
9.971666888094697923e-01
9.913015165365911541e-01
2.156821861973024834e+00
1.144429896416758519e+00
1.104892657861269445e+00
5.087097557235130685e-01
1.345443078491796784e+00
1.131786461939248811e+00
1.061604700409761071e+00
1.409878621460924464e+00
9.209381335683172187e-01
2.066768461845101879e+00
1.093483646613598204e+00
7.864753037284433201e-01
5.417872389164920532e-01
1.188537264792245862e+00
1.497602592354304596e+00
9.236448113149080541e-01
1.593630235903560566e+00
1.255652049944654181e+00
1.158185654666338049e+00
1.072162658046000194e+00
1.657028310209284871e+00
1.069313645908260391e+00
1.508514185274314690e+00
8.659835303778650184e-01
7.508804229787887641e-01
8.390881189714392008e-01
9.116284418178335347e-01
1.015118681782741117e+00
1.119090523915780455e+00
1.318300759022026147e+00
1.322903141814637806e-01
1.547939088085708237e+00
1.047836672254374601e+00
6.634910836512664112e-01
1.704461048668553524e-01
6.216178096430620137e-01
1.595754532962546435e+00
1.143316000865036708e+00
6.178779048577948130e-01
5.340501156467539756e-01
7.730336548478606851e-01
1.250499971971116286e+00
1.273716723059236111e+00
1.389248485891948270e+00
2.282238876011219997e+00
6.593089274256451748e-01
7.363967247105718261e-01
1.827667612099366456e+00
4.361550474831214497e-01
1.137035500029036195e+00
1.151395240421613009e+00
2.143447782944963631e+00
1.007664286885304294e+00
8.209980999570760662e-01
3.380215683867539012e-01
1.192642890202499473e+00
2.445991976572644333e+00
1.457413182432021337e+00
1.398860314427042617e+00
3.248995200660266258e-01
7.429379811067901018e-01
1.305492376916389974e+00
1.365819061475152862e+00
4.709559063629428777e-01
2.279448123835678075e+00
7.264665126282845442e-01
1.651509918856633563e+00
9.820063504961049627e-01
1.010027737782310364e+00
1.453670369242856308e+00
1.490519385591147161e+00
8.977046907159133005e-01
1.912859175051684124e+00
8.442697621186536772e-01
1.061974825303789949e+00
1.031157136282029985e+00
1.691776593982959653e+00
8.384029829637130726e-01
1.820069590883055533e+00
1.298584669777584244e+00
1.550240042140874186e+00
2.975512384982421654e-01
7.864753037284433201e-01
1.098397875693067904e+00
1.322398457490704171e+00
9.894668285135985730e-01
1.281041910585878130e+00
2.341927538122178909e+00
9.589780919425499039e-01
9.291214462234672622e-01
1.934403494843813132e+00
1.151064773512113337e+00
1.055697292862484371e+00
9.820574669762264230e-01
7.605642668541992002e-01
6.500907832207032389e-01
1.253671194049965854e+00
1.482666833354322478e+00
1.096061910915442361e+00
2.262419206305044561e+00
1.675238328658688491e+00
1.498349966381629539e+00
9.623365489009956253e-01
2.269783240252129186e+00
1.028054853380112821e+00
7.842340094798613270e-01
1.173662915814372543e+00
9.918786271513626573e-01
1.191233582860299789e+00
7.592502660569516726e-01
1.017397001877070606e+00
1.107338729971995450e+00
1.388456481290605726e+00
1.094522436983102809e+00
1.056183190038078035e+00
1.126619176139538103e+00
9.647897633226463210e-01
1.720978615193188066e+00
1.730677575581454075e+00
1.947579108922877333e+00
1.237508564558899016e+00
8.791778813029598183e-01
1.918484593291833962e+00
6.277729382161563176e-01
1.023577539850123452e+00
1.031662708456301258e+00
8.541019719199955951e-01
1.072834504428496594e+00
7.600898475120545505e-01
1.016137433939984236e+00
9.628383346157256550e-01
1.054097605746662891e+00
2.169526829350578279e+00
1.128333751046850963e+00
8.828748594641683267e-01
1.398801346818661306e+00
5.432118226367609326e-01
9.792716515738056904e-01
1.522003275451224491e+00
1.155345355466219859e+00
1.106108986115006632e+00
1.213916315953873726e+00
1.120417130456259791e+00
1.043841278471364209e+00
1.415225423657986203e+00
3.015238357570307337e-01
1.199369797925414982e+00
1.557821785965048944e+00
1.104318822617079032e+00
1.190916131327575123e+00
1.285717280000736595e+00
1.860919409586014650e+00
1.282463199017637168e+00
8.735149054340212160e-01
1.800705691359294480e+00
7.720039845223299890e-01
2.964636989336609796e-01
1.192378704053808525e+00
1.074021473359518142e+00
7.727210238933951425e-01
1.661536125806759356e+00
1.844504586493253662e+00
6.746836484206004680e-01
1.023305282883762768e+00
1.079774350434382857e+00
7.602683777678738153e-01
6.220591830937604039e-01
1.138619756053028453e+00
1.110462637628514493e+00
6.053098155651946005e-02
8.226730177230118235e-01
1.474508613295033133e+00
1.764376811204707129e+00
1.268480214901960945e+00
6.114185168717898300e-01
1.069917278572025232e+00
1.070757303344254341e+00
1.020258400368527774e+00
1.750648723933531770e+00
1.319194555362448895e+00
1.591329748607088090e+00
1.354336893251691265e+00
1.328784962663135394e+00
2.068188026513825051e+00
5.097967963615946535e-02
5.258816128318040128e-01
2.239305462249581602e+00
1.059971373235192083e+00
1.127609809274145780e+00
6.529859004138717227e-01
1.322686093146557607e+00
8.344266183379116519e-01
1.016122387781660752e+00
1.394335342714093651e+00
1.117394123483409052e+00
2.366385633115139497e-01
1.129711313885290336e+00
9.199743100702351128e-01
2.325311498069311256e+00
1.323229205183064749e+00
7.473964706945426251e-01
9.202399550649416060e-01
7.710337875076301861e-01
9.534189289380374799e-01
1.884983220494757639e+00
1.267659828111435294e+00
1.153513637849768347e+00
1.259260273111757478e+00
1.015375779791869215e+00
1.313541176204285454e+00
9.967539204587059221e-01
1.257233206220007116e+00
1.248640924373768168e+00
1.618975081159789831e+00
1.077476703030755489e+00
1.695776460737580260e-01
1.228070230188331946e+00
1.240612733150084024e+00
1.557378690321369108e+00
1.233324590555076039e+00
6.458801010471965087e-01
7.922855234918552148e-01
9.354724844794501948e-01
1.132668511337233230e+00
1.320765211859514343e+00
8.556968944124661025e-01
1.242664782538738910e+00
1.243035860888095145e+00
1.912859175051684124e+00
1.077891280839525345e+00
1.153077482192600867e+00
9.155663866397444339e-01
1.322753522228534706e+00
1.054747908491151076e+00
1.259219806257461105e+00
7.856534764133792370e-01
9.738024535720616326e-01
1.201834923004810429e+00
7.552005862660523539e-01
1.279612080677060559e+00
9.355670978055428133e-01
1.017990924761388083e+00
1.776121569537859601e+00
1.065417862864579401e+00
1.737881331074645264e+00
1.173225176585380947e+00
8.249885009379521739e-01
1.123177686002808207e+00
1.082259274716905306e+00
1.022266042431669408e+00
8.980786067133234019e-01
1.110024664440180109e+00
6.117160962447371064e-01
9.975057371073777768e-01
9.213469292529612442e-01
2.242100393562594718e+00
1.040543209418582249e+00
6.272512732365124188e-01
9.939896469805893364e-01
1.513295591653321504e+00
2.740371913804382942e+00
5.305170323810798338e-01
1.156510329034552864e+00
1.676763040370530033e+00
3.146286226762214089e-02
1.106254393248599532e+00
5.196705388594514696e-01
6.645908460724092581e-01
1.064043597139226582e+00
1.337711877895961132e+00
1.044554106818753603e+00
1.336319363265402460e+00
1.387498698161154342e+00
1.254222853191776066e+00
9.433440547283665767e-01
7.532143264528912141e-01
8.607282492668396623e-01
1.073258177781739819e+00
1.044436615739906760e+00
7.946294714155500705e-01
1.455230685815006586e+00
1.325221023086829319e+00
1.244324394633083086e+00
1.405761118638019225e+00
3.773947620544864101e-01
1.423466547560740869e+00
6.547060646559059727e-01
1.409015476453579829e+00
1.576460202101028774e+00
1.047709234232540476e+00
1.600811988051911383e+00
1.275042491112116538e+00
1.213146538626698190e+00
1.580761763201453673e+00
1.311006953295733357e+00
1.333715117625475122e+00
1.747630202533305421e-01
1.328599656465144330e+00
1.152786491536818225e+00
6.457906053175163086e-01
1.474059980735380915e+00
1.671386677462383119e+00
1.114443635380859776e+00
1.108803493839109811e+00
1.158075503742412193e+00
9.262626476432549438e-01
1.554252642116104699e+00
1.615760794270058032e+00
9.998994873780833181e-01
5.805434602473541483e-01
1.371895610739729765e+00
6.850654481361778680e-01
8.576041149279550746e-01
1.544714913365196951e+00
1.611680112361121520e+00
6.810226093772431266e-01
1.241029667031633865e+00
1.845432808199936270e+00
1.674677660153154779e+00
1.583473106851306822e+00
1.455572803220731792e+00
1.510891305054418154e+00
1.006152757284428434e+00
1.612835771193203094e+00
1.490128407522794740e+00
1.141488005214665202e+00
1.127456705510796464e+00
6.561254546446151359e-01
1.278273195211655944e+00
2.569936143427149045e+00
4.684450176854388914e-01
1.253634791650765967e+00
1.654434723103846983e+00
5.440080158759400542e-01
1.246019315203186206e+00
1.539670887263089094e+00
1.265033701315311676e+00
1.284261295514084189e+00
2.807460251805544704e-01
7.832452075303444339e-01
2.693761575697161126e-01
1.261610826803042151e+00
1.322194712992781795e+00
1.143987009856471060e+00
1.389569550167474965e+00
1.528003936079252112e+00
1.288671416362403788e+00
4.409416894454315505e-01
1.326324809473092170e+00
1.034547051683529562e+00
9.598680347018389014e-01
1.098887715354146088e+00
1.496105983606889955e+00
1.043319796295726576e+00
9.949541674697176541e-01
1.060734699771432643e+00
1.070321016792901592e+00
1.038047575345104612e+00
4.572839968305811853e-01
8.507127072176048355e-01
1.262133822286448437e+00
8.309806839619050534e-01
8.872116316832203697e-01
1.198212232883351547e+00
9.826656535092969103e-01
1.007939066435482811e+00
9.943852004781973397e-01
1.073503662746122300e+00
9.729831647324099775e-01
1.437446577420517180e+00
2.383429581792556373e+00
1.215925416440523543e+00
7.703039693727936621e-01
1.149425640196962251e+00
3.513938135312249522e-01
1.916269917393427669e+00
9.495369778824772622e-01
1.199595265901040042e+00
1.062054153552811409e+00
1.013957890149035590e+00
1.207236497857476776e+00
2.147558518881561795e+00
1.081114980763714817e+00
6.987759811252681752e-01
7.839386718538117194e-01
1.009860997418822626e+00
1.230095602959516254e+00
1.062054153552811409e+00
1.573857172372809199e+00
9.989641117260639191e-01
1.482177381712370234e+00
1.880436502602276683e+00
8.136360015745538465e-01
1.143284355881015735e+00
2.690517523794747401e+00
9.649424787217786292e-01
1.234574753915409939e+00
1.096804341640123859e+00
9.706216429372680476e-01
1.100624709253949174e+00
1.884736612455095273e+00
1.145904852590762024e+00
1.176006977104708362e+00
8.985216606090813407e-01
1.021399145232255945e+00
9.474608776216569828e-01
1.563241558080293858e+00
1.041978411391445647e+00
1.938725162222979526e+00
3.862661655641724257e-01
1.676361405724397624e+00
1.114503850410854646e+00
1.450857257738761508e+00
1.360869092853830731e+00
2.195398787072374791e+00
7.087430869209948581e-01
1.235407769070621997e+00
6.916893502736237709e-01
6.810181554947107863e-01
1.610367500106334226e+00
1.421023038111046022e+00
5.874966736010068802e-01
1.698908220305951788e+00
1.395312781832459770e+00
1.230095602959516254e+00
1.579601287407287558e+00
1.602436032481814321e+00
9.741722539286974403e-01
4.877049905435303923e-01
2.219852333380506693e+00
1.203903848763545836e+00
2.364339703262978709e+00
6.189507242757807948e-01
1.783622634227421733e+00
4.837510096962767681e-01
9.920971778220114556e-01
1.965695631556065637e+00
8.442697621186536772e-01
1.022475343843836315e+00
8.894622783633195917e-01
1.070188728652460064e+00
1.861190099091843519e+00
1.308005048201908771e+00
9.729831647324099775e-01
2.092491570623945307e+00
1.143316000865036708e+00
4.087727881517221884e-01
1.076183910702037894e+00
1.074144933893930620e+00
3.847717785804994906e-01
9.122316166056355646e-01
3.567438475529474129e-01
7.683429226821459901e-01
1.333695745287093892e+00
8.627962748556579076e-01
1.217001003684988758e+00
1.217067446837236888e+00
9.388000739846847909e-01
1.596891803090625839e+00
1.413699705106816529e+00
1.934403494843813132e+00
4.954836537834113042e-01
2.290984928383696495e+00
1.195930174276836011e+00
1.408974415933354818e+00
8.175700799366450999e-01
1.543378150133399851e+00
8.209980999570760662e-01
8.383274142989404210e-01
1.021929544643606302e+00
7.033325405983466005e-01
1.240746949997723725e+00
1.277161887395545037e+00
9.226824177445469566e-01
6.002831133978376865e-01
1.351885391750725196e+00
1.123096779820806468e+00
1.100839579335637808e+00
9.690807525043870774e-01
2.235827980522089753e+00
1.195256217213609862e+00
1.023441300864717407e+00
1.298916627868692553e+00
1.257142703333125056e+00
6.785738419112912201e-01
1.125025671453497411e+00
1.573830924693201405e+00
3.708770043157200713e-01
1.128131525435318361e+00
7.323546364891859728e-01
8.744416485432902064e-01
6.342308996398328125e-01
1.691995426860722906e+00
9.031894577353677400e-01
1.244868891991330662e+00
1.122028697395972774e+00
1.091243087083469288e+00
1.555726351999668466e+00
9.725388051288179625e-01
1.389352324337892242e+00
1.141628562114935797e+00
1.229134477767088285e+00
5.096342345410646013e-01
1.071837471435283407e+00
1.139186786529612139e+00
9.869197369380242613e-01
9.986187082678158466e-01
4.758934855270059439e-01
1.214272256040878073e-01
8.591503733441737678e-01
9.024214468623307228e-01
1.499585466191540428e+00
1.217001003684988758e+00
1.007898048911830768e+00
5.895548337335079214e-01
1.614160813438527020e+00
1.008644398125208230e+00
9.828050902460007121e-01
9.609930423428859614e-01
1.763649741659149672e+00
2.244833885067605284e+00
1.672745172865234053e+00
1.543623491898983069e+00
1.188071871030061288e+00
1.326925245276658893e+00
1.914542541296352152e+00
6.024517157386310995e-01
1.667065330758834785e+00
9.375890448647694608e-01
1.328744307677675485e+00
2.300067576651853685e+00
1.089551628839756869e+00
9.760401482346107160e-01
9.774780454465131774e-01
1.271721359920029881e+00
1.263746532971287362e+00
1.163460622028655189e+00
9.426527927152655861e-01
1.853111501872945599e+00
3.261756160868069521e-01
1.242194702193408995e+00
2.296613406914018440e-01
1.458997814336871812e+00
1.256302675592147144e+00
9.259119478132080694e-01
6.987651475745262353e-01
9.164403004284685794e-01
1.277955844286848386e+00
1.551109031284431783e+00
6.022324245865703363e-01
9.790224014720420032e-01
1.115408001055314680e+00
1.021374952473167230e+00
1.387243871498457182e+00
8.422542158162513726e-01
1.134468455943473453e+00
8.900872610049652689e-01
9.839499399127559220e-01
1.108134544790514431e+00
1.300069971711454997e+00
1.342520481303765001e+00
1.609971420005018139e+00
9.302958977289722542e-01
1.005687357186611175e+00
1.121514438353829135e+00
9.789852854757938871e-01
1.097059607166566808e+00
1.030122661665563433e+00
1.217827277908997807e+00
9.370980697636898116e-01
8.783978361537292390e-01
1.158185654666338049e+00
1.074142219347230309e+00
1.249383732385244361e+00
9.889000130785494669e-01
8.211755489902688998e-01
1.069694093071127616e+00
1.131550646778730851e+00
6.233826411070185758e-01
1.462124941521661725e+00
1.314264585627163306e+00
1.543623491898983069e+00
1.175552331729307065e+00
1.241700467601076552e+00
4.796424311308585264e-01
6.209710795408883710e-01
1.170023515278549198e+00
8.480804631290078666e-01
9.370980697636898116e-01
1.223768606391820057e+00
1.086411301568398269e+00
1.195518826200407059e+00
1.303083392857389944e+00
3.744420375616874797e-01
1.096854745770216244e+00
1.098542452270520720e+00
7.452501605069323798e-01
1.331608416448535781e+00
6.724301419718728967e-01
2.237253084415680160e+00
1.267764817936201660e-01
1.692120748897816052e+00
1.167872150821066768e+00
1.247092690181969665e+00
7.270986307498342738e-01
1.066646897129824856e+00
1.066030620980767063e+00
1.037931270236147618e+00
1.130898690210180524e+00
9.640133432619751863e-01
1.319214275632395683e+00
1.277858695385357901e+00
1.058114261083861196e+00
8.741242761277743245e-01
9.598680347018389014e-01
8.966937093245771484e-01
1.703956904268405070e+00
2.212306019373086574e+00
1.314523766845969499e+00
6.911005619657728527e-01
9.968007381883255968e-01
1.338091236411207419e+00
7.251012842013171422e-01
1.354830197801888625e+00
1.031945707686489078e+00
1.705479288812463023e+00
1.675294642551341084e+00
1.202459902156512328e+00
7.783524356968339886e-01
1.245987678714544744e+00
1.050630878493324483e+00
2.057661193336735916e+00
1.252778378865625930e+00
1.088177166997557288e+00
1.180624834742662665e+00
1.873703461380362700e+00
1.181765880013801118e+00
1.063525207474689704e+00
1.183137238538626290e+00
1.460701700834826644e+00
1.040281768715274335e+00
5.747997298037446079e-01
1.487421245749034338e+00
1.545452440346957834e+00
1.168659427824423558e+00
4.678896468888666949e-01
1.184045677735187319e+00
1.909199111497211110e+00
1.680337582584511491e+00
1.138453454126627795e+00
1.393644327043802589e+00
1.339940923286078833e+00
8.660768975737127562e-01
1.641613108630791684e+00
1.291315706149419151e+00
1.055736827937084232e+00
1.025058349097856647e+00
2.493840018539144054e+00
8.625615337587766440e-01
5.954630178971459520e-01
4.062555665822443762e-01
1.847687742262382304e+00
5.478980395443567852e-01
2.356911470391887420e+00
1.591054627641921293e+00
1.567978163712206330e+00
1.325282347227498603e+00
1.786753048151518808e+00
2.050922834754631996e+00
9.511533103999141314e-01
9.653375480882624426e-01
1.319637584984251433e+00
1.536666859367071369e+00
1.025639293753347170e+00
1.860027995868948292e+00
1.221308334914047444e+00
1.242217015263503033e+00
1.384736510522503350e+00
6.206619846406917773e-01
9.496387770341917500e-01
1.069965312781432587e+00
9.062949143077846381e-01
1.375714862585053044e+00
1.455936146867923275e+00
1.344220509193948088e+00
1.138296727684244836e+00
3.773338389314037089e-01
1.386358858786494563e+00
7.441965949747649800e-01
1.687691260321466435e+00
5.789193258928558850e-01
8.529521162420506952e-01
1.046560625151083945e+00
1.111827263668460075e+00
9.182091073012509375e-01
2.017768722994059960e+00
7.737512538959883113e-01
1.249518923871304699e+00
2.157848083151742369e+00
1.946049078062285442e+00
1.525545508696823038e+00
1.089837654938045519e+00
9.675191264585738526e-01
1.177954991610737689e+00
1.129643994230216331e+00
1.393533372097656375e+00
1.256146975529204513e+00
2.204210528156022697e+00
5.088026458131746921e-01
1.018968639271531806e+00
1.454512975688944332e+00
1.395756924879648198e+00
1.227686201727880233e+00
1.354614740495429182e+00
1.146335618627577269e+00
1.478342072056129108e+00
1.186681386385480819e+00
1.379413701655790359e+00
1.090767996065422407e+00
1.020162980417916199e+00
1.257427411878409229e+00
8.436811619824486908e-01
1.776044653620065361e+00
2.067725861242675212e-01
7.237784825238184894e-01
5.962021521380234113e-01
1.257101863519723750e+00
1.545353645652463914e+00
1.129086385611919763e+00
1.033220317883183803e+00
4.302261611331931190e-01
1.486157723637909323e+00
2.127437255570628238e+00
1.585661281650792676e+00
8.897559566920113516e-01
1.952146681473913903e+00
1.222190314517619836e+00
1.419091672871718224e+00
8.523814427911849956e-01
1.231434438048350177e+00
1.781873242831801374e+00
6.218696271267040165e-01
1.130158841079225374e+00
1.891866241941142945e+00
1.155893707790165870e+00
1.095023301332961552e+00
1.163398026811381492e+00
1.955400882393024231e+00
9.163374967585200537e-01
1.270479067693277120e+00
1.269232140206176584e+00
6.398647250670116415e-01
5.002308464597263749e-01
9.333512674504889084e-01
1.462019527744632619e+00
2.549616064142448124e-01
9.355538239179809201e-01
1.296876955359283379e+00
6.010249693701316120e-01
1.203633214997216871e+00
1.074574785732067772e+00
1.917282954924289129e+00
1.163037438100405607e+00
1.249788013546958121e+00
3.773947620544864101e-01
5.964819184498488802e-01
9.995575741849462847e-01
1.144429896416758519e+00
3.935789983411323578e-01
8.680932870838471427e-01
1.374679041475855179e+00
8.972865007652549574e-01
1.117394123483409052e+00
1.474606742667279091e+00
1.001295611666004559e+00
1.506024966319553515e+00
1.566387882135358511e+00
1.115768515273604544e+00
9.450574209852540264e-01
1.523758789265028391e+00
1.262845223008109752e+00
8.309144032918938105e-01
1.132080059733514776e+00
1.331322145410711366e+00
1.376812181850284311e+00
3.458156975467769345e-01
8.585673397708236676e-01
1.355045557002625856e+00
1.309765882248235647e+00
1.100534218821702437e+00
8.377404819295583005e-01
1.003336289864559028e+00
1.329229326521033760e+00
1.860798968453719615e+00
1.822175254490042251e+00
1.144195138487941188e+00
2.172239293877514577e+00
1.528363092774182697e+00
1.188896725093021134e+00
1.726398602414844774e+00
1.714243736737414814e+00
1.654710565461820160e+00
1.466142923994297798e+00
1.369669674118777047e+00
1.060124303864310225e+00
7.061425981279249031e-01
1.358398580711389414e+00
1.467055465447135054e+00
2.362106597149594922e+00
6.209710795408883710e-01
7.190854415064497074e-01
2.013568441380889862e+00
1.456045760831343516e+00
1.915652433508924890e+00
1.252789439401237992e+00
1.526130282300949048e+00
1.499914239864869492e+00
1.579422731097448240e+00
2.285608433041831589e+00
8.818534490910285850e-01
2.041309896924413891e+00
2.210388495084193161e-01
8.519633038945962911e-01
1.394335342714093651e+00
4.104756955327248380e-01
1.820069590883055533e+00
1.454798028204407068e+00
9.406242002475727615e-01
1.487386425748570273e+00
8.856958628542637157e-01
1.456400063770317388e+00
8.135578771328944025e-01
8.820902513280629575e-01
1.030685670148620448e+00
8.917265539208766301e-01
1.306129913303848200e+00
1.184245133993882204e+00
1.681030479460059679e+00
1.081637023118179552e+00
1.536196428450916640e+00
1.457682719743528255e+00
1.469845505991420831e+00
1.606837746220370899e+00
1.753146728427943613e+00
8.069801822650056744e-01
1.620399040813098157e+00
8.291979512136828934e-01
1.637284632369654380e+00
9.887045579473799917e-01
4.995317130383069015e-01
9.165302102448837918e-01
1.518793696820517125e+00
1.319912607926243098e+00
9.330476340278347491e-01
1.066426889727108973e+00
1.243852990204752151e+00
1.091081125907846561e+00
7.892674738897471620e-01
1.204954204811597318e+00
1.893136116036796546e+00
1.636969267039512399e+00
1.164602833828829676e+00
1.110096451977730325e+00
1.669663204853914840e+00
1.511488235479032438e+00
1.894251385443809887e+00
9.869824896030898742e-01
9.744530068327943439e-01
9.857438392338806477e-01
1.306916987174057576e+00
1.331170679575139015e+00
1.386310628184948879e+00
1.275074763564903124e+00
7.502890511272330976e-01
1.474734766089105031e+00
1.736864191797421020e+00
1.262133822286448437e+00
7.198741452356949289e-01
1.051890381791553031e+00
1.125252294607716808e+00
1.531804182880250886e+00
1.508103121709146510e+00
1.071869295493479424e+00
1.375344705601861506e+00
6.779528451510902221e-01
8.758601996847680260e-01
1.253712859812750491e+00
9.070907104252058373e-01
1.694776094454867543e+00
1.187369291473247657e+00
1.066299124079788330e+00
9.737135490610220323e-01
2.586363754681935134e-01
2.692474492412573195e-01
9.028770153941068077e-01
1.467036902383639152e+00
7.516302672712479316e-01
6.986414980640647254e-01
1.343245775929000185e+00
1.630276438382783688e+00
6.189507242757807948e-01
1.310862124517669480e+00
1.513676102842879123e+00
1.306952189708238787e+00
1.359473647013655029e+00
1.096713468728192975e+00
9.412946299917510640e-01
1.867114480913409036e+00
8.326900743026921514e-01
9.325910543967811384e-01
9.196833446651445643e-01
1.127010842792892653e+00
1.252984130417864161e+00
7.441965949747649800e-01
1.139852277082205267e+00
5.886629727103189769e-01
1.005227147895320527e+00
9.758519301710044669e-01
3.979033298659908624e-01
1.261610826803042151e+00
1.101729316456087071e+00
1.478034042305368834e+00
1.107146653963216654e+00
1.336012065193568743e+00
8.414370008320676275e-01
1.079818281486080389e+00
9.117120363948496564e-01
3.206891138343649361e-01
8.357829552390129146e-01
1.192913317992075006e+00
1.294313611232891459e+00
4.168116245449451918e-01
1.575534471020775706e+00
9.778956856063515390e-01
1.261256871378309219e+00
1.776586435466055436e+00
4.370632049287414000e-01
1.281148927794482972e+00
1.606441535919502561e+00
8.935015148577835076e-01
5.358949301820116196e-01
7.448619363503949931e-01
1.010174927042130077e+00
8.321213575549566421e-01
1.169789861730667235e+00
1.245790933148329893e+00
1.048516540114420748e+00
1.835629869246693247e+00
1.153067734662786892e+00
8.219133464802684808e-01
1.144118944583664144e+00
2.378897375877119025e+00
1.117336252456903711e+00
8.929847411675774227e-01
8.656463729867492907e-01
2.238550089457363779e+00
1.231948844807828847e+00
1.445103789144547735e+00
8.937787196366335785e-01
1.155836621524907626e+00
1.582279919742032082e+00
1.035169797235969247e+00
9.559606050481878059e-01
1.070128512096842233e+00
1.446364513379954087e+00
1.396749089959298029e+00
1.209305529110491273e+00
1.487045858666779630e+00
1.268749999161041586e+00
2.082199138814060380e+00
1.035967325336096589e+00
5.340501156467539756e-01
1.786889766313656258e+00
1.247560372839475740e+00
1.418058153613850347e+00
4.802188644852990462e-01
1.048572970236749224e+00
1.566032867126743833e+00
1.514416158996089390e+00
1.003737739899018599e+00
1.087796067134518679e-01
2.807460251805544704e-01
1.025058349097856647e+00
9.229275565587772290e-01
1.148181136367819155e+00
1.555271037385150157e+00
2.654147816697647322e-01
8.414591170741879678e-01
9.651821464699398279e-01
1.131832481615571817e+00
1.963604894433707226e+00
1.657501068128459876e+00
1.112770321049146416e+00
6.834780863487261993e-01
1.184000720475109958e+00
1.369651191194145579e+00
4.304409135901712258e-01
3.893275773280917007e-01
1.389231032718830416e+00
1.266445850112001947e+00
3.374760297124501651e-01
7.819989498456645372e-01
1.023181989340445464e+00
1.084170020059001649e+00
1.964480582388380414e+00
1.198999276644750811e+00
1.149943548583385544e+00
7.548502561802409305e-01
1.731090054069761353e+00
4.295399555597600449e-01
7.788506820124375674e-01
4.975912018882590049e-01
1.200414133595500088e+00
7.041376638563212609e-01
8.831935945979592084e-01
1.643545800712181038e+00
1.583941892474250768e+00
7.619728593765221492e-01
1.001913491322237837e+00
9.815209513028693156e-01
2.493840018539144054e+00
6.022324245865703363e-01
7.825892861304991621e-01
1.880913607474104410e+00
1.174883885947351825e+00
1.028757895942500333e+00
7.568536951536711799e-01
1.060606647876466413e+00
1.366408943405317489e+00
1.041126795800093596e+00
1.709699986607073452e+00
1.295244416446545976e+00
2.244833885067605284e+00
8.692207759264631850e-01
1.637536572428512249e+00
1.131380367878887405e+00
1.557821785965048944e+00
1.147413419735964002e+00
1.636332631091978573e+00
7.643479211263459749e-01
1.192127825054500434e+00
9.316022575809771444e-01
1.183112369491964966e+00
5.179821916500096934e-01
7.463765676694096296e-01
1.276811294819529152e+00
2.148466263171581847e+00
1.250366163603621628e+00
1.499313088710950481e+00
7.468581077477450814e-01
1.401491421506031010e+00
1.054555176590702192e+00
7.055366305752469591e-01
1.213165960824491796e+00
1.294299979604724982e+00
1.152021468538061200e+00
9.032598150196293751e-01
1.402302777099934783e+00
5.404668470521722945e-01
5.204174882991758899e-01
2.919017389604777746e-01
1.622771667882364044e+00
1.395756924879648198e+00
1.890310267528472865e+00
1.096061910915442361e+00
1.308119121700091148e+00
1.039740477151698039e+00
4.622962035066707220e-01
1.490860350121649081e+00
1.498240310570935208e+00
1.107490047532103450e+00
9.706216429372680476e-01
1.517385419246380041e+00
9.684164837833538764e-01
2.504262759919576808e+00
5.998230678909862723e-01
1.450331822902984902e+00
9.808018093304807783e-01
1.223217022857436831e+00
3.893689465570064345e-01
5.009222810522077074e-01
8.929826319276182867e-01
9.261952622633174981e-01
1.164882208901636851e+00
1.409983397728983956e+00
1.701723380045415013e+00
1.467275377026026950e+00
1.141677788648285174e+00
1.247950801806413157e+00
8.133122676771106230e-01
9.408699872554538990e-01
1.174182673137208033e+00
1.106500256416611983e+00
1.082618198555302724e+00
7.325941520441718868e-01
1.115768515273604544e+00
1.146659055867914834e+00
6.680692915314608848e-01
1.281461914607872510e+00
7.097805051369272533e-01
1.219844016861317160e+00
1.249558377503561024e+00
5.635834495111968767e-01
5.697049033918912819e-01
1.533082052707569920e+00
8.834967467683106923e-01
1.782864569553836098e+00
1.513243697352802952e+00
9.514440395901077041e-01
9.464282223882077849e-01
7.999480206419822270e-01
1.509764729097810010e+00
1.035356976193556822e+00
1.706850572579806657e+00
9.915293994272719180e-01
5.332456757803027969e-01
1.521289389407251225e+00
8.181789195782925850e-01
8.953258168561979424e-01
1.897055913862863319e+00
4.343292514414133776e-01
1.103374268310733708e+00
1.129347297098988401e+00
1.078502119295147166e+00
1.339102454814021792e+00
1.275137335536069783e+00
1.119171784536055592e+00
1.187552422307746935e+00
1.050467163102462242e+00
1.554252642116104699e+00
1.075410820898629494e+00
1.274045666974150004e+00
6.695211932575515501e-01
1.360479743545451869e+00
1.109697727064373529e+00
1.485601818799839602e-01
1.337117372248067149e+00
1.567430391282083724e+00
1.111586434323619921e+00
6.482855847762757362e-01
1.048243564248852344e+00
1.391996612968853020e+00
1.617869437760121487e+00
1.289583812607113744e+00
6.785492339801763029e-01
2.128512853254529436e+00
1.196672908411720915e+00
1.167134785574053923e+00
8.870924233094589217e-01
2.092139101067520990e+00
1.105538052174813490e+00
1.439962696469268000e+00
1.765292934968539784e+00
1.175939465726117517e+00
2.708397773236888018e-01
6.669571785718997337e-01
1.060734699771432643e+00
1.733442478490643479e+00
1.212893829414084301e+00
3.695272028427732391e-01
1.979328787378985988e+00
8.496556779679661497e-01
1.203069108302729839e+00
1.036628832737122474e+00
1.128333751046850963e+00
1.729860957715867675e+00
1.763711550475954182e+00
1.344720033349767752e+00
1.051487333832021864e+00
1.231434438048350177e+00
1.361795988809176405e+00
5.110110707495008064e-01
2.328715742396637367e+00
1.003622376264045268e+00
1.116672148396145037e+00
1.101729316456087071e+00
1.049128847563114419e+00
1.584785789625163366e+00
1.131856731904814950e+00
6.108354245359249868e-01
1.434974525624622244e+00
1.312126614596548668e+00
1.002937324803097496e+00
9.802256058534130068e-01
2.039409190785701043e+00
2.166014348242312870e+00
9.256359417747643814e-01
1.362163867485613578e+00
9.430463857146317297e-01
7.645182289507741480e-01
1.019373352645954967e+00
9.180381795310905702e-01
1.326021852225453435e+00
1.733118398833254581e+00
1.212041667461742245e+00
1.157872367020854831e+00
1.040975053150671625e+00
8.820340384728517780e-01
1.506187639741431439e-01
6.695211932575515501e-01
1.767033390020261940e+00
1.544165382823654120e+00
1.004569823854034372e+00
8.730763671922225910e-01
8.689607599366299118e-01
1.203334861652707755e+00
4.725113006221113299e-01
1.263299973020600486e+00
1.262392980766479766e+00
1.175767394626257678e+00
1.123957388409688729e+00
1.291229070573677307e+00
1.092002443367492193e+00
1.080693356974677277e+00
1.105658128501449955e+00
7.568536951536711799e-01
1.591382251055238617e-01
1.163398026811381492e+00
1.013050800293301634e+00
1.309900149019215032e+00
2.748695406071252623e-01
9.892640333509471473e-01
1.968460752803508518e+00
1.025133549346843198e+00
1.507145296917410393e+00
1.366652755536278852e+00
1.582279919742032082e+00
6.701446552840382154e-01
1.765618946201291672e+00
9.625661800541589486e-01
6.674813455131827222e-01
1.996588689887310308e-01
1.182877187671959707e+00
1.261330754605978877e+00
1.144026799333025979e+00
2.425432152565204280e+00
1.576836793488169075e+00
1.317620463115376284e+00
1.623746965964882216e+00
1.453344562240222126e+00
1.308144066777473302e+00
1.167844988852696941e+00
1.227238261345245052e+00
1.047048959605794582e+00
1.411527366849267162e+00
1.434615681902591033e+00
1.423983133318032612e+00
1.089501779237784351e+00
6.570597429204858564e-01
9.631509165868955558e-01
1.575837379104154445e+00
2.926432885336535117e-01
1.444427666493742546e+00
9.180027694233063862e-01
1.032111868701338198e+00
1.252778378865625930e+00
2.398980068268613319e+00
7.383889344908750596e-01
1.743146857328630395e+00
8.772499993996287770e-01
7.532143264528912141e-01
7.912430182572929294e-01
1.911191020008312424e+00
1.013701342085863821e+00
1.551258630265932803e+00
1.251627730180903564e+00
1.480627307451299890e+00
1.609966449311924341e+00
7.778748486939971452e-01
1.720978615193188066e+00
3.438777358641419979e-01
1.019894189432867693e+00
1.135660897445310402e+00
7.242071884003975502e-01
1.293907289929217885e+00
1.264142876125758930e+00
8.483253094726450616e-01
1.692318450684983766e+00
1.553708635600510979e+00
1.564084680231165869e+00
1.065607008298724789e+00
1.989848626099496087e+00
1.184985199461515704e+00
1.864441222031214984e+00
2.139694458690728496e+00
8.244133689092122408e-01
7.536345202072601834e-01
1.818889920372868563e+00
9.036309503545466582e-01
7.882695120182687809e-01
1.009713770190658222e+00
1.592327501339602325e+00
1.130834249171257744e+00
1.327103599226818753e+00
1.031320440176296094e+00
9.465808841506130333e-01
1.569199063118328796e+00
8.669743922510226852e-01
1.145997265569302481e+00
1.021735200210796890e+00
9.418299874374249647e-01
9.037688622436366170e-01
1.502874706841258456e+00
1.058545826197358375e+00
9.174010770523712832e-01
1.076725170255293351e+00
9.647405161574935661e-01
1.099789800014984387e+00
1.278884278851160960e+00
2.573965305967992556e+00
8.371754028621687382e-01
1.021399145232255945e+00
1.277609251435789295e+00
1.651392663549492656e+00
5.496931433480053419e-01
8.089503565606026569e-01
2.054490233067642446e+00
2.104421341979514359e+00
1.101458369935177206e+00
2.130972365584480777e+00
2.119096422473957464e+00
1.406265526132870480e+00
9.119019352365718145e-01
1.533962214248864475e+00
8.540272483522842739e-01
5.427146857990289286e-01
1.586954252716325175e+00
6.066618788215702995e-01
6.218696271267040165e-01
1.680125058446417352e+00
9.078976029183961627e-01
1.688809343229034532e+00
8.702355705476358949e-01
7.172667070906071363e-01
1.255003673249531992e+00
6.209710795408883710e-01
1.302556497150608950e+00
8.055118617020111671e-01
1.239664189651671578e+00
1.057757624101332672e+00
1.482879692119170478e+00
5.601501849520067466e-01
1.414570402936748739e+00
1.374881427047978777e+00
1.265464532385237595e+00
1.499585466191540428e+00
1.231551599023756216e+00
1.128936506755489289e+00
1.114443635380859776e+00
6.248935089297465995e-01
7.010105333775840109e-01
8.725632194475120285e-01
9.234260643682092873e-01
1.035047337314987770e+00
1.513149136839776032e+00
2.271946264700242857e+00
4.945965964924391445e-01
