1.855445904295949022e+00
1.339755287035213183e+00
1.096382104810585734e+00
1.140465535980932144e+00
8.053072814119115463e-01
1.278004406599291487e+00
1.259230423761268813e+00
1.564084680231165869e+00
6.918327487914641694e-01
4.175001673326130813e-01
1.614476056349713362e+00
1.680867029072446339e+00
1.268311499945433019e+00
1.278757225087604033e+00
6.658219875176082381e-01
1.428949676727667706e+00
1.049388782169989653e+00
1.042149603145865022e+00
1.748236586994296404e+00
1.120065758490194074e+00
1.440301385905911280e+00
1.153576201608692786e+00
1.327774355808352125e+00
7.084353614387647324e-01
1.043505046351833832e+00
1.426053636345861353e+00
1.743861671282139536e+00
1.596561443817802850e+00
9.804964097389931021e-01
9.137706065592545723e-01
9.636298225689194918e-01
9.147734584887950993e-01
1.683712771131346209e+00
1.260104352619385804e+00
1.354755620671223904e+00
8.806428821087866066e-01
1.152117147282446519e+00
1.917541842312897815e+00
1.195153651323486388e+00
1.431525775394968170e+00
9.490555224202597007e-01
1.598568816213400412e+00
1.124057556746145492e+00
1.396003419918238508e+00
9.811935056940241928e-01
5.161213136128953716e-01
1.078828316728769110e+00
1.313030847308993998e+00
1.047093137508254390e+00
9.894144316624656765e-01
6.794486332779263726e-01
1.503583736752291289e+00
8.114198855555072587e-01
1.402296716552816402e+00
9.056079890751959072e-01
1.385588715635008183e+00
1.157654167623255459e+00
6.693684664168344511e-01
1.826264243617609973e+00
1.201609852986604832e+00
9.340938871224266915e-01
7.489070992012114569e-01
1.576794091594647895e+00
1.608167676896498088e+00
9.926209355990819327e-01
1.873204811334440834e+00
2.126675841203140571e+00
1.308099278227400575e+00
1.038506431660691565e+00
8.879407694595869982e-01
1.365250978849974040e+00
7.484931167197222956e-01
1.880542317082112724e+00
1.051214456233102945e+00
1.301572569045523986e+00
1.182251938936010188e-01
1.308801706193475134e+00
1.161429911663317327e+00
1.331571583720376317e+00
7.151058943716041005e-01
1.224348993503622252e+00
1.467005719116204032e+00
4.843064979231743727e-01
1.202506375012109885e+00
1.553628623230023376e+00
1.250990881203696281e+00
1.055855665621013628e+00
1.133474867170437550e+00
1.842784853673146150e+00
1.857056046178340303e+00
1.382372806148648658e+00
9.650533515831136722e-01
7.255245868328861203e-01
1.382179670976429131e+00
1.637614716321631469e+00
1.050335421243164813e+00
1.276317962665325378e+00
1.290969292153154813e+00
1.156127558607770833e+00
1.861190099091843519e+00
1.044549553921372054e+00
1.992909950444774259e+00
8.093607705181731227e-01
1.237450812801661915e+00
1.143654540293657762e+00
1.345166084047251909e+00
1.562832475915832076e+00
1.109220799478093378e+00
1.153556137821606820e+00
1.411836950636170096e+00
9.588716148591190924e-01
1.017990924761388083e+00
9.811935056940241928e-01
1.626883673649660578e+00
5.768309189001200599e-01
1.158900516708968986e+00
1.248167328241515994e+00
1.952733769627771787e+00
2.807460251805544704e-01
1.206758612567279565e+00
1.053743565369116508e+00
9.911381614773110416e-01
1.175939465726117517e+00
1.108879030163088864e+00
1.278453890489342770e+00
1.211349084531440079e+00
7.867493916643800711e-01
5.942387340777652849e-01
8.188851591108857741e-01
1.609146571132579417e+00
1.242399438237456799e+00
6.588754501441621558e-01
4.901362241601956438e-01
1.323767984039005086e+00
5.210912783984784635e-01
1.284919179045451054e+00
1.648697549999804668e+00
1.126170346920895238e+00
9.613090545132999543e-01
1.194761745362060923e+00
1.012711738262952688e+00
1.744045972376575104e+00
1.660482479143143397e+00
1.162677121247513989e+00
1.457002152277286244e+00
1.391141799123847944e+00
1.132252332243070647e+00
1.102357238835480535e+00
7.546780039459386469e-01
1.384923146403010286e+00
9.417763091369001360e-01
4.355033375209707014e-01
1.018943954292277132e+00
9.975638326835668535e-01
9.815952803226708490e-01
1.041093026342823524e+00
1.105196086733667427e+00
1.562832475915832076e+00
6.379377294013006683e-01
9.693920051438438268e-01
1.087372819207283792e+00
1.109697727064373529e+00
8.859611682415434730e-01
1.053614824533903871e+00
1.041238607353507373e+00
9.810144734982741976e-01
1.319245727428360437e+00
1.088387946168649645e+00
1.089136521712945394e+00
8.009665413674932344e-01
1.759680808429775700e+00
8.691090817302083993e-01
1.088835391289207033e+00
1.179306037696653320e+00
7.778208913717874484e-01
1.207567316555477221e+00
1.118742842021494432e+00
1.123421777859119342e+00
9.948353710753282675e-01
7.604283099111724953e-01
1.170892406605670066e+00
9.759294207023316847e-01
1.546404573034891428e+00
1.182988401703530368e+00
9.126543768630773767e-01
3.015238357570307337e-01
1.337592581178388640e+00
7.790609636775294167e-01
8.504824536091352138e-01
1.687691260321466435e+00
1.360482058790376758e+00
1.220723079664176147e+00
7.832809207824293907e-01
1.092144002915060641e+00
1.233030176077291484e+00
1.446875469605885201e+00
1.255240787433808514e+00
1.998256203223540917e+00
1.163534796027739127e+00
1.404659208057446707e+00
1.143642890636414888e+00
9.473864072204912778e-01
1.094888512828621430e+00
1.414056759195317037e+00
1.690739149803839103e+00
1.414557895684380062e+00
1.292184304069582845e+00
1.916583985251445688e+00
1.292184304069582845e+00
1.710138801951909482e+00
1.335694696829956563e+00
1.313444743384394542e+00
1.544314340688036857e+00
1.203697290657207208e+00
8.544157567892465277e-01
1.474957611904421428e+00
1.209426745935520797e+00
1.336218748726737182e+00
1.090478095095424926e+00
1.020658683579149795e+00
1.257802097328418300e+00
1.333377156898648552e+00
9.563928217538434362e-01
1.038006722247241997e+00
1.513753901502265187e+00
1.226292557660783711e+00
7.752473686390690677e-01
4.768293075364005151e-01
1.838575608857090149e+00
8.819153427798142042e-01
1.073835879301582752e+00
5.497079105665964027e-01
6.733628958645120344e-01
1.213146538626698190e+00
6.615068664780768826e-01
8.659275816690936711e-01
1.747561750083844956e+00
2.157336421019616424e+00
1.046631815628883411e+00
1.571372107614834812e+00
8.063137720418868115e-01
1.517989698830490841e+00
1.104712097300638129e+00
1.207889211709016530e+00
1.213178206782495439e+00
1.116100628671699235e+00
5.737144326653667026e-01
2.655352078495481827e+00
1.035278643088586970e+00
1.387618505908585265e+00
8.314326500245484697e-01
7.179086555996352370e-01
1.105569222428597786e+00
1.061626655861577895e+00
4.273455364244944099e-01
5.840506700863181688e-01
1.335624611808412299e+00
1.141400250392476501e+00
1.316288815957826763e+00
1.003665175424401923e+00
1.982886172643533618e+00
1.493609599071844096e+00
1.060870069241059310e+00
1.710933032285245625e+00
1.155306982043360131e+00
1.061400068714039024e+00
9.719534621719516654e-01
1.385687571625465742e+00
1.640059929171289399e+00
1.053918273699611552e+00
9.455391193838083019e-01
1.284219692397898127e+00
1.110045387257533545e+00
1.087959388595225008e+00
1.658673330099897703e+00
1.083353577067991624e+00
3.542131038745394700e-01
7.751937349734651095e-01
7.059642047096139628e-01
1.737127886563183621e+00
1.069895893460217851e+00
1.041238607353507373e+00
5.001874395566282550e-01
7.697235592533274717e-01
7.464009159280043937e-01
8.093638284316139186e-01
1.025875545122424182e+00
1.211761218546938856e+00
9.346540357041666081e-01
1.286311581735263720e+00
1.273440139770345425e+00
1.186861028526963180e+00
3.193922040485519531e-01
9.944370066999465019e-01
1.206044124728249844e+00
6.398647250670116415e-01
1.962464264054106344e+00
2.149871351432100841e+00
2.091703626803475213e+00
1.675239736046766792e+00
2.391701203807488518e+00
1.009514027179174933e+00
1.042255522290750136e+00
9.789852854757938871e-01
1.557821785965048944e+00
9.736952024612319789e-01
1.020829068252207428e+00
1.079818281486080389e+00
1.076787006399021251e+00
1.562460494397205357e+00
7.774890922702558660e-01
7.016346491529036333e-01
1.671784516319265057e+00
9.038028844020951080e-01
1.042005019171991620e+00
8.821820299060809667e-01
1.260170296997928929e+00
1.452091421009567229e+00
6.309769873949283570e-01
1.684380175995895401e+00
1.238931571923287622e+00
1.827737837404843413e+00
1.216856304024892532e+00
2.082906828965303880e+00
6.268364102200525423e-01
1.299952737446526729e+00
9.206173034231565078e-01
1.139852044111268947e+00
1.196878099815314123e+00
1.864048983269580351e+00
1.072282316167970206e+00
7.416069251983175015e-01
1.202760057009896189e+00
1.101162278754512114e+00
1.088769365963865310e+00
1.120557296232478350e+00
1.929795860177561106e-01
2.802306043371562971e-01
1.056743912853754352e+00
1.741025441915510896e+00
1.869399706111928294e+00
9.464202415926253886e-01
1.755752712140182581e+00
1.615221337287113590e+00
1.217357446044017966e+00
7.146809061916843397e-01
1.891039795972019100e+00
1.506318131170960140e+00
1.403104034557831392e+00
1.508149707187720345e+00
1.206607363638984909e+00
2.042038481534938388e+00
1.319464001047509161e+00
9.677819090743458030e-01
8.544157567892465277e-01
1.960580167936396556e+00
1.076198740033087464e+00
1.758338615400178995e+00
1.841757869326878572e+00
1.119487240562654806e+00
8.460787924166968121e-01
2.505107218459759366e+00
6.755919584980434323e-01
1.244447458823851438e+00
2.073234545298131837e-01
9.465035530928439522e-01
1.854836469891416373e+00
1.924125630323830549e+00
1.575837379104154445e+00
7.631015059939433298e-01
1.643545800712181038e+00
1.181763303994091796e+00
1.457083949182036653e+00
9.830346719187139648e-01
1.025639293753347170e+00
1.618266273555466706e+00
1.378126211808734736e+00
1.868883406205978703e+00
1.611112643113850940e+00
1.229335476303549113e+00
1.019643908864937165e+00
1.349235585735669929e+00
1.744179408881988969e-01
1.671295747874319559e+00
1.173709752351648872e+00
1.007728947008416309e+00
1.387773489117326120e+00
1.071183278405169581e+00
6.121228854135454256e-01
8.224141314271568026e-01
1.096293646909795250e+00
8.017466929928008801e-01
1.537148139495551513e+00
1.060870069241059310e+00
1.731316506524242183e+00
5.259110190770586168e-01
1.146653218954695408e+00
6.338117359899977377e-01
7.516168840889683178e-01
4.890963996370533695e-01
9.249300709101418994e-01
1.073071659973716674e+00
9.346074896205984750e-01
1.099139878220146471e+00
1.393022817642030953e+00
1.021927864681015041e+00
1.397874863113722776e+00
6.873341189726358547e-01
9.459087524634980371e-01
6.662273548238241139e-01
2.213486463608503596e-01
1.166218956892207670e+00
1.577790036614479030e+00
1.062054153552811409e+00
1.325356272352534726e+00
1.044949456078604788e+00
1.032931864049831949e+00
2.359960728277046282e+00
1.847285101827628395e+00
1.308736619962974412e+00
2.863923840357882056e-01
8.258370754684885018e-01
1.196367783401421248e+00
1.203633214997216871e+00
1.516904648644304299e+00
1.460408075563432551e+00
1.097677817711154580e+00
1.311669710935353228e+00
1.048598324327380871e+00
1.028591184099570066e+00
1.574168450348926607e+00
1.727348694661048789e+00
5.117958293990094720e-01
1.040361769648406876e+00
1.237043461032555136e+00
1.175042456927642753e+00
1.067527373356195630e+00
2.261512708175998920e-01
1.078660388404585779e+00
1.424475708976671973e+00
1.101758077374124900e+00
1.384812396468866114e+00
5.514148143534703950e-01
1.007848627741505965e+00
8.886506535408755791e-01
2.075226323406983653e+00
1.050891452647121360e+00
1.052080193092389315e+00
1.330684458996403752e+00
1.660482479143143397e+00
1.192420317424989662e+00
1.524771921662392948e+00
1.061478019119032501e+00
1.464706768708871509e+00
1.044510955034961608e+00
1.022960578672855059e+00
2.436634268754506394e+00
6.278965298300321907e-01
1.143091214127486488e+00
1.045264395623253240e+00
1.114269867880231413e+00
1.571543285478368857e+00
1.102719558121618926e+00
1.450702459941190847e+00
1.161126267876159357e+00
1.694731936866012090e+00
1.230095602959516254e+00
7.813369155282750000e-01
1.373380581166005809e+00
1.679418684167435227e+00
4.228134796269584772e-01
1.001174201294701582e+00
1.470806261636561141e+00
6.268140798719954443e-01
1.031157136282029985e+00
1.691776593982959653e+00
1.433888767720855384e+00
1.317751018937949326e+00
1.049545574866964648e+00
1.234857469318473289e+00
5.380573343612936599e-01
1.153576201608692786e+00
1.584748115745062913e+00
1.891039795972019100e+00
5.661249265467849234e-01
1.911082244259642016e+00
1.369670395861327439e+00
2.512025707509768502e+00
2.864388205605766791e-01
2.330219758130676944e+00
1.315023218287272089e+00
1.232866224519391096e+00
6.361000646852719154e-01
1.181272652357002517e+00
1.152530348929232895e+00
9.920447666418837906e-01
1.454415091753871181e+00
2.010434914098034653e+00
1.918484593291833962e+00
9.736924842387427725e-01
1.577456125156034394e+00
9.939896469805893364e-01
1.260170296997928929e+00
1.523757959874109336e+00
1.253833610972526103e+00
1.260907161947358635e+00
1.852683613528721407e-01
9.902207884037294017e-01
6.971215451531280749e-01
8.991609083787802659e-01
1.013660341334913451e+00
4.597725121326892150e-01
1.051662300655118010e+00
2.465969050999615997e-01
1.426021746523942646e+00
9.421563297561645900e-01
1.287105039181542621e+00
1.503583736752291289e+00
1.259873951437934236e+00
1.252036111346663816e+00
1.199751352615196831e+00
1.094275909822781223e+00
1.087563381044245769e+00
2.517748806179048948e+00
2.770718226238003123e-01
2.152484587594722387e-01
2.578727865854196555e+00
9.138723954921297299e-01
1.480627307451299890e+00
1.244218634664634449e+00
9.907023004758152007e-01
1.756022473065161238e+00
3.306542226787018146e-01
1.549148177745617305e+00
8.746294334190641839e-01
1.011346260369000216e+00
1.347563389409418555e+00
1.096468226666760248e+00
1.073476083408821058e+00
1.060957160818329248e+00
1.149466780503483720e+00
1.462991033526859663e+00
1.839058835159192551e+00
1.469845505991420831e+00
1.566653894671579339e+00
1.701811721909726849e+00
1.212450255710761926e+00
1.266631841297815253e+00
1.903412421678403410e+00
1.036317378566846914e+00
2.501486446301333988e+00
9.993817400488217428e-01
1.183218842404908822e+00
1.235395819079006419e+00
5.227629862592619858e-01
1.175231060130027538e+00
6.870064223371405987e-01
1.947579108922877333e+00
1.348510129732657159e+00
9.733602531635561217e-01
7.373227820064190974e-01
2.685326405087157808e-01
1.241532195487745183e+00
1.558411373952577339e+00
1.501365972342209254e+00
7.524139143774851712e-01
1.083415508905448243e+00
1.460202443732528721e+00
1.051440652362727768e+00
1.205803920749418889e+00
1.625979602603194074e+00
2.123437741742109530e+00
2.091919479675571125e+00
6.967996239480853671e-01
1.061195975005505332e+00
5.819984636679519374e-01
6.835050572947481973e-01
8.912212766285041443e-01
9.086256134270829232e-01
1.028541874287522084e+00
1.383892853430340963e+00
5.583952774342200165e-01
1.113050488970746432e+00
1.636512803665413518e+00
1.211105174708034582e+00
9.592508146848575112e-01
1.015282253562522774e+00
8.257960514171669431e-01
1.243216411122928022e+00
1.759884026542322344e+00
1.382920974385039692e+00
1.729060607911588887e+00
9.294720665018919581e-01
8.047580730343061317e-01
8.056658032700818595e-01
7.327784480855439320e-01
9.820063504961049627e-01
1.119950653906562676e+00
1.668062429366089727e+00
1.101648378078152524e+00
9.243379480266876724e-01
1.111929499565694979e+00
3.563061831866942697e-01
1.328555699088822983e+00
1.083986537281603102e+00
1.290384466007580277e+00
2.439840411783539498e+00
1.474800633821887086e+00
1.170574678894703569e+00
1.345005185020638150e+00
2.433642892838957295e+00
1.277832549254205530e+00
1.507989717718098532e+00
1.389810909114408188e+00
8.371452164893914416e-01
9.625661800541589486e-01
1.410929097156248480e+00
9.340938871224266915e-01
1.957842358475792244e+00
1.578672411750827509e+00
6.240205549102942895e-01
8.177748081870970243e-01
1.485856253294889795e+00
9.524520006060521737e-01
6.669571785718997337e-01
1.306916987174057576e+00
9.523178061675663386e-01
1.319582932455304780e+00
1.635725864032239851e+00
1.535083683414414146e+00
1.347086784681225780e+00
1.074574785732067772e+00
1.535610759790450919e+00
1.778031341306485658e+00
1.488188121473523973e+00
1.021099496212380942e+00
1.828802348533693500e+00
9.070907104252058373e-01
1.691634043302819856e+00
1.528105907936456731e+00
9.061825280058734000e-01
6.155974317858046163e-01
7.695920311051421825e-01
4.342472520730191743e-01
1.855066773530498203e+00
1.347980923687903454e+00
1.025709664119088815e+00
1.779940476037789265e+00
1.165880188692561159e+00
7.550400527703707843e-01
7.862666098922611591e-01
1.049342510940347806e+00
6.611494010844939373e-01
7.419458742681021013e-01
8.935015148577835076e-01
2.130925467818944430e+00
1.171126210678708590e+00
4.221354586193451497e-01
4.966953217986490587e-01
8.702582771294438135e-01
1.096660558240281080e+00
1.502934230475466260e+00
1.008694698140310653e+00
1.458790621434440826e+00
6.772557775312735284e-01
1.414570402936748739e+00
1.071837471435283407e+00
1.212467300211742538e+00
1.187704699676339848e+00
1.391435109293606365e+00
1.234893137347643277e+00
2.466738244413105297e-01
8.997825800555900866e-01
1.184186926264081618e+00
1.417248042199707347e+00
1.686104063284485366e-01
1.230464212534744917e+00
2.333154688090811391e+00
1.530434221729187749e+00
1.149864448828078034e+00
1.344008230310062446e+00
1.581655599202539619e+00
1.435474663126638850e+00
1.066250236688998099e+00
1.460202443732528721e+00
1.096337669718680408e+00
1.155427759520629261e+00
1.100624709253949174e+00
1.078478953795614093e+00
1.135461003171522432e+00
5.651013322959568264e-01
1.126246459834137958e+00
1.738475556631669416e+00
9.345286227941008717e-01
1.193942399947655719e+00
1.633524769650534836e+00
1.054251292936093876e+00
6.937638303142358298e-01
1.565261201422912807e+00
6.215323998505860592e-01
9.716945438058993689e-01
1.292392588767016015e+00
1.549900883488479764e+00
1.057283107356368435e+00
1.153615300953035661e+00
8.556288794574569145e-01
1.215726994066757216e+00
1.248726140149311492e+00
9.422410217534958887e-01
6.926903821168671760e-01
1.800996532495908964e+00
3.098795654475982805e-02
1.319972827160098117e+00
1.074227136543794092e+00
1.308928831436573903e+00
1.499126327957937876e+00
1.153624663254784188e+00
9.065453608563195376e-01
1.209596078002785235e+00
1.017741043958969360e+00
1.103371022298284432e+00
1.046961031957784005e+00
9.426279716968932743e-01
1.449663881200667026e+00
1.123178894526297489e+00
7.619728593765221492e-01
1.039740477151698039e+00
6.125853830460572524e-01
1.273440139770345425e+00
3.845928261763236766e-01
1.800505303784135425e+00
2.144194592542214117e+00
1.251066662088240689e+00
8.257461966428051303e-01
9.894668285135985730e-01
6.873955073477276967e-01
1.495019029600244131e+00
1.345717503644692670e+00
8.922390842213850926e-01
1.093468245769472214e+00
1.460265277464530387e+00
7.270579732241329030e-01
1.393286416135546490e+00
1.379093456619405522e+00
7.337469089883957851e-01
5.604287775114743519e-01
4.806302251655258928e-01
3.665445762262344864e-01
2.028894531186221872e+00
1.539614735873675810e+00
1.272684531168927879e+00
8.691090817302083993e-01
1.177420258418816257e+00
4.779246408763724863e-01
9.406838657685624439e-01
1.203536999088833381e+00
1.558232744632865652e+00
1.200902996642854381e+00
1.371421287705628655e+00
1.141719738279134644e+00
6.926590739762228388e-01
1.398689809496846737e+00
1.153655748641636336e+00
1.258193166196302393e+00
1.552323844362519356e+00
1.042425889078118839e+00
1.106869577216965217e+00
1.037427744843021804e+00
1.080603035286846980e+00
1.378574865215445477e+00
1.615490177412984618e+00
1.191557011421219503e+00
7.519712314753107529e-01
1.561547629645072544e+00
1.615824609067297413e+00
1.803764262041795075e+00
1.467867995016814531e+00
6.309769873949283570e-01
1.120719165150263041e+00
1.722404039513169005e+00
1.028077681359283346e+00
1.282787670518496848e+00
1.412091886069131830e+00
1.128780207444560313e+00
1.069119509991923955e+00
1.211428230021488250e+00
1.488331501774264876e+00
1.336676999258846754e+00
7.658939070843102659e-01
1.319738742093138795e+00
1.648570849522697168e+00
1.691622774303003229e+00
2.019319535565400336e+00
1.233955807534490967e+00
1.099266232667032162e+00
1.268602692571337398e+00
1.864315952325566128e+00
1.833220711287202542e+00
1.481834581582244459e+00
1.545353645652463914e+00
1.202908542543395187e+00
1.151860126317475697e+00
2.624480367570441786e+00
1.095053757928299731e+00
7.416069251983175015e-01
1.162923579509190564e+00
1.033857593274055242e+00
5.679143341947328061e-01
1.170060866104078112e+00
1.276943066424928386e+00
1.202544409670226688e+00
5.866216290281540680e-01
1.263299973020600486e+00
1.820297603938003217e+00
1.702818899908911332e+00
2.517748806179048948e+00
1.318300759022026147e+00
1.442297997471803983e+00
1.967906896123294391e+00
1.186524747829345250e+00
7.252923750310231732e-01
1.595472228417284422e+00
1.557781103455646354e+00
7.797396502513120886e-01
7.417326721093105979e-01
1.768857053448075867e+00
1.078502119295147166e+00
1.459784853692982720e+00
1.089536388442110981e+00
1.115474744656287376e+00
1.139473907512215334e+00
1.367420081427685341e+00
1.352975407379540362e+00
2.336993379322599707e-01
4.943690991693356351e-01
1.455331119989023758e+00
3.695044034437237612e-01
9.886474075884720270e-01
8.536694453144649808e-01
1.003439124989439213e+00
1.007701407100773716e+00
1.828051751277065540e+00
1.705182591685072024e+00
9.667627918376531237e-01
7.267436021443592908e-01
2.807460251805544704e-01
1.605806773116120967e+00
1.207413455478154596e+00
1.597259786011175242e+00
2.356131790369399237e+00
1.942569618876890392e+00
1.164035988001373090e+00
1.225795822647132383e+00
1.102357238835480535e+00
6.422271985143905848e-01
1.184062528748263787e+00
1.565216997016769973e+00
1.401619346558737211e+00
9.930404353345800850e-01
1.217713802507394583e+00
1.546712126450704217e+00
1.880436502602276683e+00
8.849816856345703586e-01
1.743362086677691547e+00
8.528268788404511636e-01
1.678100493764451917e+00
1.235580237319066299e+00
1.580516544653630451e+00
2.018127522583721856e+00
1.641641436333765025e+00
7.831641883762022749e-01
1.068257097382159015e+00
1.069267322120954544e+00
1.396230975409129993e+00
1.133538465555523178e+00
1.255885960528293932e+00
1.306129913303848200e+00
9.737821822289792761e-01
2.099133223534103365e+00
5.845629877007115782e-01
1.452272677151467795e+00
1.143316000865036708e+00
1.109701882896517944e+00
1.040415039220406568e+00
1.248353932389681509e+00
1.656605410064678763e+00
1.280210220219375694e+00
9.904174870690169996e-01
8.770631513976041571e-01
1.767930343208090616e+00
8.015450622844716433e-01
4.310632922211963258e-01
1.158843248623575795e+00
1.630044323073877699e+00
1.589964117291844614e+00
8.459472710019282360e-01
1.048161962733938468e+00
2.339078107263867778e+00
9.942261230328790500e-01
2.035123923314512417e+00
9.002128720139258578e-01
1.218152587374748741e+00
1.614437288762263556e+00
1.685615344456959042e+00
1.008109515229849151e+00
7.411065815182029670e-01
7.550025512459435095e-01
1.035052934454728568e+00
1.038791291834023633e+00
1.243356558796509637e+00
1.531908529670714003e+00
1.439684484496083439e+00
8.724385536547603071e-01
1.319047793217366760e+00
5.619675869026974357e-01
1.653994305479042914e+00
7.661258037120082243e-01
1.132119263271242016e+00
7.721947604784976660e-01
1.013701342085863821e+00
4.837510096962767681e-01
1.385588715635008183e+00
1.250135390124697432e+00
9.202036034269411857e-01
1.739306793942283269e+00
1.033374276814753356e+00
9.729831647324099775e-01
1.478342072056129108e+00
1.270940892043548764e+00
1.043319796295726576e+00
2.093383085716146841e+00
7.026343520592992498e-01
1.267064805455755394e+00
1.004160436006510171e+00
1.007166118597003779e+00
2.072392745783200318e+00
1.758927472352527666e+00
1.561457529356620411e+00
8.805911371450177993e-01
4.326131488731019825e-01
1.873599206197791744e+00
8.109043028069242709e-01
1.867852311701083012e+00
1.437008464945793262e+00
1.172922559791414354e+00
1.085425743343979010e-01
3.055472999007384782e-01
9.326125961381913632e-01
1.198002504585035322e+00
8.384029829637130726e-01
2.092396708441774056e+00
1.706288524318962274e+00
8.371452164893914416e-01
1.536391174349923450e+00
1.743025383100046621e+00
7.584273923799047523e-01
1.064079907082387866e+00
1.096418092265015298e+00
1.508029331969612530e+00
8.587480586935141158e-01
1.335404446954755686e+00
1.067878891063051006e+00
1.132704222202754574e+00
7.442716680213006253e-01
1.128463212933866089e+00
1.567913605480029560e+00
1.181723908148795799e+00
6.747216368963655508e-01
1.155896982701664966e+00
3.851095739245632421e-01
2.068148282234542723e+00
1.754995645092681356e+00
1.007664286885304294e+00
1.876396580420267801e+00
1.098570678022071867e+00
9.328344603541984803e-01
1.094415659522799178e+00
1.018919167249176194e+00
1.079041022723268517e+00
9.737821822289792761e-01
1.213531717399865206e+00
1.548232049433248214e+00
3.563061831866942697e-01
1.234399236858540583e+00
1.140973018124556537e+00
1.231628703207797715e+00
1.079162162146703352e+00
1.206375130174815569e+00
9.762403629210650857e-01
1.152635129112771439e+00
1.025506666679903756e+00
1.478034042305368834e+00
1.119424654093159166e+00
1.758980702901364213e+00
1.077638045666686528e+00
1.136635943906608048e+00
2.466738244413105297e-01
1.135614718855353367e+00
9.562565654859095376e-01
2.542343475398280983e-01
1.480175169590464135e+00
1.148433033703720518e+00
1.130948869102233578e+00
1.030043748583279850e+00
1.484122513550915734e+00
1.913027120621086485e+00
1.510255971629510308e+00
7.082358312554440927e-01
1.600413283745248716e+00
2.017768722994059960e+00
1.155345355466219859e+00
2.614110329097765639e+00
9.354014884276099506e-01
1.921870820410513270e+00
1.096761967546614480e+00
1.455845612878043926e+00
1.301093343191767726e+00
8.742340971493040014e-01
1.045969952992452434e+00
1.678671593351093838e+00
2.336993379322599707e-01
2.322135107965772605e+00
1.250366163603621628e+00
1.363030337062187680e+00
1.313526655662000664e+00
1.058253395756745041e+00
1.737361267792383979e+00
1.083718278081541087e+00
1.030005635650689033e+00
1.120110943082350596e+00
6.588754501441621558e-01
1.352005599599859442e+00
1.665537713262953634e+00
1.134007803547397275e+00
1.119553171565686123e+00
1.380015881489758289e+00
1.320224000267903097e+00
1.012898681554988300e+00
1.585318934394005064e+00
6.051314953831925525e-01
1.039809869764411809e+00
2.043494944548334580e+00
4.796424311308585264e-01
1.584798465958587421e+00
2.520143872601087409e+00
7.526797320289178028e-01
9.206173034231565078e-01
1.144057456530704231e+00
1.130783503956407365e+00
1.333064919828520045e+00
1.238588231598888756e+00
1.768964443602984105e+00
7.448619363503949931e-01
2.303804237574627878e-01
1.105526830323341869e+00
1.325365177067904021e+00
1.422972913978594489e+00
1.086851734778767842e+00
1.835602841118249895e+00
7.317848858270245005e-01
1.394301672707257911e+00
1.365485649975411775e+00
1.984670916269273944e+00
1.183012560811277147e+00
1.078843576321470765e+00
1.342893419335444039e+00
2.627686914054915057e+00
1.363030337062187680e+00
1.654741675188916128e+00
1.151469021694085049e+00
1.179639498900604044e+00
1.235151123761844438e+00
1.821908043266873056e+00
1.666034684525044218e+00
9.444682118735208132e-01
5.643312085984936166e-01
1.433460982604156220e+00
7.979282164646924747e-01
1.380314343527185850e+00
1.721309240715376054e+00
1.580280080068981352e+00
9.167576088197955109e-01
5.846841678330205738e-01
1.584728333291557378e+00
1.163460622028655189e+00
1.193839301546836262e+00
4.014514950601230092e-01
9.993667811305986248e-01
1.203897048143103943e+00
9.055540088589683068e-01
2.256404902616269581e+00
1.921018190521826208e+00
1.975351579652677492e+00
1.359473647013655029e+00
1.080976041663376463e+00
1.616986729379511489e+00
1.097789927736328774e+00
7.609908344005339442e-01
7.678878378319897724e-01
5.541298710920266046e-01
1.304790430811676449e+00
1.346137370041978754e+00
1.270119509505497568e+00
9.518986621825457073e-01
9.456839303062933855e-01
1.238307326918331785e+00
9.805665684479096811e-01
1.593174146839278160e+00
1.021834231712986929e+00
1.483335423473645998e+00
1.195151639502338714e+00
1.680867029072446339e+00
1.142984338293289381e+00
1.284458624019538808e+00
6.754749510512054744e-01
2.323027098727009854e+00
1.737613975728462989e+00
1.822399249201369642e+00
9.262176431009483402e-01
1.390061379884238058e+00
1.722404039513169005e+00
1.376613823981091667e+00
1.398490113957205239e+00
1.226931367748020474e+00
1.136793022804469810e+00
8.061251168703402747e-01
1.033220317883183803e+00
1.132804483944233942e+00
8.828366362236066411e-01
1.240256448305853354e+00
1.482879692119170478e+00
1.126932618667803920e+00
1.303881113284524718e+00
2.845629717794456170e-01
1.398866623046071789e+00
1.465803927821839325e+00
8.513404852864661088e-01
7.730011987865020862e-01
9.936324733901445994e-01
1.268662473099223087e+00
1.208694851617321264e+00
1.807111138553620711e+00
1.073835879301582752e+00
1.382179670976429131e+00
7.225145865063344885e-01
1.071617991244263157e+00
1.157945589895073013e+00
7.180230135937237801e-01
1.503866303414938432e+00
6.033571964530918263e-01
1.258343156462574886e+00
8.161218928490384661e-01
1.516989617676279378e+00
5.421253992697028234e-01
1.654741675188916128e+00
9.174154806451327859e-01
1.326740913367766117e+00
8.942943344879152878e-01
1.152939550451531847e+00
1.063394780013320107e+00
1.178036012150595058e+00
6.843352773400063205e-01
3.184818439708674287e-01
1.136635943906608048e+00
1.612602067104208503e+00
1.107184757738132852e+00
1.119301782821638946e+00
7.464009159280043937e-01
1.386171472991759357e+00
1.047668738813012146e+00
1.321051179656050234e+00
1.128346976596593443e+00
9.735282663562331296e-01
1.142444810623814977e+00
2.537795701682336702e+00
1.637279972436897157e+00
2.242394517125048115e+00
6.501121021550533285e-01
6.799614947743490845e-01
7.561974698729088118e-01
1.319512718811293839e+00
1.179306037696653320e+00
1.041889976891743785e+00
1.905254745361724567e+00
9.913633825101976216e-01
1.826582123744576736e+00
1.275707836838542608e+00
1.153895206394741413e+00
1.369504953267776992e+00
4.054673346049521010e-01
1.422687932188428706e+00
1.153492537574755783e+00
9.279095966712808119e-01
1.337549170102817486e+00
9.439597723295979348e-01
1.114167208185057545e+00
2.268506023260083992e+00
1.155179922707292084e+00
1.296731786344695658e+00
1.113280276160661941e+00
1.420554763148879296e+00
9.069770742350411474e-01
9.496387770341917500e-01
1.200130301501270091e+00
1.003023928317236191e+00
1.414276387489395992e+00
9.157162203390897259e-01
8.445643464418961521e-01
1.652576887747026824e+00
1.055255838627418230e+00
1.144113179842072281e+00
1.115249980724612344e+00
1.194352050959410549e+00
1.429178621267815086e-01
8.069801822650056744e-01
8.646925433648663395e-01
1.322753522228534706e+00
1.101271295479195222e+00
9.396864665217494750e-01
9.963499056474433013e-01
1.263292651602108130e+00
1.723359249927275405e-01
3.368366765025015974e-01
1.085295687284849153e+00
1.461066004283770425e+00
9.607629776591736226e-01
1.478018823275212057e+00
1.109120444604722699e+00
8.119738388632148363e-01
5.433179966602740274e-01
1.207642358527427628e+00
9.725139100302699902e-01
7.725685388542958831e-01
1.055697292862484371e+00
1.163685919020980730e+00
1.851704569224390973e+00
8.517005945715251380e-01
1.022326680280615019e+00
1.190870569488777564e+00
9.300887692660783079e-01
1.268554511572474786e+00
1.059442993700357549e+00
1.074133335684583024e+00
1.316288815957826763e+00
1.208713075159644434e+00
1.382391529501087346e+00
1.725608259234285402e+00
1.051771381365797398e+00
9.419084268810681282e-01
9.145641511134726676e-01
1.134289215016322849e+00
1.119012197730687719e+00
9.889000130785494669e-01
1.197051773680579023e+00
2.231426515704189928e+00
7.549237124967587143e-01
8.323072983126138524e-01
1.426014715418623569e+00
1.081637023118179552e+00
1.088737881948578456e+00
1.273535526261165840e+00
1.257765867301810392e+00
1.055661557998171407e+00
1.197664367954401232e+00
9.036840687829464924e-01
6.475317885874604107e-01
1.502754282986137113e+00
1.263798252929730248e+00
1.695317935040215662e+00
7.821879595530741858e-01
5.087663418794742265e-01
1.222176097472812195e+00
1.128144935886103761e+00
1.446753733470344416e+00
1.425099437501268218e+00
8.310961686624270817e-01
1.271815535516082507e+00
1.113499567212075103e+00
1.294605552459763276e+00
9.108190541953394836e-01
1.320300020409083785e+00
1.226292557660783711e+00
1.420210031830163366e+00
2.107294688504970925e-01
1.006140293209231373e+00
5.088026458131746921e-01
1.568766937057673561e+00
5.709252099637205369e-01
7.293777999857840033e-01
1.019003506872563802e+00
9.809085952301940248e-01
8.020361155639700312e-01
8.980127293085220508e-01
6.937638303142358298e-01
1.220603447532230490e+00
8.850192178341413918e-01
1.460701700834826644e+00
7.405036551645891585e-01
1.017033824862478175e+00
1.307271120205433235e+00
1.174471976661653150e+00
1.141716925187689080e+00
1.072202226569030525e+00
1.247507099209087755e+00
1.639020325011846024e+00
1.023293945594270893e+00
1.142053615731254856e+00
1.182735775341252848e+00
1.092601622174951270e+00
9.280728894731410383e-01
1.454897374348709471e+00
1.050007360270362344e+00
1.302337123255694395e+00
1.110369093338300805e+00
1.778031341306485658e+00
1.657820731210234211e+00
1.059971373235192083e+00
1.269628224048618748e+00
8.172570280517171826e-01
1.770565870630841088e-01
1.394106849809943371e+00
1.172483674279848564e+00
1.205683485033780089e+00
1.030410643025075901e+00
1.098183524645890863e+00
4.590877540338582641e-01
1.414056759195317037e+00
9.426576420394873201e-01
6.255704258918619587e-01
1.702475823455108506e+00
1.178177793418852870e+00
8.549249397510083615e-01
1.062183874746472245e+00
1.371368534200969158e+00
1.011342298756980229e+00
1.705182591685072024e+00
1.232488992731217703e+00
1.165272061167874851e+00
2.238089519546760275e+00
1.275654039545051743e+00
1.154292205239251912e+00
9.575451968700606775e-01
2.612748830611324902e+00
1.144109370102593282e+00
7.532143264528912141e-01
1.537391099954684703e+00
1.342425492562459466e+00
1.348094500663760797e+00
1.050239023268578764e+00
2.164088327186687088e+00
1.024566716654076615e+00
9.612103927471731257e-01
3.385892454306456134e-01
1.394810148217240586e+00
1.090263416938003660e+00
1.588795611789090012e+00
1.535234427899664134e+00
1.773733815055741347e+00
1.071528245605288809e+00
1.673529245474367544e+00
1.207642358527427628e+00
1.615725772339928756e+00
1.135081308052134030e+00
1.591329748607088090e+00
1.673674639071620063e-01
9.979132798008156779e-01
1.546991754446435940e-01
1.202760057009896189e+00
1.598782061695457335e+00
1.016137433939984236e+00
7.783783131729530291e-01
1.001174201294701582e+00
1.469624421726018593e+00
2.333679754111293914e+00
1.488540839910125646e+00
1.427082351527305670e+00
1.147602389276257684e+00
2.452754589959192266e+00
8.358045105974464262e-01
9.589780919425499039e-01
1.278028550312105605e+00
9.353736786596290598e-01
1.729714747884956161e+00
1.970489078553035567e+00
1.218714711505427983e+00
2.043294611687541007e+00
1.594406438040326446e+00
6.638318656314970978e-01
1.133347729467166776e+00
9.455391193838083019e-01
1.141697251677540548e+00
9.784812711489015991e-01
1.047066243804662955e+00
1.054383281476554801e+00
9.157279077262049372e-01
1.383038881819657728e+00
7.900402134642621199e-01
1.222739292943843648e+00
1.275074763564903124e+00
1.346305683982870649e+00
1.231434438048350177e+00
2.554961506081506073e+00
2.636825003581808602e+00
1.289772448618899281e+00
1.311822767136171963e+00
6.321670242387285032e-01
1.983267890698598546e+00
8.594029279110197983e-01
5.217881858701994835e-01
1.521815370748917706e+00
1.521971114479772957e+00
1.653997009683745967e+00
1.034771489942287515e+00
2.078748822718446299e+00
8.291979512136828934e-01
1.733118398833254581e+00
2.127437255570628238e+00
1.785461942805962376e+00
1.161150753047697215e-01
8.859611682415434730e-01
1.159290742018860731e+00
1.201948604952666200e+00
1.055609464697423006e+00
1.181272652357002517e+00
1.354755620671223904e+00
1.322308838270812137e+00
1.434062699729449664e+00
3.248602900728238541e-01
9.606038171253987734e-01
1.360691817742985199e+00
8.092230190079817698e-01
9.892600845976662338e-01
1.815919746138949797e+00
1.322815767409055043e+00
1.276229229008024602e+00
1.425223165633277222e+00
1.307295471856964264e+00
1.129711313885290336e+00
3.131024691632907642e-01
1.373537961367067961e+00
1.590255424436714415e+00
8.679649157311511987e-01
1.438580088120904321e+00
1.101758077374124900e+00
1.992511210630637741e+00
1.164015755653815098e+00
1.040073308271016073e+00
8.888422944491038979e-01
8.510920320202917111e-01
2.200724384984126036e+00
7.215104428386588387e-01
1.270711834283621222e+00
1.219844016861317160e+00
1.010516012439458322e+00
5.767415117213077203e-01
1.176947603480427595e+00
5.288999921564030426e-01
1.293371274351848399e+00
5.490135960257839232e-01
1.119227920446467683e+00
7.289243365553575993e-01
1.448946145098936267e+00
9.821973347604544546e-01
1.213373570737185103e+00
1.180902729545745489e+00
1.030970819616424672e+00
1.279179179205398587e+00
1.690463366333820661e+00
1.018139669663485236e+00
1.088777625338825050e+00
1.016226629574703111e+00
1.045837344320235340e+00
1.077009255958223166e+00
9.010193123917743518e-01
1.102817503246344089e+00
1.335941496655293159e+00
1.090970499521885850e+00
8.483253094726450616e-01
1.152262213296394888e+00
1.318483679244131457e+00
1.188063816666728778e+00
1.621767437700627257e+00
1.861601433158943664e+00
9.423010465304298977e-01
1.099369699984429127e+00
2.855684335197858914e-01
1.650438363279042253e+00
8.755332835099282063e-01
1.112793075349428840e+00
1.813168763912566650e+00
5.991222134880189731e-01
1.729406724138084828e+00
1.096627143557379558e+00
1.156351715814190939e+00
1.283292847084085864e+00
1.311305390699022633e+00
2.336993379322599707e-01
6.494802986228561670e-01
6.709318809555581131e-01
1.304851981627266344e+00
1.071617991244263157e+00
1.742604571850673745e+00
9.032598150196293751e-01
1.344335873638180301e+00
1.217980346383768175e+00
1.234675080386671508e+00
1.234857469318473289e+00
7.189678750533663454e-01
7.730011987865020862e-01
1.025138277971036294e+00
9.352813139456072067e-01
5.542254438360898483e-01
1.238222299854891073e+00
1.082377889782690117e+00
1.069267322120954544e+00
9.375431519005137382e-01
1.146066727221071613e+00
4.950172721012566779e-01
1.305304854911272017e+00
1.303689310097895682e+00
6.150221289865610563e-01
1.184231090609130677e+00
1.693042743915014414e+00
1.500555796379741569e+00
1.130865570046887925e+00
1.046573496293693672e+00
9.947402501316088275e-01
1.728575908377304904e+00
1.790804643373939076e+00
9.462423797031577211e-01
1.330501466337484118e+00
1.040703143896680949e+00
1.271028728384764772e+00
8.796904678668485689e-01
1.162024604981556131e+00
1.304439999193543809e+00
7.978875609213467168e-01
5.634997829157680771e-01
1.202506375012109885e+00
1.223787485718799806e+00
1.003439124989439213e+00
1.484694820036041474e+00
1.599203821181514495e+00
1.551187299774143380e+00
8.585673397708236676e-01
8.716807833215959311e-01
1.298205956239608660e+00
1.447288105750373477e+00
1.096260727866523066e+00
1.957917171913080567e+00
1.646426633892017044e+00
5.490771299343298883e-01
1.327962221872988513e+00
1.079692883489428601e+00
2.027090732175127918e+00
1.951863297266277275e+00
9.439759319211211697e-01
1.607087851359251474e+00
3.248995200660266258e-01
1.470490102593539739e+00
1.558531195426800409e+00
4.711902894374341844e-01
1.526054709133197296e+00
9.075425004172139598e-01
1.546220657683367472e+00
1.027590638438893977e+00
1.899106874561893754e+00
1.050187758638553515e+00
1.184239522991587190e+00
1.197295017796912386e+00
3.939160698708165653e-01
1.244881133189239542e+00
1.313718346867928322e+00
1.155608806115261400e+00
2.256404902616269581e+00
8.501531890714721929e-01
8.524873820937679536e-01
1.195362999131138970e+00
1.013957890149035590e+00
9.743026171218269749e-01
1.303881113284524718e+00
2.377446191471123349e+00
1.150619418204392952e+00
1.678244675265398778e+00
3.916420858148725315e-01
1.556847266212809444e+00
1.025875545122424182e+00
1.419011963424386513e+00
1.024561882649151157e+00
1.073840602188757876e+00
7.052465950817313756e-01
1.328213602993160380e+00
9.918327826727477148e-02
1.939404540323878434e+00
1.029254040537592063e+00
8.371754028621687382e-01
9.534189289380374799e-01
1.664276073066076389e+00
2.068496644120073391e+00
1.186154343549348011e+00
1.112778150833914736e+00
1.353792068128605974e+00
8.625615337587766440e-01
5.330278897637096280e-01
4.373066053075167492e-01
1.099572743044526346e+00
9.247168552175417666e-01
1.463334676907702470e+00
2.156827508906779267e-01
1.128470780300091514e+00
1.533484133424026785e+00
2.549616064142448124e-01
1.017995593461524795e+00
1.542884390055913713e+00
1.650119542101234904e+00
1.820637548987566579e+00
6.736555511145181363e-01
1.275511071729099388e+00
1.241522916212766559e+00
1.234615197676061982e+00
8.182771373304837947e-01
1.844024683659323705e+00
1.242568563718743579e+00
1.311893475489673833e+00
8.022667204184883438e-01
1.209427513973668988e+00
8.392045935513973154e-01
1.731798104770034596e+00
2.605054172302440074e-01
7.752684909961016224e-01
1.263292425425187160e+00
1.340273888084853482e+00
8.225755716319157473e-01
1.307830872527157462e+00
1.712253520564334330e+00
1.097732943214428047e+00
6.606096345941078196e-01
2.529951360647334280e+00
1.170406795428444058e+00
1.069965312781432587e+00
1.626561713228219075e+00
6.791711077200508484e-01
9.733602531635561217e-01
5.590729827942374497e-01
1.018766477900861167e+00
1.016712424727144626e+00
1.421494004707106074e+00
1.873326401389025841e+00
9.950039665558795265e-01
1.199369797925414982e+00
8.198154688358891828e-01
8.276408765684001301e-01
1.268554511572474786e+00
1.158130653301255197e+00
2.306683779649491672e+00
1.138903099809628117e+00
1.944337930513123425e+00
1.052909970842372367e+00
1.014313248834317172e+00
6.066618788215702995e-01
1.089902162746803072e+00
1.044775735400322869e+00
1.119301782821638946e+00
7.596661164062112892e-01
1.781813253127982000e+00
1.703394973280492497e+00
1.002507207436231340e+00
1.068071677692963517e+00
1.427071097709080805e+00
1.987525427543241019e+00
1.106648452168696117e+00
1.743417491300892852e+00
1.130469567263658881e+00
1.127633319143195534e+00
1.194771390652724641e+00
1.831021510597391044e+00
1.293022004274207992e+00
1.282884322100627195e+00
9.579397098260075127e-01
1.304537529284805153e+00
1.343902899268285323e+00
1.382614162825944293e+00
1.116399363798399991e+00
1.791209808104293311e+00
1.107905578170010230e+00
1.519205316901561131e+00
1.394392721650999256e+00
1.244447458823851438e+00
1.051890381791553031e+00
1.749277398680940676e+00
1.278260546643878559e+00
7.225002878347954738e-01
1.182654587190949513e+00
1.422806086937231207e+00
1.143761683360526860e+00
7.028093253782053962e-01
1.816958328998418803e+00
1.650015900884307607e+00
7.375681285113703245e-01
8.039701838956754276e-01
6.928171998503506179e-01
8.964106052686089399e-01
8.114653527235963226e-01
1.179835514712956668e+00
4.343292514414133776e-01
1.093217069848909206e+00
8.959832058911089414e-02
9.791950386162189268e-01
1.595167339053844779e+00
1.043121285695199685e+00
8.654010590100613687e-01
4.819150739896940205e-01
1.123973468265200282e+00
9.036840687829464924e-01
1.021568731579234779e+00
1.113499567212075103e+00
1.192420112134542576e+00
1.831535020789377688e+00
1.022702456936311455e+00
1.139083853064235985e+00
9.927756560203668812e-01
2.448361775585409461e+00
1.990187331317555541e+00
8.433309099901554751e-01
1.335995898567727380e+00
5.694969301402360573e-01
5.855208207089747097e-01
1.688809343229034532e+00
1.049724249479013771e+00
8.799108957738619452e-01
8.740982974976314601e-01
1.072434414719639850e+00
1.256146975529204513e+00
1.760743179904225464e+00
7.496141762098705863e-01
1.391356511330330115e+00
1.391608463592173717e+00
1.274383591503409408e+00
1.214417356601113829e+00
1.164833472572298856e+00
1.211094789525385407e+00
1.413286265580401491e+00
2.314005299906068958e-01
1.050467163102462242e+00
1.382179670976429131e+00
8.820902513280629575e-01
1.534382953695859531e+00
1.417100323152285846e+00
1.148050484528314819e+00
1.520452139969527217e+00
8.463487193166681077e-01
