2.112168661939218151e+00
1.480175169590464135e+00
2.197172788591735149e+00
1.394335342714093651e+00
1.130369148791368517e+00
1.555726351999668466e+00
1.480682993668416492e+00
1.372487386769864148e+00
1.867225461118245278e+00
9.312205090932237361e-01
1.000627888643352170e+00
9.356161529474709138e-01
6.361735278585994857e-01
9.514860983275443829e-01
1.168872652681400615e+00
1.870797196228211279e+00
1.022115486371349524e+00
1.164258745565784015e+00
1.367590966716394130e+00
1.056821457434734990e+00
3.708770043157200713e-01
1.021399145232255945e+00
9.871706868878976637e-01
1.327023656123925033e+00
1.255231716376934203e+00
1.221779004343295671e+00
2.465803709043094649e+00
9.396864665217494750e-01
4.881834933459046066e-01
2.551562359495661347e+00
1.796268419992601784e+00
1.438073904714849860e+00
1.130369148791368517e+00
1.175810568519334298e+00
8.291979512136828934e-01
7.912210798580358029e-01
1.151815587892306647e+00
1.654748360027818777e+00
1.673068063165018327e+00
1.134346912067456969e+00
1.196140077982207117e+00
1.578243212759570691e+00
1.279612080677060559e+00
1.422833871809753736e+00
2.330219758130676944e+00
6.932168518871998364e-01
1.564084680231165869e+00
1.090897165056171847e+00
1.443856661704935096e+00
1.144109370102593282e+00
1.305492376916389974e+00
1.075744041352187708e+00
1.376591145348575074e+00
8.812396174674439475e-01
1.112793075349428840e+00
2.534838214768990294e+00
9.228141596943120195e-01
1.172806921456143403e+00
1.069086873757097100e+00
1.157268226689793567e+00
7.508083850500765211e-01
1.799199436152213671e+00
1.198774050801430846e+00
1.345560070586231172e+00
1.132414203906493055e+00
1.128052621979379833e+00
6.401346272916053071e-01
9.590482107690653235e-01
1.265701541814191255e+00
1.461066004283770425e+00
1.415587077601125898e+00
9.289034832275355758e-01
1.865642375861936930e+00
1.523067662047249859e+00
1.073084344100594612e+00
8.063463672112720637e-01
6.971014978605363233e-01
1.118462729862559346e+00
8.766835209278642793e-01
1.351926405621833416e+00
9.395417675734168972e-01
2.106580978656833913e+00
2.032222550725999000e+00
6.169631383715852291e-01
1.420554763148879296e+00
2.145948718322967075e+00
1.216191495727867888e+00
1.731798104770034596e+00
4.756619796534908295e-01
1.268251306694058167e+00
9.815952803226708490e-01
9.604435596491414096e-01
6.010249693701316120e-01
1.263948274297800767e+00
1.347503972751076917e+00
1.218070191426541271e+00
9.710304700020220281e-01
1.217274643007889567e+00
8.544157567892465277e-01
6.197639154280744078e-01
1.433488426110772318e+00
1.557821785965048944e+00
1.448124592198456018e+00
1.113499567212075103e+00
1.405761118638019225e+00
1.369504953267776992e+00
1.178131145052156104e+00
1.058523575902152958e+00
1.189279489525778333e+00
1.010594211634159079e+00
4.342472520730191743e-01
1.050167051038080279e+00
1.772192579058099016e+00
1.301828255486913166e+00
1.129086385611919763e+00
1.241908812083539093e+00
1.112931665124826219e+00
8.702582771294438135e-01
1.372884855706915541e+00
1.302323505609675358e+00
2.386967383323585212e-01
1.344784294175455308e+00
1.252678617149981743e+00
8.276078794735082234e-01
1.224620712791772315e+00
1.532231113778086629e+00
1.671562786418514301e+00
1.040281768715274335e+00
1.580516544653630451e+00
8.115827711865372107e-01
1.397760944713653863e+00
1.534382953695859531e+00
1.896096128604747078e+00
1.212893829414084301e+00
1.515587356350926118e+00
1.232955505698623666e+00
5.797200083949176630e-01
1.013957890149035590e+00
1.272684531168927879e+00
2.217587497358331383e+00
4.204359431237307820e-01
1.847687742262382304e+00
1.128673372492222438e+00
1.224170972928193102e+00
5.703915530901537689e-01
1.091811985630057880e+00
9.816642190442776972e-01
1.115808756912709088e+00
1.080976041663376463e+00
1.441304876517078615e+00
1.025506666679903756e+00
5.959027132403323934e-01
1.675531248510834015e+00
9.291978869602469659e-01
9.927794644423235670e-01
1.341682847964901448e+00
1.040444514802867149e+00
7.505502507544596913e-01
1.646400168167088340e+00
1.123394141650675415e+00
1.609519167948049168e+00
1.247038499061969175e+00
1.089251382712701721e+00
6.424717566888220599e-01
1.070612586392952092e+00
1.504314677954894153e+00
5.747997298037446079e-01
9.961248291692536005e-01
8.769491764743203577e-01
3.137845572594840649e-01
9.727535501829240872e-01
1.205229650276279152e+00
1.602754271684649234e+00
1.127491043976896146e+00
1.108828985404325174e+00
5.224536757097486550e-01
2.112925525838140750e+00
1.940940629965991260e+00
9.488012455449660321e-01
2.300385985268521782e+00
2.072590624503745982e+00
1.550013592030824006e+00
1.187088461137408846e+00
1.930139935245928751e+00
1.265078210288746341e+00
1.170612048458509635e+00
1.520165155181359973e+00
8.941291189669932082e-01
1.284219692397898127e+00
6.454347617013806993e-01
2.901860183982321595e-01
1.202287699874453608e+00
1.373122001656224445e+00
8.328421525638659562e-01
1.216035728135985483e+00
1.243344177908308534e+00
1.123782567861979054e+00
1.790689838436625436e+00
1.455056301409271891e+00
1.305312147896559472e+00
1.192424526088472048e+00
1.226312371886997932e+00
4.150490333172399127e-01
2.349331193127463635e+00
9.515464865475662393e-01
1.272021550097112985e-01
1.766952470115602747e+00
6.900521961109902236e-01
7.219934324496741773e-01
5.113906047480926143e-01
5.408339252084979343e-01
6.528604247549928408e-01
9.421563297561645900e-01
1.787008987386617287e+00
8.984186972175018937e-01
1.113448027615916658e+00
8.089503565606026569e-01
4.430312735104748323e-01
7.092694369333311100e-01
1.150151230965144711e+00
1.044763089628676145e+00
1.154059402213729824e+00
5.199181695641136303e-01
1.635448417244999897e+00
1.034783471317112680e+00
1.459084497108021461e+00
5.240494642440657325e-01
1.073235900523077380e+00
1.589507608988780740e+00
7.668450695503569170e-01
1.612134163824733735e+00
1.151468247712612136e+00
1.066378444639249912e+00
2.070527972271121619e+00
1.322415991886330522e+00
1.386358858786494563e+00
1.605519141555662666e+00
1.039394739654961430e+00
1.446845985954043234e+00
1.923424218706600186e+00
7.552005862660523539e-01
1.160409396621479017e+00
1.245086687279959525e+00
9.538353191400760211e-01
1.515061681274831873e+00
5.223208393834135599e-01
9.973676163920758286e-01
7.050939377770597538e-01
1.051953175479600766e+00
1.326129557005336190e+00
1.136375482790235925e+00
1.952146681473913903e+00
8.849816856345703586e-01
1.845613112234139930e+00
1.032220206533759121e+00
1.273701730258627318e+00
1.699033062406332339e+00
1.000950483783153988e+00
1.464631692930212781e+00
9.739116692518490215e-01
2.586363754681935134e-01
2.274944268812285841e+00
1.088275879040560890e+00
8.376620988170945248e-01
1.545507428079566647e+00
9.726778446219964680e-01
1.227807578120337917e+00
7.625377219068655288e-01
1.200756298531418187e+00
1.826583705139922964e+00
1.046691822344149037e+00
1.324176978676252059e+00
1.445453957087124763e+00
7.796554590323949707e-01
1.079041022723268517e+00
1.242354483418831590e+00
1.231434438048350177e+00
2.274706528776716308e+00
1.115768155924642624e+00
7.262647241736580606e-01
1.322328231471889159e+00
1.148507858937835246e+00
1.488656919995982264e+00
8.122156921527702300e-01
1.257802097328418300e+00
6.272512732365124188e-01
1.454897374348709471e+00
8.989954724245495798e-01
1.016781362560431612e+00
1.519464462305097907e+00
1.498349966381629539e+00
1.002694478988338966e+00
1.169789861730667235e+00
1.429041559310720633e+00
1.998160932362731623e+00
1.964784540163371451e+00
1.801108298574423783e+00
8.467449870053742611e-01
7.301028499959643092e-01
1.609519167948049168e+00
1.052969457765711825e+00
1.395213363380567895e+00
1.615692666376111086e+00
1.266676265239041976e+00
1.425358508855744999e+00
6.550176285923020592e-01
1.490227383075676038e+00
1.558947783414647681e+00
1.242390166047499189e+00
6.454347617013806993e-01
5.959027132403323934e-01
2.059944745477138017e+00
9.102865122171481804e-01
1.068710967235886988e+00
1.423059675745490749e+00
2.088253112664974598e+00
1.662406586198294844e+00
1.498629606715247142e+00
1.690463366333820661e+00
9.157162203390897259e-01
1.020585305478450167e+00
9.662808713510838698e-01
1.037916663852854304e+00
1.153492537574755783e+00
1.058968983129066066e+00
1.658181708201777571e+00
1.824651897789032473e+00
1.624600287997145731e+00
1.157079832238209649e+00
1.465950747869643633e+00
1.068441294371860639e+00
1.005942720705432558e+00
1.152242792662353965e+00
1.567430391282083724e+00
8.723021654448538387e-01
1.046942965693927530e+00
1.044005271565072501e+00
1.136896953610502470e+00
9.874993534714494592e-01
9.799400211085904644e-01
1.567430391282083724e+00
1.622632802033491695e+00
1.002643758626782011e+00
5.991222134880189731e-01
1.294122044705448005e+00
6.106142887051074775e-01
1.876950995985103177e+00
2.367944318398638615e+00
1.469234871289749833e+00
1.538503189708871233e+00
1.347654212497677806e+00
1.183341041706596597e+00
5.088867363033270363e-01
1.687691260321466435e+00
1.140703261114985656e+00
1.405221910790891204e+00
1.149493505126787607e+00
1.072162658046000194e+00
1.351143791718009135e+00
8.233603627811363346e-01
6.100994024870332044e-01
1.836779491801102449e+00
1.705498414140143248e+00
7.083355850104650075e-01
1.957851537670049158e+00
9.008129555764190499e-01
1.129086385611919763e+00
8.745953383742034737e-02
2.342956124241339033e+00
9.262626476432549438e-01
1.046549173354855311e+00
1.027505366932929043e+00
7.757060220285437735e-01
1.040231194187030583e+00
2.084408043423797263e+00
3.773903266984890426e-01
9.694047926770704704e-01
3.215299847100964725e-01
1.219631745331617889e+00
8.358045105974464262e-01
2.044129849645508479e+00
1.113280276160661941e+00
2.314005299906068958e-01
1.522885593876097676e-01
1.112931665124826219e+00
1.266259183224778928e+00
1.320300020409083785e+00
7.164397750554363231e-01
1.243045159808060740e+00
3.773903266984890426e-01
1.031713903543321820e+00
1.511273536389167171e+00
6.620085971700194749e-01
1.373589985341244102e+00
1.481324626418380586e+00
1.632619859169019527e+00
1.042760430306465702e+00
8.648533570702404694e-01
1.996741318652763386e+00
1.478055146623102667e+00
1.192642890202499473e+00
1.218479216758558970e+00
1.061689109373058271e+00
5.751731103655380872e-01
5.611509680799242616e-01
1.260561190356977113e+00
7.917450950167146395e-01
2.259034439988293563e+00
1.692120748897816052e+00
7.144748296575291757e-01
4.718345386473958847e-01
1.146019300025185483e+00
1.962588306261306537e+00
3.176693722622353500e-01
1.161846162318748155e+00
1.504968185319569551e+00
2.087907858591284971e-01
1.183482493436102123e+00
1.201171717228293190e+00
9.869197369380242613e-01
1.005143050216630085e+00
9.841516649391459648e-01
5.231381935349224133e-01
1.227348568283464836e+00
1.315192041065168516e+00
1.301832762720444459e+00
1.030824738933208806e+00
7.969654594734473241e-01
1.043008979217884047e+00
9.662367430913572086e-01
1.603213200248933656e+00
1.023305282883762768e+00
1.225679196001663973e+00
9.213357714292759182e-01
8.108244865566222037e-01
5.916208299750785882e-01
1.178896933417688198e+00
1.267421718721610358e+00
1.250990881203696281e+00
1.124235480682510557e+00
1.384736510522503350e+00
1.093217069848909206e+00
1.174883885947351825e+00
1.020585305478450167e+00
1.344867161372567788e+00
1.661424811922845413e+00
1.539722720581633952e+00
8.267016884527805809e-01
1.589932475302470616e+00
7.802959265317503945e-01
1.337032117671977716e+00
1.172055433749097153e+00
1.239719789308581177e+00
1.754862776283239389e+00
1.515504768301319638e+00
1.337207041844526323e+00
5.962251734497272526e-01
1.350037088420266151e+00
1.415681049367983002e+00
9.822523040399723238e-01
4.048116245399968616e-01
1.332821367066878704e+00
2.097591082457385347e+00
1.261445583738649123e+00
1.382391529501087346e+00
1.816958328998418803e+00
5.552363040854561005e-01
1.193303696155377569e+00
1.547512997737914953e+00
1.307106242512535266e+00
1.286718446730641396e+00
7.468137238483587570e-01
1.304158176382759438e+00
1.075210657939618342e+00
9.759314313006594022e-01
1.110821793985408812e+00
1.022309435093976093e+00
3.047769860081166460e-01
1.505107996683299199e+00
1.728249736086080013e+00
7.593764721512459293e-01
1.498240310570935208e+00
8.501531890714721929e-01
9.583466189502513055e-01
9.523458126730459661e-01
4.361550474831214497e-01
1.154995768483477958e+00
1.580516544653630451e+00
2.321478585667517081e+00
1.454760889859917361e+00
7.751027525202457413e-01
2.157522260764531019e+00
7.568040759801096806e-01
1.560248769705996130e+00
1.311367314779038340e+00
9.876127810214005986e-01
9.854919685005281149e-01
8.948797802609045338e-01
1.215578115294340122e+00
1.111284505413047574e+00
1.518853723307540093e+00
1.131550646778730851e+00
1.238960538570396785e+00
1.336357086943010808e-01
1.206777801526969229e+00
1.426053636345861353e+00
1.439925257208924503e+00
5.483592251768081294e-01
5.251540308336043461e-01
1.529737337872550285e+00
2.332505144797460073e+00
1.367697284335908758e+00
1.108069113926123839e+00
9.971873253955924055e-01
9.022609181219294339e-01
1.681534146213994552e+00
1.069319846762076365e+00
8.069801822650056744e-01
9.383761186294917733e-01
1.377167851474209170e+00
9.815952803226708490e-01
1.326039549091368563e+00
1.800505303784135425e+00
1.303781343268718640e+00
7.322283039383771230e-01
1.207046216365229796e+00
1.612845261403057062e+00
1.543624083476266451e+00
1.142171565546470813e+00
1.553403857185376991e+00
1.167337423050014200e+00
1.305468338140342022e+00
1.130802211375587341e+00
8.257837001010966960e-01
1.830265380303937262e+00
2.047362690469551438e+00
1.321051179656050234e+00
1.611318487220317897e+00
2.606447678741688367e+00
7.683429226821459901e-01
1.090030074407022598e+00
1.605020508561489256e+00
1.791480434661053112e+00
1.322651630353780750e+00
2.215192210965899022e+00
1.585661374577702620e+00
1.682166596343979137e+00
1.048556737057600108e+00
8.710897774781566349e-01
9.308583232937430729e-01
1.594406438040326446e+00
5.055706772413744998e-01
8.238781246028166194e-01
8.605174059043028123e-01
1.135854684803727421e+00
1.588322218920640294e+00
1.869012595998213566e+00
9.223378711489849113e-01
1.071633891307766984e+00
1.378889195138341961e+00
1.182641152892183634e+00
1.047826932851468218e+00
1.993974493106037971e-01
2.124600303650405309e+00
1.183432870372205459e+00
2.392502918215176688e+00
8.185997726749590919e-01
1.395527107574731751e+00
1.035070307402516487e+00
1.285553520927677829e+00
1.709105223775143401e+00
1.929703637749872414e+00
1.623254079053327636e+00
9.359959952177363540e-01
8.421427490268985627e-01
1.175397173826763675e+00
1.452883124824888794e+00
2.228895790565846191e+00
1.771986135656251848e+00
1.017970156430073603e-01
1.695172598517118212e+00
8.251967597150225986e-01
7.770664220138635558e-01
1.657451214212454005e+00
1.616235550638943863e+00
1.451997226142127395e-01
1.095319943359174042e+00
1.287971393265854525e+00
1.231195208438342181e+00
1.000723637967117385e+00
1.669596618124782994e+00
5.734549312851393577e-01
1.682614167740945410e+00
1.277923366168644215e+00
6.005062387100413429e-02
1.367337458202287026e+00
1.880436502602276683e+00
1.212689736905134957e-01
1.036233325160360375e+00
5.774574027068526405e-01
1.318691484326477870e+00
1.187561961436158553e+00
1.690514983908700586e+00
1.426640517368787053e+00
9.726778446219964680e-01
1.525241347938586900e+00
4.668708236538235967e-01
1.272538160274816921e+00
1.537883885408850793e+00
1.028347441158978137e+00
1.857455930419011692e+00
2.962368304562085775e-01
1.274542007295439205e+00
2.779229991782435905e-01
1.006140293209231373e+00
5.412960387773962934e-01
1.002388060191794050e+00
3.554841515585297484e-01
1.602589061694870365e+00
1.435819434409026929e+00
1.637243086147687210e+00
1.460780822467543150e+00
1.422749394693518576e+00
9.726653729197863862e-01
9.845905700063244392e-01
1.461866346492904256e+00
9.956616942573685014e-01
5.785811405128309381e-01
9.493534695700630577e-01
2.549616064142448124e-01
1.014248271965058734e+00
1.025058349097856647e+00
9.613743486279869854e-01
1.559661808315973897e+00
1.452407869907911708e+00
1.006209379181341790e+00
1.190736335913661570e+00
1.138903099809628117e+00
1.411208905747247444e+00
1.578600187417112277e+00
1.505936052782279599e+00
1.613374372236827226e+00
1.766096733000090069e+00
7.005155380935632614e-01
5.484120329258699300e-01
1.139799851133149300e+00
1.256146975529204513e+00
1.057451720282348129e+00
9.194964721225379334e-01
9.717942439271156641e-01
6.813231158985177949e-01
1.014313248834317172e+00
7.692872956699640108e-01
1.550742709549719711e+00
1.195833500807828242e+00
5.330278897637096280e-01
1.153718558167838859e+00
1.129536499107142822e+00
1.118793850158456893e+00
1.376670799791948729e+00
1.658062744394529942e+00
1.585318934394005064e+00
1.672905848938289086e+00
1.068866511013608189e+00
1.285693189073562781e+00
1.561457529356620411e+00
1.004998192148394809e+00
1.617035956379929473e+00
8.528703295465499545e-01
1.415896874760903312e+00
9.918724427050638059e-01
1.295102332559361136e+00
1.343470184292203218e+00
1.692120748897816052e+00
1.242399438237456799e+00
5.511698892925831483e-01
6.611494010844939373e-01
1.230932761785244356e+00
1.126552325334924554e+00
1.043358450084399314e+00
1.089251382712701721e+00
9.623912607005128406e-01
2.101779213142452196e+00
1.097001922845381117e+00
1.545639871096060824e+00
1.268686128837065885e+00
1.250990881203696281e+00
1.622983542188130290e-01
9.303709756703877343e-01
1.016006969931624981e+00
1.036147027961497269e+00
1.754155750224740684e+00
1.099324916308753952e+00
1.614348099209816478e+00
1.244868891991330662e+00
1.117394123483409052e+00
1.106254393248599532e+00
9.688750449060757886e-01
1.369937053499441726e+00
7.825892861304991621e-01
1.004554881489535312e+00
1.243117367941116491e+00
6.528604247549928408e-01
1.076787006399021251e+00
1.192366269208501528e+00
1.986865306671697251e+00
1.004054967104341056e+00
1.916700845305005840e+00
1.583163868578790545e+00
9.552163218195015570e-01
1.284929368466696920e+00
1.360912937742529305e+00
2.210388495084193161e-01
1.063091062658196639e+00
6.400286352743249640e-01
9.365314223896483714e-01
1.862210397113743809e+00
7.645182289507741480e-01
1.656605410064678763e+00
5.796523720083833764e-01
1.021239614042332988e+00
1.413882704481071340e+00
6.417621053031241640e-01
1.737679218133657333e+00
3.855355756824346836e-01
1.658798907940663092e+00
1.155306982043360131e+00
1.205683485033780089e+00
1.637284632369654380e+00
1.548446262263227791e+00
1.282555301339887155e+00
1.043826060715757897e+00
1.025359016858362393e+00
1.384688930584253352e+00
2.386522057154147447e+00
1.558531195426800409e+00
1.014011913895176420e+00
1.849676358124646924e+00
1.513478659785106206e+00
1.313541176204285454e+00
1.320083688529672283e+00
1.522358840711558248e+00
1.947443663316798634e+00
1.413353123628846797e+00
1.758684601414674420e+00
1.101823629920796188e+00
1.447288105750373477e+00
1.314711308089297370e+00
1.289440885200166420e+00
1.245744332529604703e+00
5.507895313488316846e-01
1.184924806377612549e+00
1.142501012914563185e+00
7.001896131620054531e-01
7.765492356745706815e-01
1.131856731904814950e+00
8.960859251849077056e-01
1.598791205968371987e+00
1.870502776992305050e+00
9.456974393777832777e-01
1.381491829922822490e+00
2.306657841874009129e+00
4.593490865076579333e-01
1.076642716803561717e+00
5.656527323310898137e-01
1.226102504977472751e+00
7.568040759801096806e-01
1.055661557998171407e+00
1.036752613784720084e-01
1.489416872091076094e+00
9.134362990376658775e-01
1.091920845252395411e+00
1.022687977802249293e+00
1.032931864049831949e+00
3.709714158946374463e-01
1.534382953695859531e+00
1.543679772787027948e+00
1.884423292933477212e+00
1.042472581277962940e+00
5.022143743967252272e-01
1.699614570547226533e+00
1.043152182398936700e+00
2.223263499415269351e+00
5.117958293990094720e-01
9.036840687829464924e-01
9.444309087568368843e-01
7.813439368502476112e-01
1.376627616665841991e+00
1.641627174640807763e+00
4.821683385534021871e-01
9.273010722369572356e-01
1.556400419963227755e+00
1.409524332051903972e+00
1.013788496282013174e+00
1.425358508855744999e+00
8.831935945979592084e-01
9.144322167277383340e-01
5.995483911838044300e-01
1.303123598968072727e+00
1.522026304149185494e+00
8.444470940059628505e-01
7.658939070843102659e-01
1.155448952279819474e+00
4.725113006221113299e-01
1.130717723891851101e+00
1.269298838315747524e+00
1.300879355281988170e+00
7.914787749553087171e-01
1.218509827786284250e+00
8.298534020571707304e-01
8.047580730343061317e-01
6.015280656242558699e-01
1.261503780687889265e+00
1.202496019086572998e+00
1.654710565461820160e+00
1.019986701527695105e+00
7.496141762098705863e-01
1.550320369331870118e-01
1.631851300183778219e+00
1.343054082637062052e+00
1.375457350798048095e+00
2.407057390988726064e-01
1.017367131702761274e+00
1.496105983606889955e+00
1.276229229008024602e+00
9.762843399396665678e-01
1.200414133595500088e+00
1.070128512096842233e+00
1.662798620723995979e+00
4.695369733024906678e-01
1.419303890683727642e+00
9.873843908542307979e-01
1.591789754453270644e+00
8.936808269492506618e-01
1.269859814620306393e+00
1.094397966311062564e+00
1.711762477598838927e+00
1.226598910411130561e+00
1.004569823854034372e+00
9.479185261453721978e-01
1.085212775400494545e+00
9.151254487548514671e-01
1.210764111179322366e+00
2.239135030588612629e-01
9.287419711078389595e-01
9.608347720439076589e-01
2.306074331265928201e+00
1.273786156260892310e+00
1.189876682325825330e+00
1.316918321515494927e+00
1.380365297514517309e+00
8.769491764743203577e-01
1.669175292570714175e+00
1.246041191147358340e+00
1.265380130967952210e+00
1.808707302286426399e+00
1.420306098901730874e+00
1.127938258151249151e+00
1.396792775470543813e+00
1.271721359920029881e+00
1.015671953167369024e+00
1.249894092481438124e+00
8.328421525638659562e-01
2.222777606211923995e+00
1.653994305479042914e+00
9.570788652192663282e-01
5.287774742214179646e-01
8.904428258616694514e-01
1.205304630675453792e+00
9.918786271513626573e-01
1.239371902193187713e+00
8.527509095087151270e-01
1.181120162421034792e+00
1.047986459182981278e+00
1.239845096733679375e+00
1.406929902638009544e+00
3.227534721225825964e-01
1.428949676727667706e+00
6.829111635837182837e-01
1.748978044856299041e+00
8.800855125534866596e-01
1.310578222173701235e+00
9.931532318674298754e-01
1.229583961260902969e+00
8.769491764743203577e-01
1.917386480076246791e+00
1.552307843982058566e+00
6.010249693701316120e-01
9.116410873869305043e-01
2.044256037276237059e+00
1.023555860176687204e+00
1.425358508855744999e+00
4.244190249246476698e-01
1.655471405359477233e+00
1.822103648739038739e+00
1.515700523714468506e+00
1.219631745331617889e+00
6.050004157932389326e-01
1.274244355558233011e+00
7.832481344017528935e-01
8.455336309766122715e-01
1.082607679555857239e+00
1.103553789667722329e+00
2.798436934393456199e-01
1.110681808778446023e+00
1.017886696763332655e+00
1.310790617368945643e+00
7.573988088257501694e-01
1.111632302586935683e+00
1.192913317992075006e+00
1.425864076852193740e+00
1.542605082633686342e+00
7.746752021487127715e-01
1.600539945838820310e+00
7.699889052022025338e-01
9.234000397980715036e-01
9.733397097456696345e-01
1.171741099569155287e+00
1.008365734052914853e+00
1.175570988584779375e+00
1.574460432210804006e+00
1.061362765081693471e+00
1.224252476159094050e+00
1.524499996647970423e+00
9.965502371206291787e-01
1.085538341627245051e+00
1.021287212967883606e+00
1.082728431933042579e+00
1.234908917052409905e+00
1.842508897714083327e+00
1.146369963826738392e+00
1.109371038211233840e+00
1.192424526088472048e+00
9.996409750836561248e-01
1.200901825501577314e+00
1.296346628318034266e+00
1.741266457452671501e-01
1.261610826803042151e+00
1.112897887489620485e+00
1.692432177162760176e+00
1.238772857045014275e+00
1.143564202312417954e+00
1.096660558240281080e+00
6.173880367572353034e-01
1.800899897183838361e+00
4.214105018564900940e-01
1.152060914370990119e+00
1.500032081526892380e+00
1.793724172262469718e+00
1.385795035740309933e+00
1.475603994408940745e+00
1.011985132027696244e+00
1.999141793296177028e+00
8.163774698771523175e-01
1.096417547827927441e+00
1.522568576850559685e+00
1.536006554560293003e+00
1.233189128714016203e+00
1.217810354288889174e+00
1.320226682709472188e+00
1.350239960996243160e-01
1.041758172121272974e+00
1.281461914607872510e+00
1.048318410046621851e+00
1.489168723024968832e+00
1.017624581347208235e+00
7.757239280952279437e-01
1.333859464409212547e+00
4.270557230564815399e-01
2.073044116640124557e+00
8.702582771294438135e-01
3.137845572594840649e-01
1.622295283278961220e+00
6.272512732365124188e-01
1.695172598517118212e+00
1.272538160274816921e+00
1.315803726675348173e+00
1.438883746879827674e+00
2.054781279885320000e+00
1.235309115984922990e+00
1.244868891991330662e+00
1.242354483418831590e+00
1.705182591685072024e+00
3.458156975467769345e-01
1.543623491898983069e+00
2.700288348180145959e-01
8.632602221164841216e-01
1.974669677815007462e+00
1.782864569553836098e+00
1.030180177295757060e+00
1.409658498012511751e+00
2.462499780698573559e+00
8.361351481165850696e-01
1.610499575317824839e+00
1.223300666122648650e+00
1.638993108085017525e+00
1.618571319483047111e+00
1.078502119295147166e+00
1.204194902646519516e+00
1.876839351897684471e+00
1.155719315391475321e+00
2.223701316594523192e+00
1.431038519578983648e+00
3.035565387223420619e-01
2.062186569390950908e+00
1.738475556631669416e+00
1.792968663358714965e+00
9.691821989025535267e-01
1.108260269955095412e+00
3.915358286425963397e-01
1.671539404315867339e+00
8.684563627260002416e-01
8.148725628051826098e-01
1.384923146403010286e+00
1.853111501872945599e+00
1.488566249149555709e+00
6.882414124893403429e-01
9.768999556069652979e-01
1.247197688489481981e+00
1.110004644114384709e+00
5.751731103655380872e-01
7.322004962076460455e-01
6.053098155651946005e-02
1.566936754462239678e+00
6.694259532970072701e-01
2.623425823444512694e+00
1.350833328782700793e+00
1.255231716376934203e+00
1.089902162746803072e+00
4.487924707744203601e-01
1.473337868092099878e+00
1.395756924879648198e+00
1.593766761571843160e+00
1.396873621931246312e+00
1.194671687422087958e+00
4.517020146013314696e-01
1.348473621629155961e+00
1.430117749230593649e+00
1.511251000985256665e+00
1.350833328782700793e+00
1.246646293541509465e+00
1.660943809933281168e+00
1.195546261848676295e+00
1.115768515273604544e+00
9.648137337658645452e-01
1.692120748897816052e+00
1.270524543644225401e+00
5.569495690527007659e-01
1.036038821053517189e+00
1.373377216002195755e+00
1.519837716757461044e+00
1.342082375706360686e+00
1.015575566629732807e+00
1.290366040625110733e+00
9.301594634569171349e-01
1.403890916071276473e+00
1.047908427222194128e+00
4.025768271150262367e-01
1.154696185972023059e+00
2.060308597459464153e+00
1.580778429177909894e+00
1.666446257191793290e+00
7.742363953894080275e-01
1.141719738279134644e+00
9.706250167529886230e-01
1.398865284693296296e+00
1.733526563629816053e+00
8.997561795985138389e-01
1.142771644778218798e+00
1.101918961909240435e+00
9.430707506120457051e-01
7.650753143272882584e-01
1.078217613405298536e+00
1.814969672449537663e+00
1.078217613405298536e+00
1.118627409042355803e+00
1.446845985954043234e+00
1.501696273308368967e+00
1.460494927372349983e+00
9.745223025420521878e-01
1.443857127488111569e+00
1.081539632711986609e+00
1.260178203878441927e+00
9.743387317114627910e-01
1.107447839632885955e+00
2.242159161965120884e+00
7.190854415064497074e-01
1.276605851933126923e+00
6.411461651284389163e-01
1.610191638251124324e+00
1.904568407220108783e+00
1.090495281106973247e+00
6.873341189726358547e-01
1.175009753674323143e+00
1.369069195023407959e+00
4.025768271150262367e-01
8.726676796509222900e-01
1.670524405151878167e+00
1.149148657185595113e+00
5.198596181808937677e-01
1.188819448871383022e+00
1.601999946785761963e+00
1.033606243196005803e+00
1.325868880471633204e+00
4.158490266406498770e-01
9.998807069273845105e-01
5.366789323649627796e-01
1.385691872267106106e+00
2.303760299429967115e-02
9.677819090743458030e-01
1.032952758950758332e+00
2.458808621588135512e+00
8.702582771294438135e-01
8.501889768203304554e-01
1.351278077793570898e+00
6.677409535291893850e-01
1.955704428725746791e+00
1.223069619861079538e+00
1.402030947874379985e+00
1.105909016699751612e+00
1.033380200939300053e+00
8.684563627260002416e-01
9.387801387353071902e-01
2.058732366113447565e+00
1.022140370762688599e-01
1.120588204854853664e+00
1.226292557660783711e+00
8.061492664743246106e-01
1.984627571006241320e+00
7.889423361890522957e-01
1.588785891725830179e+00
1.386391653203567609e+00
2.863923840357882056e-01
1.439335693589915754e+00
1.097437399826009186e+00
4.228134796269584772e-01
4.529862773387700048e-01
7.410855172379742228e-01
8.392045935513973154e-01
9.959808068792602720e-01
1.862157378846362565e+00
1.372711058681274521e+00
8.675736787062449107e-01
1.523067662047249859e+00
1.200549738582773251e+00
8.702582771294438135e-01
1.348798484438661793e+00
1.296880324027251730e+00
5.495722791659818363e-01
8.089081733923442208e-01
1.656696429152201944e+00
3.200959685293618961e-01
1.071633489883047519e+00
1.291895397979355931e+00
1.049127386270422235e+00
7.233633255551982222e-01
2.001563405147370744e+00
2.002550912854415888e+00
1.029341377224978427e+00
1.396003419918238508e+00
9.449208353773375091e-01
9.207078031446291888e-01
1.880959420736763921e+00
7.433053572891490379e-01
2.263820597266867463e+00
3.176693722622353500e-01
1.294730446110276878e+00
1.195833500807828242e+00
1.348904557914458735e+00
3.665445762262344864e-01
2.544752939190848551e-01
7.771306524371623947e-01
1.313541176204285454e+00
1.069759754434879584e+00
9.749028870567373328e-01
5.228245085303065975e-01
8.727114324183757876e-01
7.827982485076703245e-01
1.347166207370448676e+00
1.264274420356815254e+00
1.283305982458557315e+00
1.239513383739100361e+00
1.121245161631347909e+00
1.172143284825069243e+00
1.510342708592208982e+00
1.002121857699047602e-01
3.562546833719413414e-02
1.255858198604576925e+00
1.239829669173393434e+00
1.005024892600407060e+00
7.678878378319897724e-01
3.893689465570064345e-01
1.176063321489535962e+00
1.239186733670814888e+00
1.091374380153516954e+00
1.418493599566611030e+00
1.905395113813789232e+00
1.045969952992452434e+00
1.255005489334698021e+00
1.140581669252019648e+00
5.330278897637096280e-01
1.088739498491172908e+00
3.788865764672137981e-01
7.269539454269264844e-01
1.162884716975271182e+00
1.433460982604156220e+00
1.919360403219111166e+00
1.572041838592903584e-01
9.694047926770704704e-01
1.107490047532103450e+00
1.169611916013024278e+00
2.242710491374886317e+00
1.384224763843747485e+00
1.428616301950287770e+00
7.638236779556535350e-01
1.634253420885217967e+00
1.472581314345336123e+00
1.240713072370535075e+00
1.118793850158456893e+00
1.281139172604119469e+00
1.253591374177157380e+00
1.164276410018841190e+00
1.190113456070061027e+00
1.128197085758011031e+00
9.368458513218075323e-01
7.921003759155444968e-01
1.271891828406260805e+00
1.213531717399865206e+00
1.683037187613334096e+00
1.266072658199781875e+00
1.081637023118179552e+00
1.397760944713653863e+00
5.851962413171497568e-01
1.194761745362060923e+00
1.027478830845665714e+00
1.017499465002773107e+00
1.016653354919844876e+00
1.028301573770336486e+00
1.209596078002785235e+00
1.525196416399629884e+00
1.579175818263140130e+00
1.214209293830008640e+00
1.072660269876171357e+00
1.580280080068981352e+00
1.088632250299844673e+00
1.061012262707356379e+00
1.422749394693518576e+00
7.852366750808810192e-01
6.388008044860817858e-01
8.894622783633195917e-01
1.041482775032317010e+00
1.452379686838937145e+00
8.199569809164983791e-01
1.608167676896498088e+00
1.131611505902293091e+00
1.353712525266609568e+00
8.773974242671420676e-01
1.242028663160759105e+00
1.085998663479931015e+00
1.588058359654547003e+00
1.038506431660691565e+00
5.351238584364040873e-01
1.157656771922953576e+00
1.178416170178747668e+00
9.245727243314530996e-01
1.230938189619484646e+00
1.239375572764116473e+00
2.084911723172900633e+00
9.904174870690169996e-01
1.733239130634703029e+00
1.182251938936010188e-01
1.813250473806868657e+00
2.585317664321682862e+00
9.032598150196293751e-01
1.097001922845381117e+00
1.313286407287749036e+00
1.133450063656334938e+00
1.237860983669234693e+00
1.267678831850171051e+00
2.325119861220572126e+00
1.484854823645489263e+00
1.976064844571249646e+00
1.280365017074369227e+00
1.194933071073850162e+00
1.289956052172790191e+00
1.846513222256211062e+00
1.268686128837065885e+00
1.779082349248727990e+00
9.792212189035766068e-01
1.446309117612466277e+00
1.604241878239724750e+00
8.185795628723855355e-01
1.570059665845377594e+00
1.104712097300638129e+00
1.482304698892076056e+00
1.467559614094749554e+00
2.552489510119049232e-01
1.374196820313898781e+00
6.998640016123081065e-01
1.573830924693201405e+00
8.984542503697816596e-01
1.055736827937084232e+00
9.505951408648244394e-01
1.313359834791573422e-01
1.284458624019538808e+00
1.051653118423117927e+00
1.212689736905134957e-01
9.676035400866344061e-01
1.708269692173195686e+00
7.373227820064190974e-01
1.476975196933751899e+00
1.122859186620318583e+00
1.109620257122006182e+00
9.654446887941611211e-01
1.249884686209070006e+00
5.813278337176781552e-01
1.455936146867923275e+00
1.439433770270505120e+00
1.250702906134398162e+00
8.414370008320676275e-01
1.404378524730850675e+00
5.203789574029353826e-01
1.190875885169118797e+00
8.820340384728517780e-01
1.136605204429236293e+00
1.093916889301732587e+00
1.046463148896995321e+00
1.555791565613886984e+00
8.826805488867829341e-01
1.798159181765067727e+00
9.417101828418663612e-01
1.278211341363047149e+00
5.797315550056030276e-01
1.077694852918868129e+00
1.302286647344471193e+00
1.799090367922090872e+00
1.251836692523912387e+00
1.257117547457545337e+00
1.022951860130428159e+00
1.691335097439042423e+00
2.299711797345500131e+00
2.624670223390608848e-01
1.041889976891743785e+00
7.924156761073967159e-01
7.719220027980802090e-01
9.982669947044933156e-01
1.397874863113722776e+00
1.071633891307766984e+00
6.754749510512054744e-01
1.575635632767223182e+00
9.166503553088662937e-01
1.176918330414544966e+00
1.332001408907865114e+00
1.880775917635103767e+00
7.448938798483771828e-01
1.126488095646026810e+00
1.745055281022483085e+00
9.110949823562036753e-01
1.221871812234640364e+00
1.113755336760571257e+00
1.112793075349428840e+00
1.020842140999584702e+00
1.779340085945588568e+00
1.440301385905911280e+00
9.878250568742499294e-01
1.049342510940347806e+00
1.352067227187783605e+00
1.461866346492904256e+00
6.599812303982605100e-01
1.604949494063113047e+00
1.468432703749240620e+00
4.520763409067115601e-01
1.232864829304427978e+00
1.170206105379864914e+00
3.309270651834849697e-01
1.217156223143994964e+00
1.041126795800093596e+00
1.363119977468190136e+00
6.404986018235243606e-01
7.351364057180355127e-01
2.753647820142075542e-01
1.386366414616978515e+00
1.378889195138341961e+00
1.285870643188707474e+00
1.655168729083459134e+00
1.428450373589219002e-01
9.211469926267187303e-01
8.632312951819666180e-01
2.397314296169505532e+00
1.443007445929098687e+00
1.159003805518549202e+00
1.456388930883252719e+00
1.484872586559715213e+00
1.071190748725746600e+00
9.892842768017865440e-01
1.207498340854281649e+00
1.232660684315352473e+00
3.524695639368112809e-01
1.333502607140516494e+00
6.480630259791232417e-01
1.024670138600925151e+00
1.433460982604156220e+00
1.065933756698801638e+00
9.957813740804921654e-01
8.708071212897312563e-01
5.819553871466236483e-01
1.198721475924210855e+00
5.746338564641741975e-01
1.429622352167442045e+00
1.179744944175651566e+00
6.593089274256451748e-01
1.408240812927285868e+00
7.534280096692690387e-01
1.774872712708881695e+00
1.352067227187783605e+00
1.381117908966809527e+00
1.143642890636414888e+00
1.505936052782279599e+00
9.685402628020951532e-01
1.203980245437469287e+00
7.904642806404056365e-01
1.573640071638511717e+00
7.498838945284418411e-01
5.954630178971459520e-01
1.361502393990463355e+00
7.502890511272330976e-01
1.112735976463624432e+00
1.073396805010244925e+00
1.338862544901168627e+00
8.114485246170490829e-01
1.252778378865625930e+00
7.084353614387647324e-01
1.327223533119708865e+00
2.032100703323413415e-01
1.565441997009243913e+00
1.477895751493726761e+00
8.616807410544350398e-01
1.236732741165157634e+00
1.052779312679321899e+00
1.198721475924210855e+00
6.607662348965287480e-01
1.556847266212809444e+00
1.242609477951782893e+00
1.389497498570863687e+00
1.158075503742412193e+00
1.921870820410513270e+00
9.256315136196315851e-01
9.807834065118018474e-01
1.116100628671699235e+00
1.219413511293505170e+00
1.007623386462159987e+00
1.247856161751131676e+00
1.247507099209087755e+00
1.083895855360200500e+00
1.013361673860721623e+00
8.017466929928008801e-01
1.332260521649150542e+00
2.007642516112259301e+00
1.120648797918881945e+00
4.029619723881102678e-01
1.445717137071524272e+00
2.157848083151742369e+00
5.519835702027414692e-01
9.420571200316770755e-01
2.569509781666561743e+00
1.069530971563243504e+00
1.085538341627245051e+00
1.072434414719639850e+00
1.573830924693201405e+00
1.621767437700627257e+00
1.115033061207786780e+00
1.057451720282348129e+00
1.556117697002046940e+00
1.755847479206986472e+00
9.313912532279754464e-01
1.007429455150275599e+00
1.543844721273498033e+00
6.368923361554508222e-01
8.258722676527513462e-01
1.020258400368527774e+00
1.203706337971294005e+00
1.024385014074598921e+00
1.068032941131594971e+00
1.263636610187327536e+00
1.445717137071524272e+00
1.008842025976218970e+00
8.997488861380099623e-01
1.036665433447817808e+00
1.947683083212697008e+00
1.091081125907846561e+00
3.547575948538564394e-01
1.164502478206322023e+00
1.188546438862317256e+00
1.121889772198870983e+00
1.220358915998271510e+00
1.585119203406246013e+00
1.081853300000501505e+00
1.469489984951438455e+00
2.022571235124605238e+00
1.098732632829293676e+00
1.396159434285083378e+00
1.129015935351980859e+00
1.459245071444929431e+00
1.422833871809753736e+00
2.445636951217109889e+00
2.047218017192599770e+00
9.298477284130430842e-01
1.171462430463922955e+00
1.063930069663634237e+00
1.041461176561286228e+00
8.166120862660294355e-01
3.322829853563364355e-01
1.385904646223353964e+00
1.001514176562609881e+00
6.283866433732991919e-01
1.594082290265476320e+00
1.420632533705536327e+00
1.310862124517669480e+00
1.150151230965144711e+00
1.207642358527427628e+00
1.115314715579382110e+00
1.173168834169987740e+00
1.385933257622716797e+00
7.308898281001767749e-01
5.722854025124027855e-01
1.037046326822214093e+00
1.284710109081823148e+00
1.306752201365005250e+00
7.103822523168592529e-01
1.189681497881258654e+00
9.015570600525598666e-01
1.380946656627916713e+00
1.253497555825878518e+00
1.189850801129353153e+00
2.439840411783539498e+00
1.098635824195994815e+00
1.707836635710300088e+00
8.940222155781746283e-01
1.873543991422083721e+00
1.554071805569710696e+00
8.841414472879063347e-01
1.478201311236634119e+00
1.113286319352170262e+00
1.032565056549582305e+00
1.136803662831879169e+00
1.346889198311070679e+00
1.136981119748767588e+00
1.296219936402217998e+00
1.272086853139213769e+00
1.106254393248599532e+00
9.267463706014440472e-01
1.507194701371073808e+00
1.142834976832892036e+00
6.349216428837549664e-01
1.133778235457176375e+00
6.394395748601865437e-01
1.101648378078152524e+00
1.292916033158663547e+00
8.994412603359147607e-01
1.580608628755633571e+00
1.130955111778509492e+00
1.574319279749555323e+00
1.364402295167070012e+00
1.126243103592209138e+00
1.984232303797918595e+00
6.025329862564641203e-01
1.114092039469445128e+00
1.378712000464920262e+00
1.232646209036266649e+00
1.357850969451424694e+00
1.064466255299819863e+00
1.200119756702389351e+00
8.506385292214638794e-01
1.305529589048269212e+00
8.890501697957566840e-01
1.107447839632885955e+00
7.353152458538767533e-01
1.176628486378225036e+00
1.006152757284428434e+00
1.294862355173751922e+00
8.312873579481432351e-01
1.246715447005974031e+00
1.336083922210993258e+00
1.727415353826638134e+00
9.059522867132907553e-01
1.673529245474367544e+00
1.450410171746691956e+00
1.428844780497620981e+00
1.329536583661082405e+00
1.303184858394811352e+00
1.283696854685870914e+00
1.205655200035506747e+00
5.870628372619066671e-01
1.366371285677247194e+00
8.385642255965404246e-01
1.747426648381431136e+00
8.817583685025934814e-01
1.126619176139538103e+00
1.105118884891672870e+00
1.088368876797860096e+00
1.543844721273498033e+00
1.180186857245292265e+00
9.690807525043870774e-01
1.101758077374124900e+00
1.805991860183440378e+00
1.838479332276399703e+00
1.239394091822497934e+00
7.844246021880260100e-01
1.823222120713319239e-01
1.049629649968718770e+00
1.856949038864412760e+00
1.169576419371255449e+00
1.427668571133180908e+00
1.108100420823298293e+00
1.117821676992090563e+00
1.094640361618127722e+00
1.562430015172077802e+00
1.850054600945789884e+00
9.243379480266876724e-01
1.368482571534561654e+00
1.460499165795944743e+00
1.032796412440210476e+00
1.865553110272597293e+00
1.785237894348935539e+00
1.673923109658485897e+00
7.430778135048476951e-01
1.100763565041136927e+00
1.431336783859691097e+00
1.310566517600946668e+00
1.024471758093576490e+00
1.294862355173751922e+00
6.308915347460968270e-01
9.971930075511625802e-01
1.156729408925702529e+00
1.862689812945557799e+00
1.223090059847947053e+00
1.329536583661082405e+00
1.098224269034537404e+00
2.141934723474771651e+00
1.430883651056271688e+00
1.089807304347231165e+00
3.137845572594840649e-01
1.174925986509098019e-01
1.092557503071273528e+00
1.085857012888370665e+00
1.094581809032211250e+00
9.926018312621038842e-01
5.948071283636009454e-01
8.094105449566505461e-01
4.087390419859202040e-01
1.132160211461721078e+00
1.587335651416439397e+00
1.763520571174682416e+00
1.326498253019204654e+00
5.216751724770656296e-01
1.553498952721124704e+00
1.538503189708871233e+00
8.436284305324911470e-01
1.488023519100860614e+00
1.803603527913338000e+00
1.310466912090640923e+00
1.272352003171089541e+00
1.360278729772498085e+00
1.079227163980465143e+00
1.330477127944281079e+00
1.457216901531485753e+00
1.285003029412377762e+00
6.209710795408883710e-01
1.268247281941183857e+00
9.233658951991834396e-01
7.899250961333499355e-01
6.222329947518971949e-01
5.507800344268042325e-01
1.264768470271711465e+00
1.382791573121993078e+00
1.388042322668118222e+00
1.467053306190494677e+00
1.136306788774035015e+00
5.145069491115663585e-01
1.146406233715515199e+00
3.424874832340351616e-01
1.918586789756545397e+00
5.107517492687291272e-01
1.247652505823608093e+00
1.065461373026452607e+00
1.443594640842447374e+00
1.090142546798746448e+00
3.720415230174883847e-01
1.811909631575248980e+00
1.019690965942439353e+00
1.715367625451542422e+00
1.027131254919504411e+00
1.310907573075764887e+00
1.626469056571183014e+00
1.164410990098015963e+00
1.584888128222136539e+00
1.028796930772192253e+00
9.213675371155378713e-01
1.277161887395545037e+00
1.079226766467394905e+00
1.099655727177273334e+00
9.164403004284685794e-01
9.417101828418663612e-01
7.102261421053955859e-01
8.865478634021416449e-01
1.397666129875229091e+00
1.100080896608482295e+00
7.327784480855439320e-01
1.421547843989426685e+00
9.047840875898647273e-01
6.846323041959440081e-01
9.175150548234901615e-01
1.131765914329250000e+00
2.068496644120073391e+00
1.063055285865174504e+00
8.841287396339180260e-01
9.598279334260705342e-01
1.088368876797860096e+00
1.482879692119170478e+00
6.887718123943221693e-01
1.774872712708881695e+00
1.721309240715376054e+00
9.833254320701723117e-01
1.611632437033613696e+00
1.534802206547149384e+00
7.196474953217507631e-01
1.188291680572052700e+00
1.102697837448640028e+00
1.141162742437652255e+00
1.443857127488111569e+00
1.323229205183064749e+00
1.942439869955966625e+00
2.321950369259704772e+00
6.507866940004720657e-01
1.596959924603997383e+00
1.387261375689651022e+00
1.228631237542362920e+00
1.068567918110447934e+00
1.570417879606978095e+00
2.170726794304685292e+00
1.540982468685061946e+00
1.630229761535887389e+00
1.378478629874115402e+00
1.223777628117673100e+00
5.770728386567181012e-01
8.583944242125546298e-01
1.363909167935432709e+00
8.620409185876692915e-01
8.686711696429560980e-01
1.051650073579050604e+00
1.164880902824814379e+00
