1.295762547940986886e+00
1.138449891866632147e+00
1.432388626026066758e+00
1.020949259529662534e+00
1.869399706111928294e+00
7.769999107137597338e-01
1.709105223775143401e+00
9.573522991754715994e-01
1.302975835842434815e+00
1.201834923004810429e+00
1.153945148322428116e+00
2.912730152951210072e-01
1.292280512753646970e+00
1.096260727866523066e+00
1.558096692210516609e+00
1.241927019379362340e+00
7.722240885626043827e-01
1.212689736905134957e-01
2.054359029653922697e+00
1.206777801526969229e+00
2.042057993941603034e+00
7.283423505254401631e-01
1.161150753047697215e-01
2.357992844237170704e+00
1.691776593982959653e+00
9.830001885224476377e-01
4.972582120414753559e-01
1.316394214207346369e+00
1.546121659257013503e+00
1.408630361637594364e+00
1.791912969307785986e+00
7.368179707098877484e-01
1.740597242771426412e-01
9.518986621825457073e-01
1.034944076967163396e+00
1.184062528748263787e+00
9.485120542255306431e-01
1.721309240715376054e+00
1.000623841987972495e+00
1.658798907940663092e+00
1.149436529998998147e+00
1.680867029072446339e+00
1.246582474097391868e+00
6.561254546446151359e-01
1.319907662419600891e+00
1.037838752180703761e+00
2.047097449738909170e+00
1.117583767889220425e+00
1.405057472054217271e+00
2.161570479768235020e-01
1.353551439564826042e+00
1.830516584988240547e+00
4.703767289585467082e-01
8.876333193991521320e-01
1.831535020789377688e+00
1.732595772617131269e+00
1.077287714672702013e+00
8.960477998764261320e-01
1.074466070632503323e+00
6.240205549102942895e-01
1.758333091379237434e+00
1.115030854212436084e+00
1.027290524204971689e+00
1.239468503463554194e+00
7.393663045112812693e-01
1.271280376068970375e+00
6.287757705027455790e-01
1.433488426110772318e+00
2.310846159834702096e+00
2.698673054884253020e+00
4.687540301107459562e-01
1.723016840758655910e+00
1.663894477849310105e+00
1.498985338297083247e+00
1.199647892111735725e+00
1.038291555336300576e+00
1.445403260581845650e+00
1.301047133537470923e+00
8.920801629998450499e-01
9.133001352092073866e-01
9.078042597874549369e-01
1.473713616520298864e+00
1.758762444781996059e-01
8.977046907159133005e-01
1.096337669718680408e+00
1.365659148929603273e+00
1.012094849751252745e+00
8.250661989297379817e-01
1.429995295077881146e+00
1.281173475034022902e+00
1.705479288812463023e+00
1.337711367344705193e+00
1.365920493811581427e+00
1.217827277908997807e+00
7.627277956692845029e-01
1.225264406364817926e+00
7.297685443453933996e-01
1.064431202964225776e+00
2.843939201599732236e-01
1.190167960487457766e+00
9.081465190108929386e-01
7.270579732241329030e-01
1.059953656891492901e+00
9.334529494798334825e-01
9.495653796997748364e-01
1.111827263668460075e+00
2.500594036520085162e+00
6.722304791317526007e-01
1.368882678661140107e+00
1.226523303080620186e+00
1.121889772198870983e+00
6.882472912411672361e-01
2.241037746818843601e+00
1.050877258802945802e+00
1.637279972436897157e+00
1.887140062110982397e+00
1.077260512882489030e+00
1.063381336073113026e+00
1.073259154310686192e+00
2.016527652574764407e-01
1.574319279749555323e+00
1.109142214215496081e+00
9.024133026536722557e-01
1.474114019339685555e+00
9.218379773414290268e-01
1.319902045643827737e+00
1.243045159808060740e+00
1.025058349097856647e+00
3.007895134057266273e-01
1.405862200080240987e+00
5.951913957615881934e-01
1.392961056631963013e+00
1.297827615637643373e+00
1.779670477524597505e+00
7.041159553089406664e-01
1.128832152758916685e+00
1.266794217195966743e+00
1.552562779509390811e+00
1.104057057202125103e+00
8.769491764743203577e-01
1.031713903543321820e+00
4.900973534502369167e-01
2.416251544978897048e+00
2.116973885663560040e+00
1.073557507247824949e+00
1.183074814558947363e+00
4.958835258414658886e-01
1.079432294492275846e+00
5.893932118786389118e-01
1.306589319414351857e+00
1.206424432263676128e+00
1.198774050801430846e+00
1.320051037313332509e+00
1.353624872249033162e+00
8.328817189999759840e-01
1.232167959133938506e+00
1.157656771922953576e+00
2.266815641160310424e+00
1.119609066544313025e+00
8.258187857838890089e-01
8.583944242125546298e-01
9.450574209852540264e-01
7.386740380757934599e-01
1.105930287331442052e+00
1.065858095316715382e+00
5.024584574371464551e-01
4.954836537834113042e-01
1.088275974610098729e+00
1.494203329324331087e+00
1.117583767889220425e+00
1.281346562160040836e+00
1.197961336458455595e+00
1.065790942880192604e+00
1.159248845419154517e+00
1.118265184244517041e+00
1.956656776898158201e+00
7.925392447087392656e-01
1.286628794001463350e+00
1.277659649719330659e+00
1.013870812341908900e+00
4.419572959382532806e-01
1.186311517585387998e+00
9.605924354777435337e-01
9.942381471497701018e-01
9.514860983275443829e-01
8.735149054340212160e-01
1.443183027416027775e+00
1.344335873638180301e+00
9.359085943327203339e-01
1.419723195934466053e+00
1.066405055300087890e+00
1.030043748583279850e+00
1.443856661704935096e+00
7.578546509909933615e-01
1.217264020066594066e+00
3.248602900728238541e-01
1.701811721909726849e+00
1.217380404919335746e+00
1.311623232809886241e+00
8.991821236533016348e-01
1.037931270236147618e+00
2.073652143494384426e+00
1.221884118124579199e+00
1.279899540966972005e+00
1.203769801509275039e+00
1.738500017997047120e+00
1.140655883470443666e+00
4.381972742460141235e-02
4.083185217584044402e-01
7.518512510622946676e-01
1.074328389774128922e+00
1.306983430491449827e+00
1.041889976891743785e+00
1.903079561998341607e+00
6.880366321578715860e-01
1.205715766056316252e+00
1.421547843989426685e+00
1.725301617712429625e+00
1.546306533356136548e+00
1.073849105670791948e+00
5.339843271055222385e-01
9.409927348842158645e-01
1.164882208901636851e+00
1.664392860225803572e+00
1.803312439955017776e+00
1.053918273699611552e+00
1.043129576039041773e+00
1.802237739780246928e+00
1.074222118709191820e+00
1.231467877693710244e+00
9.563928217538434362e-01
1.037402411865688379e+00
1.304328501940606122e+00
7.729538935175964687e-01
5.786510467650816114e-01
1.231434438048350177e+00
1.428949676727667706e+00
1.333715117625475122e+00
1.022687977802249293e+00
1.185412947760133173e+00
1.123378684565092822e+00
1.087570673818721412e+00
1.010237999535815057e+00
1.887504666624816307e+00
1.438074680286805851e+00
1.316337042396005685e+00
2.077552445711171369e+00
1.164831065683457068e+00
1.247652505823608093e+00
1.119090523915780455e+00
1.427326760168661446e+00
1.279725900093574786e+00
1.103406378381822206e+00
1.077817362126433309e+00
6.323615743148868207e-01
2.068132400876818267e+00
1.499585466191540428e+00
1.133450063656334938e+00
5.361957361562131874e-01
8.453193555108876600e-01
2.190360435874123546e+00
9.165302102448837918e-01
1.327592752497718021e+00
5.664334651152704847e-01
1.641957465226979496e+00
1.208575988717813132e+00
6.785492339801763029e-01
1.633783217179501701e+00
3.973681257052074089e-01
1.183228973054835764e+00
1.524360750432372402e+00
1.169576419371255449e+00
5.496931433480053419e-01
5.215381087436333774e-01
1.417283269775047927e+00
1.004831058097791496e+00
1.111715061136857807e+00
8.779006240725925059e-01
1.085005554794590710e+00
3.851095739245632421e-01
1.795424164136482537e+00
1.963934961122149936e+00
1.087321312264126982e+00
2.272958656197893390e+00
1.241714934712007112e+00
1.241320638115282815e+00
1.561832067236918364e+00
9.572642100995600867e-01
9.074679548273374419e-01
1.411861102654199840e+00
1.077728595721643146e+00
1.209696168762687263e+00
2.256404902616269581e+00
3.847717785804994906e-01
6.606096345941078196e-01
6.945895618839537100e-01
1.559630450765198351e+00
9.802544267819209844e-01
9.282944812530923295e-01
9.417763091369001360e-01
1.426053636345861353e+00
5.373333173795881157e-01
1.255231716376934203e+00
1.220193806312973361e+00
2.519494704095790460e+00
7.659513218952791469e-01
9.263157012380920374e-01
7.301043821943997703e-01
2.010568066135665355e-01
1.041660757161918971e+00
1.088562799927067726e+00
5.050100420553516045e-01
1.379370214482037227e+00
6.053098155651946005e-02
1.721647334537903307e+00
1.282740889676078799e+00
1.529737337872550285e+00
7.611958559408141811e-01
1.903412421678403410e+00
4.975912018882590049e-01
1.026478795961705881e+00
1.066962850794542561e+00
7.487159171861097473e-01
8.093638284316139186e-01
1.317188726848242286e+00
8.816476114190261448e-01
6.320881455389192327e-01
1.374367039413082692e+00
1.664754218517441986e+00
1.360985469491567512e+00
1.248680339783245108e+00
1.051990663480913302e+00
1.564080856274761455e+00
1.676361405724397624e+00
1.306770545490603341e+00
1.440301385905911280e+00
1.543623491898983069e+00
3.893689465570064345e-01
1.217156223143994964e+00
1.051884951738918383e+00
9.802118297285038473e-01
1.073163458495353995e+00
7.549034191029354579e-01
9.719534621719516654e-01
6.272512732365124188e-01
1.748929591538456174e+00
1.675294642551341084e+00
6.059907779994573307e-01
8.957490904851911351e-01
1.341904112919000358e+00
2.316067416675642754e+00
1.491215558444899614e+00
2.312910642668266181e+00
9.657581416844739364e-01
1.113050488970746432e+00
1.118922266669606147e+00
1.628678659717918809e+00
8.219133464802684808e-01
6.492558197342380988e-02
1.673119461354180659e+00
1.445717137071524272e+00
6.066604006563356410e-01
8.540272483522842739e-01
9.483260652782034006e-01
1.239829669173393434e+00
8.875059912330792722e-01
1.476936638387108536e+00
1.185293916161705763e+00
9.180027694233063862e-01
1.270083493625135285e+00
1.481695588833500610e+00
8.633564982400671051e-01
1.135613114076071906e+00
1.289286751800005959e+00
9.486672022316630093e-01
1.323283143009151397e+00
1.262845223008109752e+00
1.749535398191579771e+00
1.450331822902984902e+00
7.305182662373812530e-01
8.836026345572488561e-01
1.065472967042347952e+00
1.176062527450622897e+00
1.432248042225639395e+00
1.348798484438661793e+00
1.582283590737454615e+00
1.523704464390311375e-01
3.581325635083807968e-01
8.023637868592505829e-01
1.148269334421455623e+00
1.410337155889699323e+00
1.825755264897576557e+00
5.605144392017212818e-01
1.028563529000696697e+00
1.584888128222136539e+00
1.272977826801339862e+00
2.017633226524015999e+00
1.316471237670065131e+00
1.409519870832778299e+00
3.227534721225825964e-01
7.967941666792308641e-01
1.424846971468687107e+00
1.102452860546774049e+00
1.039846047529150885e+00
4.664779332633413600e-01
1.818612848923250036e+00
1.121703153409595588e+00
1.052645849653062404e+00
1.364805529660936489e+00
2.356911470391887420e+00
1.887510326086241808e+00
8.248902001699965902e-01
6.218696271267040165e-01
1.763427151532521275e+00
1.050849998602975344e+00
4.173704565700379066e-01
6.991655354454063831e-01
1.278004406599291487e+00
8.658937957197755386e-01
1.474969217288454315e+00
7.747799597824862605e-01
1.346910325444593104e+00
1.114426702801785574e+00
9.998807069273845105e-01
1.205683485033780089e+00
1.413767424454865473e+00
1.274614604587276157e+00
9.763715208855309191e-01
9.639089916213049447e-01
1.712818093371146988e+00
9.888177429071326463e-01
1.095353761289133532e+00
5.673240189055380744e-01
1.098417767075974272e+00
2.296773353463453515e-01
1.399063516806555496e+00
1.657501068128459876e+00
1.085972159940874038e+00
1.546991754446435940e-01
1.571543285478368857e+00
1.064079907082387866e+00
1.895756927693419858e+00
1.253646664698022439e+00
1.179478322590383099e+00
2.242738032510271928e+00
1.181272652357002517e+00
1.266259183224778928e+00
1.019754657272253340e+00
1.555946203729651867e+00
1.483542882594783174e+00
1.442801647116359609e+00
1.215453511669366549e+00
1.197472786113789045e+00
1.170690653038482854e+00
1.008267110441881664e+00
1.444556918381766142e+00
1.376875806730495588e+00
7.912430182572929294e-01
2.470834166300623025e+00
1.465821650936949938e+00
1.040073308271016073e+00
1.203253262446058569e+00
2.028085631478704798e+00
1.238588231598888756e+00
1.157073144639975126e+00
1.837740289869468135e+00
1.252919637292561283e+00
1.337660312526109951e+00
6.701316257580174351e-01
9.796048345618931785e-01
1.163811720534931649e+00
1.528063203054374597e+00
1.334762471946421503e+00
1.499778124414960834e+00
1.327528894619292910e+00
1.628538259893156370e+00
1.287657652080837378e+00
1.301047133537470923e+00
1.017190008453776384e+00
5.482646237393553612e-01
1.204614597768343343e+00
1.068866511013608189e+00
1.088525945006517448e+00
9.461412484517025545e-01
9.815952803226708490e-01
1.631422652353586855e+00
1.610724922731465725e+00
1.447152202687881362e+00
8.788564216584866529e-01
6.506860305507474740e-01
7.813872862726473079e-02
1.411944105918481185e+00
1.582279919742032082e+00
1.537883885408850793e+00
4.228134796269584772e-01
9.896778879203355084e-01
1.027664428742483871e+00
1.991767697631869671e+00
1.526554950354731988e+00
1.071633489883047519e+00
9.821505348785845024e-01
1.082368159178598743e+00
7.330569438013362360e-01
1.136002566544215497e+00
1.045345199385918855e+00
1.088562799927067726e+00
1.252228171983971183e+00
1.433488426110772318e+00
1.154751984157669886e+00
8.133802746724514421e-01
1.167844988852696941e+00
7.489227317792923611e-01
1.028679271973513387e+00
1.066937355730657844e+00
7.408869669844966310e-01
7.203152897079558858e-01
1.076857074714475226e+00
9.607171068978344053e-01
1.328019463135063694e+00
9.346433804068066120e-01
1.252965818793909447e+00
7.710652632736033629e-01
1.146527470181515129e+00
8.295800700591583476e-01
1.157935958267899190e+00
1.648790025280151506e+00
1.156096547943573194e+00
1.725301617712429625e+00
1.307759672248522742e+00
1.555946203729651867e+00
1.138106680363059064e+00
9.070806233925472473e-01
1.071847425323260161e+00
1.050571215596423524e+00
8.274384323812330466e-01
9.328344603541984803e-01
9.563928217538434362e-01
2.238089519546760275e+00
1.535980158953275110e+00
8.344266183379116519e-01
9.710933396031741216e-01
9.651949127386190153e-01
1.507223038977907770e+00
1.113280276160661941e+00
1.592084709807050080e+00
2.107294688504970925e-01
1.272535135378839888e+00
1.171437653571857140e+00
8.202651567661884968e-01
1.297822584583403493e+00
9.992945195677047643e-01
9.147734584887950993e-01
1.256146975529204513e+00
1.477069707614334648e+00
1.150255192319883601e+00
3.410968583173918378e-01
1.311669710935353228e+00
1.042637311436057868e+00
8.544157567892465277e-01
1.766952470115602747e+00
2.219161673606693252e+00
1.196878099815314123e+00
1.325955995305130530e+00
1.007560082539202373e+00
1.242439871231542758e+00
9.399581001047996320e-01
1.920903442467116307e+00
9.891663158931814914e-01
1.258794751998960626e-01
1.841919282536937930e+00
1.677499309575525510e+00
6.496943020393384227e-01
1.113020430548251394e+00
1.282007171666516232e+00
9.175683422587793681e-01
1.212670397638683006e+00
1.041179127877228217e+00
2.087516075198450616e-01
1.405908910992930583e+00
1.396181746697312986e+00
1.005426542053188932e+00
9.843986176570519442e-01
1.294156932850043962e+00
1.197435771726921727e+00
1.593866579109879611e+00
8.380429079415963045e-01
1.716290023314680280e+00
5.814405563581581671e-01
1.158185654666338049e+00
9.388748061873224415e-01
2.187687805315571499e+00
1.870502776992305050e+00
9.094603170770376721e-01
1.234878120704415050e+00
1.238374196304830921e+00
1.890310267528472865e+00
1.034499947721990054e+00
1.322566137240787087e+00
1.660106610089001622e+00
8.911386483124427160e-01
1.657820731210234211e+00
1.857455930419011692e+00
1.360667559720400099e+00
1.193552647829946523e+00
1.679681884074647691e+00
9.988204919983045826e-01
1.051751997460829369e+00
1.121509044277567479e+00
1.261556382137798860e+00
1.200567077427336926e+00
1.730319185318919484e+00
9.810144734982741976e-01
1.909199111497211110e+00
1.098417767075974272e+00
9.968007381883255968e-01
1.344507058116293452e+00
1.129536499107142822e+00
1.724038072827206447e+00
1.000138910314309237e+00
1.790404107315310966e+00
1.873599206197791744e+00
1.199647892111735725e+00
1.042374856319405296e+00
7.136146413857158421e-01
1.481854399063986527e+00
8.669743922510226852e-01
1.076334449187826392e+00
1.263221993247070740e+00
2.517078725432763342e+00
5.643312085984936166e-01
1.179904243573251632e+00
2.097943598415926925e+00
2.642263076802875421e+00
1.066962850794542561e+00
1.105888203324698171e+00
1.966185372533478137e+00
1.117394123483409052e+00
1.118558379532112568e+00
1.309437333998238806e+00
1.379005198318362657e+00
4.725113006221113299e-01
7.906699676053469128e-01
8.285087981611827246e-01
1.146320253678883239e+00
1.442798128968512561e+00
1.217389074537579496e+00
9.601241481323082860e-01
1.127034378810881643e+00
1.126994370308168403e+00
8.769491764743203577e-01
2.076501063575222794e+00
1.239122860245897018e+00
1.239829669173393434e+00
1.268686128837065885e+00
5.576716058331092629e-01
1.198020835422224151e+00
6.335463903530890173e-01
8.328421525638659562e-01
7.374352737108430533e-02
9.790280582916995877e-01
1.249087055976895178e+00
9.602631804838415164e-01
9.915293994272719180e-01
9.234425983689960038e-01
9.056076665019557881e-01
1.904637229380444108e+00
1.519837716757461044e+00
1.241543391978195077e+00
1.332524007454823023e+00
1.852315828694686584e+00
8.007175890173543475e-01
2.568554531727284207e+00
1.434363753962042631e+00
1.098407023853152475e+00
1.084031918944503348e+00
9.692970833416123533e-01
1.003774458693209137e+00
1.585633222406282794e+00
8.344266183379116519e-01
8.177748081870970243e-01
1.041854450533523657e+00
6.032811002446564208e-01
1.109254673238983635e+00
1.394216208033175697e+00
1.002109637518969310e+00
1.483475806710076395e+00
1.549805657582963736e+00
8.054346174210473830e-01
8.731055624000971793e-01
8.519548142118006373e-01
8.702582771294438135e-01
1.841757869326878572e+00
8.711917224705660878e-01
1.539261155344199938e+00
1.702799918651999977e+00
1.355358838686841150e+00
5.892251347628602032e-01
8.783337329425268125e-01
1.208511890626145169e+00
1.426021746523942646e+00
1.019986701527695105e+00
1.118292379706375517e+00
1.217001003684988758e+00
1.323717625021818556e+00
1.701846241082851208e+00
1.021239614042332988e+00
1.092375147831444071e+00
1.531016533787267431e+00
1.319118802231811882e+00
9.601422079210338856e-01
5.737144326653667026e-01
1.426935561223698912e+00
8.228014010477859852e-01
1.247605822579908486e+00
1.740031752567145595e+00
1.637243086147687210e+00
1.618164759930941665e+00
1.085368078864825003e+00
1.067018117126553589e+00
1.487627759802322869e+00
1.038504517688020767e+00
1.281333293560489750e+00
1.743508861446620095e+00
2.231101273707394750e+00
9.423581522813860856e-01
1.335106566358009506e+00
1.561080915522510049e+00
1.255005489334698021e+00
9.975773592893488750e-01
1.602589061694870365e+00
1.171590832302908725e+00
1.323767984039005086e+00
9.303079192169797507e-01
7.848972112154617431e-01
2.215913170789081565e+00
2.011138895262905901e+00
1.501670627184620521e+00
1.427198981232026043e+00
1.052548043930293664e+00
1.035922649934774453e+00
1.984232303797918595e+00
9.975440416495336970e-01
8.364771733853608726e-01
3.989430384756604830e-01
1.618255759224039636e+00
1.424846971468687107e+00
9.911938851035672071e-01
1.378016349269675533e+00
6.347280018940508750e-01
2.149048645587020356e+00
5.843625165397889898e-01
1.609932868819805352e+00
1.123378871512630939e+00
1.411348375509938746e+00
1.540580085720353598e-01
1.064978906354122623e+00
1.345732388197845575e+00
1.705498414140143248e+00
1.022702456936311455e+00
1.481528045428627260e+00
1.055921757764775260e+00
2.060712477033085577e+00
1.247853564176660157e+00
2.099133223534103365e+00
7.658939070843102659e-01
1.567385723858773394e+00
1.208713075159644434e+00
7.799359060477920602e-01
1.518793696820517125e+00
5.298818995466737514e-01
1.052479552979907584e+00
1.102911890723147659e+00
1.070757303344254341e+00
9.236161504525484123e-01
6.465471498685347873e-01
1.987153099418809798e+00
1.120547757137197564e+00
4.221354586193451497e-01
1.244218634664634449e+00
1.102387497366750679e+00
8.771240945063243366e-01
1.242127613792359364e+00
9.188271672783654420e-01
1.276872711089660273e+00
1.273786156260892310e+00
1.247895544942386969e+00
5.797315550056030276e-01
1.147996741861290859e+00
1.023513824768871538e+00
3.557636282037907605e-01
1.848117663397301325e+00
1.671539404315867339e+00
8.665117351706036475e-01
1.420276833569892538e+00
8.244133689092122408e-01
1.864315952325566128e+00
1.615666881314670178e+00
7.263873446356478025e-01
1.187328380091712487e+00
1.361416452408704458e+00
5.769439037858042907e-02
1.078565427689260892e+00
1.172954733099987434e+00
1.056938473526404465e+00
8.161314144849277641e-01
1.325365177067904021e+00
1.297228448301848580e+00
1.308928831436573903e+00
1.227474563954176423e+00
1.929703637749872414e+00
2.129504068506070436e+00
1.613198678480270098e+00
1.131879661804947368e+00
1.123632364300414022e+00
1.098125797432672801e+00
1.170935162959352072e+00
2.297014912001007048e+00
1.362163867485613578e+00
7.973564535505932582e-01
1.296434209011401606e+00
1.293085087114068221e+00
2.531277167492250069e+00
1.070757303344254341e+00
1.144563955753673090e+00
1.364708324427329034e+00
1.622603488034252361e+00
1.113228489216818495e+00
2.583913493625419111e+00
1.303549018690840056e+00
1.176967373104931935e+00
1.156521625971525635e+00
9.740540924148913815e-01
1.196647455277613847e+00
1.705008716686249981e+00
1.290616522697739077e+00
1.277742535270542268e+00
9.908576383194128701e-01
1.355236153846767211e+00
1.596561443817802850e+00
8.297985496121240701e-01
6.921257010062871196e-01
1.008754052518511912e+00
1.068599288285576598e+00
4.382662592877133445e-01
1.399450061199360773e+00
1.697654473787481910e+00
1.192560329672047503e+00
3.154469870869123227e-01
1.609932868819805352e+00
1.352477081267480674e+00
1.152389204014917734e+00
8.582937855452492659e-01
9.133616582025186892e-01
1.519571419629731190e+00
1.308784503353366269e+00
1.373380581166005809e+00
1.270505732742809091e+00
1.268554511572474786e+00
1.210503743529118825e+00
1.402246717470986948e+00
2.130925467818944430e+00
1.182112601820514364e+00
4.189316940730375971e-01
3.623297854967786891e-01
5.898124879015753663e-01
5.484120329258699300e-01
2.083531847726875164e+00
4.653265142470687232e-01
9.687193767318519333e-01
1.061867559473788081e+00
1.221626125377843985e+00
2.109856666572283768e+00
9.613743486279869854e-01
1.358864274058096733e+00
2.311835930656212401e+00
1.337360475360330092e+00
1.015506213197416407e+00
1.426640517368787053e+00
1.314501738400508657e+00
1.397664413833427322e+00
5.803951979070628431e-01
1.712818093371146988e+00
1.139852044111268947e+00
1.041321076638515475e+00
2.048922378799226784e+00
8.359759137193663037e-01
9.817950290958431525e-01
7.419735193936141116e-01
1.184109722930633657e+00
1.193552647829946523e+00
2.506866688030847001e+00
1.220259931898293182e+00
1.211094789525385407e+00
9.588558512443670079e-01
1.088107118283411223e+00
1.006064259300778030e+00
1.583279432859014291e+00
1.884736612455095273e+00
7.136146413857158421e-01
1.190263394281087850e+00
9.137999110015837534e-01
1.583454153132043629e+00
1.157717750291115122e+00
9.670284615800656125e-01
1.419041162460313421e+00
1.069086873757097100e+00
2.011621900654590789e+00
8.741242761277743245e-01
1.100493837515973405e+00
1.507194701371073808e+00
9.419741666807208702e-01
8.819153427798142042e-01
6.629424116443521919e-01
1.077610025347391032e+00
1.332197659412938995e+00
5.102254991044032906e-01
1.162539643115923838e+00
8.762058722379119091e-01
1.494462813622808195e+00
1.867556474096693453e+00
1.148134591590834308e+00
1.231467877693710244e+00
1.233971568507945538e+00
1.956329593479553486e+00
1.046134551235009091e+00
1.350413517111665351e+00
9.430707506120457051e-01
1.541855485885003318e+00
1.206777801526969229e+00
1.652249729447344606e+00
1.521631186889990550e+00
1.498349966381629539e+00
1.117611039549620600e+00
2.038575676640393297e+00
8.296953567178909639e-01
6.736438450411430523e-01
1.085010861552656358e+00
1.734957515399930150e+00
9.193346022313234611e-01
1.327508015014812859e+00
1.432756633771642196e+00
1.341444470205395811e+00
1.018286037106700626e+00
1.205575232982315503e+00
8.652567891322408000e-01
4.497220561117868942e-01
1.570417879606978095e+00
8.442001979348064955e-01
1.089194731519822268e+00
2.228668157758835644e+00
1.085972159940874038e+00
2.054781279885320000e+00
2.409706042808217763e+00
1.435819434409026929e+00
2.029776600349917359e+00
1.222940292474335555e+00
1.077469499372805783e+00
1.035052934454728568e+00
1.446397438732407892e+00
1.387635408893729272e+00
1.926664000995124804e+00
1.282101127097230453e+00
1.350440269324564069e+00
1.990930472332297363e+00
1.229249464290655514e+00
1.222281531568950808e+00
1.238892466391204428e+00
1.157878677649291310e+00
1.115030854212436084e+00
1.339911005667951960e+00
1.418331819297135699e+00
1.131599966365208099e+00
6.283866433732991919e-01
2.089950156449939644e+00
1.428949676727667706e+00
1.076091231998201891e+00
2.586363754681935134e-01
8.238731926439742947e-01
1.216952079401820708e+00
1.392884992317370951e+00
1.329536583661082405e+00
1.213866820507578659e+00
1.222822877082474946e+00
1.371605039697414208e+00
8.533083165149868421e-01
9.836608461099641820e-01
9.778956856063515390e-01
5.915367597272578326e-01
1.044949456078604788e+00
9.462045823600758743e-01
9.198561450540986284e-01
1.712268198529207863e+00
2.007291488221008002e+00
7.605196418886178700e-01
1.928901197936917056e+00
1.293932052626501683e+00
7.502890511272330976e-01
2.443810045429066768e+00
7.231335944415592243e-01
8.012566231064578437e-01
1.152684231394926595e+00
1.386358858786494563e+00
8.594029279110197983e-01
1.422524256851187774e+00
9.963568703522539538e-01
1.244373630920101448e+00
6.011744201948689970e-01
1.406716632317683846e+00
2.166443532000120076e+00
1.174077595874668756e+00
2.241937373914096199e+00
1.213916315953873726e+00
1.566032867126743833e+00
1.544916020761855968e+00
9.060612474214820855e-01
1.280226247124579331e+00
2.081631188568250579e+00
1.287671637613044151e+00
1.020949259529662534e+00
2.311835930656212401e+00
1.154130786380341833e+00
5.850909843783242970e-01
1.530929152989011000e+00
1.682763097418514153e+00
1.508298608415846509e+00
1.031486969727269942e+00
2.076501063575222794e+00
1.105706317874306066e+00
7.035789168787376369e-01
1.288398918098215384e+00
9.094603170770376721e-01
1.374209219696389095e+00
1.576202375865372929e+00
1.314366527426244158e+00
1.132779152590958738e+00
9.484682775259726251e-01
1.146902339013960548e+00
9.969197657565279647e-01
7.754251934095498511e-01
8.539243071566198218e-01
1.234337296623077451e+00
1.479985404870047372e+00
1.070367741949528551e+00
1.406242040909761126e+00
1.193623881240527762e+00
6.402762697617425669e-01
1.904714324215571963e+00
1.403211096504670907e+00
9.582893017413364189e-01
1.336012065193568743e+00
2.617236408071040188e+00
5.299932467365413569e-01
1.622367601077804311e+00
6.611494010844939373e-01
4.315053071093991055e-01
1.533403664878369321e+00
1.138065682200885664e+00
1.484154273121558454e+00
1.696376107472921113e+00
1.100385545819436928e+00
1.473510582471891706e+00
1.143146686757413377e+00
1.094397966311062564e+00
1.291295122687385444e+00
6.364880485894134354e-01
1.035159564392683640e+00
1.511431337168141376e+00
9.543151592039120779e-01
7.041159553089406664e-01
1.127939714664099702e+00
1.211582999845663755e+00
7.912430182572929294e-01
1.113938521763648382e+00
1.644580230491043515e+00
4.965894758993070757e-01
1.524360750432372402e+00
1.112835658235040492e+00
1.271441638389009476e+00
1.252046806803997603e+00
1.209846683115789467e+00
9.597341866884173678e-01
1.167134785574053923e+00
1.085922535658426336e+00
1.191488875140357395e+00
1.484291823663521193e+00
1.132019205042574361e+00
1.075542963044392897e+00
1.811909631575248980e+00
1.073992877614190489e+00
7.281862429078239662e-01
1.251344739917086057e+00
6.179521643693703936e-01
1.376875806730495588e+00
1.223300666122648650e+00
5.358949301820116196e-01
2.032937385297936217e+00
1.556400419963227755e+00
1.435482672393883163e+00
3.248995200660266258e-01
9.166503553088662937e-01
2.269739766545556758e+00
1.304984044604917681e+00
1.661050125051220849e+00
8.185997726749590919e-01
1.383702427823589653e+00
1.261111889269315389e+00
1.155306982043360131e+00
6.505011400789300069e-01
1.673893626470207341e+00
1.159419705393351707e+00
4.556491609800185083e-01
2.079400697692682431e+00
3.708770043157200713e-01
1.217937389576012830e+00
1.541098434715644450e+00
7.020512068614720436e-01
1.256135553233575841e+00
1.093740492840890921e+00
3.695272028427732391e-01
1.252750781175019812e+00
1.153778418726232990e+00
1.634862931533793917e+00
1.282355576123547669e+00
1.479233988773268837e+00
1.136985342775660018e-01
1.011662132165499495e+00
1.359640099571084226e+00
3.529935821716063127e-01
1.296880324027251730e+00
9.281038392157647809e-01
1.881351086667858885e+00
1.127192994734365739e+00
7.741233359155222926e-01
6.629424116443521919e-01
1.474059980735380915e+00
9.436682085186171021e-01
1.926270773169757700e+00
1.137058419147555899e+00
7.354885751384611092e-01
4.302261611331931190e-01
1.228158309494249423e+00
1.565538995091376506e+00
7.549034191029354579e-01
1.556355160535364268e+00
1.539524979399393922e+00
1.116724768933830880e+00
2.223263499415269351e+00
2.126925897561475765e-01
5.940722202271723207e-01
1.646250817650851905e+00
9.815209513028693156e-01
1.356240385673579629e+00
4.342472520730191743e-01
1.604151221538157479e+00
5.427146857990289286e-01
1.763991698316168755e+00
1.386961668918580193e+00
8.831703091488776192e-01
1.225722084343386697e+00
3.098795654475982805e-02
1.065607008298724789e+00
2.256147506811655656e+00
6.710051495792311860e-01
1.180486026812462175e+00
1.036752053687883368e+00
1.043215645513689394e+00
1.030813555943914661e+00
1.386975817989888782e+00
1.381657972034107340e+00
5.022143743967252272e-01
1.231216995234464040e+00
1.138287980089485618e+00
6.779702972538179662e-01
1.896296510468029606e+00
1.099139878220146471e+00
7.494483170738240885e-01
1.360479460795441131e+00
2.779229991782435905e-01
2.001563405147370744e+00
1.178896933417688198e+00
1.434615681902591033e+00
1.385237320289809393e+00
9.999661584526318148e-01
1.437191655351541364e+00
1.052121345328267843e+00
1.461442345879199856e+00
1.831078033933687621e+00
5.350145618930434166e-01
7.041376638563212609e-01
1.189609946505505000e+00
1.283423411525055347e+00
6.794222895562548326e-01
1.044859423244936636e+00
5.478980395443567852e-01
1.676763040370530033e+00
1.252984130417864161e+00
1.535223783975069756e+00
1.579930518170526543e+00
2.333931808004140240e+00
6.471926514181970402e-01
1.550963771900210064e+00
8.899866622678088701e-01
7.985261837216995895e-01
4.105714475837053401e-01
1.790564858497891487e+00
1.235309578116211560e+00
1.529479262913926441e+00
1.891037112692407707e+00
7.301119039472502292e-01
9.596901140688994802e-01
1.431525775394968170e+00
5.321083560517392286e-01
1.253840465110377611e+00
8.195783187638767675e-01
4.894042288544017683e-01
1.057986844031179041e+00
1.115314715579382110e+00
9.725139100302699902e-01
1.192420317424989662e+00
1.578243212759570691e+00
7.721947604784976660e-01
3.720415230174883847e-01
1.879337269172502767e+00
1.310862124517669480e+00
1.944115521504266031e+00
1.188345084636144078e+00
9.975379428931235859e-01
1.354433693138417327e+00
1.161117341768939243e-01
4.351116222753397822e-01
1.477706768203359111e+00
1.123548783773292259e+00
1.122128390744531634e+00
1.492558798882035243e+00
7.463282235665841258e-01
1.094191992609692576e+00
1.264614733304226357e+00
1.188467314616941550e+00
4.392349008023235801e-01
1.267347311808166399e+00
1.019796078079464374e+00
1.176831016973392652e+00
1.809442373505992574e+00
2.198077786589841320e+00
1.448228549987063962e+00
1.204614597768343343e+00
1.057028929468391443e+00
9.858706333926582355e-01
1.198356685687789192e+00
1.075594321106127182e+00
1.870502776992305050e+00
1.673119461354180659e+00
2.512025707509768502e+00
1.449315812209133636e+00
4.865412615280918507e-01
2.157848083151742369e+00
1.560248769705996130e+00
2.077112452503903306e+00
1.495561215375093234e+00
9.780002843487126674e-01
1.465731546301969557e+00
8.498943622514428808e-01
1.128346976596593443e+00
4.817331714863736236e-01
1.191423114448673104e+00
7.240006852853212438e-01
1.259774308195115156e+00
1.105003158261188556e+00
1.046692215649283275e+00
1.228624152431448957e+00
1.360806387568332498e+00
2.201511032682443414e+00
1.446397438732407892e+00
1.703168115471094701e+00
1.290385080920671834e+00
1.612005394962351179e+00
8.637124277642486136e-01
9.137706065592545723e-01
1.308007413997508417e+00
1.675180066860878947e+00
1.040358794589149261e+00
1.023577539850123452e+00
2.412966346396520301e+00
1.407992369059843041e+00
7.379549999102364977e-01
3.761391048331136355e-01
8.858455246589613807e-01
4.510069811547374741e-01
1.083269637300705357e+00
1.104500187656573651e+00
6.210696368244200682e-01
5.136651911141107973e-01
1.604151221538157479e+00
1.038519723395108452e+00
6.099292659211579259e-01
1.412810302896353454e+00
1.410308245405754057e+00
4.582645889975643372e-01
1.240521291602056486e+00
6.730777709784168117e-01
1.637772191279224021e+00
1.466663592086331125e+00
8.398882140273852270e-01
5.737688442220324481e-01
1.737189800024603104e+00
9.726653729197863862e-01
1.689085143128627120e+00
1.119995340777281578e+00
7.801821218060499552e-01
1.291258998425573568e+00
1.852705585241131603e+00
1.161639973245930824e+00
1.052578315784149066e+00
6.644194848820808019e-01
1.647218538373829144e+00
1.623959710605083817e+00
1.080924846218077162e+00
4.388637939576325309e-01
1.479205485743771531e+00
1.667800080372081828e+00
1.248876171594879736e+00
1.171550534878275318e+00
4.535367082043341713e-01
2.220781726272715417e+00
1.031005945370293109e+00
9.483254857561637108e-01
1.100453126289674177e+00
1.380630500460077403e+00
1.425942632959158907e+00
1.710101708706014856e+00
1.697410791819952580e+00
1.175160251076394990e+00
9.793154738343246013e-01
1.699033062406332339e+00
1.171462430463922955e+00
1.522436464095540121e+00
2.054430520278730299e+00
1.059953656891492901e+00
2.057394991300035558e-01
8.734933615137872032e-01
1.389248485891948270e+00
1.293823419157352106e+00
1.106776458016789366e+00
8.515546974380124867e-01
1.004441008341468322e+00
4.768293075364005151e-01
1.149383498146199445e+00
1.590315675960096931e+00
1.401306154188640463e+00
1.056405748900293595e+00
2.358454866536850769e+00
9.371574184972577548e-01
1.153077482192600867e+00
1.129711313885290336e+00
1.267064805455755394e+00
8.057869541121586154e-01
6.812482101591511574e-01
9.020033750949685292e-01
9.502590540832869248e-01
1.172718244721654646e+00
1.948101287987219710e+00
8.622948714300353590e-01
9.932677935228747534e-01
1.008896090705214688e+00
1.474800633821887086e+00
1.243344177908308534e+00
1.455036354895121065e+00
7.117041471635148220e-01
1.289670994870833365e+00
1.011369662832001248e+00
2.521923274372070978e+00
1.580608628755633571e+00
7.435462534744156082e-01
6.918781864020664418e-01
2.066768461845101879e+00
1.633524769650534836e+00
8.762058722379119091e-01
1.662798620723995979e+00
1.044554106818753603e+00
1.774410686707897700e+00
1.025219834683342324e+00
9.346433804068066120e-01
5.040037412649778226e-01
1.611578096532128912e+00
3.747707996283703435e-01
1.324649932648053641e+00
1.288270252351995104e+00
1.237830484357299365e+00
1.135360330411044449e+00
7.129908036723808795e-01
1.054520250261381298e+00
1.066030620980767063e+00
1.072504305919389500e+00
1.026737596694748733e+00
5.479857014298972206e-01
1.208887617604728293e+00
7.329726791509119099e-01
1.431990366253767410e+00
1.709105223775143401e+00
8.882766306585958560e-01
8.919548063875470945e-01
1.401491421506031010e+00
7.787050083167964543e-01
5.537607258587452508e-01
1.141094474248830926e+00
1.423664142568632274e+00
8.689607599366299118e-01
7.787019751117255639e-01
1.065884194420736231e+00
1.095353761289133532e+00
7.695920311051421825e-01
8.799548090756957874e-01
9.482175375371705295e-01
1.399450061199360773e+00
2.113489279862244441e+00
9.340938871224266915e-01
1.299632352869828811e+00
1.737472429973290433e+00
2.726619498638290118e+00
8.843790487552579682e-01
1.551977209234968846e+00
8.522029098494238175e-01
1.101260761594291093e+00
1.699636327829092020e+00
9.809297731046904278e-01
1.019754657272253340e+00
1.135446054119689796e+00
8.561071537634538098e-01
1.058384307536333724e+00
1.419149155010166474e+00
8.527829888695647176e-01
1.690773856052290691e+00
1.116321159724612988e+00
1.183356516780783352e+00
3.316890438058196500e-01
8.261672851601583600e-01
9.738024535720616326e-01
9.089241192236461320e-01
1.366371285677247194e+00
1.323229205183064749e+00
1.721148817386029206e+00
1.426668687627201892e+00
3.731307358828390708e-01
1.061566879979014777e+00
1.050893566698523740e+00
2.562185043323473188e+00
1.195144132921579505e+00
1.424475708976671973e+00
2.056802701600345618e+00
9.381543636493484550e-01
1.249719856066626500e+00
1.460720306160966819e+00
1.053614824533903871e+00
1.333167092877667548e+00
1.089137226760663602e+00
1.108279685748011500e+00
1.073259154310686192e+00
1.348581115604456926e+00
6.896693824515632842e-01
4.437683444930923815e-01
8.213555526904575688e-01
6.365430745870973572e-01
1.424079306271674117e+00
1.165873734409614615e+00
1.139852277082205267e+00
1.884423292933477212e+00
1.237830484357299365e+00
9.745363039893154555e-01
1.189316087463350602e+00
1.100720586610345331e+00
1.255822494719450511e+00
1.407224956245038738e+00
1.302986762424262368e+00
7.852366750808810192e-01
1.240564789786955391e+00
1.900928420511361239e+00
7.550400527703707843e-01
1.421251674598038361e+00
1.036909386802766120e+00
2.059120547166638726e+00
2.356360640753767111e-01
1.459189251953719735e+00
7.017857385605514864e-01
1.134578998442595577e+00
8.182771373304837947e-01
6.184136619815671088e-01
1.591329748607088090e+00
1.136803662831879169e+00
5.751731103655380872e-01
1.047836672254374601e+00
1.019996129976859622e+00
1.112942684386901915e+00
7.825892861304991621e-01
1.135878952873858205e+00
1.116047472045142763e+00
1.288890309779840981e+00
1.215935174513542272e+00
8.082779206873138556e-01
1.058023235329924372e+00
1.976516642686243719e+00
8.739952035823220777e-01
1.062599179223337131e+00
9.017493072052290559e-01
1.421296508008967896e+00
1.157654167623255459e+00
9.908404183636332352e-01
1.537402606295890928e-01
1.606724751902907533e+00
1.636712923708982803e+00
1.958649034664661004e+00
1.904568407220108783e+00
6.023261269599842205e-01
1.381165046511785954e+00
1.384252243434026752e+00
7.225140518712691584e-01
5.940722202271723207e-01
6.550176285923020592e-01
6.819848444936632559e-01
1.204614597768343343e+00
8.522793865099097532e-01
4.372042092735359264e-01
1.109609756485131493e+00
1.511451406167953593e+00
1.127207729278069781e+00
1.608492284341682010e+00
8.512824473650552060e-01
1.004054967104341056e+00
2.015095886630268840e+00
2.671150650753584821e-01
1.439962696469268000e+00
1.149887944946043072e+00
9.854919685005281149e-01
1.089902162746803072e+00
1.384427685301511612e+00
6.218696271267040165e-01
1.208992485294192454e+00
1.827142322616889913e+00
1.208557331873510776e+00
1.171567790491925054e+00
1.365008909061807163e+00
9.916320801163110987e-01
1.566310852559544831e+00
1.517258305038351018e+00
1.008159003487214100e+00
1.686065929892891058e+00
1.828594121868291511e+00
1.117721118232182009e+00
2.084375190920192633e+00
6.507866940004720657e-01
1.023223445410043064e+00
1.227330590955822975e+00
8.345255150909454134e-01
1.003830947127447581e+00
1.184864020939328189e+00
1.113335992175124911e+00
9.878250568742499294e-01
3.154469870869123227e-01
1.181272652357002517e+00
9.271115155793092644e-01
8.269116994828284994e-01
9.824735071777317419e-01
1.504143986782725539e+00
8.541861610944850858e-02
1.017061679500318894e+00
1.826411727466991763e+00
1.219712091267532772e+00
1.416354470680113442e+00
1.452883124824888794e+00
1.604501876921271997e+00
1.376812181850284311e+00
1.350429404639392317e+00
3.176693722622353500e-01
1.120719165150263041e+00
1.489315427455063068e+00
1.709137767235569427e+00
1.441800271187942295e+00
1.880436502602276683e+00
1.224352939082451242e+00
9.138723954921297299e-01
5.124148197534231786e-01
1.103268012838773959e+00
1.149466780503483720e+00
7.883068653306584128e-01
1.255240787433808514e+00
1.266631841297815253e+00
1.343587850531606120e+00
1.049221526592098774e+00
1.307759672248522742e+00
1.284670375432269918e+00
3.062272926415217644e-01
1.125037854350926070e+00
1.617448392083979281e+00
8.668052281907544510e-01
1.288693226071017550e+00
3.069560631263621997e-01
1.054171575901197588e+00
1.267249661035018793e+00
1.223835970983645716e+00
9.271480228679527258e-01
9.037722776254017987e-01
8.995354104114606786e-01
1.738413782588668299e+00
1.214272256040878073e-01
2.258115991766885156e+00
1.687691260321466435e+00
7.982555517972216297e-01
1.229415898206240421e+00
1.090233140811298185e+00
1.942550541071541792e+00
1.562460494397205357e+00
2.126675841203140571e+00
1.365561828970396796e+00
1.032276733351173315e+00
1.152466466427431779e+00
1.772736176712763845e+00
1.498629606715247142e+00
1.311852393001005979e+00
1.185425923913738133e+00
2.092304444881538217e+00
8.779006240725925059e-01
9.359085943327203339e-01
9.432463713451807452e-01
1.240366415583580073e+00
1.088191710436982484e+00
6.380871163966647108e-01
1.570875878105835621e+00
8.128542284388902139e-01
1.107076488936971082e+00
1.446875469605885201e+00
3.654448127748383679e-01
6.069377819781824890e-01
1.172459861047189467e+00
1.774145555019240206e+00
1.401306154188640463e+00
1.249135217187407276e+00
4.161745971173748115e-01
8.384720152573117424e-01
1.553708635600510979e+00
9.796092502606227326e-01
1.119920879326478769e+00
2.017394140835983674e+00
2.224314516128361952e+00
8.820340384728517780e-01
9.514402642331939441e-01
1.240702815892783750e+00
2.957404808507638205e-01
1.036611911873407399e+00
1.166982362487787528e+00
7.178779179519995113e-01
1.112931665124826219e+00
1.085255947633070095e+00
2.396839778754809858e-01
2.258115991766885156e+00
1.868883406205978703e+00
1.329536583661082405e+00
6.680692915314608848e-01
1.026134389657009649e+00
1.645603178597278227e+00
6.715422712804397509e-01
1.138199725418318708e+00
1.386597885563659593e+00
1.916269917393427669e+00
9.270155385168158402e-01
2.575014876045966794e+00
1.331212423015521562e+00
1.158185654666338049e+00
4.310448368177764444e-01
2.220482429525236778e+00
1.159435365694127196e+00
4.559988592649106276e-01
1.725301617712429625e+00
1.164029286660958062e+00
8.859611682415434730e-01
1.109628187486202844e+00
2.027090732175127918e+00
1.254412215947917408e+00
1.042255522290750136e+00
1.402374476723059038e+00
1.347055283652535795e+00
8.357829552390129146e-01
1.361411726715903159e+00
1.225320027312179150e+00
1.062925671756014129e-01
8.385642255965404246e-01
1.222739292943843648e+00
1.853364067280496741e+00
9.928457031657418330e-01
1.088403675212503252e+00
1.182821769316728888e+00
1.270929010004090198e+00
1.115258152090976118e+00
1.012825788432321517e+00
1.163460622028655189e+00
1.623625636143669171e+00
1.377711798687649924e+00
1.196878099815314123e+00
1.072502063291037588e+00
8.497919183267836907e-01
1.557781103455646354e+00
1.207947769199764876e+00
4.680151945288650306e-01
1.098616944129892303e+00
1.009907599832487790e+00
1.508514185274314690e+00
6.424370390893948679e-01
6.835006600698178003e-01
3.254541362163269613e-01
1.672297785264849512e+00
1.925176697387420921e+00
5.475080495632927979e-01
9.874607344672328146e-01
1.547871407028296620e+00
1.329783963686701931e+00
1.116672148396145037e+00
1.258665626026496343e+00
7.638236779556535350e-01
1.130834249171257744e+00
9.323125812678754176e-01
1.336375882025788497e+00
1.600739590342157070e+00
1.469845505991420831e+00
6.967981235718258004e-01
1.210850669925459311e+00
1.174757701174160340e+00
1.191329393067229736e+00
1.206316029864935135e+00
5.627013225585528744e-01
1.387122825727612030e+00
1.460177785511871607e+00
1.517394626712948558e+00
1.072360772248811989e+00
1.345861982324972894e+00
1.226292557660783711e+00
7.252624567067520456e-01
8.094105449566505461e-01
6.962494612125673665e-01
1.226260031942658868e+00
2.141948743888788531e+00
1.499569049091810324e+00
1.124660359128208054e+00
1.187561961436158553e+00
1.400221326241032127e+00
1.287715743272940250e+00
7.719093705563571106e-01
1.186563513224381472e+00
6.025860386008767833e-01
1.676763040370530033e+00
1.028992205312400321e+00
8.673167599759756818e-01
5.785811405128309381e-01
1.309555040180035768e+00
1.349871304336376365e+00
