1.423174726015013380e+00
1.264818577512910158e+00
7.638236779556535350e-01
1.701418066201306756e+00
1.481219358538202302e+00
1.028922347750607535e+00
1.355486783851853616e+00
1.651719393986362139e+00
1.218466319337470294e+00
8.779695896986935422e-01
1.038006722247241997e+00
1.263227601715924076e+00
1.918256962657635789e+00
1.511679905801770918e+00
1.300963025017334296e+00
7.343508877965703174e-01
1.323767984039005086e+00
1.854501127031113583e+00
1.106447222593005097e+00
1.111204472142014232e+00
1.357073572266855654e+00
1.667778214798862679e+00
1.045883347987947465e+00
1.544856514595325248e+00
8.223158833426713610e-01
7.617635948436518589e-01
2.004346222583078596e+00
1.253712859812750491e+00
9.163281794091121535e-01
1.719894922239191937e+00
1.342495179973692832e+00
1.257469534040664083e+00
9.654962899699011114e-01
5.796523720083833764e-01
9.007753998215142222e-01
2.417267853097289976e+00
2.418454580741939530e+00
8.114485246170490829e-01
1.313599798231705140e+00
8.479685899768720780e-01
1.303184858394811352e+00
2.740371913804382942e+00
1.289115304846761179e+00
1.594971977849846123e+00
9.779332563416995860e-01
9.214277358715414756e-01
1.271157025039172828e+00
3.410968583173918378e-01
8.343312476161797164e-01
9.804639434526273289e-01
1.529554038717085618e+00
1.160825309635447278e+00
1.344482490448394074e+00
1.285540001557324841e+00
2.593764456397485763e+00
8.497919183267836907e-01
6.903703420198309404e-01
1.051440652362727768e+00
1.713077626699698541e+00
9.617580282172978334e-01
9.421563297561645900e-01
5.348101618280567404e-01
1.469573728686896397e+00
9.414402036912686844e-01
1.773529578933085160e+00
1.496176220108214716e+00
1.244730676440160888e+00
7.703069004779258266e-01
1.030835761459027555e+00
4.168195705668029660e-01
1.146482242908525517e+00
4.640277516503296673e-01
1.040207267222198695e+00
2.114996689106093619e+00
7.373227820064190974e-01
1.320222952032974018e+00
8.235209810511675554e-01
1.074245611693610103e+00
1.999862293172681271e+00
1.027174016169872806e+00
5.529398485663591378e-01
1.208944046217701906e+00
5.113906047480926143e-01
1.250053366086759432e+00
1.320478196221034350e+00
1.568306090824420185e+00
1.551747322983509259e+00
5.384512773076700620e-01
1.439663814607256453e+00
1.141719738279134644e+00
1.288536754239552051e+00
9.555442964352730550e-01
9.825578248995282538e-01
1.034547051683529562e+00
3.907667736782750034e-01
1.071966246558340830e+00
1.171857460017004637e+00
6.825062553782828001e-01
3.326274175646293241e-01
9.519019806305311082e-01
4.112791696882982517e-01
5.813278337176781552e-01
7.017857385605514864e-01
9.792885407611228166e-01
7.434362317310445611e-01
5.508308003246318307e-01
9.706713985983667081e-01
7.982982899730969306e-01
1.232864829304427978e+00
9.524520006060521737e-01
5.029445600234658809e-01
7.733069894507427211e-01
1.080308354825780359e+00
1.049794303159809594e+00
6.819779891869689470e-01
9.589847316523879561e-01
2.593764456397485763e+00
7.380618818872658471e-01
1.099521268601965307e+00
7.617791394713904207e-01
1.361211477917611656e+00
1.964158054059685243e+00
9.247168552175417666e-01
1.801853808786522682e-01
7.198741452356949289e-01
1.635092869092043433e+00
1.313359834791573422e-01
1.001295611666004559e+00
1.219487818604701790e+00
1.427836188067850509e+00
1.342082375706360686e+00
1.229308175183013274e+00
9.531847721816701924e-01
8.425101123483919041e-01
3.047769860081166460e-01
1.521832396523359776e+00
6.316087115417562403e-01
1.026279293638835188e+00
1.093752621031709671e+00
7.048964114511869772e-01
1.442488602049568414e+00
9.305404249242910097e-01
1.090736101778915224e+00
1.572806900661802176e+00
9.553810092835571810e-01
1.096340537657026326e+00
7.369954535865290701e-01
8.931159518568827504e-01
1.381361938567413183e+00
1.809442373505992574e+00
5.390156720726761996e-01
9.187751981098231102e-01
1.345732388197845575e+00
7.886050659730836632e-02
1.081365584859776074e+00
6.066618788215702995e-01
1.551430542744765828e-01
1.096627143557379558e+00
1.209426745935520797e+00
1.301702604250837503e+00
1.126217795751327078e+00
1.568089304047301624e+00
1.428377289642194459e+00
1.935569162934634990e+00
1.194571192676318727e+00
1.019574423264445917e+00
1.386555916290586277e+00
1.132884179691357573e+00
1.141628562114935797e+00
1.151068784051253679e+00
1.916700845305005840e+00
4.227355718401911155e-01
8.040833730130549917e-01
1.333502607140516494e+00
1.035922649934774453e+00
1.282355576123547669e+00
5.965387086150437668e-01
1.077287714672702013e+00
1.540846350358433980e+00
1.028289987142962270e+00
8.356995102801481057e-01
1.457575328000638049e+00
1.236524020871517582e+00
4.578427884856676733e-01
1.219712091267532772e+00
7.386740380757934599e-01
1.556469910361793385e+00
4.244190249246476698e-01
1.616578027911075965e+00
1.646822365636094077e+00
1.112947801324388530e+00
1.743146857328630395e+00
9.780379251893699388e-01
1.264891611478116795e+00
1.198897685171198990e+00
6.806466293566910686e-01
1.477706768203359111e+00
1.385904646223353964e+00
9.763715208855309191e-01
1.114443635380859776e+00
1.738306638322137498e+00
1.552718126145166355e+00
1.278018376417183077e+00
2.062186569390950908e+00
1.682587654461766613e+00
1.070498306367438701e+00
1.175810568519334298e+00
9.226824177445469566e-01
1.076686376630274999e+00
9.949029897745993445e-01
9.207078031446291888e-01
1.369351609038966577e+00
1.457556185173557450e+00
8.228014010477859852e-01
1.830862235395896320e+00
1.109498927808476809e+00
1.699614570547226533e+00
6.293852169153832943e-01
1.865414031566057007e+00
1.107987552943855647e+00
1.153492537574755783e+00
1.844686817765850861e+00
1.290012661888398249e+00
5.408339252084979343e-01
1.543623491898983069e+00
1.152786491536818225e+00
1.671386677462383119e+00
1.035922649934774453e+00
1.297493834493743670e+00
1.058943732811961969e+00
2.667376816382779570e+00
1.000143209548927770e+00
1.005942720705432558e+00
1.248876171594879736e+00
4.975912018882590049e-01
5.870321177422058723e-01
1.117611039549620600e+00
1.013785274761511701e+00
1.045231386623048708e+00
1.165952195857527185e+00
1.070128512096842233e+00
1.493678148377802994e+00
5.127376376840255823e-01
1.021735200210796890e+00
8.255618651824758736e-01
1.601999946785761963e+00
2.926143746194194706e-01
4.756319382942403307e-01
6.031499851879770224e-01
1.515955015888055701e+00
6.278965298300321907e-01
2.047607436418362958e+00
1.432173798655188124e+00
1.226102504977472751e+00
7.766495955103943638e-01
1.091461569454816871e+00
1.157073416545463251e+00
7.483669727141252226e-01
4.638780966366609637e-01
1.144341850060356602e+00
1.296935182601644199e+00
1.096976849913876340e+00
1.187783613773037983e+00
8.029569871214622401e-01
5.915367597272578326e-01
1.067251488875350152e+00
7.459766915363794659e-01
7.427494455433126808e-01
9.419702196497466984e-01
1.676361405724397624e+00
1.152405363741223709e+00
9.302958977289722542e-01
1.084910792462440154e+00
2.298362824480884914e+00
1.690450220633689327e+00
9.933443010954429164e-01
6.593511151292327233e-01
1.345074292753998479e+00
1.203633214997216871e+00
1.016604974407645523e+00
8.257837001010966960e-01
1.129134330878278192e+00
9.723648171366546800e-01
8.820340384728517780e-01
1.238999263615728985e+00
1.123139014067787267e+00
1.776427026834447975e+00
8.098807900553414152e-01
3.827369845993625064e-01
6.550343341324748048e-01
1.408605181772517811e+00
2.073044116640124557e+00
1.267367044240932605e+00
2.682992968242588816e+00
2.007545868707894421e+00
1.037631172243302258e+00
5.429936284765742860e-01
1.439753804243495416e+00
1.123955427370231241e+00
7.893189456409955840e-01
1.184924806377612549e+00
1.195362999131138970e+00
2.151537714501509768e+00
1.555726351999668466e+00
1.592385673923904621e+00
1.593174146839278160e+00
1.633972401284970122e+00
9.915293994272719180e-01
1.637279972436897157e+00
9.070907104252058373e-01
1.181807051887336257e+00
1.520250985393527765e+00
2.044256037276237059e+00
1.824221265549320403e+00
1.439962696469268000e+00
1.439386299645444289e+00
8.665117351706036475e-01
1.266303796571790485e+00
8.750519475253215607e-01
7.995336956902617809e-01
1.042087376146354716e+00
5.299044277760041055e-01
1.456400063770317388e+00
3.807583337573721138e-01
8.331262498182063769e-01
7.837106756857785683e-01
1.505936052782279599e+00
1.229588310487882641e+00
1.383531315236943948e+00
1.423760339132639219e+00
1.123021640427834811e+00
1.043426654432606515e+00
1.100295902585662233e+00
1.744154817980279715e+00
9.652966067277392037e-01
1.680924900763820728e+00
1.584728333291557378e+00
1.450407650932798109e+00
1.282391340751858344e+00
8.766343975372336006e-01
1.927795124605743149e-01
6.687744233456169862e-01
6.742955966548865865e-01
9.399335757691380522e-01
1.651719393986362139e+00
6.997952494634647191e-01
1.604501876921271997e+00
1.225621041301810044e+00
1.229335476303549113e+00
1.123957388409688729e+00
1.448698039279478156e+00
1.022326680280615019e+00
1.245447308150199994e+00
1.230292562834812697e+00
1.118919029621015637e+00
9.747243771390916578e-01
1.359842880116435948e+00
5.427146857990289286e-01
6.893786000237881462e-01
2.397314296169505532e+00
1.002424959560654472e+00
9.421850405501449588e-01
7.289955675077378627e-01
8.197139928125313224e-01
3.137434184682100780e-01
1.840183909977245014e+00
9.950762512703036355e-01
1.108515069865261049e+00
7.082481444982164920e-01
1.720692115162080427e+00
1.465019670776954941e+00
1.284670375432269918e+00
1.062183874746472245e+00
4.649315846584177736e-01
1.580048347081478122e+00
9.319403972022061167e-01
1.099421550803711067e+00
1.073819237280638772e+00
1.287038941919134150e+00
1.282787670518496848e+00
1.281148927794482972e+00
1.440097111428866317e+00
1.377596886900145812e+00
1.375855504801052120e+00
1.588766135184454642e+00
1.371255762142740142e+00
1.606441535919502561e+00
8.097660707519002132e-01
6.218696271267040165e-01
1.707845168931796387e+00
9.042122659186631051e-01
9.690504047139680832e-01
1.473414434175846388e+00
1.313381851796877386e+00
1.615221337287113590e+00
4.553584181188649604e-01
1.779082349248727990e+00
1.546351091338222572e+00
1.281461914607872510e+00
1.219829871055313264e+00
1.565441997009243913e+00
1.510839482065709838e+00
1.121832667867060707e+00
1.455585916669758895e+00
2.141881012745560642e-01
1.501953839682897529e+00
1.269330561912666022e+00
1.243216411122928022e+00
8.258722676527513462e-01
1.210857071101818061e+00
1.010027737782310364e+00
1.215578115294340122e+00
9.261952622633174981e-01
2.243193828972571247e+00
8.524680847850752974e-01
7.658939070843102659e-01
5.360064144088008131e-01
2.692474492412573195e-01
9.157162203390897259e-01
9.975773592893488750e-01
1.414570402936748739e+00
1.220632433318954435e+00
1.617337896376886297e+00
1.609146571132579417e+00
1.790758031811479523e+00
1.014074326269231552e+00
9.140398212500480124e-01
9.954349812453847646e-01
1.471403407347295689e+00
1.284929368466696920e+00
1.426697342737467844e+00
1.303244434066861857e+00
7.952120698194597992e-01
1.867356030865902961e+00
2.333443331129619658e+00
8.796081490089038279e-01
1.611539508814057609e+00
8.523152154119630897e-01
9.287955741477815774e-01
2.105879788439979361e+00
1.112507086588686134e+00
9.412946299917510640e-01
8.869915567309432092e-01
3.777586407335264962e-01
1.111288325116270848e+00
1.109132237459567349e+00
1.778973060451232435e-01
9.357796488458325346e-01
2.274706528776716308e+00
1.092932038350548751e+00
1.438919492015130031e+00
1.139186786529612139e+00
1.422562147053558768e+00
1.215726994066757216e+00
1.093429558166270077e+00
8.177748081870970243e-01
1.054559343131599380e+00
1.270831694539768630e+00
9.767225993997429301e-01
1.331608416448535781e+00
1.088671955358793131e+00
1.584230732911318551e+00
1.438566323793148305e+00
7.117918354326076280e-02
1.844483757363241772e+00
1.031005945370293109e+00
1.285143574570302816e+00
1.291371663347869347e+00
8.928041260294771186e-01
1.110005069422139723e+00
5.621227864590541135e-01
1.299739205997309854e+00
2.471952892718237038e+00
1.370423135476360965e+00
2.172843142582895570e+00
1.079471665629242016e+00
1.133876261024100440e+00
1.491433597597712213e+00
6.785738419112912201e-01
1.250358421359360372e+00
1.161012170598025639e+00
1.190810181077614383e+00
9.389564834799534188e-01
1.552061273872991976e+00
1.778749057071279172e+00
1.608167676896498088e+00
6.295383755580161722e-01
1.528363092774182697e+00
6.147726464436817917e-01
1.466129544878875590e+00
9.772699611166990596e-01
1.377559228609774644e+00
1.187561961436158553e+00
6.896134706714515117e-01
1.279045960768655732e+00
1.184176466612203216e+00
9.725139100302699902e-01
9.119019352365718145e-01
9.907082732179366413e-01
1.772499514241128393e+00
9.160047126326561484e-01
1.233836391871476090e+00
1.860188757890837374e+00
1.504720033724869621e+00
1.674284124957801323e+00
7.974298104143687782e-01
2.114643517078683033e+00
1.044859423244936636e+00
1.269221629360732129e+00
1.818612848923250036e+00
1.182544557499283666e+00
1.275511071729099388e+00
1.384620711528658399e+00
1.212041667461742245e+00
1.938701660914415037e-01
9.942080266457630211e-01
1.400436985773112486e+00
1.746595974249165018e+00
1.200304694551257434e+00
7.498838945284418411e-01
1.590492103545741331e+00
1.414056759195317037e+00
1.183383598917164381e+00
1.080728792436547847e+00
9.140398212500480124e-01
1.044612568361493743e+00
4.631749795368433897e-01
8.069801822650056744e-01
1.714178151900995539e+00
2.180934825535419952e-01
1.355603825378120408e+00
1.262626671699030201e+00
6.971014978605363233e-01
2.198077786589841320e+00
1.171550534878275318e+00
1.443856661704935096e+00
1.893101986720199248e+00
1.117249212475404541e+00
1.043634889449868375e+00
1.093217069848909206e+00
3.516477701085791163e-01
1.811293375484743784e+00
7.812195452444528065e-01
1.883097211480536937e-01
1.467762804720286418e+00
1.371680052492492807e+00
1.171741099569155287e+00
1.287036478451213828e+00
5.745813210381500724e-01
3.085889718200042764e-01
1.466963335593869822e+00
1.008229196229669666e+00
9.395417675734168972e-01
1.838926595701411815e+00
1.849676358124646924e+00
8.002155083553291748e-01
1.220650211531260743e+00
6.620321188162706649e-01
1.320469765826617348e+00
1.103533531394433886e+00
8.425101123483919041e-01
5.475080495632927979e-01
1.357614381550722005e+00
6.972381479572893337e-01
1.645635253246847229e+00
1.744556624824482594e+00
9.981203466329494622e-01
1.182641152892183634e+00
2.458486500383488149e+00
3.206204685331765503e-01
2.384658824960947943e+00
1.698908220305951788e+00
1.185155029744344723e+00
1.771142017145244330e+00
1.186181620611389098e+00
1.365315817680363919e+00
1.483087094864447231e+00
1.241543391978195077e+00
6.394395748601865437e-01
8.016259653278177133e-01
9.620624145382199455e-01
1.292392588767016015e+00
1.263158915886369194e+00
1.110024664440180109e+00
1.017698386214677564e+00
9.609371588482008564e-01
2.063432320437526890e+00
1.665546265045922514e+00
1.299952737446526729e+00
9.485344397423134399e-01
1.255751586910770712e+00
1.107029792918156508e+00
1.238252874598780862e+00
6.629782355464841626e-01
1.594406438040326446e+00
1.685587681774896263e+00
1.321019899289692878e+00
1.281148927794482972e+00
1.666651293956929569e+00
1.267564014449949816e+00
1.726233579282631991e+00
8.333148299834187700e-01
1.044961482920508278e+00
6.365430745870973572e-01
6.237649198331047806e-01
1.025813557802624842e+00
1.154801745833220261e+00
1.126795069684721318e+00
1.596561443817802850e+00
1.038506431660691565e+00
1.266394515168904222e+00
2.073731628396008553e+00
1.105768641703692268e+00
1.288699952601260579e+00
1.393644327043802589e+00
8.063415380446418146e-01
1.927657915449288717e-01
1.123118822602101163e+00
1.729438824143750164e+00
1.134319136102408754e+00
9.242563399141778824e-01
1.367420081427685341e+00
1.586523274979833920e+00
2.069963490153634122e+00
1.443129100872879267e+00
1.166883408811078437e+00
1.169063010643518918e+00
1.584888128222136539e+00
1.011342298756980229e+00
8.766343975372336006e-01
6.927168619285566376e-01
1.023577539850123452e+00
1.107338729971995450e+00
1.477423461194180554e+00
1.263885253242879925e+00
1.141400250392476501e+00
1.287046799889695503e+00
1.828861249489593277e+00
1.011961335334988554e+00
1.088835391289207033e+00
6.246641831897643549e-01
6.414381649229753402e-01
1.361553993541152918e+00
1.725301617712429625e+00
1.305768125969344107e+00
1.438401294388501617e+00
1.278018376417183077e+00
9.495653796997748364e-01
1.281857187768548512e+00
1.269860093982398963e+00
1.106376551927450214e+00
1.252778378865625930e+00
9.987736723582134601e-01
1.149908630659715714e+00
9.365314223896483714e-01
1.203633214997216871e+00
9.075425004172139598e-01
1.245522919836416165e+00
5.478980395443567852e-01
1.549328380646160186e+00
1.093329324066732333e+00
1.287036478451213828e+00
6.615068664780768826e-01
6.971014978605363233e-01
1.384638787618153177e+00
9.763715208855309191e-01
1.864867335646186897e+00
1.333946244601323272e+00
1.144894744062744829e+00
1.508359380697550600e+00
1.302502949856436443e+00
1.242390166047499189e+00
1.510839482065709838e+00
1.224726151208795022e+00
3.154469870869123227e-01
1.508896511485091074e-01
1.080186104077978548e+00
1.289085631897353368e+00
1.008229196229669666e+00
3.562171258974496935e-01
1.851761459973563451e+00
1.923424218706600186e+00
8.314125037259662010e-01
6.677409535291893850e-01
1.086851734778767842e+00
1.039762873694650480e+00
1.163037438100405607e+00
8.714337632702148229e-01
8.549249397510083615e-01
1.029248875103443428e+00
1.142268085065069050e+00
8.530291702239370943e-01
1.499585466191540428e+00
1.157656771922953576e+00
9.568775269365986658e-01
1.239664189651671578e+00
1.274765459869203976e+00
1.085878188499831420e+00
9.668361068828715821e-01
1.077287714672702013e+00
1.119496470402091548e+00
1.138429235918014149e+00
1.177162751200480528e+00
1.739142815417883403e+00
1.938725162222979526e+00
6.458801010471965087e-01
6.004940142318211382e-01
1.910589017963459035e+00
1.297833851965507712e+00
1.153685567157149094e+00
2.821291341246541240e-01
9.134362990376658775e-01
1.249527741716977225e+00
5.918182625947756570e-01
4.894042288544017683e-01
1.501791406438454546e+00
1.366371285677247194e+00
1.116351562406867171e+00
1.447393737080527210e+00
1.452407869907911708e+00
1.255449269089849162e-01
1.420210031830163366e+00
9.871493458458433512e-01
1.751220801882367395e+00
2.029531380726541823e+00
1.542769829625336264e+00
1.030813555943914661e+00
1.073978804128426612e+00
1.226292557660783711e+00
1.272476773627179814e+00
1.624672940192082526e+00
1.386576042944394072e+00
1.774904701877895175e+00
1.306059701874275447e+00
7.842332536371775520e-01
1.501876687968461521e+00
2.216101500437738014e+00
1.856045942326366216e+00
8.098807900553414152e-01
1.980504168023162315e+00
1.071254847326279513e+00
1.299533728660584142e+00
6.226531357607585360e-01
1.521436773410374643e+00
1.231443453564051937e+00
1.305468338140342022e+00
1.306752201365005250e+00
1.371985325761303942e+00
1.223799988278603923e+00
1.416094604135678336e+00
9.681520122714261101e-01
1.295919829606330398e-02
1.548118449596420421e+00
1.772215736047939583e+00
1.068710967235886988e+00
9.224435608442019818e-01
1.877890265013813842e+00
1.275932468374649131e+00
7.783992977543131575e-01
1.296336748773679881e+00
1.699101700279721072e+00
1.041959026814490707e+00
1.610499575317824839e+00
6.038662289600669197e-01
1.008256615857646921e+00
9.028387790217281550e-01
7.426050069590816038e-01
9.988204919983045826e-01
9.040294028758601996e-01
1.671037712115053919e+00
8.762583359539539707e-01
6.669592676710744961e-01
1.728575908377304904e+00
7.661258037120082243e-01
1.725137592112145457e+00
1.276317962665325378e+00
1.614583050153284516e+00
2.541251042003727090e-01
1.136635943906608048e+00
1.041126795800093596e+00
2.233238526662639778e+00
1.623886224128669786e+00
1.171779564339377799e+00
1.849793857011395648e+00
1.111503469754899331e+00
1.334546361096460743e+00
1.246170215712433027e+00
3.111901270180882917e-01
1.213866820507578659e+00
1.311669710935353228e+00
9.770735179940694959e-01
2.018917823741579465e-01
1.289956052172790191e+00
1.279959299538169226e+00
9.399581001047996320e-01
1.284519336429817304e+00
1.144365716808293021e+00
1.972485963995894931e+00
1.676486729308791501e+00
1.772308654143021522e+00
1.526991921865881174e+00
1.028609830895587995e+00
1.164548681910245298e+00
9.160047126326561484e-01
1.450971848226118022e+00
7.929000248756478131e-01
4.893495138204020933e-01
8.215901575140446278e-01
7.520480451560078716e-01
1.067922897308415608e+00
1.622632802033491695e+00
1.074144933893930620e+00
1.037213199876540592e+00
1.787680804587743699e+00
1.574168450348926607e+00
1.028874688968210771e+00
1.257081232421068950e+00
1.126729584353453717e+00
1.396607063316987585e+00
1.265078210288746341e+00
7.386740380757934599e-01
2.408126354322179363e+00
7.454035754025419847e-01
9.562565654859095376e-01
1.257108296995492092e+00
7.452501605069323798e-01
1.592623533920762391e+00
7.323546364891859728e-01
4.894042288544017683e-01
9.728996103218481295e-01
2.184437252851674227e+00
1.227686201727880233e+00
1.089902162746803072e+00
1.434615681902591033e+00
1.184371981046445255e+00
9.622275688193644427e-01
1.218136199475384984e+00
1.243852990204752151e+00
4.361550474831214497e-01
6.620321188162706649e-01
1.667971031469791088e+00
9.299081887932825197e-01
1.508190320650031113e+00
1.092862799959848363e+00
2.121849086739966417e+00
9.056079890751959072e-01
9.778980341559299072e-01
1.193559033075801912e+00
1.216176959759036613e+00
9.867948766373157987e-01
1.325090852884928561e+00
9.776263708938375263e-01
9.677708237957577397e-01
1.509560645657090694e+00
6.121228854135454256e-01
9.496387770341917500e-01
1.452218030263916715e+00
1.272086853139213769e+00
7.389304625081442035e-01
1.873703461380362700e+00
2.096445137763148114e+00
1.186114704406475706e+00
7.850172829157497922e-01
9.121588937119948781e-01
1.308615213089203477e+00
9.993667811305986248e-01
2.609176470076536858e-01
1.044712877530145523e+00
1.190901856519833935e+00
1.331018053963036296e+00
1.585390166456479122e+00
7.668450695503569170e-01
1.517776634617357123e+00
1.311830134853762209e+00
1.252475960503404151e+00
2.399721367959334994e+00
1.351150656347710255e+00
2.306907616551861384e+00
1.041660757161918971e+00
7.260423096571553270e-01
7.061465986835750996e-01
1.564755850790679359e+00
1.013036124475530597e+00
8.419917590305493471e-01
1.262133822286448437e+00
9.346540357041666081e-01
1.487457341439361924e+00
1.215112642068674420e+00
1.484261017470749788e+00
1.258571346896268262e+00
2.115339849961223706e+00
1.051440652362727768e+00
1.489096087361095444e+00
1.237959846587185275e+00
2.288933790221827191e+00
2.256404902616269581e+00
9.751674165328235722e-01
1.887167543683404114e+00
1.633524769650534836e+00
1.281346562160040836e+00
1.331571583720376317e+00
1.191856059139326574e+00
1.142053615731254856e+00
1.436287861149032175e+00
1.913027120621086485e+00
1.296493546588603829e+00
3.819236346547356664e-01
7.151058943716041005e-01
6.255704258918619587e-01
1.251120213957677141e+00
8.315157141925636486e-01
1.876083083094463255e+00
1.110579319686551658e+00
7.286235533672666964e-01
1.390860100496227325e+00
1.056938473526404465e+00
1.042954089482840629e+00
1.422524256851187774e+00
1.087321312264126982e+00
1.851503172467727110e+00
1.849521668537638330e+00
1.332834606288951784e+00
9.384871222824654469e-01
7.643479211263459749e-01
1.119861462200755886e+00
1.547051417539076601e+00
1.632769411737318599e+00
9.267110041138497678e-01
9.765882482541070608e-01
2.023587930355179143e+00
1.741831254560204822e+00
1.400548155433253283e+00
4.909004438721937258e-01
1.629410832999646175e+00
1.264274420356815254e+00
1.444553831337730854e+00
7.019359900663795226e-01
8.947833973624104154e-01
1.292044020926161663e+00
1.485678969383119608e+00
9.487836854534393849e-01
1.017282659620872387e+00
1.309161447551712376e+00
1.209846683115789467e+00
1.605353197749933125e+00
2.303762294403137734e+00
1.239818928046074520e+00
9.597341866884173678e-01
1.017282659620872387e+00
4.094208666187620360e-01
1.278342256710255143e+00
9.397284114395234589e-01
1.129415486141120750e+00
7.543533203577321711e-01
7.190913618642228444e-01
1.362828933768083894e+00
1.322686093146557607e+00
1.205582334512637077e+00
1.030121581841213052e+00
9.359985398374579546e-01
1.319245727428360437e+00
1.279045960768655732e+00
1.109712899799912833e+00
1.343864057180849114e+00
2.114407180142871212e+00
1.117033883714142695e+00
1.128907562862071945e+00
2.302323285804179331e+00
1.006052250220478284e+00
3.353827764696986624e-01
1.689351298168704218e+00
9.844347277324529966e-01
7.532143264528912141e-01
1.398689809496846737e+00
8.981452365010678118e-01
8.920801629998450499e-01
2.351856709181969762e+00
1.186980544540724214e+00
9.938718086795236273e-01
1.093748391176904144e+00
1.691634043302819856e+00
1.200414133595500088e+00
8.115827711865372107e-01
1.007007034930322842e+00
5.478810359941093111e-01
9.838809156155752245e-01
1.048469819534758152e+00
1.144894744062744829e+00
1.158075503742412193e+00
1.382381188921774084e+00
1.162125213710836658e+00
1.348001921371677847e+00
8.370610086434225883e-01
8.625325235616130293e-01
1.369311324039331090e+00
1.038542638804115015e+00
1.122094723902604230e+00
1.472916230287640627e+00
9.907157522460409149e-01
9.059986910566520946e-01
9.965502371206291787e-01
8.236169370962764802e-01
1.903374092801338069e+00
7.899250961333499355e-01
1.528510592802715173e+00
1.175830141604862433e+00
1.028650466995351342e+00
1.499914239864869492e+00
1.338091236411207419e+00
1.228953739760253683e+00
8.111730939665573459e-01
9.262626476432549438e-01
1.069694093071127616e+00
1.226102504977472751e+00
8.185385353195592240e-01
1.385150852300681912e+00
7.542750038329822937e-01
4.796424311308585264e-01
1.090378330773706939e+00
5.201745565880000477e-01
1.516842048437953672e+00
1.633956531680880397e+00
1.824651897789032473e+00
1.010384651326407424e+00
1.118298847299225018e+00
1.171567790491925054e+00
1.149660737888828832e+00
2.300067576651853685e+00
1.308551885092385181e+00
1.260049641879261051e+00
1.051133532527514181e+00
1.011627948397692212e+00
1.667049961426447124e+00
2.384676621046833755e+00
1.952146681473913903e+00
1.476975196933751899e+00
1.176557239744088657e+00
1.239719789308581177e+00
1.458515263737268919e+00
1.172091385700037014e+00
1.168536218257858916e+00
4.513431982821542454e-01
1.009855354824205520e+00
1.563058296757578125e+00
3.669385646463540485e-01
1.073503756857751457e+00
1.152262213296394888e+00
1.490499237161875268e+00
8.549249397510083615e-01
8.459787550820472291e-01
1.042374856319405296e+00
1.143706887799438743e+00
1.659045435536217861e+00
1.694633194409067789e+00
1.388996347937035081e+00
1.096337669718680408e+00
1.419041162460313421e+00
1.388350927541969648e+00
1.110004644114384709e+00
1.189609946505505000e+00
1.553074710397890801e+00
1.138106680363059064e+00
1.051662300655118010e+00
1.101825745079396679e+00
1.374800089409163872e+00
1.273234715137942175e+00
9.949029897745993445e-01
1.294934415531434180e+00
8.752278765819246908e-01
9.359085943327203339e-01
8.936860115414768657e-01
5.940845033199335656e-01
1.143654540293657762e+00
1.058622655402957413e+00
8.002587938392982103e-01
1.880436502602276683e+00
6.729924111817238153e-01
1.417459385763851110e+00
9.143787284335036514e-01
1.448911828671876290e+00
1.189203192838699019e+00
1.115030854212436084e+00
1.091461569454816871e+00
1.114719056869095226e+00
7.768769397740988847e-01
1.284670375432269918e+00
1.726570698785157010e+00
2.841803617093809908e-01
8.360454150328939793e-01
2.213099493918133209e+00
1.122408086436709862e+00
1.360491403894952045e+00
1.176727798167258365e+00
9.730671059841559112e-01
1.280989171026378326e+00
1.604151221538157479e+00
1.986471801388756564e+00
8.929826319276182867e-01
1.468507257343858008e+00
1.331900155947059794e+00
1.066040307105557527e+00
1.064137494151780716e+00
1.901758703166480657e+00
1.096077502929999392e+00
1.286600159100499408e+00
1.720692115162080427e+00
7.010105333775840109e-01
1.645957058101115145e+00
9.631509165868955558e-01
1.343864057180849114e+00
7.183965076693399343e-01
1.096976849913876340e+00
1.279725900093574786e+00
9.613743486279869854e-01
1.009505723453427484e+00
1.084711635191889068e+00
2.177152098688620363e+00
8.268531706714767893e-01
1.197924364583029311e+00
7.013655133604848047e-01
1.185425923913738133e+00
1.567430391282083724e+00
1.738751368622466931e+00
1.128832152758916685e+00
1.351018834280341530e+00
1.070075948604931160e+00
9.930951511412815513e-01
6.272160740637959808e-01
1.612005394962351179e+00
1.469489984951438455e+00
1.054520250261381298e+00
6.971014978605363233e-01
6.630042318571159887e-01
1.323767984039005086e+00
1.124854462179410319e+00
9.084622149781557132e-01
6.379377294013006683e-01
7.429104022666258578e-01
1.017227394775408023e+00
1.007166118597003779e+00
7.313469550836595445e-01
1.858050918709333033e+00
3.490350817039540310e-01
8.433309099901554751e-01
7.013120267804806574e-01
1.535429029843790039e+00
1.306129913303848200e+00
1.170499914057310464e+00
1.668857843109047279e+00
1.218301359152516916e+00
1.952303714696702386e+00
1.278757225087604033e+00
1.739730885963601370e+00
6.887718123943221693e-01
2.356323099304884483e+00
1.088066477724968228e+00
7.322283039383771230e-01
2.213486463608503596e-01
1.420986598511760901e+00
1.672390171732948572e+00
4.578681257222543266e-01
1.019986701527695105e+00
7.683429226821459901e-01
7.678878378319897724e-01
9.211748206822168994e-01
2.033549101401410653e+00
1.539310722329446435e+00
1.028289987142962270e+00
1.260136319712841235e+00
1.431036120118233557e+00
7.857171748459350624e-01
9.565997222033796321e-01
1.282884322100627195e+00
1.373553632477577890e+00
1.322145693914168474e+00
1.137172923260021618e+00
9.545280427889295538e-01
1.076617499632087416e+00
1.017461714740625967e+00
1.297228448301848580e+00
1.054639146018806928e+00
9.806381111630871894e-01
1.163497104116718361e+00
1.345079005486683688e+00
9.439597723295979348e-01
1.147127450973751683e+00
1.609679164189715017e+00
1.270954743038994028e+00
1.693366470697162285e+00
1.894252981026566252e-01
1.828594121868291511e+00
1.519414308672114577e+00
1.473703802136071772e+00
1.776463618787512466e+00
9.926209355990819327e-01
8.041964936058390023e-01
1.522885593876097676e-01
1.063381336073113026e+00
2.088253112664974598e+00
1.145141402729640268e+00
1.852698731875922489e+00
5.751965995343825133e-01
4.328727627691535962e-01
1.638050203489576306e+00
1.726759316109039988e+00
1.072182453499453292e+00
1.294205760010258333e+00
1.675294642551341084e+00
1.123378684565092822e+00
1.958134972610612090e+00
1.873437811601749825e+00
1.123159404025233510e+00
1.299738000547897343e+00
6.867508513352950095e-01
1.197253882995490182e+00
9.538353191400760211e-01
1.218644893059787293e+00
1.052993640709958045e+00
2.195298315322468774e+00
1.395754842051793565e+00
1.486653732620802248e+00
1.571131162313073482e+00
1.040543209418582249e+00
1.041220887084391311e+00
1.186162054369897634e+00
7.354885751384611092e-01
1.191061889369072091e+00
9.165302102448837918e-01
1.655013542183268793e+00
9.756692620103567526e-01
1.320224000267903097e+00
1.270954743038994028e+00
1.251459420657775601e+00
1.022475343843836315e+00
4.282692213089715483e-01
1.368651369899738013e+00
2.580988707788092640e+00
2.096508844479295419e+00
1.336996389280079578e+00
1.374353689794564515e+00
1.123378871512630939e+00
9.821621994829649038e-01
1.214078106519466349e+00
1.701846241082851208e+00
1.489416872091076094e+00
9.367181379627713689e-01
1.067822080020223163e+00
1.127594844934298290e+00
1.709105223775143401e+00
1.090378330773706939e+00
1.684604355705337397e+00
2.493840018539144054e+00
8.310558414974409391e-01
9.874278375371523531e-01
1.078645509733620056e+00
1.109620257122006182e+00
6.867508513352950095e-01
9.496387770341917500e-01
9.590956118873347203e-01
1.402791590485946704e+00
7.772991040286507669e-01
1.542785355894686905e+00
1.496176220108214716e+00
1.331571583720376317e+00
1.076343835415493722e+00
1.049075144185669828e+00
1.236591735077558152e+00
9.275758617961537000e-01
1.255231716376934203e+00
8.999137020632475004e-01
1.221778304126540649e+00
1.059846896369773583e+00
9.725139100302699902e-01
1.881183197652537498e+00
3.297725816948202104e-01
1.923069556113256473e+00
1.046454991773874132e+00
9.605359332269314265e-01
1.184062528748263787e+00
6.287449608822968106e-01
1.583941892474250768e+00
1.010293365659851395e+00
1.282381679118655526e+00
4.749741761500043680e-01
2.385367865466981208e+00
5.654762783442293106e-01
1.304395613491556638e+00
3.997451649079421521e-01
8.527086008676716400e-01
6.454673300877064035e-01
1.567430391282083724e+00
8.335433481255202781e-02
1.048318410046621851e+00
1.542785355894686905e+00
1.095215678634264833e+00
1.456267753519682628e+00
1.671784516319265057e+00
1.265078210288746341e+00
1.143755148161769597e+00
8.636900530650877261e-01
8.292512024578883034e-01
1.585144734800982391e+00
1.515061681274831873e+00
2.027090732175127918e+00
1.839795772229932513e+00
5.537996620883474108e-01
1.226102504977472751e+00
1.233030176077291484e+00
1.763856494436717215e+00
1.022125565370979094e+00
1.464409414251803154e+00
1.116100628671699235e+00
1.254275960349078956e+00
5.627013225585528744e-01
1.698288639168691549e+00
1.524499996647970423e+00
4.441635704181479127e-01
1.777474841434597108e+00
1.855171251493124007e+00
1.146172082766772959e+00
1.080279573175322749e+00
3.220566228765929795e-01
1.025908809429751933e+00
1.083685469113389921e+00
1.367638564044505900e+00
1.140655883470443666e+00
6.986414980640647254e-01
1.440686117819794942e+00
8.741242761277743245e-01
1.305059162088921143e+00
1.196390165438166120e+00
6.733521547707236321e-01
1.004135772128116777e+00
2.046054678121247417e+00
1.859740105651953135e+00
1.119789007512229428e+00
1.075566812916817439e+00
7.440892950530971772e-01
1.182307060508656971e+00
6.572541339779378600e-01
1.705568379364187370e+00
7.790780913919027606e-01
1.369366718673380667e+00
1.424182616120255762e+00
1.108954631433547666e+00
1.140581669252019648e+00
7.489227317792923611e-01
9.687193767318519333e-01
1.576824304421915013e+00
1.144772872180252810e+00
1.874207125804245422e+00
6.945895618839537100e-01
1.344250350695266105e+00
9.265594831234876816e-01
1.393583144102039428e+00
1.280210220219375694e+00
7.293668266214656803e-01
1.108708259291306897e+00
1.043061980126240629e+00
5.526746484556797068e-01
1.740597242771426412e-01
2.033549101401410653e+00
1.192533149525349501e+00
1.916700845305005840e+00
1.923806577400266615e+00
1.242773789184757005e+00
9.645562314009865634e-01
1.617035956379929473e+00
8.382573216011027784e-01
1.597417153240249466e+00
1.509093072154873427e+00
1.505936052782279599e+00
2.041309896924413891e+00
1.445773618125681947e+00
9.862521607232025422e-01
1.730041127929797140e+00
1.759884026542322344e+00
2.541251042003727090e-01
8.762437141492581683e-01
1.263798252929730248e+00
1.707836635710300088e+00
8.652656194943212364e-01
7.886286161066691225e-01
1.484854823645489263e+00
1.561739496672197580e+00
7.279523510214183091e-01
9.298288141107580174e-01
1.170612048458509635e+00
1.429011678378035999e+00
2.255998901812516166e+00
1.483335423473645998e+00
8.517129420751904378e-01
1.605751054227465557e+00
1.619890375303114860e+00
9.300887692660783079e-01
8.943772876379015857e-01
1.342476920180358579e+00
1.142834976832892036e+00
1.027345073213113524e+00
1.120417130456259791e+00
1.778548091302270651e+00
1.041126795800093596e+00
1.141162742437652255e+00
1.281172819089797743e+00
8.617975732718553550e-01
9.947293082863256641e-01
1.601999946785761963e+00
1.536803614551020214e+00
1.514747263697173940e+00
1.342914418588197378e+00
1.863184803735559170e+00
1.503475391775318082e+00
1.296880324027251730e+00
1.243882600430788354e+00
1.677499309575525510e+00
1.647572226817352492e+00
1.681919794591722361e+00
1.161117341768939243e-01
2.138549822600888106e+00
1.356210699869802583e-01
1.043822501108688350e+00
8.180135181053251880e-01
1.124436409465538356e+00
6.607662348965287480e-01
1.249510424797149577e+00
1.004054967104341056e+00
8.403256308128662644e-01
8.854215260790770925e-01
1.071092475552242407e+00
8.598742589756268595e-01
1.761559930972788734e+00
1.208992485294192454e+00
1.278878691303723780e+00
1.793319853409125475e+00
1.342979035240859487e+00
1.611389388110644694e+00
1.438659151312531526e+00
1.247856161751131676e+00
1.007038468844460466e+00
1.395527107574731751e+00
1.319738742093138795e+00
1.556355160535364268e+00
1.026099611155715907e+00
1.281461914607872510e+00
1.118982498013560090e+00
1.215751531028626431e+00
8.108203968720357757e-01
1.392393116049877255e+00
1.692345421430486496e+00
1.160873783445993901e+00
1.567978163712206330e+00
9.295720406741385666e-01
2.262860889337024173e-01
1.026148431623707724e+00
1.122450849092426761e+00
7.088165255016474209e-01
6.494802986228561670e-01
1.632813254810212777e+00
1.457022080910059803e+00
8.091440284034783215e-01
8.891333466381252659e-01
1.412610958241943271e+00
1.090142546798746448e+00
8.534862992835626772e-01
9.918513789304707062e-01
1.119077860273876013e+00
1.756298554332465178e+00
1.018136963146030638e+00
1.675825228589101545e+00
1.284867699509476324e+00
1.762177026810884728e+00
1.466629779105485865e+00
6.031499851879770224e-01
1.172327920728678308e+00
1.336806941413381189e+00
1.987618602145014179e+00
1.595754532962546435e+00
1.154141301271934372e+00
9.454642990131074676e-01
1.325955995305130530e+00
8.019122222921982734e-01
3.250694646784898501e-01
1.078907916676788314e+00
1.285870643188707474e+00
1.767930343208090616e+00
1.637536572428512249e+00
1.671539404315867339e+00
1.320455501613466476e+00
1.072671464457613189e+00
1.160684217042620592e+00
1.432152992556299909e+00
2.210388495084193161e-01
1.043426654432606515e+00
9.741906644476379107e-01
2.303249138065409873e+00
1.632619859169019527e+00
4.565018644585415730e-01
1.627333993125219092e+00
1.376823515153845934e+00
7.566673672718754462e-01
1.258794751998960626e-01
1.582283590737454615e+00
4.124332211670839743e-01
1.339639644605963076e+00
1.047783096443090534e+00
1.143893395823910808e+00
1.178896933417688198e+00
9.630238026044611876e-01
1.106776458016789366e+00
1.186311517585387998e+00
7.516168840889683178e-01
2.030437417213810214e+00
1.338748370786987163e+00
1.026660756192033119e+00
5.537046442155458825e-01
1.175452932274832607e+00
1.093916889301732587e+00
1.822573727091385765e+00
2.014080726349039452e+00
4.315053071093991055e-01
1.265835590328284965e+00
1.067160643969292000e+00
1.097001922845381117e+00
8.956989364101077822e-01
1.090039127448674927e+00
2.356360640753767111e-01
1.204166874703849199e+00
1.584420151264886334e+00
2.017633226524015999e+00
3.176693722622353500e-01
6.543180306288901571e-01
1.174620844396839558e+00
1.103316598574238361e+00
4.740330140375862977e-01
1.524390715731038348e+00
1.742157081530935736e+00
9.119019352365718145e-01
1.366371285677247194e+00
7.526910538062149270e-01
1.071297747558637825e+00
1.114444988283665339e+00
1.311893475489673833e+00
9.001831725160691633e-01
8.732187036951581660e-02
7.634310015446259534e-01
8.251967597150225986e-01
8.661733521874941388e-01
8.163597508937732450e-02
1.720692382632147188e+00
1.514758703251591898e+00
2.477655407722805236e+00
8.248902001699965902e-01
6.287449608822968106e-01
1.122026636376801667e+00
1.413353123628846797e+00
9.877832944578875951e-01
9.805737048805269751e-01
1.703094318222387660e+00
1.283989472356854566e+00
6.615068664780768826e-01
1.224720626394049772e+00
9.177140359616071663e-01
1.123110566716213343e+00
1.364224150263873003e+00
1.428609809598251124e+00
2.400611507889897356e-01
1.076787006399021251e+00
1.692120748897816052e+00
6.772557775312735284e-01
1.557497010522503889e+00
1.004177093305684609e+00
1.013395098524855431e+00
1.273542647678290507e+00
6.695740761195799751e-01
1.269232140206176584e+00
1.599850670025762200e+00
9.262176431009483402e-01
1.506024966319553515e+00
1.310507788505755000e+00
1.689225716171712799e+00
1.219349281942903485e+00
1.728357549043085140e+00
8.047580730343061317e-01
1.371421287705628655e+00
1.079240722762564442e+00
1.677280019952025913e+00
1.754043593514253541e+00
1.275209637923007566e+00
1.401898448921754303e+00
8.920660654856296112e-01
1.351223891602352900e+00
1.139799851133149300e+00
2.035252660425951543e+00
1.121975620867511569e+00
1.023981831514935603e+00
8.041659506671492430e-01
1.423452994268482152e+00
1.718953069172092230e+00
1.058425512990405437e+00
1.183299493365912003e+00
1.085452433746533218e+00
1.192741448831332818e+00
4.543315087882997538e-01
9.328044113082240019e-01
1.098570332366458180e+00
3.029843308405994473e-01
5.117958293990094720e-01
2.327433618876845411e+00
1.178270986745049154e+00
1.316780035196083665e+00
1.531400161351232247e+00
1.345005185020638150e+00
4.037242043582727202e-01
6.637912812713333555e-01
1.293557792388357219e+00
1.061867559473788081e+00
1.035278643088586970e+00
1.527900407052970033e+00
8.985216606090813407e-01
8.924883702143977526e-01
1.016226374065885674e+00
1.345766015210706046e+00
9.191574825869520682e-01
1.372862840085544489e+00
5.593247779577467105e-01
8.762058722379119091e-01
6.145333255789847682e-01
1.124594902148254638e+00
1.358926003739955091e+00
9.199471825887818310e-01
1.592327501339602325e+00
1.394065353161701770e+00
1.203633214997216871e+00
1.004435105102516879e+00
1.322753522228534706e+00
1.634862931533793917e+00
4.541870416692458390e-01
1.002424959560654472e+00
1.598415571033513727e+00
1.658181708201777571e+00
1.908262335673587717e+00
8.213351362425964641e-01
1.417346690607698356e+00
1.330114896627150545e+00
1.747884309547707460e+00
1.041959026814490707e+00
6.545337889994109482e-01
9.218379773414290268e-01
9.289034832275355758e-01
1.125450762424970774e+00
1.698713589956277525e+00
1.079240722762564442e+00
1.182817168252799922e+00
1.101099812887833984e+00
1.191826960868173746e+00
6.458801010471965087e-01
1.557821785965048944e+00
8.672710172726165734e-01
1.099225669975309128e+00
7.581174085660262740e-01
1.082728431933042579e+00
1.345005185020638150e+00
1.612677170904993629e+00
1.138630655127533586e+00
1.380281899411347268e+00
9.993613775119698506e-01
1.410056283348758210e+00
1.887167543683404114e+00
2.508626137724738192e-01
2.284157504199597177e+00
1.410844535415513912e+00
2.943219351065227141e-01
9.477149241866711371e-01
8.566594046485166702e-02
1.282463199017637168e+00
1.099324916308753952e+00
6.875077753167405659e-01
7.864434073441554096e-01
1.205007951288350032e+00
2.617009280579075448e+00
6.810226093772431266e-01
1.272659909712960502e+00
1.436089016135580376e+00
1.070973846419433384e+00
1.044712877530145523e+00
1.142742964300990316e+00
1.333502607140516494e+00
1.303881113284524718e+00
1.052080193092389315e+00
1.089334317637926430e+00
1.080603035286846980e+00
6.647507538631916013e-01
1.404659208057446707e+00
9.078976029183961627e-01
2.195298315322468774e+00
1.102234823583384538e+00
1.172055433749097153e+00
1.590255424436714415e+00
1.569193342725925477e+00
1.157036364006588380e+00
9.203722717917790508e-01
8.589627467632602320e-01
2.116151973611781756e+00
1.036574927664891899e+00
8.267016884527805809e-01
6.287757705027455790e-01
1.311127313590258359e+00
1.710604141641210996e+00
1.100493837515973405e+00
9.700316675827276303e-01
9.706037013423426396e-01
1.488023519100860614e+00
1.273527643028504075e+00
6.147726464436817917e-01
9.918786271513626573e-01
9.425860549112249354e-01
1.155487091337419558e+00
8.903883744445088011e-01
1.061695550241881225e+00
4.975693180882694300e-01
1.317524140430080370e+00
1.236608642747835107e+00
9.210205185521370685e-01
1.412252215877205064e+00
1.193978647691703587e+00
8.504317926195326116e-01
7.460629591583870512e-01
2.312808505396090730e+00
7.674602714333627063e-01
1.218759594406478186e+00
9.600745848187998144e-01
1.019769767763255564e+00
1.512371254094187156e+00
1.421073910130340900e+00
1.202279378936873755e+00
8.769491764743203577e-01
1.743025383100046621e+00
1.098871252531124165e+00
1.119353281975769665e+00
1.417560807380252808e+00
1.521052404551650472e+00
1.589577973696651769e+00
9.426447771395788378e-01
9.730706411043399395e-01
1.282595456577957149e+00
1.207046216365229796e+00
8.672710172726165734e-01
1.155012338646028258e+00
1.326546442972164286e+00
1.284929368466696920e+00
7.153255066617917324e-01
