8.318905990220736291e-01
2.007115146792044946e+00
1.094238244391026349e+00
1.650438363279042253e+00
1.147996741861290859e+00
4.385936488264537414e-01
1.246982395566925472e+00
4.382662592877133445e-01
1.517997536623544308e+00
1.293778530268927529e+00
7.271126623712097503e-01
1.691634043302819856e+00
7.263246937134559822e-01
1.319995777163869510e+00
7.934168169922511948e-01
1.252984130417864161e+00
1.088675034005912812e+00
9.981008973849586630e-01
1.338403593314065665e+00
9.482327148091260760e-01
1.130152192156455015e+00
1.252556968446643104e+00
1.332763710274510238e+00
3.341239079182489191e-01
1.128476577175352880e+00
1.409860396870740384e+00
2.743859399187297265e-01
5.664744638214043171e-01
5.769439037858042907e-02
9.723648171366546800e-01
1.891872652020974765e+00
8.645749924650211193e-01
1.356894020684431323e+00
1.113499567212075103e+00
1.452883124824888794e+00
8.679855763199721963e-01
1.425942632959158907e+00
4.426643217250439966e-01
1.171901076027691557e+00
1.119658017305411812e+00
1.485733458162369791e+00
1.585635384312427565e+00
1.189681497881258654e+00
5.889450455278614216e-01
1.333064919828520045e+00
3.529793767886174605e-01
1.229887267252103067e+00
1.278798442089853937e+00
9.375418201856683398e-01
1.276151170823553560e+00
1.106447222593005097e+00
1.037520268963894043e+00
7.365062517624649807e-01
8.996555394602759881e-01
1.130671588379151160e+00
1.269569024542176683e+00
1.358005543316368469e+00
1.122275893710742656e+00
2.115273763159040588e+00
1.701811721909726849e+00
9.134362990376658775e-01
1.200119756702389351e+00
1.146172082766772959e+00
1.105003158261188556e+00
1.469573728686896397e+00
1.016353702286983296e+00
1.163178929165189501e+00
1.263791476975065997e+00
1.164502478206322023e+00
1.347401141405488501e+00
1.819184250512185130e+00
1.577466358938216517e+00
9.482175375371705295e-01
1.743025383100046621e+00
1.303264526604876572e+00
1.044519849990236615e+00
6.125726730268603593e-01
5.724196673960728621e-01
1.248614297159237996e+00
9.901583969872582713e-01
1.033748299944612592e+00
1.560776992949486131e+00
9.410408342240252910e-01
3.891697815110651271e-01
1.072719370070472467e+00
1.535957173972539502e+00
1.192606110596450941e+00
1.336108417013553984e+00
1.853111501872945599e+00
1.058023235329924372e+00
1.292564999375332757e+00
8.160545271437573689e-01
2.050922834754631996e+00
9.727062968736516213e-01
1.146066727221071613e+00
1.316394214207346369e+00
1.042005019171991620e+00
1.332834606288951784e+00
1.494343326613586154e+00
4.469675321374346200e-01
1.407889809535469272e+00
9.197535492823337711e-01
1.376148877588106112e+00
1.184109722930633657e+00
9.137235301557345979e-01
1.281461914607872510e+00
1.089251382712701721e+00
6.938302830226489304e-01
1.051779167646408331e+00
9.926982731837160623e-01
1.637536572428512249e+00
9.514402642331939441e-01
1.438566323793148305e+00
1.130802211375587341e+00
1.055224597883812843e+00
9.751943859331826392e-01
7.270579732241329030e-01
1.064529752895006398e+00
1.782279003534537276e+00
1.060846240739447888e+00
8.010068382501064344e-01
1.352665059310228735e+00
1.720234048924538905e+00
8.882067395012944733e-01
1.015364151465368847e+00
1.098732632829293676e+00
8.239084143505573943e-01
1.216035728135985483e+00
6.794222895562548326e-01
1.066030620980767063e+00
4.014514950601230092e-01
1.979883146404268768e+00
9.784812711489015991e-01
1.735001620310164805e+00
1.320298352226912719e+00
1.544714913365196951e+00
6.599562364095084011e-01
1.119995340777281578e+00
1.582283590737454615e+00
9.509396146712557618e-01
1.515897752960957634e+00
1.409268274161572965e+00
7.940639236427723402e-01
1.744556624824482594e+00
1.301929235883318769e+00
1.212689736905134957e-01
7.301119039472502292e-01
1.469489984951438455e+00
1.229526139290407105e+00
1.196539266811428082e+00
1.099030893806356879e+00
1.320272441164815458e+00
4.246344565396999449e-01
9.990278314477334387e-01
3.176693722622353500e-01
1.016006969931624981e+00
1.495747389652274384e+00
1.328432868079089779e+00
1.036435395496065892e+00
1.070511760036426008e+00
9.812556286431874941e-01
1.326381168714034775e+00
1.549900883488479764e+00
1.317874320037676572e+00
1.017491260150366061e+00
2.229939881061482332e+00
1.371255355232184003e+00
1.129388842128954851e+00
1.203248479152344341e+00
1.585329296673555266e+00
1.325393075373777041e+00
1.218644893059787293e+00
1.532397678238218930e+00
8.944893073960836771e-01
3.414853856585856051e-01
1.167219241732301294e+00
1.803312439955017776e+00
2.624480367570441786e+00
9.772699611166990596e-01
8.579908978771313421e-01
9.971930075511625802e-01
3.702385962477759973e-01
2.068188026513825051e+00
1.090478095095424926e+00
1.124473327650044485e+00
1.264028194564666974e+00
1.302888690755434897e+00
1.143755148161769597e+00
2.314065787425434451e+00
1.322347009472402579e+00
1.449041556407644205e+00
4.695369733024906678e-01
1.175607547859554902e+00
7.914787749553087171e-01
1.783176881352334986e+00
1.177954991610737689e+00
1.022266042431669408e+00
1.249894092481438124e+00
1.084960139069548690e+00
1.154100375822503466e+00
1.490816647071199208e+00
1.112931665124826219e+00
1.081122706482109175e+00
1.478929848761008747e+00
1.855457423357549596e+00
1.670161498649768594e+00
1.709105223775143401e+00
8.686053834586725531e-01
6.525093279899490950e-01
9.444112306020717718e-01
2.346107384483501201e-01
1.258570601978710179e+00
2.349783172289491073e+00
1.296219936402217998e+00
1.586476594710710675e+00
1.868409049820767720e+00
1.184109722930633657e+00
1.551741859331079443e+00
9.157162203390897259e-01
1.047156361283660964e+00
2.384658824960947943e+00
1.517776634617357123e+00
1.206503763358917958e+00
9.002053064140623784e-01
1.652576887747026824e+00
9.412946299917510640e-01
1.630077038649036192e+00
6.575025275539375658e-01
1.348001921371677847e+00
1.184245133993882204e+00
1.402030947874379985e+00
7.702868366359116870e-01
3.773903266984890426e-01
1.816508043814658357e+00
2.241807995724330205e+00
9.420571200316770755e-01
9.021974456946028065e-01
2.216461929243916273e+00
7.275367642922085931e-01
9.064954965946988574e-01
1.152446885919287345e+00
1.076198740033087464e+00
1.000065846108422418e+00
1.243936815707723298e+00
2.580988707788092640e+00
1.473428723668480211e+00
1.182444548121403649e+00
6.390844128304061789e-01
1.384620711528658399e+00
5.853107966299265774e-01
1.185313680431429040e+00
1.830115489936496420e+00
1.609966449311924341e+00
6.446812933372110255e-01
1.019178863465080465e+00
9.975773592893488750e-01
1.045883347987947465e+00
1.035159564392683640e+00
1.345587906741130046e+00
1.037046326822214093e+00
2.069963490153634122e+00
6.189507242757807948e-01
5.282708195031105003e-01
1.997048723256450220e+00
1.575193119212167314e+00
1.470806261636561141e+00
1.789459024849658464e+00
9.736952471161683942e-01
2.502747756253518752e+00
1.401491421506031010e+00
1.632638214523144615e+00
1.198558026605998306e+00
2.084408043423797263e+00
1.005217618304344196e+00
2.141667756764642938e+00
1.173225176585380947e+00
1.508896511485091074e-01
1.076686376630274999e+00
7.892674738897471620e-01
9.984075237713444517e-01
1.172421578206396697e+00
1.030474716350984643e+00
7.917450950167146395e-01
1.263221993247070740e+00
1.422518662933424549e+00
1.647704355901303819e+00
1.472822705557528034e+00
1.231032926289601814e+00
9.172295838404601609e-01
7.413412509953487550e-01
1.178091560890703882e+00
1.298903560804893997e+00
1.120187568027447789e+00
5.511698892925831483e-01
1.319464001047509161e+00
1.085425743343979010e-01
1.180618555155190652e+00
1.249452895117483919e+00
1.051440652362727768e+00
1.275707836838542608e+00
9.793732639274538299e-01
1.865174469896866860e+00
1.565672196846420228e+00
2.221264871714579314e+00
7.187991076206289298e-01
9.262432245409485398e-01
1.845217021005486568e+00
1.587965392441698986e+00
1.232078988457823820e+00
2.132138292724134132e+00
1.055255838627418230e+00
1.317751018937949326e+00
1.486232448289080743e+00
1.393644327043802589e+00
9.881326891852860728e-01
1.177872345017577427e+00
1.263919366637675568e+00
1.958134972610612090e+00
1.657039834430178438e+00
1.322706644518337304e+00
1.664904508916727588e+00
1.075542963044392897e+00
5.131459859894880182e-01
1.308684833484167864e+00
8.752278765819246908e-01
5.899073556396042806e-01
1.162501983064487598e+00
8.383274142989404210e-01
1.303549018690840056e+00
9.908404183636332352e-01
1.178761082153151341e+00
4.310448368177764444e-01
1.568242504300587425e+00
9.983166082234113947e-01
1.126907757709202595e+00
9.022647445100355768e-01
1.255020241486799470e+00
7.459766915363794659e-01
8.277527063470792035e-01
1.269330561912666022e+00
1.636465628595686894e+00
1.105653680019709428e+00
1.399773834200653599e+00
9.592508146848575112e-01
1.872490934765334014e+00
1.203334861652707755e+00
7.385299979684741833e-01
2.157848083151742369e+00
1.117522917991843556e+00
4.878577975922023247e-01
8.939265996163507921e-01
1.007414485348081978e+00
8.960271124175729351e-01
8.423278605068293956e-01
1.871581280341355846e+00
1.484261017470749788e+00
1.639712590606613229e+00
1.388348915024196772e+00
1.323430091781305995e+00
1.305059104977301931e+00
1.277611188110304496e+00
1.155249527830568557e+00
1.040361769648406876e+00
1.322648480347626165e+00
1.111204472142014232e+00
6.927048005902290972e-01
7.681158759208703835e-01
1.619890375303114860e+00
7.461089911691684007e-01
1.212157653801666068e+00
1.387122825727612030e+00
3.820589713581185598e-01
1.344784294175455308e+00
1.091585646362436046e+00
1.732265914072679935e+00
5.925449994235472140e-01
1.604949494063113047e+00
1.076830960771502976e+00
1.431525775394968170e+00
1.576825929531572079e+00
2.204210528156022697e+00
9.845954221191202116e-01
4.161745971173748115e-01
1.697202756986676109e+00
1.261557397899411459e+00
6.196011172527162714e-01
1.584728333291557378e+00
1.410567362703905481e+00
1.114802579529949877e+00
1.298463635650040304e+00
5.508108412206281779e-01
5.749971527348313183e-01
8.455336309766122715e-01
1.146921861773106732e+00
1.047795534351470215e+00
2.412398465236152978e-01
8.539243071566198218e-01
6.325227981824592671e-01
1.771986135656251848e+00
7.996412305685286492e-01
1.261823121060851038e+00
2.358454866536850769e+00
1.076343835415493722e+00
1.314264585627163306e+00
1.812895430158177446e+00
1.179111474723312458e+00
1.277832549254205530e+00
1.698597207631881156e+00
1.564775833005805472e+00
2.400611507889897356e-01
1.322889723335950451e+00
1.028271998716139279e+00
8.454750783119298063e-01
1.057780412436370998e+00
1.820725094633700580e+00
9.406838657685624439e-01
1.328106980260932657e+00
1.575532363244825929e+00
7.496141762098705863e-01
9.514402642331939441e-01
1.432452744370701803e+00
1.127034378810881643e+00
5.360384401940039290e-01
1.580048347081478122e+00
8.540272483522842739e-01
1.109412651444591891e+00
9.172295838404601609e-01
1.249042326005268988e+00
1.191965493056184267e+00
1.200382545695883207e+00
1.518284601829856584e+00
1.402839955467848343e+00
1.070128512096842233e+00
1.231551599023756216e+00
1.709105223775143401e+00
1.288152241527801500e+00
1.034106579089507871e+00
1.267421718721610358e+00
1.206758612567279565e+00
8.526346944307832132e-01
9.163281794091121535e-01
9.947402501316088275e-01
1.001106788529184888e+00
6.115167943978389031e-01
1.822915703875162441e+00
1.529479262913926441e+00
1.722899767846987507e+00
1.146659055867914834e+00
1.474114019339685555e+00
1.511024099590317027e+00
9.042122659186631051e-01
1.334332677273112777e+00
1.545452440346957834e+00
1.791480434661053112e+00
1.390979974279911824e+00
9.438883118352996426e-01
1.189196096570445560e+00
1.675239736046766792e+00
1.711376448523693750e+00
2.578608318714038283e+00
1.647572226817352492e+00
9.365314223896483714e-01
1.706791238704413738e+00
2.259329434626999866e+00
1.024798427727453776e+00
1.218466319337470294e+00
1.173002124620137865e+00
1.300130500060579397e+00
1.227474563954176423e+00
1.141937181036343452e+00
1.580008048546600374e+00
9.167076789713364260e-01
1.134338572903836218e+00
6.165539467362128878e-01
9.982600929822119662e-01
1.436216320620650633e+00
1.125916413482871414e+00
1.538295556738367820e+00
9.369252914784853559e-01
2.964636989336609796e-01
1.741296317012893669e+00
1.478058691032425820e+00
1.739159714178166505e+00
1.106013106548861424e+00
6.831825646806644059e-01
4.607490640283162797e-01
1.280645315325721123e+00
1.278968826129540659e+00
1.239664189651671578e+00
1.763704755569486027e+00
1.440244543347170447e+00
6.877405178052365953e-01
1.965155948150851817e+00
1.862908015304285625e+00
1.206375130174815569e+00
1.065858095316715382e+00
1.042040556273784668e+00
9.196199510450824288e-01
1.369290469999165261e+00
1.650369049696677859e+00
1.248961644302404084e+00
5.985272312529341665e-01
1.105196804863070481e+00
2.217805906046048658e+00
5.126009967169639081e-01
1.804589233172453566e+00
1.086693265893977633e+00
9.808018093304807783e-01
8.944893073960836771e-01
1.137914565914315945e+00
1.488656919995982264e+00
1.543952758037488104e+00
3.395560083480504421e-01
8.806428821087866066e-01
1.004649296480900622e+00
1.143146686757413377e+00
1.527698299797189296e+00
8.880811010805167438e-01
1.011614010000783104e+00
2.042783381038444368e+00
9.588716148591190924e-01
1.512496140736475425e+00
1.775023134158266958e+00
1.174339342506046213e+00
1.435819434409026929e+00
1.106333977367947918e+00
1.270083493625135285e+00
6.922580225534280540e-01
1.569199063118328796e+00
1.656299772407878956e+00
1.114269867880231413e+00
2.296613406914018440e-01
2.141881012745560642e-01
5.901225621016303879e-01
1.298460352232159387e+00
9.505951408648244394e-01
1.411251859974139933e+00
4.827507384031867188e-01
1.287036478451213828e+00
3.855492426586497046e-01
9.957430369184379071e-01
1.143358483885259069e+00
1.146406233715515199e+00
1.105793179172396723e+00
8.522029098494238175e-01
1.348798484438661793e+00
6.658863621400763488e-01
1.367525214398959799e+00
2.147362430857417959e-01
1.003515739968235065e+00
7.494560123121501993e-01
1.034591769715654141e+00
1.578993652466695874e+00
1.318300759022026147e+00
1.052583325326203356e+00
1.237149793357884997e+00
5.413722355539073439e-01
1.258735545366549635e+00
1.465718636248360740e+00
5.751965995343825133e-01
1.437263095255886913e+00
1.021060416196570619e+00
7.619935764477172579e-01
1.207366567339880348e+00
1.831535020789377688e+00
2.044256037276237059e+00
1.238509853743977596e+00
8.223158833426713610e-01
1.171587272824190951e+00
1.124077923611882079e+00
9.468573136486438946e-01
1.381437861104872322e+00
1.311822767136171963e+00
6.701316257580174351e-01
1.595754532962546435e+00
1.410096807230894367e+00
2.033549101401410653e+00
1.694633194409067789e+00
1.047248421093633253e+00
1.375326642326937687e+00
1.825955881871012432e+00
1.199751352615196831e+00
9.942080266457630211e-01
1.046491060916588500e+00
1.103728157803677945e+00
7.772220603242983028e-01
1.792150838507279076e+00
1.992632056954135811e+00
1.067816379399410653e+00
1.269732913996169721e+00
1.388167149747835616e+00
8.517005945715251380e-01
4.375986930988919887e-01
9.926576996493432503e-01
1.301162209091568434e+00
1.136635943906608048e+00
1.188839836132163263e+00
7.234170739598257960e-01
2.015246164329800749e+00
5.579964179985376083e-01
2.141667756764642938e+00
7.389304625081442035e-01
1.111765243039151807e+00
1.452219821882842155e+00
1.772894879033298787e+00
7.225002878347954738e-01
1.168231544086888896e+00
2.161447070763520273e+00
1.214782051360102644e+00
1.059442993700357549e+00
8.172430821965868120e-01
9.323139378187881299e-01
7.781092127280064830e-01
9.678085939681954075e-01
1.698817000758024331e+00
1.098834635450956387e+00
1.298619858494361567e+00
1.061336647303129155e+00
1.230095602959516254e+00
7.183965076693399343e-01
1.265078210288746341e+00
9.395417675734168972e-01
5.007977421863684109e-01
1.270831694539768630e+00
1.087957749971826482e+00
2.046034113193684334e+00
1.011627948397692212e+00
1.499778124414960834e+00
1.628131869891757955e+00
1.334546361096460743e+00
1.061898922543616397e+00
1.297003437941241621e+00
1.112793075349428840e+00
7.225254908364664441e-01
1.584728333291557378e+00
6.425777525577289762e-01
1.081007101871209519e+00
1.038542638804115015e+00
4.883701364409107071e-01
1.084354231894924858e+00
1.187314947673282495e+00
1.318300759022026147e+00
9.921876800894390280e-01
1.363773099490020346e+00
1.308684833484167864e+00
1.175397173826763675e+00
2.634548449733550290e-01
1.562138105710086933e+00
9.514402642331939441e-01
8.625901075956275976e-01
9.801030052727173203e-01
1.246982395566925472e+00
1.037631172243302258e+00
1.076930554012244245e+00
1.159739448629484748e+00
1.395618715261945475e+00
1.451207166968347728e+00
1.066538546036514434e+00
1.069119509991923955e+00
1.219829871055313264e+00
3.981939947814139291e-01
8.769491764743203577e-01
1.061604700409761071e+00
7.091579278808498588e-01
5.848250379907594665e-01
1.236006190917412928e+00
1.034591769715654141e+00
6.848149359647037748e-01
9.479185261453721978e-01
1.119410249119950240e+00
1.235153767614276310e+00
1.223905069825041325e+00
1.509289439287224699e+00
1.341714263432778775e+00
4.367208055945543399e-01
4.164145353953664364e-01
1.337659850836912856e+00
4.102422437242274622e-01
1.607366023867143667e+00
8.308102810163184859e-01
2.188823713270304339e+00
1.022204921269970201e+00
8.265906249829917396e-01
1.296876955359283379e+00
1.027049902161815353e+00
1.594429876887856479e-01
1.203964281710937279e+00
1.536180491902193745e+00
1.259345223113336631e+00
8.649953027213472811e-01
7.548502561802409305e-01
1.086811549859332038e+00
1.283423411525055347e+00
1.087573247682260602e+00
1.847461443969181438e+00
1.180514369138409903e+00
8.119738388632148363e-01
1.017990924761388083e+00
1.535619692279510229e+00
6.753457727002759592e-01
1.537192059362192609e+00
1.796303349353643108e+00
1.052209490741094600e+00
3.326274175646293241e-01
1.369504953267776992e+00
1.186350780756244561e+00
7.525160189841533231e-01
1.325282347227498603e+00
8.508537701275674658e-01
8.831019443793357571e-01
1.054251292936093876e+00
1.055763097202058631e+00
6.058862592530736002e-01
8.483253094726450616e-01
1.105432524399799776e+00
2.107294688504970925e-01
1.293385135753559512e+00
1.403890916071276473e+00
1.835629869246693247e+00
7.935087617253030468e-01
1.441219971013615098e+00
1.390061379884238058e+00
1.139186786529612139e+00
2.361174369222524216e+00
1.523925432458619333e+00
1.892473393102310331e+00
5.127063363068117274e-01
4.778868318181045960e-01
2.143867237276401438e-01
1.104873610088106028e+00
1.345123535017612504e+00
1.251818223138624786e+00
9.502590540832869248e-01
2.063432320437526890e+00
1.499485983121078503e+00
1.088739498491172908e+00
1.417100323152285846e+00
1.386975817989888782e+00
5.651013322959568264e-01
9.444309087568368843e-01
9.518864010203498260e-01
1.412567627559695449e+00
9.771066635914081866e-01
7.539699968438051680e-01
1.730351448652018620e+00
1.504720033724869621e+00
1.145907329517755757e+00
1.473137901230206381e+00
6.196011172527162714e-01
1.192424526088472048e+00
1.612005394962351179e+00
1.289472271734180442e+00
8.051164527873553300e-01
2.169526829350578279e+00
1.000695696440254467e+00
9.912228123285472536e-01
1.748078418509505960e+00
1.264937835966831292e+00
1.123378684565092822e+00
1.358572046986245896e+00
1.103825091254132307e+00
1.160244405911428744e+00
1.346305683982870649e+00
1.195153651323486388e+00
3.715542011606882689e-01
8.681607587697023343e-01
9.160047126326561484e-01
1.039628409125677999e+00
1.127980543974198113e+00
1.704461048668553524e-01
2.826633021711005278e-01
1.287105039181542621e+00
1.038103039712277242e+00
1.163070406494399522e+00
2.092139101067520990e+00
1.309794770941722364e+00
1.517385419246380041e+00
1.019690965942439353e+00
9.061552967991438612e-01
4.827507384031867188e-01
8.093607705181731227e-01
1.262307524194894892e+00
2.077513877150789945e+00
6.190349885151947840e-01
9.465037874530253248e-01
1.129536499107142822e+00
7.674602714333627063e-01
1.016010263491709864e+00
1.125521239901686510e+00
1.405145584678799020e+00
6.134540982437348688e-01
1.725196252381456574e+00
7.174482730937360442e-01
1.136574877332034106e+00
2.696747795701627259e-01
4.469675321374346200e-01
9.556406691120622465e-01
1.284670375432269918e+00
1.111715061136857807e+00
9.633185324201979371e-01
3.143237116482113791e-01
1.185558820402736524e+00
1.775478618089404437e+00
1.507194701371073808e+00
1.164707495277911731e+00
8.930387212392836283e-01
2.445321696757252639e+00
7.912382751324280594e-01
9.817950290958431525e-01
6.084340428092462894e-01
8.059359984349568906e-01
7.081938262341541668e-01
1.378331386733456121e+00
1.246269238415748326e+00
1.292916033158663547e+00
1.400961567512135186e+00
9.171623577650597214e-01
3.845353173631975707e-01
1.575780863816671928e+00
1.206623796358711642e+00
1.116988623441679485e+00
1.042374856319405296e+00
7.644728056314122888e-01
1.302888690755434897e+00
1.936353001096298154e+00
1.079091241460852890e+00
1.769888906638320547e+00
1.554311373135684793e+00
1.266631841297815253e+00
1.130839619144861974e+00
8.149682610747502887e-01
1.117394123483409052e+00
1.820069590883055533e+00
1.012578951094427859e+00
2.623425823444512694e+00
6.994947852713839787e-01
1.112725915350975203e+00
1.289278930138187285e+00
7.625377219068655288e-01
2.548881100290874890e+00
1.159810785213758244e+00
6.863768996968652170e-01
2.032222550725999000e+00
1.304137144191146902e+00
1.056217374476802862e+00
2.001672902164662649e+00
1.179835514712956668e+00
6.233500107451453998e-01
1.782922604402651379e+00
1.264139463367616845e+00
3.368366765025015974e-01
1.008227125219385512e+00
1.264981450737492574e+00
1.086216290940196449e+00
1.407529662327349218e+00
1.110071822707996869e+00
1.570965265370190433e+00
1.040494083629127431e+00
8.677429191080843207e-01
7.174482730937360442e-01
8.784614372737370447e-01
1.322903141814637806e-01
1.637243086147687210e+00
1.141400250392476501e+00
2.569509781666561743e+00
1.177440568358596229e+00
1.099324916308753952e+00
1.713148756171262610e+00
9.691344670421344620e-01
1.676888070921084939e+00
1.134185267782995776e+00
1.186681386385480819e+00
6.572916823567011013e-01
1.942942182824647923e-01
1.196878099815314123e+00
9.325513625366717019e-01
1.260224189023997576e+00
9.306088249022218539e-01
8.726676796509222900e-01
1.227715115459319550e+00
9.233568251942104732e-01
1.272538160274816921e+00
5.179523925375226767e-01
1.277161887395545037e+00
1.145516496834329212e+00
1.358926003739955091e+00
1.158900516708968986e+00
1.789532957884122144e+00
1.216526961076021957e-01
1.116955831733392301e+00
1.222940292474335555e+00
7.549237124967587143e-01
8.436818618566731542e-01
1.196208325801620953e+00
1.650015900884307607e+00
1.167992519832699472e+00
9.369252914784853559e-01
5.479666725340939237e-01
1.105578316269133277e+00
1.529846124756591763e+00
1.317890048256033397e+00
1.490556951059747615e+00
1.952146681473913903e+00
1.398913204488441808e+00
9.443739066794554216e-01
1.162677121247513989e+00
1.596465761805144989e+00
1.075870316455328490e+00
1.493400333595358731e+00
1.528363092774182697e+00
1.368882678661140107e+00
1.280667104016868008e+00
1.043387988457595172e+00
1.223405583646106187e+00
9.406838657685624439e-01
1.179975875402814678e+00
1.054203406259543119e+00
1.197435771726921727e+00
1.916700845305005840e+00
8.097191109658959940e-01
1.300520396849345506e+00
1.034987168031131777e+00
1.131971557182742671e+00
1.264495818005413996e+00
1.149008327543197705e+00
1.491215558444899614e+00
2.241937373914096199e+00
9.631915761752557481e-01
1.340273888084853482e+00
1.007166118597003779e+00
9.102939995376508886e-01
1.253486187412748754e+00
7.084353614387647324e-01
1.279764540383113713e+00
2.191120689638834218e+00
1.473428723668480211e+00
7.628137527776437388e-01
1.275985811617427856e+00
1.910754094833785555e+00
1.566031866759730162e+00
1.165783624418382125e+00
1.216736823131816747e+00
6.863669345040386283e-01
1.206424432263676128e+00
1.897332912844903685e+00
1.313651122902370183e+00
1.130717723891851101e+00
7.873164764000252225e-01
1.112935610177436141e+00
1.475603994408940745e+00
3.851095739245632421e-01
1.768964443602984105e+00
1.047543584003181483e+00
1.245463198349346046e+00
5.686287174700628277e-01
1.395118773343109631e+00
1.090710693340691595e+00
1.025813557802624842e+00
2.306657841874009129e+00
1.442520102352188749e+00
1.669596618124782994e+00
4.779994023621973454e-01
1.291539044723786445e+00
9.630782381512799084e-01
1.710829572292102085e+00
1.138954643540752265e+00
6.931896384775270148e-01
1.368686619917397929e+00
7.402530970600043059e-01
1.667065330758834785e+00
1.146406233715515199e+00
9.678216190345683145e-01
1.180604938155103145e+00
8.216145131619779773e-01
1.515179109674987812e+00
1.730319185318919484e+00
1.091534102024874997e+00
1.125477931027166090e+00
9.389063998597287908e-01
1.105389379760679303e+00
5.797315550056030276e-01
4.204359431237307820e-01
1.239570481136826663e+00
1.196417510768998049e+00
1.364402295167070012e+00
1.110954563996942257e+00
1.173128920862900326e+00
1.030835761459027555e+00
4.116033918746179743e-01
1.373109901802774813e+00
1.521467841590642411e+00
1.211489909526457520e+00
1.113938779196194773e+00
6.184134224901446375e-01
1.281461914607872510e+00
1.304439999193543809e+00
8.371614789995095451e-01
1.200171871025049297e+00
1.437757014892359742e+00
1.162299694639408632e+00
1.096839420673168863e+00
1.351201826468231504e+00
1.241354493004999560e+00
7.802959265317503945e-01
1.591329748607088090e+00
1.529479262913926441e+00
2.157848083151742369e+00
5.951913957615881934e-01
1.361440261805466179e+00
1.151068784051253679e+00
7.802959265317503945e-01
2.962368304562085775e-01
1.208588823258436307e+00
1.028684978555016949e+00
1.478018823275212057e+00
1.132249479923785440e+00
1.716290023314680280e+00
1.170589782266721945e+00
1.268375814754517439e+00
1.093241921955835361e+00
1.645017218300848683e+00
1.021112071561310009e+00
1.671539404315867339e+00
1.063381336073113026e+00
1.337372217637825100e+00
1.707836635710300088e+00
1.792016652376113406e+00
1.038504517688020767e+00
5.360384401940039290e-01
1.428377289642194459e+00
7.423157846506249768e-01
1.016863402868789512e+00
8.817583685025934814e-01
1.107076488936971082e+00
5.710240813713012287e-01
1.583473106851306822e+00
9.502305829147612570e-01
5.586523431427018460e-01
1.508979337114416897e+00
6.010249693701316120e-01
9.639053781317334924e-01
1.409524332051903972e+00
1.081290175108420515e+00
1.521967069259397842e+00
6.743382136671159932e-01
1.065428840054255089e+00
1.324928751687227679e+00
1.325583567307648147e+00
6.281698453518563818e-01
1.178896933417688198e+00
1.079498837642801856e+00
2.157514736986814174e+00
9.018971348153386192e-01
9.207078031446291888e-01
7.746737568047001865e-01
5.951913957615881934e-01
1.138844173491126321e+00
9.794166032176883085e-01
4.487924707744203601e-01
5.300126473444078945e-01
1.218868710504574571e+00
1.863102380865178098e+00
1.632638214523144615e+00
9.908559981849882625e-01
1.311822767136171963e+00
4.318193178778752528e-01
1.235407769070621997e+00
1.358572046986245896e+00
1.691436819470444552e+00
1.907489278276661482e+00
1.176117873523918167e+00
7.742856769848777132e-01
2.063395790072131142e+00
8.258220582586331959e-01
1.154146391585883391e+00
9.437118145326849061e-02
2.952692397621482501e-01
7.347570027596166398e-01
1.031564913838815878e+00
1.001135635057602835e+00
1.206424432263676128e+00
1.038006722247241997e+00
1.453869715800922391e+00
1.236996905611353670e+00
1.575837379104154445e+00
1.235549302742470212e+00
1.063232416585137230e+00
1.201593057895293581e+00
1.311669710935353228e+00
1.325393075373777041e+00
1.325365177067904021e+00
1.207462443868311031e+00
1.333238463416862363e+00
1.895556809563886169e+00
1.443337226038640786e+00
9.681375530721024747e-01
1.193839301546836262e+00
1.027340271135673833e+00
9.182208515672539706e-01
1.007362410141425135e+00
1.102357238835480535e+00
1.044775735400322869e+00
1.412588786723256495e+00
5.225854520912348589e-01
8.769491764743203577e-01
6.547527803307940930e-01
1.058052045430044608e+00
5.163767039538872394e-01
8.831019443793357571e-01
7.435462534744156082e-01
6.388008044860817858e-01
9.193346022313234611e-01
1.435144868426932341e+00
1.083338157412519598e+00
1.097768832200192168e+00
1.517997536623544308e+00
2.195238776308884532e+00
1.066030620980767063e+00
1.054472678555597787e+00
1.281148927794482972e+00
9.747243771390916578e-01
8.335433481255202781e-02
9.804964097389931021e-01
1.010344805766398180e+00
1.806881541900337007e+00
1.009930111325336055e+00
1.598902569980012789e+00
1.730962463699943221e+00
1.047986459182981278e+00
1.574609147895806638e+00
1.257748666806590032e+00
1.457014041026102324e+00
1.185247331754240241e+00
1.766035542546369630e+00
2.534838214768990294e+00
1.482339866411872764e+00
1.239371902193187713e+00
1.573013626700893841e+00
9.718626796675002844e-01
1.096337669718680408e+00
5.950682656883180544e-01
9.348590508502042651e-01
1.356239077901952639e+00
1.399029216392989827e+00
7.964047059492119773e-01
1.397117593385893253e+00
1.004441008341468322e+00
1.007692524051026606e+00
2.385205899335840929e+00
1.459653551066348642e+00
1.090378330773706939e+00
1.922546618631777227e+00
1.299952737446526729e+00
1.409741582748300637e+00
3.368366765025015974e-01
1.387243871498457182e+00
1.857056046178340303e+00
1.519464462305097907e+00
1.101790301210683332e+00
1.185927442178469127e+00
1.332682173372276679e+00
9.968007381883255968e-01
1.340639674525681446e+00
7.324166434517079827e-01
1.589530144845765935e+00
1.025174990898453098e+00
1.382920974385039692e+00
1.827448150982883934e+00
1.719639010121404077e+00
2.300727362438821366e+00
2.157848083151742369e+00
1.059534753455263489e+00
1.263207335779418905e+00
1.263877309166140828e+00
5.611509680799242616e-01
8.115818008304099829e-01
1.019622034798333798e+00
2.508929198121265802e-01
1.220917007281419941e+00
9.854919685005281149e-01
4.070996261539912564e-01
1.256302675592147144e+00
1.043358450084399314e+00
1.143390525246971157e+00
1.373109901802774813e+00
7.193554917355952094e-01
9.587645614321143039e-01
1.205582334512637077e+00
7.420839806720054277e-01
9.795459059510435162e-01
1.441075253666917355e+00
1.007527726225419196e+00
1.601709316278238537e+00
1.675180066860878947e+00
9.025638176221575382e-01
1.148806112519727307e+00
1.092836432973004257e+00
1.047066243804662955e+00
1.152110662932645857e+00
7.323960960747653015e-01
9.943852004781973397e-01
1.398689809496846737e+00
1.188071871030061288e+00
1.092864051043898055e+00
1.387243871498457182e+00
1.834689580772662643e+00
1.503953708515009424e+00
1.054656978374456600e+00
9.193346022313234611e-01
1.327223533119708865e+00
7.563520968656600729e-01
7.026343520592992498e-01
6.400286352743249640e-01
1.073503662746122300e+00
1.208694851617321264e+00
1.068200152850871332e+00
4.070996261539912564e-01
1.705021812886555743e+00
4.858150872740551462e-01
6.714947257637071676e-01
9.908576383194128701e-01
2.210388495084193161e-01
1.180728077870051962e+00
2.279949659588675459e+00
1.029975233317681260e+00
1.486588626577407979e+00
1.198897685171198990e+00
5.391903502656810732e-01
7.573582964365124237e-01
1.535519518478636769e+00
1.019986701527695105e+00
9.001831725160691633e-01
1.044038061657382555e+00
1.036147027961497269e+00
6.785492339801763029e-01
8.780569536142784903e-01
2.017633226524015999e+00
1.652545424035918087e+00
3.747707996283703435e-01
7.413374099399896444e-01
9.381543636493484550e-01
1.470918774032661025e+00
1.672537583966851260e+00
9.956066097192632913e-01
1.718607314812241604e+00
1.116672148396145037e+00
1.755847479206986472e+00
1.243852990204752151e+00
8.950868000216952725e-01
3.845928261763236766e-01
9.988204919983045826e-01
1.065586004499534001e+00
1.416271193641999160e+00
1.069965312781432587e+00
1.023494395308342408e+00
1.396159434285083378e+00
1.092055722207123214e+00
1.383639077477374801e+00
7.225002878347954738e-01
9.166136294934296158e-01
1.398830443363857201e+00
1.475609596071371099e+00
9.454642990131074676e-01
1.385717495676439315e+00
1.500655800663395434e+00
1.587691258132237215e-01
1.132520528553253580e+00
2.050922834754631996e+00
5.895548337335079214e-01
2.359960728277046282e+00
2.067045399210960532e-01
1.320224000267903097e+00
1.291025265495812313e+00
1.188546438862317256e+00
1.175042456927642753e+00
1.153141695646913600e+00
9.824735071777317419e-01
4.157317443734431239e-01
8.769491764743203577e-01
1.578132905729471958e+00
1.707352071467642673e+00
9.518986621825457073e-01
1.406585663733148195e+00
1.289670994870833365e+00
1.967163160918715237e+00
1.118793850158456893e+00
1.267837901320459260e+00
2.081631188568250579e+00
1.022081592675994965e+00
7.646359602204476635e-01
1.423127395249439875e+00
1.310471414277699642e+00
1.440154582763545577e+00
5.212820454072765175e-01
8.135578771328944025e-01
1.735276744557328277e+00
1.799183844760399609e+00
1.741008651995578527e+00
1.085452433746533218e+00
8.160545271437573689e-01
1.476975196933751899e+00
1.019964309288419635e+00
9.796048345618931785e-01
1.400221326241032127e+00
1.207046216365229796e+00
8.655735689916107534e-01
1.076857074714475226e+00
1.270861092796891079e+00
1.573726137784201784e+00
1.130341071255727137e+00
1.115899092457741437e+00
1.136678957084758634e+00
1.853468386146494229e+00
1.391623710336105546e+00
1.778749057071279172e+00
6.620321188162706649e-01
1.217679744932135044e+00
1.078702775933721103e+00
1.631851300183778219e+00
6.644957886173737949e-01
1.350246165768291373e+00
1.749569544007643085e+00
5.729286988624727739e-01
6.987759811252681752e-01
1.421251674598038361e+00
1.433471889720969727e+00
9.824735071777317419e-01
9.111127774959569825e-01
1.908593488668461235e+00
1.834023156571391810e+00
1.117579013142724342e+00
9.988204919983045826e-01
1.756468534912148272e+00
1.261440491645645201e+00
1.433885160773580303e+00
4.371873144379578302e-01
1.328951159788861247e+00
1.087159251356679679e+00
1.763704755569486027e+00
2.099404901394143153e+00
5.508308003246318307e-01
1.017610583277012370e+00
2.192828473734566685e+00
1.046849345462081970e+00
1.862210397113743809e+00
1.147015212470592793e+00
3.008495672027532986e-01
1.756298554332465178e+00
1.657749602817199630e+00
1.458292359594193455e+00
1.236591735077558152e+00
1.007728947008416309e+00
1.196418225906131783e+00
1.246397874165195319e+00
1.875056517538734147e+00
3.040417376042170994e-01
3.025622060262885271e-01
1.504720033724869621e+00
2.391623607400302554e+00
1.265835590328284965e+00
8.534862992835626772e-01
1.633956531680880397e+00
1.169954004901249345e+00
8.035341306587343579e-01
8.457062030224763438e-01
1.342845573503217427e+00
1.873599206197791744e+00
1.263292425425187160e+00
1.815919746138949797e+00
9.015570600525598666e-01
1.530434221729187749e+00
1.096692200439122633e+00
1.302548127289480551e+00
1.193192805753827690e+00
4.094208666187620360e-01
1.669038150630455020e+00
1.161262820098272419e+00
9.402450296989712797e-01
1.896296510468029606e+00
1.112947801324388530e+00
1.744556624824482594e+00
1.273786156260892310e+00
9.492830007384680524e-01
1.134938008474519533e+00
1.071365725310278738e-01
1.596947745874510494e+00
7.973042438193844728e-01
1.553841568705200737e+00
1.866151174141749802e+00
1.175147816429630065e+00
1.084573843281326555e+00
9.584793118883874197e-01
1.849300829478009778e+00
1.293334939752545987e+00
7.700464809664394616e-01
1.187611291775137801e+00
9.668361068828715821e-01
1.803312439955017776e+00
1.298460352232159387e+00
2.003689726587354780e+00
7.619833882812135917e-01
1.270103245706626804e+00
1.364148683644350157e+00
1.855445904295949022e+00
1.623691691663034509e-01
7.904642806404056365e-01
1.163596676645946904e+00
1.211349084531440079e+00
1.631659870228206799e+00
1.427527333539425847e+00
1.284219692397898127e+00
1.158507504810641020e+00
1.918484593291833962e+00
1.005275554762188994e+00
6.658219875176082381e-01
1.122856187333222788e+00
1.222997568715886274e+00
1.952146681473913903e+00
1.237160725740266587e+00
1.328630061703165222e+00
8.232800118574706838e-01
1.249719856066626500e+00
6.733521547707236321e-01
9.446540076980907141e-01
1.190497074584884185e+00
1.202506375012109885e+00
1.378064205095517192e+00
1.317157029316194050e+00
1.374297925317199409e+00
9.558667218447145508e-01
9.074679548273374419e-01
1.059386020581208454e+00
8.238685113476803545e-01
2.274944268812285841e+00
6.388433488682862538e-02
3.555754560758989102e-01
1.167159405841317499e+00
1.729060607911588887e+00
4.315053071093991055e-01
1.325043782758374755e+00
1.078591732828648952e+00
1.775481830248525572e+00
1.188819448871383022e+00
7.602683777678738153e-01
1.619688780281634655e+00
1.279787599069425408e+00
7.164397750554363231e-01
1.043319796295726576e+00
1.157982048921406992e+00
1.608054171710424862e+00
1.460146839632072924e+00
1.043319796295726576e+00
1.060477000017391092e+00
1.401863833784564362e+00
8.468626942845403072e-01
8.675148320257136669e-01
4.210320214672498285e-01
1.535985032687101626e+00
7.418668958423075832e-01
8.163597508937732450e-02
1.502265643685007257e+00
1.643827614062114417e+00
1.543624083476266451e+00
1.265144001749995750e+00
3.610207552774665207e-01
1.007007034930322842e+00
7.165795335789179044e-01
1.134338572903836218e+00
1.048479594291791273e+00
1.754995645092681356e+00
8.691090817302083993e-01
9.329850982753092881e-01
1.272678710334332886e+00
1.677705151435377795e+00
1.007370934533507345e+00
1.118022744958996562e+00
1.372862840085544489e+00
2.225022924155604098e+00
1.047161715163141826e+00
1.762177026810884728e+00
8.536694453144649808e-01
1.019106134596871271e+00
1.252778378865625930e+00
1.647704355901303819e+00
7.316347994304155389e-01
1.461016675368644213e+00
1.427581458282430216e+00
1.228993754312222464e+00
8.575441087042453558e-01
1.168251351843946795e+00
1.384620711528658399e+00
2.007070084245376140e+00
1.047543584003181483e+00
1.383681137599846123e+00
1.605806773116120967e+00
1.111827263668460075e+00
1.964158054059685243e+00
2.571183865062808049e+00
1.485819865471560641e+00
9.697022758827588129e-01
1.431038519578983648e+00
9.904174870690169996e-01
1.277611188110304496e+00
1.197303531235832941e-01
1.000489290246493468e+00
1.257802097328418300e+00
9.162649945925889217e-01
1.120368195486148410e+00
1.086612323343017605e+00
1.303881113284524718e+00
1.120923282102147311e+00
1.096382104810585734e+00
1.016226629574703111e+00
1.061195975005505332e+00
5.138147262587731134e-01
1.318874655997377854e+00
2.054214558050440953e+00
3.851095739245632421e-01
9.930511207030633392e-01
7.385792689635816144e-01
9.406212333092299760e-01
1.410060306800409835e+00
8.747272833046908502e-01
1.303881113284524718e+00
1.725137592112145457e+00
9.857438392338806477e-01
1.593763701412176159e+00
1.213595468181801751e+00
8.873923597181228029e-01
8.527829888695647176e-01
1.471462995016394215e+00
1.430103738907313904e+00
8.758601996847680260e-01
4.440406652038689228e-01
1.885326244074743141e+00
2.440699951268130885e+00
5.827104008265814317e-01
5.422382531259701821e-01
5.719978301957900912e-01
1.320674068868011641e+00
6.342725102751065602e-01
1.154186173175003161e+00
8.161218928490384661e-01
1.162517080457528440e+00
1.262307524194894892e+00
1.256754662402025158e+00
1.445082416392808433e+00
1.382915156534800349e+00
6.149394085710719882e-01
1.553628623230023376e+00
1.090218992521069019e+00
8.384023108621521114e-01
1.292044020926161663e+00
7.223294027695856823e-01
8.742340971493040014e-01
1.179975875402814678e+00
1.478589746891793233e+00
7.100631542909721095e-01
1.614476056349713362e+00
1.306431421718121211e+00
1.338091236411207419e+00
1.208793656138024808e+00
9.735930431967396714e-01
1.051921527977542015e+00
1.705008716686249981e+00
1.088481823419846117e+00
1.109120444604722699e+00
9.092746204786112951e-01
1.255020241486799470e+00
9.706216429372680476e-01
1.168872652681400615e+00
1.018919167249176194e+00
1.563488764013533538e+00
1.269232140206176584e+00
6.825062553782828001e-01
9.524520006060521737e-01
1.066338937328968450e+00
1.058101879182625549e+00
1.236519301341026722e+00
9.667627918376531237e-01
8.209871189429985838e-01
9.466202328190822524e-01
9.920009725564573611e-01
6.364934123731004201e-01
6.184136619815671088e-01
4.173704565700379066e-01
1.279959299538169226e+00
1.023053336511664302e+00
1.059971373235192083e+00
9.784894807259150173e-01
1.520844908490888603e+00
1.231434438048350177e+00
1.127207729278069781e+00
1.343769118526725759e+00
1.652249729447344606e+00
2.450784437299305285e+00
1.237922738381754817e+00
2.337985768171780165e+00
2.841803617093809908e-01
1.175600082577458183e+00
1.372429789816882018e+00
1.866151174141749802e+00
1.214850103065223896e+00
2.522286629799800894e-01
1.239719789308581177e+00
4.945965964924391445e-01
7.051783322492753969e-01
1.159401303850212672e+00
1.094077126058872640e+00
1.088835391289207033e+00
9.850183156051708355e-01
1.543722394905266526e+00
9.693920051438438268e-01
9.042876596937242661e-01
1.924169143961830697e+00
1.308784503353366269e+00
8.209980999570760662e-01
1.129278354303895338e+00
1.042453061590099095e+00
1.453421273444155837e+00
1.557571190338759459e+00
1.497553164761041278e-01
1.811968320741648153e+00
1.329746636052064002e+00
1.399029216392989827e+00
5.358949301820116196e-01
1.347980923687903454e+00
5.648067348680327893e-01
8.244713173611135648e-01
1.525496394766216568e+00
8.632312951819666180e-01
1.051614906505856872e+00
1.388114179012811977e+00
1.111576256454737122e+00
1.618255759224039636e+00
1.927795124605743149e-01
8.822150653084304128e-01
1.741393709275999901e+00
2.179413214226825435e+00
1.185425923913738133e+00
6.853055865055318607e-01
1.028054853380112821e+00
1.084960139069548690e+00
1.655772608851155514e+00
2.019087991270574367e+00
7.844246021880260100e-01
3.254541362163269613e-01
1.185211017757779928e+00
1.111038556831176249e+00
1.485601818799839602e-01
2.605054172302440074e-01
1.093752621031709671e+00
5.366129616892919563e-01
5.857240040999245334e-01
2.491300297861982482e+00
1.522421514308100798e+00
1.782864569553836098e+00
1.546991754446435940e-01
1.261445583738649123e+00
1.243852990204752151e+00
1.697305758267162457e-01
1.022266042431669408e+00
1.158452076989039625e+00
1.320051037313332509e+00
2.533554310373202778e+00
9.759938949751879589e-01
1.004149901703946579e+00
9.677819090743458030e-01
9.874332660791488303e-01
3.581325635083807968e-01
6.305201826998602099e-01
1.288135633767266031e+00
1.289283973390814797e+00
1.215500012171776278e+00
1.167298084789530899e+00
1.051662300655118010e+00
9.780967789891573672e-01
1.105103136341756942e+00
5.437147845873989693e-01
8.909570224914650227e-01
1.753146728427943613e+00
9.612103927471731257e-01
1.882537147606845984e+00
1.197472786113789045e+00
1.374641776405289839e-01
9.403640114905313929e-01
1.407030629375219499e+00
1.151704157951135565e+00
1.203536999088833381e+00
1.552718126145166355e+00
1.238331932386828038e+00
1.229765494584487362e+00
1.904904394558667002e+00
1.522601774751912496e+00
1.426021746523942646e+00
1.350666979032782544e+00
1.446397438732407892e+00
1.391147611920917848e+00
9.342418710832463002e-01
1.352005599599859442e+00
1.390067925645859459e+00
1.329536583661082405e+00
1.019754657272253340e+00
1.738393885393117788e+00
1.047908427222194128e+00
1.511488235479032438e+00
1.319464001047509161e+00
1.118903389352263300e+00
1.354614740495429182e+00
1.059298104315151923e+00
1.311132260001121708e+00
1.460701700834826644e+00
4.968660431642969444e-01
8.135578771328944025e-01
1.379515985650967780e+00
3.007895134057266273e-01
1.440154582763545577e+00
1.085452433746533218e+00
1.308863361558330052e+00
1.235473294335637684e+00
3.557636282037907605e-01
1.125598326754181144e+00
6.615068664780768826e-01
2.127437255570628238e+00
1.016122387781660752e+00
1.097732943214428047e+00
9.238412341013887419e-01
9.601501129900608111e-01
1.259827296094099491e+00
1.234892784802940957e+00
6.548830713816466975e-01
9.666078465717959922e-01
1.390774244429472839e+00
1.626859853711067894e+00
1.300558002938442703e+00
8.765853758412495145e-01
1.176917529033031595e+00
1.269588667764713463e+00
1.086693265893977633e+00
1.840197951492788420e+00
1.549199804759840982e+00
9.678085939681954075e-01
1.951386768661790727e+00
5.490135960257839232e-01
1.186593388219903566e+00
1.765636349086441736e+00
1.668934344440767603e+00
1.325043782758374755e+00
1.028796930772192253e+00
1.423664142568632274e+00
1.029947927044770006e+00
