1.674893282529967387e+00
1.001295611666004559e+00
1.651891828480782642e+00
1.069100251472070218e+00
2.338887595052968393e+00
2.700288348180145959e-01
7.619728593765221492e-01
4.613856240910397810e-01
9.723648171366546800e-01
1.284867699509476324e+00
1.799052309499259428e+00
1.281628547613592239e+00
1.095020648420282239e+00
1.042673375038722483e+00
1.614001912397504235e+00
1.442798128968512561e+00
9.913317381936506134e-01
1.318049847344242798e+00
1.853111501872945599e+00
9.681375530721024747e-01
1.159028248713906528e+00
1.132313616599737394e+00
1.272920314934363750e+00
1.716230525840924726e+00
1.354777553620826636e+00
1.041559878756012303e+00
9.709305749932486407e-01
2.999322824529910281e-01
1.784856056545122360e+00
9.981203466329494622e-01
1.326307441646477514e+00
1.744556624824482594e+00
1.673903606719503223e+00
4.738009645547803239e-01
1.217274643007889567e+00
9.725593559205927274e-01
1.016863402868789512e+00
2.433642892838957295e+00
1.011191515411382191e+00
9.926018312621038842e-01
1.107905578170010230e+00
1.637451041246356542e+00
1.383569019585920490e+00
1.554173728568210233e+00
1.095770499538142539e+00
2.336993379322599707e-01
1.231689561546122968e+00
1.070612586392952092e+00
9.134578776399874256e-01
8.273261432943004312e-01
1.610974773942550398e+00
9.751943859331826392e-01
1.073259154310686192e+00
9.514440395901077041e-01
1.257661789971172173e+00
8.581193864926403014e-01
8.625615337587766440e-01
1.234914789931146784e+00
8.625901075956275976e-01
2.331740509676171746e-01
4.972582120414753559e-01
6.100994024870332044e-01
1.756468534912148272e+00
4.707205541945641003e-01
1.928329929733714865e+00
1.956554696343379751e+00
1.546404573034891428e+00
1.558885752836674632e+00
1.287121520609261216e+00
1.149861963061354908e+00
4.145319991594904052e-01
1.507194701371073808e+00
9.671127719427521363e-01
1.159739448629484748e+00
1.248962890984206098e+00
1.130750702599825130e+00
3.916420858148725315e-01
1.308111072989528667e+00
1.178685422041711117e+00
9.617562545691860088e-01
1.979022472324230009e+00
1.103316598574238361e+00
9.912228123285472536e-01
1.395453726358942603e+00
1.078478953795614093e+00
1.866464391634143682e+00
1.220917007281419941e+00
2.470834166300623025e+00
1.175972062615293634e+00
7.323546364891859728e-01
1.480627307451299890e+00
1.157355079298468148e+00
1.247346772312804219e+00
1.765292934968539784e+00
9.772589423355839688e-01
1.156189716542731061e+00
9.981008973849586630e-01
6.361000646852719154e-01
1.560748023037683563e+00
1.359473647013655029e+00
1.534548983680975809e+00
1.204954204811597318e+00
1.350561023958807283e+00
1.057039156288053228e+00
1.864752175864803074e-01
1.170287570071668837e+00
1.115955590154156241e+00
2.509234583456875001e+00
1.103533531394433886e+00
1.242399438237456799e+00
8.609381411626496616e-01
2.208693546138036368e+00
1.175452637079555052e+00
1.560349109088754682e+00
8.944893073960836771e-01
5.452232201442335224e-01
8.094105449566505461e-01
1.134629751673813303e+00
9.969143610299978642e-01
7.151058943716041005e-01
8.997890478459500407e-01
1.351285737526266129e+00
1.853111501872945599e+00
1.028992205312400321e+00
1.930139935245928751e+00
1.110821793985408812e+00
2.126814079430773941e+00
1.246981180970120118e+00
1.633434262297009276e+00
1.308111072989528667e+00
6.848149359647037748e-01
5.170983675338198804e-01
1.194571192676318727e+00
1.387188864195787463e+00
6.470487299668915560e-01
1.196838271437745682e+00
2.258115991766885156e+00
1.862908015304285625e+00
6.218817949054937788e-01
1.244072191639820080e+00
1.515160643384975581e+00
1.524360750432372402e+00
1.101182402766400781e+00
2.028715023669725781e+00
7.013120267804806574e-01
1.346118424100553046e+00
2.023587930355179143e+00
1.270711834283621222e+00
1.035908429429741595e+00
1.253186162684578608e+00
1.069799997861576868e+00
4.142836711794996019e-01
1.699033062406332339e+00
1.329536583661082405e+00
1.089925909442176044e+00
1.124912899751460360e+00
7.520480451560078716e-01
1.305843643021920686e+00
1.101719568661647664e+00
8.020441717023845118e-01
2.259034439988293563e+00
9.705492814437606253e-01
1.336319363265402460e+00
1.349626619183838638e+00
3.827369845993625064e-01
1.875425798193462557e+00
1.500708521627712733e+00
8.322930437145693583e-01
1.463571401245825632e+00
1.392854705387796654e+00
6.598923710214869010e-01
7.561974698729088118e-01
8.540272483522842739e-01
8.944893073960836771e-01
1.191503409757775467e+00
6.570597429204858564e-01
1.797938831215336375e+00
1.017995593461524795e+00
1.600413283745248716e+00
8.387965298030668482e-01
1.299770692025921326e+00
8.016259653278177133e-01
9.559584272273891070e-01
1.071837471435283407e+00
1.646554268406084764e+00
2.396839778754809858e-01
2.057509838853981865e+00
1.000053953419622665e+00
1.432434464789208217e+00
8.721580583912578177e-01
1.247376893220698335e+00
1.097768832200192168e+00
1.155179922707292084e+00
1.520165155181359973e+00
1.231948844807828847e+00
1.930139935245928751e+00
9.410913961551123919e-01
1.110500397541649198e+00
2.077892158724594651e+00
1.917588746194824889e+00
1.461169145522190016e+00
1.852683613528721407e-01
7.463021504434276254e-01
1.212467300211742538e+00
1.092816819889976365e+00
3.557636282037907605e-01
1.010027737782310364e+00
1.123743474194553782e+00
1.208311241784909784e+00
1.367697284335908758e+00
7.043194472123492922e-01
1.799052309499259428e+00
7.697235592533274717e-01
1.647218538373829144e+00
1.713875443604439663e+00
1.452598176245735173e+00
1.380005363155247355e+00
1.602474794978872019e+00
1.057039156288053228e+00
1.034195743772128306e+00
1.284004514905031202e+00
1.021416975786869408e+00
1.065428840054255089e+00
1.455845612878043926e+00
1.904637229380444108e+00
1.393400052950187096e+00
1.175911924465665059e+00
6.377100885307026568e-01
1.181765880013801118e+00
7.402530970600043059e-01
1.029341377224978427e+00
1.340095113535382243e+00
1.358448376579957317e+00
1.055322265086431566e+00
1.716345605995669876e+00
1.277947195092584254e+00
1.473428723668480211e+00
1.451261495519925893e+00
3.167634284361135477e-01
1.679856971008251598e+00
1.282378049968001088e+00
8.944893073960836771e-01
1.260493999191695247e+00
1.611819187099330142e+00
1.822103648739038739e+00
8.796904678668485689e-01
1.267421718721610358e+00
1.387789565985779516e+00
1.685794929803344999e+00
1.402030947874379985e+00
1.090252635790921021e+00
2.050809052712240010e+00
1.356041579421466636e+00
1.712253520564334330e+00
1.154186173175003161e+00
2.126814079430773941e+00
1.188546438862317256e+00
1.143654540293657762e+00
6.364880485894134354e-01
1.504143986782725539e+00
2.210707011225355456e-01
1.144894744062744829e+00
1.184086259940137831e+00
1.864752175864803074e-01
2.092139101067520990e+00
1.309900149019215032e+00
1.018968639271531806e+00
1.303244434066861857e+00
1.267764817936201660e-01
1.808428836391217098e+00
2.032222550725999000e+00
2.251989815897226688e+00
1.788980657281688647e+00
1.077457249845679144e+00
1.575882698004313021e+00
1.548060284216116633e+00
7.987365452730598170e-01
1.155184330716469532e+00
1.259260991167830079e+00
5.590672575932646993e-01
1.758333091379237434e+00
1.668252346905467753e+00
4.221354586193451497e-01
1.239122860245897018e+00
8.319631643194780324e-01
6.807757965091822960e-01
9.811828758756774294e-01
1.394335342714093651e+00
1.228830084486429053e+00
1.767930343208090616e+00
1.647218538373829144e+00
1.615760794270058032e+00
1.772736176712763845e+00
2.048922378799226784e+00
1.282413895867861697e+00
1.043505046351833832e+00
1.433169906221418044e+00
8.399456367828347370e-01
9.848791267235045277e-01
9.954349812453847646e-01
1.468623481736290204e+00
5.325459651508807069e-01
9.589780919425499039e-01
1.250951921274368939e+00
1.224603738275058973e+00
1.371430655966683787e+00
1.291700394878727565e+00
1.943385303678550002e+00
9.396864665217494750e-01
1.439962696469268000e+00
9.609502007149653968e-01
8.219124918530136270e-01
1.131550646778730851e+00
1.229502908450646803e+00
1.332295844559872711e+00
8.334272318687734327e-01
2.353763687264414095e+00
1.936070771939106150e+00
7.389988352860534793e-01
1.339533516518968792e+00
9.577063991143222044e-01
8.873923597181228029e-01
1.068526680075084112e+00
2.244833885067605284e+00
6.608016210064342477e-01
1.667800080372081828e+00
1.078377687723678813e+00
3.695044034437237612e-01
1.094397966311062564e+00
1.536175179059120044e+00
1.343085543293125461e+00
1.208401846875609920e+00
1.143654540293657762e+00
1.940407495156162287e+00
2.441150283717398395e+00
1.374209219696389095e+00
4.900973534502369167e-01
1.461169145522190016e+00
1.153685567157149094e+00
2.156821861973024834e+00
1.783485011237214701e+00
1.571547458142177334e+00
1.435144868426932341e+00
1.788395762003894163e+00
1.226950246548323298e+00
7.040308841214372171e-01
2.223263499415269351e+00
1.095230479644793586e+00
1.135394337563474521e+00
7.360277580760148375e-01
1.037520268963894043e+00
1.414072971450310412e+00
1.320799570409496138e+00
6.553854512077540440e-01
2.477642790387609484e+00
6.717973955030120958e-01
1.257108296995492092e+00
1.237567131306562818e+00
1.647218538373829144e+00
1.329811709536269593e+00
1.755098687858817508e+00
1.297833851965507712e+00
1.432003134295555480e+00
5.227763511499854410e-01
1.535160535322624531e+00
3.891605334437174823e-01
1.174339342506046213e+00
1.062397670702452945e+00
1.308801706193475134e+00
1.047396049754265590e+00
1.107252050607033578e+00
1.585661374577702620e+00
1.106500256416611983e+00
1.981135247864174165e+00
1.737210683653355625e+00
9.712003176039288865e-01
1.120580095067306381e+00
2.529343447491351871e+00
1.368882678661140107e+00
1.061604700409761071e+00
1.353925813777289378e+00
1.294601898773353632e+00
1.034998084631580939e+00
1.361217028881003044e+00
1.814516206677786903e+00
9.172678451592323201e-01
1.336012065193568743e+00
1.157073416545463251e+00
9.004393310033084186e-01
1.121161655204802488e+00
8.569555520433778106e-01
1.124854462179410319e+00
1.127010842792892653e+00
1.262949678819310639e+00
1.880913607474104410e+00
1.094447560358451588e+00
2.007115146792044946e+00
1.505109308116755029e+00
4.272657550406794291e-01
1.688809343229034532e+00
1.317278323353917147e+00
1.170087838988246753e+00
1.512518778596427360e+00
9.218836570055524149e-01
1.383599535997740437e+00
1.377807304708065006e+00
5.337542244523832968e-01
1.889635442662591869e+00
1.253186162684578608e+00
1.184078226592541361e+00
1.560920749015151543e+00
1.453860864123139862e+00
8.048923459441167383e-01
1.308599718942332180e+00
1.893388738609840471e+00
1.102387497366750679e+00
1.171741099569155287e+00
5.562516632475097422e-01
1.560694901860842476e+00
6.404986018235243606e-01
1.646822365636094077e+00
1.178122659965231911e+00
1.493399314311899539e+00
1.109099336996187457e+00
1.132359350412667887e+00
1.152060914370990119e+00
9.257091252119528102e-01
1.445453957087124763e+00
1.912859175051684124e+00
1.113477533113146345e+00
1.089167585317749598e+00
4.020298439467080986e-01
9.505951408648244394e-01
1.054656978374456600e+00
1.170803910975878104e+00
1.600517827807008464e+00
1.017259450023262124e+00
1.035551783594604203e+00
8.555544078436050359e-01
1.229415898206240421e+00
9.638456167795038665e-01
1.489416872091076094e+00
8.767840458788054292e-01
1.863589602229635211e+00
1.221883882459763537e+00
4.768293075364005151e-01
5.112279291943400139e-01
1.518123697042554898e+00
1.073072942203504798e+00
1.393809269191266464e+00
1.947579108922877333e+00
1.332994860889101130e+00
1.068854647437067706e+00
1.120732220333922502e+00
1.980131736640440732e+00
3.349521934898472275e-01
1.394392721650999256e+00
1.458600541316809052e+00
1.096417547827927441e+00
1.122575396462954345e+00
1.157073416545463251e+00
7.430891267736989825e-01
1.398481656752284863e+00
1.079432294492275846e+00
1.411992504497375789e-01
2.189794505734844243e+00
1.318558400356773852e+00
1.536087414694971898e+00
1.366371285677247194e+00
1.128744689658773698e-01
1.049379031149954455e+00
8.641412381374932172e-01
8.091440284034783215e-01
1.262327898106137880e+00
1.181190246327379567e+00
2.306657841874009129e+00
4.179745621697751323e-01
1.289670994870833365e+00
1.716230525840924726e+00
3.208890814675113834e-01
1.357600650567277967e+00
1.655000665832764284e+00
1.304984044604917681e+00
8.163774698771523175e-01
1.148904734787651982e+00
1.642082032100630196e+00
1.085615538315644946e+00
1.343587850531606120e+00
2.574994359020256418e+00
4.343292514414133776e-01
9.952305785477483235e-01
1.801397270679067075e+00
9.422160460312959396e-01
1.279205415024439407e+00
1.264697282361768593e+00
3.855890451272983022e-01
1.151634569903981609e+00
1.092270208554212196e+00
1.391467726196058408e+00
1.568766937057673561e+00
1.601683033232525810e+00
1.349791985641697334e+00
1.172591957021101416e+00
1.830265380303937262e+00
1.240963744421734960e+00
1.116737196214986128e+00
1.338091236411207419e+00
1.983955198026430722e+00
9.193346022313234611e-01
9.975057371073777768e-01
1.914961972364321863e+00
1.446387617108001233e+00
1.272702590133298672e+00
1.262133822286448437e+00
1.184558928033575986e+00
1.618975081159789831e+00
1.364224150263873003e+00
7.755954774800335461e-01
2.186938293347314488e+00
1.388167149747835616e+00
2.401406337822364900e+00
1.071254356820036779e+00
1.758608522025720822e+00
1.001024911292387243e+00
2.551562359495661347e+00
1.269617877700367492e+00
2.172088517542771768e+00
1.105182299227078335e+00
1.305843643021920686e+00
1.218152587374748741e+00
8.716807833215959311e-01
1.867852311701083012e+00
2.896951256490082338e-01
1.234666238889805534e+00
1.653994305479042914e+00
4.796424311308585264e-01
1.971997784663649833e+00
8.390146217681309082e-01
1.088989785672634047e+00
6.825366264888030887e-01
1.269330561912666022e+00
1.118324298513797554e+00
9.726653729197863862e-01
1.239565955967597777e+00
1.918160775733069201e+00
1.379515985650967780e+00
1.317751018937949326e+00
1.032931864049831949e+00
9.275231124478479083e-01
1.258944559008822850e+00
1.098183524645890863e+00
1.680120037378267206e+00
6.184136619815671088e-01
1.336375882025788497e+00
9.056079890751959072e-01
1.632638214523144615e+00
9.551929967878394212e-01
1.103392922300151069e+00
1.358398580711389414e+00
1.770779323603125066e+00
7.969654594734473241e-01
1.293778530268927529e+00
1.315114743125719965e+00
9.480619027549815891e-01
1.231671596984909911e+00
9.986406977703243815e-01
7.061425981279249031e-01
1.155179922707292084e+00
4.541870416692458390e-01
1.731798104770034596e+00
2.173188312036276049e+00
8.505640122390001334e-01
1.671726310030180462e+00
1.637393753120715445e+00
1.489416872091076094e+00
1.168536218257858916e+00
3.852276488455766978e-01
1.532480059955463991e+00
1.214850103065223896e+00
1.380005363155247355e+00
1.811010254416852039e+00
1.064619286825827293e+00
2.176781301392441748e+00
1.085587573468577594e+00
1.685215808787720482e+00
1.884347628878759506e+00
1.007989113190987718e+00
6.278965298300321907e-01
1.983596789847405395e+00
2.017179716782297572e+00
1.069451635924614674e+00
1.413353123628846797e+00
1.225144229007460783e+00
1.315702059486473452e+00
1.338889243041534671e+00
1.048516540114420748e+00
1.730242365944855587e+00
5.655316315546166095e-01
1.426643561889354928e+00
1.059669943134278869e+00
2.586363754681935134e-01
1.037317006231563310e+00
1.473736148125233125e+00
1.121563044708398849e+00
1.473428723668480211e+00
9.207348032878184263e-01
1.073740942324258540e+00
9.902207884037294017e-01
1.244577128532614374e+00
1.078715651748210380e+00
1.182104952010174514e+00
1.066162921233937633e+00
1.768857053448075867e+00
1.059706963364668741e+00
9.894144316624656765e-01
6.957812086158912113e-01
8.188851591108857741e-01
1.448594215106399741e+00
1.172506461963437108e+00
1.806881541900337007e+00
1.193311113145626878e+00
1.299770692025921326e+00
1.592084709807050080e+00
7.013120267804806574e-01
1.094174369929324042e+00
1.452147595089846366e+00
3.019509969367718538e-01
1.417387456356932418e+00
1.283354889857895476e+00
1.678508952380565855e+00
1.498349966381629539e+00
1.282884322100627195e+00
1.184231090609130677e+00
1.080279573175322749e+00
1.171567790491925054e+00
7.741309278499621804e-01
1.285516226073309731e+00
1.679856971008251598e+00
1.050784952213264623e+00
1.608803304733642969e+00
1.008754052518511912e+00
1.680867029072446339e+00
1.498349966381629539e+00
1.475879851474670712e+00
1.184237729274249196e+00
1.250618177745666859e+00
1.118849710574135736e+00
1.501742902908302479e+00
2.106580978656833913e+00
1.418526840358058649e+00
1.196627111988415759e+00
1.511679905801770918e+00
2.357339383268948207e+00
1.296486031756469037e+00
7.862666098922611591e-01
1.237889190935522077e+00
1.521971114479772957e+00
8.382202829090542595e-01
2.309160858369354141e+00
1.596959924603997383e+00
1.169063010643518918e+00
1.789359684902160019e+00
1.108881285325800992e+00
1.294862355173751922e+00
7.920817139928498785e-01
8.387965298030668482e-01
5.549778434147049078e-01
1.969803221119239112e+00
9.744530068327943439e-01
1.198107147893338498e+00
1.031374753730173177e+00
4.966953217986490587e-01
1.896383387160102130e+00
7.508083850500765211e-01
1.338334100710893315e+00
4.664779332633413600e-01
1.547051417539076601e+00
1.239679084078869842e+00
1.178394028227681467e+00
1.281787838784360922e-01
1.406472450642702876e+00
1.262133822286448437e+00
1.035753288596386490e+00
1.503227130963945113e+00
1.223835970983645716e+00
4.945592697310642327e-01
1.120719165150263041e+00
3.322829853563364355e-01
9.604857969261223483e-01
1.740143154590118701e+00
1.661536125806759356e+00
1.145666046878483169e+00
1.667065330758834785e+00
1.227300855418111514e+00
2.099133223534103365e+00
1.196634658914726757e+00
1.076725170255293351e+00
1.133396590237304657e+00
1.009635309028546590e+00
1.087191481534515614e+00
1.443857127488111569e+00
1.377266863249742901e+00
1.182180272669115517e+00
1.319012223802926043e+00
2.086433165518241761e+00
9.673386601217620617e-01
1.781873242831801374e+00
1.566803807937873882e+00
6.675161051914009214e-01
9.503037412781224491e-01
9.675920098726147334e-01
1.093681753626233988e+00
7.266066543631843899e-01
2.248658669348807815e-01
1.077495449887964973e+00
6.066618788215702995e-01
1.304162648761246990e+00
1.301062187270872528e+00
2.317442852784969087e+00
2.161447070763520273e+00
1.137035500029036195e+00
1.186510661760582730e+00
8.020361155639700312e-01
1.149466780503483720e+00
7.703039693727936621e-01
8.424339471822338554e-01
1.741296317012893669e+00
2.027459817099204198e+00
1.324918593532698585e+00
9.907920731009867144e-01
1.658181708201777571e+00
1.556404943599124735e+00
1.381336255752230624e+00
1.636236845409736906e+00
1.425404002688721361e+00
2.397314296169505532e+00
6.979737963345158391e-01
1.195798277837585299e+00
1.521246153712654481e+00
1.421494004707106074e+00
2.151318324277489147e+00
1.162493557535777322e+00
1.204855059676065210e+00
9.942080266457630211e-01
4.927435177390332433e-01
6.709318809555581131e-01
1.478884238306886090e+00
1.099225669975309128e+00
1.185211017757779928e+00
2.449790987108158902e+00
1.157750944291547457e+00
1.170060866104078112e+00
1.714937557707069793e+00
7.809991359319528037e-01
1.613172776869358671e+00
1.189882071072386527e+00
1.882172454038501863e+00
1.570341964450669536e+00
2.201912389534429748e-01
8.257837001010966960e-01
1.185155029744344723e+00
1.369351609038966577e+00
1.008737534214953380e+00
1.136352921422062456e+00
1.081893722311976447e+00
1.752745001549182335e+00
6.447285185480214897e-01
1.113020430548251394e+00
9.718524116407949442e-01
1.217389074537579496e+00
1.763946992501664202e+00
1.070143172355589867e+00
1.170023515278549198e+00
2.014246152270706691e+00
7.730336548478606851e-01
2.509062451456736120e+00
1.181303669105431053e+00
6.526951394858790945e-01
2.253897069875366199e+00
1.662556547390737771e+00
1.097732943214428047e+00
1.432296958610011162e+00
1.096340537657026326e+00
1.196634658914726757e+00
2.077892158724594651e+00
1.090897165056171847e+00
6.810010926866545411e-01
1.767930343208090616e+00
2.000820682583057231e+00
9.565896422166656476e-01
1.958134972610612090e+00
1.721148817386029206e+00
9.655413701790708236e-01
9.296232076449064685e-01
9.986229399968210574e-01
1.676763040370530033e+00
1.002050766273965943e+00
7.532143264528912141e-01
2.117870213003739455e+00
2.743859399187297265e-01
1.255506947365344184e+00
1.306752201365005250e+00
1.355748689931446371e+00
8.138430652693259271e-01
1.295102332559361136e+00
9.745223025420521878e-01
2.578608318714038283e+00
1.207236497857476776e+00
9.551929967878394212e-01
7.452501605069323798e-01
1.105580674326512414e+00
1.408252715983567827e+00
1.754995645092681356e+00
1.195671649306372597e+00
2.109338606245499292e+00
1.573676364584786436e+00
1.275604831216502921e+00
5.437147845873989693e-01
6.533769693881631424e-01
1.198498826043274956e+00
1.031929449392521292e+00
1.739361173863965604e+00
1.194181270806299988e+00
1.244062097783440679e+00
1.324342668675463575e+00
1.550489754372867734e+00
9.945505268556394940e-01
9.282944812530923295e-01
1.022140370762688599e-01
1.298291497664688432e+00
5.358949301820116196e-01
3.343319731526029903e-01
8.198225911346916917e-01
1.721402462398314404e+00
1.305431459713203513e+00
8.501889768203304554e-01
1.646589912093425312e+00
1.168699372310695983e+00
1.459265057415099154e+00
1.268686128837065885e+00
7.952120698194597992e-01
1.393267195226244537e+00
1.567430391282083724e+00
8.590970717586757233e-02
9.647181907114991128e-01
1.101823629920796188e+00
3.773903266984890426e-01
1.399617644292938445e+00
1.184910715331716879e+00
1.438401294388501617e+00
1.196539266811428082e+00
1.757333372752531320e+00
2.404798903885853267e+00
1.389894849646220232e+00
1.357922069272559318e+00
1.702967087496937371e+00
1.478220171690548090e+00
8.929826319276182867e-01
1.821908043266873056e+00
8.344248245607366332e-01
1.318096219876358610e+00
1.080603035286846980e+00
1.268602692571337398e+00
9.096962066097534771e-01
1.011590446296270596e+00
1.523067662047249859e+00
1.239859625814921706e+00
7.945399717960804908e-01
1.798243273753640903e+00
2.170726794304685292e+00
8.741242761277743245e-01
6.079582892467942923e-01
9.501793604309739516e-01
6.267295899671542214e-01
9.726778446219964680e-01
1.726466680979065194e+00
1.356052238729618109e+00
6.953216270110642583e-01
1.261256871378309219e+00
8.251967597150225986e-01
3.807583337573721138e-01
8.092164489307888120e-01
8.795849866118021776e-01
1.588766135184454642e+00
9.369528793294988889e-01
9.946791815870520415e-01
1.138296727684244836e+00
8.855841112098089551e-01
1.303477591450954431e+00
7.376101491762249163e-01
1.067251488875350152e+00
1.553452082389028543e+00
1.132908782602699116e+00
1.209050288054221323e+00
2.642263076802875421e+00
1.145141402729640268e+00
1.107095201743283797e+00
1.159028248713906528e+00
9.953642932972580626e-01
5.707324463668023151e-01
7.203152897079558858e-01
1.083857963005225855e+00
1.614813734549985558e+00
1.338334100710893315e+00
9.542695618759697851e-01
7.661258037120082243e-01
1.589205367410476910e+00
5.874525955969830404e-01
8.183763671625758906e-01
9.883847108769003853e-01
1.299770692025921326e+00
9.752670096773247144e-01
1.238960538570396785e+00
1.820411112572634549e+00
1.426742499334908487e+00
1.809585321464523666e+00
1.698607007460305907e+00
1.491797209655204570e+00
1.073838368345120031e+00
1.348537033661614259e+00
1.296622967837163465e+00
1.916269917393427669e+00
1.768964443602984105e+00
1.128631705825880127e+00
1.349100888564969569e+00
9.380126172099250148e-01
1.016226374065885674e+00
1.067160643969292000e+00
6.365178058116109927e-01
1.400555830613011032e+00
2.193728723382341261e+00
1.400438981870698596e+00
1.405908910992930583e+00
1.246019315203186206e+00
1.191614108181470622e+00
9.066202305302714093e-01
1.585661374577702620e+00
5.827104008265814317e-01
1.621297717933032123e+00
6.735442714397027464e-01
1.420227423194460492e+00
1.578076225661936505e+00
1.170499914057310464e+00
1.262949678819310639e+00
1.142771644778218798e+00
1.459935484500024527e+00
1.379191972195015659e+00
1.173276162711454740e+00
8.213351362425964641e-01
1.242208372218371437e+00
1.385315284719995876e+00
1.981813010666429564e+00
9.196833446651445643e-01
1.449808425792562305e+00
1.110681808778446023e+00
1.635799675852326551e+00
1.454005010938558273e+00
1.042569089406546246e+00
1.536666859367071369e+00
6.701614392890169469e-01
8.114485246170490829e-01
8.944543631713350873e-01
8.515546974380124867e-01
9.994636975704854764e-01
8.849816856345703586e-01
1.130741586732487702e+00
1.152060914370990119e+00
1.211558349592167350e+00
9.495369778824772622e-01
8.639218810939419679e-01
1.245463198349346046e+00
1.499136630540924164e+00
7.337593166188811633e-01
2.251961389763367904e+00
1.006709964881005615e+00
1.957158774434010873e+00
8.054302101680455017e-01
1.369027434352746875e+00
9.866632651309156232e-01
6.243311868762546624e-01
1.026099611155715907e+00
1.434363753962042631e+00
1.215071487313459819e+00
1.209073026080003999e+00
1.552323844362519356e+00
1.046491060916588500e+00
2.057509838853981865e+00
8.855375295963712201e-01
1.134032123648500923e+00
1.592620510593782290e+00
1.075210657939618342e+00
2.297014912001007048e+00
1.488357711426116614e+00
1.820297603938003217e+00
1.958246985902439175e+00
1.371919667198753245e+00
1.119575035729357015e+00
9.802544267819209844e-01
1.077495449887964973e+00
9.759314313006594022e-01
1.605799193645527589e+00
1.429969779747087610e+00
9.652966067277392037e-01
1.212001388274897451e+00
1.307246760332700042e+00
1.159810785213758244e+00
1.061820119531924567e+00
1.664392860225803572e+00
1.204786739829947217e+00
1.257543988989861417e+00
1.489280026460577666e+00
1.730530009893063603e+00
1.510642905602299413e+00
1.600517827807008464e+00
7.684544820455093683e-01
1.337230374312620595e+00
1.002424959560654472e+00
1.028922347750607535e+00
2.958420904730682532e-01
1.509662348947411914e+00
1.587691258132237215e-01
1.080111022667512355e+00
1.129347297098988401e+00
7.496376792835464098e-01
4.975912018882590049e-01
1.673086892404300974e+00
1.151273516497142158e+00
1.346890332580750860e+00
8.515546974380124867e-01
1.495334028309657226e+00
1.292184304069582845e+00
4.646636454082309076e-01
6.955427133007017204e-01
1.035159564392683640e+00
1.293246571545090040e+00
1.341444470205395811e+00
7.010105333775840109e-01
1.445717137071524272e+00
1.105288743353034731e+00
1.218188746128827438e+00
2.170726794304685292e+00
1.841954309649865396e+00
1.293041472184243368e+00
1.055697292862484371e+00
8.750519475253215607e-01
1.154292205239251912e+00
1.921770641929650969e+00
1.080295505086160235e+00
6.606096345941078196e-01
1.113396218180377151e+00
1.091265774762708363e+00
1.527231064239285896e+00
1.109371038211233840e+00
1.198910416789449096e+00
1.129458718399890094e+00
6.496943020393384227e-01
1.282413895867861697e+00
1.024578456650563130e+00
1.401863833784564362e+00
1.278576359107476801e+00
2.328715742396637367e+00
4.263679209050611485e-01
1.414570402936748739e+00
7.718787873808460320e-01
1.395695199069989956e+00
1.644580230491043515e+00
9.675684670484602234e-01
3.121115770615645602e-01
6.463306880072592353e-01
1.099386973037991266e+00
1.169183191084992357e+00
1.494388406600569041e+00
2.804113572437572643e-01
6.080117652461927147e-01
1.182654587190949513e+00
6.392082230736396697e-01
1.180506235023575323e+00
1.322554606740210525e+00
2.512025707509768502e+00
1.153685567157149094e+00
1.428826517262309803e+00
1.432434464789208217e+00
2.289478342149599222e+00
1.235714407441191653e+00
1.347545865117967256e+00
8.012566231064578437e-01
1.975768268707269737e+00
1.816958328998418803e+00
1.189415196684536546e+00
5.446393107699407654e-01
1.384360608202474419e+00
1.268829788080242826e+00
1.632341617832816505e+00
9.346433804068066120e-01
8.063009424301788297e-02
8.769491764743203577e-01
4.747256773444465394e-01
8.454750783119298063e-01
1.449964887481890008e+00
2.082666060989406542e+00
8.335433481255202781e-02
2.279119318261215721e+00
1.304537529284805153e+00
1.003439124989439213e+00
1.987250217730152979e+00
1.055773159810649231e+00
1.610865047791922189e+00
8.460570337613365632e-01
1.214850103065223896e+00
8.979844319262354491e-01
1.192741448831332818e+00
1.222008306528133303e+00
7.780459330560106634e-01
1.961350458950397724e-01
1.158075503742412193e+00
1.480924342087888812e+00
1.214078106519466349e+00
1.113286319352170262e+00
1.004054967104341056e+00
1.052612327983757368e+00
1.321051179656050234e+00
6.868165684163466400e-01
1.618571319483047111e+00
7.990268665863388131e-01
1.086625238587546782e+00
1.348731963303241743e+00
1.885814484408271818e+00
9.579558699898449436e-01
1.042760430306465702e+00
1.985633669684875979e+00
9.690807525043870774e-01
1.718700864401474293e+00
1.139852277082205267e+00
9.299866323708552152e-01
1.767189389005797695e+00
2.172843142582895570e+00
2.153090511704877308e+00
8.913094743157207178e-01
1.308111072989528667e+00
4.740330140375862977e-01
1.145534807287866608e+00
1.582545260417953514e+00
1.286853776854527620e+00
1.511286525796239621e-01
3.562546833719413414e-02
1.093046947359168408e+00
6.208890030129013970e-01
1.398865284693296296e+00
7.761850833404261296e-01
9.430680636565446084e-01
1.131557348466267099e+00
1.901758703166480657e+00
1.160244405911428744e+00
2.358454866536850769e+00
1.437007178828055398e+00
1.253645095813191501e+00
2.807460251805544704e-01
8.128828722265856177e-01
1.571948181589740923e+00
1.853520494972547228e+00
1.521466575071004579e+00
1.040579306218041067e+00
1.525985291285118839e+00
1.476975196933751899e+00
1.346067349174010053e+00
1.946699796020450735e-01
2.497074797396367174e+00
1.703536804386315717e+00
1.272742524411092591e+00
1.779637569092849647e+00
1.241522916212766559e+00
6.595560494583624367e-01
1.393502024999512701e+00
1.102475210737086098e+00
1.006259497159396998e+00
7.379549999102364977e-01
1.367638564044505900e+00
1.231551599023756216e+00
1.248197658009283728e+00
1.259676622610739427e+00
1.489416872091076094e+00
1.014733195911843300e+00
1.284609884438886684e+00
5.417872389164920532e-01
6.335463903530890173e-01
1.073978804128426612e+00
1.269149907476750494e+00
3.893689465570064345e-01
1.533082052707569920e+00
1.678866012009444075e+00
1.768964443602984105e+00
2.185822158816518535e+00
1.033107311791632954e+00
1.535429029843790039e+00
1.875425798193462557e+00
1.286175666938641937e+00
1.328019463135063694e+00
1.584689062568177542e+00
1.040817739139767051e+00
1.143404234394194141e+00
1.115271808149346011e+00
1.921870820410513270e+00
8.873923597181228029e-01
3.423255304630831164e-01
6.998640016123081065e-01
1.174744998944884378e+00
5.256555720432550816e-01
1.401306154188640463e+00
1.388167149747835616e+00
1.858898717831976244e+00
1.360806387568332498e+00
1.257108296995492092e+00
2.048633675520520558e+00
1.022874361398503185e+00
1.267406275534140425e+00
1.108100420823298293e+00
7.456371685200835486e-01
6.775863356115727765e-01
1.626150057336670063e+00
7.501316050837271154e-01
1.481219358538202302e+00
9.733593641291611309e-01
1.295130168330021592e+00
7.251012842013171422e-01
1.493468790828308412e+00
1.177780706377993258e+00
9.741407888377558999e-01
1.057510344241889833e+00
7.906699676053469128e-01
1.484440816154664722e+00
1.226806522020644108e+00
9.417101828418663612e-01
2.212306019373086574e+00
1.388405526762927833e+00
1.050418996870927879e+00
1.709137767235569427e+00
1.057028929468391443e+00
1.033240257745027701e+00
6.477959494949583341e-01
4.499045882234176119e-01
1.317278323353917147e+00
1.916488692069207911e+00
1.277989576672194927e+00
7.548632054011046311e-01
1.150429415524893084e+00
7.638236779556535350e-01
2.076836679972114741e+00
1.132520528553253580e+00
1.040770468140967075e+00
6.347280018940508750e-01
1.567321182306095961e+00
9.266568588735798473e-01
1.441990560597816273e+00
7.811050074576690871e-01
1.585254971469535645e+00
7.374352737108430533e-02
1.147797195516835789e+00
9.228717395577153981e-01
1.307933610095511234e+00
1.348327246681335190e+00
1.209596078002785235e+00
1.043549440700485054e+00
1.030184203191026437e+00
1.800996532495908964e+00
7.609908344005339442e-01
5.259110190770586168e-01
1.041442009010772551e+00
4.112791696882982517e-01
2.500774568735375070e+00
1.052841920887297666e+00
1.156803455370921441e+00
1.079415115796698688e+00
9.323552907226255737e-01
9.407675368123212811e-01
1.438903874357295942e+00
1.074366550351374183e+00
8.524846199328227625e-01
1.341444470205395811e+00
1.744556624824482594e+00
9.675191264585738526e-01
2.082711106743719398e+00
1.631659870228206799e+00
1.901612446095140463e+00
9.078820259014221961e-01
1.030229053225788283e+00
1.058315004534637893e+00
1.217001003684988758e+00
1.199369797925414982e+00
1.135344750731298813e+00
1.249510424797149577e+00
1.300467943017004524e+00
7.306875504324715775e-01
2.479559897476639740e+00
1.672745172865234053e+00
1.215025211807192917e+00
1.044949456078604788e+00
5.113906047480926143e-01
2.463515007289967862e+00
1.081461958194631645e+00
9.604857969261223483e-01
1.112604671356953512e+00
1.598027035847795041e+00
1.490691208239166565e+00
1.164089798478898707e+00
1.747805643250318175e+00
9.300887692660783079e-01
1.506202441980722950e+00
9.413243293382798083e-01
1.458018617009712026e+00
1.233398600190819039e+00
1.249558377503561024e+00
1.144195138487941188e+00
1.021463051039214642e+00
1.598891252877429947e+00
1.177954991610737689e+00
1.243304948306407587e+00
1.308784503353366269e+00
1.442514742296608254e+00
1.170892406605670066e+00
1.226981937572110715e+00
4.976208879035651789e-01
1.765013210044662939e+00
1.618255759224039636e+00
1.129521899840501664e+00
9.987736723582134601e-01
1.356346496644990962e+00
1.474198631294770578e+00
1.025912284196348390e+00
8.151096260184780284e-01
1.772215736047939583e+00
6.675161051914009214e-01
1.232078988457823820e+00
1.594896049080518852e+00
1.318558400356773852e+00
2.178122766271536115e+00
1.138429235918014149e+00
1.119171784536055592e+00
1.044519849990236615e+00
2.255998901812516166e+00
6.972381479572893337e-01
6.680243395557966535e-01
6.842815818573397824e-01
1.062540392379295984e+00
1.796452387108326221e+00
9.074679548273374419e-01
1.414056759195317037e+00
4.861165319158500947e-02
1.139282333268389680e+00
4.528415154844387391e-01
1.700613351911951954e+00
2.308013915497942214e+00
1.181126881187571032e+00
1.903560252983563572e+00
1.415574024053429580e+00
1.489028294145894549e+00
9.457512442561932797e-01
1.570334080900536833e+00
1.214003849955843428e+00
6.875641225898063702e-01
1.369815457703043027e+00
1.224346322161889988e+00
1.182641152892183634e+00
1.058847751448475538e+00
1.155355845461713660e+00
1.760743179904225464e+00
1.766091191124178894e-01
1.017282659620872387e+00
1.427610992514918298e+00
9.604653331107002590e-01
8.258722676527513462e-01
1.501670627184620521e+00
8.057869541121586154e-01
1.110433525756818529e+00
1.129536499107142822e+00
1.756255373096590855e+00
1.399623732626624983e+00
1.288408362738845625e+00
1.412810302896353454e+00
1.904071715973811640e+00
1.953749240655625052e-01
1.720981242858180771e+00
1.520747023533403519e+00
2.306657841874009129e+00
1.042558383640068920e+00
6.052435610469419913e-01
1.668539381294668278e+00
1.115768515273604544e+00
1.636810836596834573e+00
1.072142612286772101e+00
1.293085087114068221e+00
7.323546364891859728e-01
7.278803998031941891e-01
1.281602756550616729e+00
1.156803455370921441e+00
4.351116222753397822e-01
1.375467308994469118e+00
9.349361055287538358e-01
2.475362701527391351e+00
1.738500017997047120e+00
2.397314296169505532e+00
1.379786022123174583e+00
1.731090054069761353e+00
1.198107147893338498e+00
1.515100239586129938e+00
1.594082290265476320e+00
6.969397983918302897e-01
1.517776634617357123e+00
1.095215678634264833e+00
1.216520530337231731e+00
1.980854084709473995e+00
1.406242040909761126e+00
1.246982395566925472e+00
4.975912018882590049e-01
1.131383269427988614e+00
1.070757303344254341e+00
1.513295591653321504e+00
1.792968663358714965e+00
6.309769873949283570e-01
9.275758617961537000e-01
1.152912195341596169e+00
4.035779404594126429e-01
1.263919366637675568e+00
1.537752249227230639e+00
1.870260939006770817e+00
1.332681796904511717e+00
2.044129849645508479e+00
1.260415486065900703e+00
2.957404808507638205e-01
8.226652263599160131e-01
1.035052934454728568e+00
6.973894965323857997e-01
1.785237894348935539e+00
1.122417797061731504e+00
7.967689912490012460e-01
1.378828155611299566e+00
1.422833871809753736e+00
1.862798893900818653e+00
5.844356868486528800e-01
8.874237059626146618e-01
1.247633479372203258e+00
1.519837716757461044e+00
1.098071157105418250e+00
2.496613051672465389e+00
1.082128956578987777e+00
3.807583337573721138e-01
9.778956856063515390e-01
2.141667756764642938e+00
1.317310772002485253e+00
1.151609971918852393e+00
9.894668285135985730e-01
1.656163606181939141e+00
8.600428815203250421e-01
1.395695199069989956e+00
1.167576903258673138e+00
3.538961927561301013e-01
7.988338934092343857e-01
4.218865030551613993e-01
1.703617295467641179e+00
1.229631037061737153e+00
1.575532363244825929e+00
1.801234994701025549e+00
7.688970371455826625e-01
1.283568344413141160e+00
5.976617621519679791e-01
1.064388954551092725e+00
4.575943766207321017e-01
1.313541176204285454e+00
9.170854179935250539e-01
1.255439875155005103e+00
1.172327920728678308e+00
8.483253094726450616e-01
1.119410249119950240e+00
6.365178058116109927e-01
1.175459565464319178e+00
1.501764711905690053e+00
1.684380175995895401e+00
9.678141069825845211e-01
1.178349516020598342e+00
1.872490934765334014e+00
1.574168450348926607e+00
1.291478639598388822e+00
9.750567325289536402e-01
2.286461049618568442e+00
1.238134830685497789e+00
1.414557895684380062e+00
1.247197688489481981e+00
2.346107384483501201e-01
1.023513824768871538e+00
1.222532925411321525e+00
1.381052358049321027e+00
5.855208207089747097e-01
1.032607527449555862e+00
1.090142546798746448e+00
1.564080856274761455e+00
1.520165155181359973e+00
1.725301617712429625e+00
1.265997412004107758e+00
1.255139706189241089e+00
2.113202418306091346e+00
1.771419969445219511e+00
9.927752821489432833e-01
6.077069010955911121e-01
1.533484133424026785e+00
1.747962522566051558e+00
2.152022951141475016e+00
1.189203192838699019e+00
8.209272664989558654e-01
1.596561443817802850e+00
9.271480228679527258e-01
1.158575472016751595e+00
9.575451968700606775e-01
1.407029205065356781e+00
1.080539596806481706e+00
1.517451352671331799e+00
1.081216019062965161e+00
1.940609848053628683e+00
1.293894503774874138e+00
2.805704589908903479e+00
1.143642890636414888e+00
1.407258673353432910e+00
1.320697294947182243e+00
1.030547195764407009e+00
9.677819090743458030e-01
9.042876596937242661e-01
1.014527480467275034e+00
1.000623841987972495e+00
1.200309371772772415e+00
8.570891547853599635e-01
6.301884282998589937e-01
8.084399464546370151e-01
1.118336860022755896e+00
4.709442963591894404e-01
1.862245886617054813e+00
3.239310356932620372e-01
8.865478634021416449e-01
1.329849489343431612e+00
1.280838621966625901e+00
1.159805991776872824e+00
1.099324916308753952e+00
2.820557022086844778e-01
1.598902569980012789e+00
1.070757303344254341e+00
1.153541346986961535e+00
1.445082416392808433e+00
1.296933893232136370e+00
8.697606628574527932e-01
6.606831559419669153e-01
7.441965949747649800e-01
1.052612327983757368e+00
1.473713616520298864e+00
1.488201729044495103e+00
1.385068431391090149e+00
1.307284778642128664e+00
7.860226116567433641e-01
2.141148307760498692e+00
1.480175169590464135e+00
5.756926931985625329e-01
1.724062351707970508e+00
9.262432245409485398e-01
9.313912532279754464e-01
1.397113215227073990e+00
1.246092758541409884e+00
1.083660383390802506e+00
9.824300274651784903e-01
1.749019160408696427e+00
1.287657652080837378e+00
1.244072191639820080e+00
8.536694453144649808e-01
1.087680173169091269e+00
6.680692915314608848e-01
1.547645530907766354e+00
9.151254487548514671e-01
1.242889274482942286e+00
9.400625128260233776e-01
1.053743565369116508e+00
6.004940142318211382e-01
1.482238586043548523e+00
1.662559477844735234e+00
2.274550117565464102e+00
1.004160436006510171e+00
2.296773353463453515e-01
8.235496300896941735e-01
1.281103529629703086e+00
1.666553631839047478e+00
1.411406340098927625e+00
9.676035400866344061e-01
2.123437741742109530e+00
8.086131053901630672e-01
6.843548398310187464e-01
4.758934855270059439e-01
1.052779312679321899e+00
6.746155809790600477e-01
1.349008467676748868e+00
9.164832003800441607e-01
1.121245161631347909e+00
1.143182089560761838e+00
1.115295874511259333e+00
1.023467546355370628e+00
1.400147103260732440e+00
1.153365127321123618e+00
1.002388060191794050e+00
1.038006722247241997e+00
1.282103789058995691e+00
1.774103022437874211e+00
1.690639988634414559e+00
5.455876253951910115e-01
1.132359350412667887e+00
1.775754587214579905e+00
1.526463562503598492e+00
8.765853758412495145e-01
1.013555991591515770e+00
8.318695306833321368e-01
1.394392721650999256e+00
2.720322330532361499e-01
8.861704811458837039e-01
1.186457738927093608e+00
9.015570600525598666e-01
1.151860126317475697e+00
1.028563529000696697e+00
1.262974261659981057e+00
1.516909448889041334e+00
1.604814441122219382e+00
1.114193467014389594e+00
1.295710667706665875e+00
1.032841714033338354e+00
1.583941892474250768e+00
7.728173114611237848e-02
9.809085952301940248e-01
1.380891173424002361e+00
1.005083228397756434e+00
8.447130319596032333e-01
4.878773987498621345e-01
1.353700784641903354e+00
7.446947581654963511e-01
1.434818721200398439e+00
1.443856661704935096e+00
1.105768641703692268e+00
8.403256308128662644e-01
1.059843849248440772e+00
1.403881750168830544e+00
1.741296317012893669e+00
6.278965298300321907e-01
1.486157723637909323e+00
3.296956948373258589e-01
9.981008973849586630e-01
1.138084570597312606e+00
1.350320983674722974e+00
1.000623841987972495e+00
1.001364866387098651e+00
8.089081733923442208e-01
1.808707302286426399e+00
1.145184147452206647e+00
1.074395995751666000e+00
1.362012497385654664e+00
1.085115616832458940e+00
1.875625727573600354e+00
2.503248324735051433e+00
1.212677193525273367e+00
1.331322145410711366e+00
7.746737568047001865e-01
1.470047697516803087e+00
1.650592808879231432e+00
1.585635384312427565e+00
1.526659882148263536e+00
1.673923109658485897e+00
1.049693529384216895e+00
9.152497095310401232e-01
1.025506666679903756e+00
1.455585916669758895e+00
4.184330480188130919e-01
5.396618015788041678e-01
1.122228541069445695e+00
1.049342510940347806e+00
1.094958058601291251e+00
1.038006722247241997e+00
5.870628372619066671e-01
1.117579013142724342e+00
1.254972916297897312e+00
1.592948039247623626e+00
1.079498837642801856e+00
9.778956856063515390e-01
6.169631383715852291e-01
1.126619176139538103e+00
1.226950246548323298e+00
1.145891507047359648e+00
1.226102504977472751e+00
1.826583705139922964e+00
1.726759316109039988e+00
1.188819448871383022e+00
3.349521934898472275e-01
1.242568563718743579e+00
1.101507587512395636e+00
1.749564508436753263e+00
1.321484929064751013e+00
1.030899716261768351e+00
1.009803571688326906e+00
1.107076488936971082e+00
1.172494052502476736e+00
3.254541362163269613e-01
1.474957611904421428e+00
2.172088517542771768e+00
2.623425823444512694e+00
1.372033778765552103e+00
1.047795534351470215e+00
1.341784587687276931e+00
1.094725102035779996e+00
1.799052309499259428e+00
1.098417767075974272e+00
1.712268198529207863e+00
1.549328380646160186e+00
9.406816309482726179e-01
1.299826314874955369e+00
1.564165534631516863e+00
1.002496640084925339e+00
1.021239614042332988e+00
1.023824171171646480e+00
4.990464707283460699e-01
1.303278956589909665e+00
1.232347641691132756e+00
1.261432023007811987e+00
7.055383377404899070e-01
1.076969289298585819e+00
9.949541674697176541e-01
9.370210030335740514e-01
1.281628547613592239e+00
1.402791590485946704e+00
2.152134440044587649e+00
2.017179716782297572e+00
2.357923881952481704e+00
1.594712977074601579e+00
1.128087584056484349e+00
1.036752053687883368e+00
1.004414907394799883e+00
1.349322026824053777e+00
1.247434172248792050e+00
1.119867039968770905e+00
8.527509095087151270e-01
7.852366750808810192e-01
8.655947482090926570e-01
1.064157082546916211e+00
8.010301194224999088e-01
9.414761805375558845e-01
1.630717475104326741e+00
1.355767426747605420e+00
1.554311373135684793e+00
1.161648978500133600e+00
2.110945009352708901e+00
1.694026796999346329e+00
1.286502885952667041e+00
3.268824069664792442e-01
6.563649778516548183e-01
