1.094522436983102809e+00
9.319574170651495626e-01
2.327794524296314727e+00
2.153755760979778167e+00
1.629208262650843286e+00
1.414056759195317037e+00
1.085452433746533218e+00
1.496176220108214716e+00
1.176379424994154599e+00
1.709105223775143401e+00
1.645614422838891144e+00
1.027203294670989919e+00
1.313718346867928322e+00
7.493229323393789665e-01
7.416190557527121419e-01
9.981724941351972635e-01
1.251474489677788515e+00
1.202760057009896189e+00
1.031957807252790849e+00
1.714310385756822708e+00
1.168699372310695983e+00
8.597033879403874757e-01
1.518841492752767364e+00
1.194868449635962504e+00
1.880578037637497646e+00
1.051643437488583910e+00
1.358864274058096733e+00
1.326409079134500235e+00
1.362677587823905689e+00
1.186181620611389098e+00
1.448733588975808839e+00
1.164035988001373090e+00
9.691344670421344620e-01
1.982886172643533618e+00
1.386214711236187780e+00
9.400625128260233776e-01
1.730660087623564047e+00
1.367541573568999524e+00
1.328687187910233547e+00
8.881496515853589679e-01
1.673923109658485897e+00
9.725139100302699902e-01
1.884893951368810328e+00
8.655947482090926570e-01
8.942889935665067069e-01
8.091440284034783215e-01
1.247652505823608093e+00
1.727415353826638134e+00
1.149908630659715714e+00
1.243415654569305362e+00
3.698080686514479409e-01
1.216526961076021957e-01
1.877088193428118723e+00
1.312398534692863050e+00
7.751937349734651095e-01
1.839677946858457425e+00
6.733628958645120344e-01
2.221264871714579314e+00
6.222329947518971949e-01
1.062961574517242047e+00
7.379310346248735275e-01
1.247225638191125974e+00
1.032061286539642797e+00
1.213617482345692444e+00
4.175001673326130813e-01
9.346433804068066120e-01
9.346413791582477426e-01
1.954121616590108967e+00
1.216718558318218513e+00
1.685530242054081862e+00
1.254765617574900238e+00
5.993374784873853889e-01
1.027590638438893977e+00
1.124854462179410319e+00
9.730706411043399395e-01
8.114485246170490829e-01
1.082259274716905306e+00
1.537826850071682294e+00
8.500468582293665420e-01
9.854919685005281149e-01
1.047543584003181483e+00
1.106992241648294906e+00
4.591586139344960849e-01
1.190113456070061027e+00
1.435748849481332412e+00
1.090710693340691595e+00
6.785738419112912201e-01
9.665920013679708545e-01
1.076857074714475226e+00
1.189279489525778333e+00
1.333715117625475122e+00
1.813943282455926509e+00
1.832438211767080660e-01
1.586954252716325175e+00
1.171741099569155287e+00
1.720978615193188066e+00
1.863342272229666197e+00
1.239719789308581177e+00
8.291979512136828934e-01
1.405908910992930583e+00
1.218968950257712791e+00
1.677280019952025913e+00
9.198486271598858011e-01
9.815952803226708490e-01
1.411251859974139933e+00
7.427494455433126808e-01
1.901965456431241819e+00
1.190332474019929920e+00
1.581383842539610285e+00
1.130784551585628295e+00
7.372741120519595848e-01
8.953364653021045338e-01
7.516302672712479316e-01
1.164598456370210311e+00
3.385892454306456134e-01
6.901882259521853191e-01
1.671784516319265057e+00
2.080708143111838826e+00
1.435879095809185158e+00
9.846065088576960722e-01
1.198640930033039176e+00
1.040281768715274335e+00
5.809738495860122809e-01
1.130402621394825058e+00
9.320379422779059286e-01
1.192741448831332818e+00
1.118104358310315627e+00
9.329850982753092881e-01
1.155049912728294048e+00
1.643568213945177936e+00
1.172249608698836987e+00
1.263798252929730248e+00
1.164158814142622234e+00
8.090443093956861675e-01
1.111204472142014232e+00
6.569994266276927286e-01
1.609146571132579417e+00
1.373537961367067961e+00
3.627408812767444757e-01
1.154777435894731363e+00
1.304137144191146902e+00
1.427094849312650737e+00
8.035341306587343579e-01
1.458358816133232372e+00
1.023541039252974683e+00
1.107412863705421691e+00
3.368366765025015974e-01
9.017493072052290559e-01
1.079659159541784152e+00
1.198774050801430846e+00
1.531688444264808435e+00
8.788564216584866529e-01
1.724824772895456215e+00
1.318300759022026147e+00
1.453743119495549685e+00
9.163518884075029236e-01
3.137441640079226546e-01
1.099021753573748095e+00
6.669592676710744961e-01
1.667332099764134989e+00
1.290882861426201789e+00
1.277611188110304496e+00
1.019643908864937165e+00
9.014046573534565399e-01
1.239564758766853680e+00
1.235354542580776149e+00
1.395423761319047662e+00
2.626322789871693431e-01
1.239721426159346329e+00
8.842413457202183968e-01
1.194438011244836506e+00
8.820902513280629575e-01
1.195659655715094694e+00
1.004952247790117825e+00
1.155022446917081780e+00
1.088357088270278217e+00
1.497602592354304596e+00
1.006242031607195386e+00
5.460015192698567388e-01
1.395768911667780277e+00
9.346413791582477426e-01
1.220640211323987590e+00
1.092816819889976365e+00
1.089713693342375223e+00
8.771871513978367618e-01
1.927378792427873133e+00
1.393619776512658115e+00
1.459784853692982720e+00
8.819153427798142042e-01
6.321237910721997366e-01
8.384029829637130726e-01
1.173371453672198417e+00
1.726570698785157010e+00
1.308863361558330052e+00
9.134818504642160386e-01
1.417100323152285846e+00
8.843091126229277732e-01
1.984107524201052630e+00
1.004831058097791496e+00
1.464579736401377397e-01
6.986900022409148203e-01
9.373316226273223917e-01
1.356162818804527381e+00
1.173371453672198417e+00
1.373875060470748588e+00
9.170771869714081648e-01
1.268480214901960945e+00
7.263873446356478025e-01
1.193591017143894373e+00
7.975084589989102080e-01
1.131525940412928533e+00
1.143358483885259069e+00
1.415574024053429580e+00
1.115030854212436084e+00
1.061362765081693471e+00
7.942923598482314329e-01
1.874639651211919666e+00
1.122744840624617213e+00
9.577246363328051348e-01
9.497875821338309654e-01
3.698080686514479409e-01
9.625968678937046885e-01
2.017633226524015999e+00
1.928936551496788887e+00
8.114485246170490829e-01
1.213685013094786491e+00
1.365779111597080986e+00
2.110150846914080169e+00
1.165725851690498693e+00
1.520250985393527765e+00
1.211761218546938856e+00
1.182520827739707681e+00
1.743814246622507946e+00
1.228731106490704716e+00
1.305059104977301931e+00
1.104366181708043904e+00
1.878929183095759958e+00
2.625302068327082239e+00
1.091081125907846561e+00
5.358949301820116196e-01
2.602386047201157293e+00
2.107294688504970925e-01
1.282413895867861697e+00
1.777629819686252555e+00
1.931316426255907714e+00
1.661536125806759356e+00
1.433888767720855384e+00
9.252106110472048117e-01
1.543230096722703726e+00
9.557753686849270736e-01
9.858115332331673919e-01
1.236754055582131029e+00
2.039142981642826646e-01
8.412726511653825234e-01
1.263289329603545674e+00
1.533962214248864475e+00
1.241354493004999560e+00
5.361957361562131874e-01
1.685615344456959042e+00
7.825892861304991621e-01
1.023100286937347336e+00
1.421170085577239783e+00
2.134123831970617502e+00
7.994652301368356806e-01
1.162562091588930979e+00
7.393663045112812693e-01
1.310305972056227786e+00
9.818047307889653519e-01
1.412567627559695449e+00
1.480567692319363582e+00
1.500655800663395434e+00
2.126814079430773941e+00
1.614348099209816478e+00
9.705492814437606253e-01
1.183482493436102123e+00
1.445717137071524272e+00
9.942080266457630211e-01
1.942942182824647923e-01
2.197120890474110411e+00
9.394170329124416075e-01
1.887140062110982397e+00
1.275540138900661313e+00
1.159810785213758244e+00
1.191511154745452439e+00
4.705416323402137890e-01
2.376433686817530921e-01
1.882577453083877250e+00
1.617035956379929473e+00
8.895278703960589617e-01
2.025166635344683996e+00
1.277989576672194927e+00
1.285535378993500677e+00
1.182641152892183634e+00
1.568376817210737739e+00
1.250283222891048318e+00
1.050571215596423524e+00
1.155883208880175372e+00
1.842481726554563437e+00
9.597341866884173678e-01
1.333715117625475122e+00
9.138723954921297299e-01
1.975637474981851271e+00
1.513578605733392202e+00
3.639791865450034969e-01
1.522055222355221116e-01
6.570597429204858564e-01
1.386481226301966574e+00
1.162246063967327103e+00
6.772557775312735284e-01
1.353719353140930171e+00
1.158392151455242880e+00
1.378828155611299566e+00
8.345255150909454134e-01
2.478761571244519679e+00
1.030735803578094689e+00
9.133692785123084246e-01
1.747962634799351545e+00
1.892624703378338991e+00
1.008159003487214100e+00
1.814440952121141315e+00
1.860334927334544863e+00
1.042192099606712885e+00
1.045742927825838331e+00
9.802118297285038473e-01
1.114148783557365796e+00
1.210758110631258821e+00
1.276952636589958612e+00
1.417085089252877239e+00
1.663883209126141516e+00
9.883451476217849363e-01
2.121849086739966417e+00
1.398801346818661306e+00
1.854836469891416373e+00
1.733118398833254581e+00
1.431539468670530058e+00
3.687438197741272350e-01
1.328106980260932657e+00
9.803971508947123548e-01
1.138619756053028453e+00
1.363987410736612560e+00
4.305593879591723683e-01
1.008988016030289092e+00
1.352881271235217175e+00
2.265405914158750700e-01
1.333695745287093892e+00
1.470806261636561141e+00
4.310448368177764444e-01
2.614110329097765639e+00
1.323229205183064749e+00
1.732485722763562830e+00
1.136156684735079025e+00
8.955849395451023209e-01
1.646554268406084764e+00
1.100613542732141736e+00
1.063727753240933938e+00
1.155306982043360131e+00
1.332260521649150542e+00
1.989768861216803852e+00
1.022140370762688599e-01
1.224875784641471066e+00
1.227238261345245052e+00
1.449041556407644205e+00
1.204614357199384145e+00
1.043131873552880506e+00
1.333421696834708126e+00
1.201638770835712355e+00
1.062799635566016088e+00
7.554728681970260817e-01
1.799903598964415430e+00
1.310507788505755000e+00
1.172311348102484940e+00
1.075461662112990657e+00
8.789509123012956282e-01
1.623156649844854194e+00
1.338660978034258653e+00
1.163007217632781254e+00
9.478350700862366862e-01
7.322283039383771230e-01
9.995575741849462847e-01
1.475318185874382015e+00
2.509234583456875001e+00
1.067347677610839041e+00
4.411949075116752828e-01
1.083841872738622092e+00
7.661562950734861488e-01
1.118614882208464945e+00
1.311132260001121708e+00
1.269995591189097439e+00
1.047986459182981278e+00
1.667464371005001889e+00
1.331571583720376317e+00
7.097805051369272533e-01
7.272254873900177441e-02
1.063103825928397805e+00
1.429011678378035999e+00
9.725388051288179625e-01
1.237149793357884997e+00
1.343769118526725759e+00
1.263886292550757684e+00
1.241809119774886394e+00
9.908661348845044792e-01
1.078272664357764477e+00
1.547264254393608152e+00
9.969143610299978642e-01
8.650592238051233451e-01
1.345569639631022163e+00
1.243374664668213780e+00
9.915293994272719180e-01
9.794166032176883085e-01
1.115106276329684176e+00
1.432248042225639395e+00
1.299730914202535503e+00
1.502754282986137113e+00
1.401306154188640463e+00
2.241807995724330205e+00
6.871520025916583174e-01
1.568766937057673561e+00
1.741296317012893669e+00
1.420306098901730874e+00
1.249924796092461099e+00
9.653863024831049744e-01
1.107021728744604361e-01
6.073817080689999370e-01
1.375112957666013491e+00
2.640949705954190319e-01
3.654448127748383679e-01
1.096382104810585734e+00
1.303123598968072727e+00
1.462260970223198564e+00
1.060867398511304849e+00
1.119658017305411812e+00
2.217248968773478879e+00
1.429178621267815086e-01
2.225372176048096229e+00
2.506268159313336685e+00
1.032322500815696209e+00
3.928335816812637549e-01
7.944290087165318814e-01
9.172295838404601609e-01
2.030259515912823165e+00
1.288699952601260579e+00
9.808261368709050299e-01
1.591789754453270644e+00
1.251977949896239783e+00
1.512496140736475425e+00
1.478016113911410745e+00
1.003943949003631042e+00
9.010193123917743518e-01
5.027478878723462552e-01
1.217020017068373150e+00
1.247652505823608093e+00
2.201912389534429748e-01
2.034243777553114807e+00
1.480652730018597207e+00
9.993957784462365046e-01
1.216580313103283073e+00
1.229359719700424236e+00
1.064079907082387866e+00
1.100624709253949174e+00
9.525329945731402237e-01
9.603541906208763468e-01
1.195766750301507919e+00
9.919022642628880782e-01
1.385068431391090149e+00
9.726583460014696092e-01
1.614437288762263556e+00
1.957992224478989574e+00
1.208300614494025815e+00
1.033766098780358300e+00
7.301043821943997703e-01
9.002985756141809182e-01
5.879287333945816263e-01
1.237259537619245009e+00
1.268909371774849193e+00
1.484261017470749788e+00
1.535822682565840314e+00
1.427170538718857795e+00
1.808428836391217098e+00
1.248992847481062762e+00
1.137035500029036195e+00
1.094500129870528138e+00
9.532443508992425318e-01
1.099369699984429127e+00
2.493840018539144054e+00
2.063006194921793934e+00
1.067137049180592046e+00
7.076952101024874819e-01
1.345874651879592321e+00
5.709252099637205369e-01
1.106992241648294906e+00
7.419735193936141116e-01
1.965808954532902941e+00
1.623665622972463751e+00
1.134289215016322849e+00
1.054177264515633095e+00
3.688664645092211147e-01
1.105930287331442052e+00
1.111586434323619921e+00
1.177973327203787113e+00
1.032596764840356895e+00
1.332097176429866137e+00
1.010174927042130077e+00
9.833179160409147856e-01
8.341976324463338255e-01
9.155501918047873056e-02
1.186162054369897634e+00
9.444112306020717718e-01
5.483995917778586859e-01
6.215323998505860592e-01
7.826445262332666353e-01
1.350320983674722974e+00
1.555079180067737488e+00
5.633186760458296360e-01
1.025506666679903756e+00
2.826345406828740803e-01
3.414853856585856051e-01
1.132186123498024832e+00
6.604844013865819319e-01
1.305468338140342022e+00
1.445098559821278439e+00
1.391231608587810475e+00
8.727201253714244045e-01
9.245333328928803107e-01
1.455464201455800799e+00
1.504143986782725539e+00
1.716849365615297218e+00
8.900872610049652689e-01
8.819047777092374751e-01
1.289278930138187285e+00
1.008754052518511912e+00
4.721771298667186145e-01
1.833220711287202542e+00
1.425358508855744999e+00
9.921774576066819673e-01
1.266072658199781875e+00
2.215913170789081565e+00
1.652545424035918087e+00
1.209596529285080324e+00
8.425206233974972259e-01
1.010174927042130077e+00
1.495116566587876727e+00
1.568306090824420185e+00
9.531847721816701924e-01
4.958835258414658886e-01
9.418582567140887374e-01
2.137114808003621302e+00
1.115001878082725550e+00
1.089526220365689690e+00
1.128357342186283141e+00
1.596916395235148167e+00
8.581193864926403014e-01
8.541861610944850858e-02
1.136375482790235925e+00
1.040281768715274335e+00
1.124473327650044485e+00
1.206936629696575780e+00
1.146683368267836567e+00
1.675439910140430033e+00
7.051783322492753969e-01
1.441532094905119354e+00
1.379073040831904740e+00
9.969143610299978642e-01
1.188225242240752655e+00
8.530787430647263081e-01
1.047767556638022901e+00
1.526806650840778268e+00
9.036840687829464924e-01
1.272605786599386279e+00
1.366572470283628826e+00
5.404668470521722945e-01
1.574094987639597987e+00
1.672220848175522079e+00
1.131856731904814950e+00
1.317029464644057235e+00
1.055139433997273946e+00
1.212467300211742538e+00
1.844260313452421363e+00
1.159101016846360688e+00
1.534487517704069770e+00
7.826186286477921916e-01
1.269298838315747524e+00
8.070674318400351543e-01
1.768964443602984105e+00
1.495334028309657226e+00
9.508934087103833033e-01
5.437147845873989693e-01
1.186350780756244561e+00
1.309524811259754173e+00
1.820492960030422713e+00
8.483253094726450616e-01
1.083653011783936471e+00
1.408941560661256087e+00
1.299272887653879716e+00
1.197051773680579023e+00
8.419243586984423988e-01
9.490768217566855069e-01
1.695593158363833286e+00
1.405908910992930583e+00
1.165873734409614615e+00
1.238286746405231398e+00
9.584283774829380764e-01
1.702045377813881322e+00
1.017610583277012370e+00
1.054251292936093876e+00
1.691776593982959653e+00
1.189203192838699019e+00
1.543230096722703726e+00
9.657238585250751406e-01
1.448709819905971807e+00
1.139186786529612139e+00
6.825062553782828001e-01
1.153492537574755783e+00
1.350499346857404026e+00
1.469913930483018660e+00
8.888618220948892867e-01
2.517748806179048948e+00
1.673315934662064519e+00
1.477651768112175690e+00
1.299409616846831872e+00
1.254469628664815373e+00
1.047048959605794582e+00
1.927154845937860017e+00
8.002587938392982103e-01
8.501889768203304554e-01
1.189648994465184240e+00
1.064684217932755583e+00
1.027590638438893977e+00
2.286420198499522716e+00
1.957508340622496013e+00
1.506441897719886569e+00
6.794486332779263726e-01
8.637259966131412003e-01
1.378087807650924201e+00
9.729627288974340704e-01
9.694339809131578001e-01
1.504143986782725539e+00
6.898079595261119579e-01
1.186311517585387998e+00
1.083444545767358491e+00
1.525051225268016841e+00
1.957946807961892022e+00
1.546735745841536502e+00
1.443590447832837853e+00
8.909244603195449752e-01
1.639712590606613229e+00
1.286718446730641396e+00
9.210205185521370685e-01
2.014080726349039452e+00
1.231647755833726876e+00
3.286816755302469084e-01
1.709376245418394280e+00
1.255234731730006992e+00
1.064079907082387866e+00
1.207862545039782631e+00
1.362807323118740310e+00
1.078502119295147166e+00
1.674677660153154779e+00
1.964355081924742397e+00
1.176181798764713404e+00
1.257108296995492092e+00
1.124974992985310118e+00
1.726233579282631991e+00
1.025375619023222606e+00
1.308149989468212482e+00
5.313309947568819469e-01
1.684604355705337397e+00
1.204752131615535848e+00
1.388996347937035081e+00
1.051953175479600766e+00
1.931316426255907714e+00
9.353866742134149259e-01
1.139833200774035715e+00
9.493534695700630577e-01
9.811935056940241928e-01
1.374800089409163872e+00
1.093175519209140578e+00
2.279448123835678075e+00
9.185916419289388291e-01
8.591503733441737678e-01
1.049798439495836844e+00
1.893388738609840471e+00
1.329989472395631145e+00
9.726653729197863862e-01
1.833437898094221641e+00
1.130766392097708462e+00
1.032591451527343995e+00
4.815161766259407061e-01
1.153778418726232990e+00
7.435877111579012322e-01
9.543955652599849238e-01
1.089807304347231165e+00
1.293085087114068221e+00
1.263207335779418905e+00
1.182555956638459804e+00
1.301372155091803373e+00
1.336444356495417596e+00
1.617694527995881648e+00
1.072084374433628140e+00
2.225372176048096229e+00
1.051662300655118010e+00
1.149529641943095148e+00
1.163543268851277679e+00
6.924021277339059699e-01
9.080216256632865912e-01
1.498240310570935208e+00
9.874607344672328146e-01
8.831019443793357571e-01
7.815748929917536447e-01
1.680731971913683065e+00
6.874178506276920064e-01
6.596439352397940326e-01
1.161117341768939243e-01
1.032841714033338354e+00
1.923806577400266615e+00
7.802940424984577961e-01
1.103728157803677945e+00
1.071633489883047519e+00
1.570059665845377594e+00
8.414370008320676275e-01
8.414370008320676275e-01
7.644728056314122888e-01
1.350333393357843415e+00
1.177936706959465063e+00
7.332081187299059888e-01
2.088253112664974598e+00
6.173880367572353034e-01
1.207236497857476776e+00
8.901716348660408951e-01
1.136003793421434649e+00
6.662273548238241139e-01
9.165302102448837918e-01
1.521845047400695927e+00
1.446875469605885201e+00
9.949029897745993445e-01
6.347280018940508750e-01
1.420771508611833100e+00
7.427494455433126808e-01
1.071970117229307240e+00
1.067160643969292000e+00
6.215323998505860592e-01
8.762058722379119091e-01
1.336375882025788497e+00
7.429889237045402828e-01
7.373674931569256241e-01
9.786495153828131954e-01
1.015282253562522774e+00
1.197261612324156177e+00
2.439840411783539498e+00
1.183031587675929641e+00
7.010888990026100664e-01
1.903218626785917911e+00
1.703992283436253974e+00
1.247278995133429547e+00
9.882247288344755409e-01
1.726570698785157010e+00
1.467252321119614455e+00
1.027290524204971689e+00
9.416460100653258891e-01
1.017190008453776384e+00
1.143431520813366298e+00
1.400221326241032127e+00
9.399335757691380522e-01
1.362351060687160276e+00
1.665660886215633019e+00
4.320176136443017456e-01
3.024319971712280397e-01
1.574094987639597987e+00
6.275225339738816910e-01
7.639661635768747461e-01
7.793262756896972565e-01
9.348590508502042651e-01
5.869202875926005092e-01
1.580293281390949822e+00
9.812184794289234846e-01
1.078924219799182405e+00
1.596119096603954235e+00
9.232174673333927162e-01
7.013120267804806574e-01
1.447729451003432644e+00
9.203722717917790508e-01
1.604929450160746285e+00
1.028454326042157252e+00
1.582545260417953514e+00
6.037529419036921086e-01
1.224252476159094050e+00
2.367944318398638615e+00
8.713665272017069308e-01
7.581174085660262740e-01
1.238968909380289363e+00
1.444711312381767643e+00
1.288617549506925863e+00
5.348101618280567404e-01
9.065453608563195376e-01
9.822523040399723238e-01
1.485168881499070226e+00
1.110978895050293014e+00
9.214418350386882617e-02
1.338252004952021623e-01
2.273384575051064171e+00
1.132000930507225167e+00
7.460629591583870512e-01
1.618673495380164917e+00
1.126488095646026810e+00
4.143809460207853457e-01
1.245563114220398448e+00
1.852315828694686584e+00
1.242041331124984493e+00
1.112835658235040492e+00
1.109249398945250098e+00
4.946958934189408241e-01
8.455336309766122715e-01
5.427146857990289286e-01
1.048598324327380871e+00
1.080381305140208692e+00
1.061021531927914596e+00
1.154807935556249943e+00
1.233324590555076039e+00
8.549249397510083615e-01
1.171196622438668067e+00
4.124470326462296166e-01
1.079650122948114799e+00
2.058732366113447565e+00
1.176967373104931935e+00
1.076374166302228153e+00
1.030373624371484942e+00
1.189203192838699019e+00
8.482462593890759406e-01
1.697410791819952580e+00
1.995893593800203591e+00
1.100020175896223584e+00
8.189370671899323106e-01
1.418683678472935306e+00
8.501889768203304554e-01
1.817230681067547371e+00
9.482284037697907841e-02
2.687683487988760334e+00
7.375681285113703245e-01
1.184848702820717303e+00
5.217881858701994835e-01
1.180902729545745489e+00
4.709442963591894404e-01
2.158028210644301892e-01
8.714337632702148229e-01
9.426447771395788378e-01
1.479263178838419845e+00
1.275042491112116538e+00
9.309217598299939223e-01
2.112168661939218151e+00
1.329142926666917024e+00
1.678100493764451917e+00
1.775235419364474543e-01
1.866660115771289874e+00
1.690514983908700586e+00
8.915531468551870509e-01
1.250910846771408735e+00
7.525430421268666237e-01
2.708397773236888018e-01
2.278218004151663756e+00
4.971615142477617266e-01
7.284219843670579619e-01
7.189678750533663454e-01
1.276943066424928386e+00
9.736952471161683942e-01
1.043426654432606515e+00
1.240610493992638341e+00
9.982669947044933156e-01
1.068864957357511747e+00
1.047225350884692929e+00
1.034618832225171703e+00
1.154260763832893444e+00
1.255602947333120278e+00
9.993667811305986248e-01
7.216354170987678840e-01
1.211531781255731355e+00
2.072590624503745982e+00
1.461169145522190016e+00
1.766035542546369630e+00
8.382957441781674346e-01
1.834363973651112367e+00
1.692680926548716380e+00
6.351167502240255835e-01
9.232174673333927162e-01
1.528297079283847060e+00
1.567278153406562069e+00
1.520618865361397010e+00
1.208552082433540731e+00
1.317874320037676572e+00
9.320817567011183691e-01
1.123378684565092822e+00
1.240985177505504966e+00
1.400189334484309933e+00
1.078421814427865444e+00
9.157861254953360008e-01
1.202989628344842465e+00
2.220246436107517596e+00
1.475209079839443715e+00
1.053896503818563701e+00
1.249087055976895178e+00
2.371781129497588125e+00
1.596959924603997383e+00
2.975729759538401908e-01
1.648697549999804668e+00
1.738500017997047120e+00
1.245893417637219835e+00
8.573180850056697500e-01
5.400642840116904875e-01
1.210153985024052359e+00
1.184693651795850178e+00
1.127410243702237302e+00
7.550400527703707843e-01
2.210388495084193161e-01
1.205538372405776215e+00
3.326274175646293241e-01
1.279959299538169226e+00
1.261819926607180120e+00
1.446845985954043234e+00
9.283564963789564528e-01
2.226028567702587058e+00
1.536803614551020214e+00
1.724429308075212885e+00
1.718954573909699191e+00
1.070367741949528551e+00
9.738478762800999444e-01
2.145007340524870187e+00
6.550176285923020592e-01
1.183112369491964966e+00
1.091045908641447237e+00
8.570298986433596555e-01
4.668708236538235967e-01
1.312398534692863050e+00
8.794075224748972852e-01
9.180381795310905702e-01
1.437243680860929906e+00
1.629410832999646175e+00
1.070367741949528551e+00
1.198020835422224151e+00
2.308013915497942214e+00
1.149366595213832332e+00
1.196647455277613847e+00
1.782593998818084557e+00
6.488897399180876269e-01
3.250694646784898501e-01
9.532965578962186992e-01
1.089328750947792912e+00
1.160069687052823317e+00
8.637259966131412003e-01
1.203646583402257830e+00
1.803312439955017776e+00
1.249887631586779735e+00
1.628764601189055305e+00
6.886265674451482743e-01
8.714337632702148229e-01
2.087516075198450616e-01
6.895725575769772187e-01
9.815209513028693156e-01
8.517005945715251380e-01
7.267251684003445122e-01
1.027290524204971689e+00
3.047769860081166460e-01
6.794222895562548326e-01
1.569523275910962301e+00
7.328648721743810102e-01
2.564987328017593882e+00
1.068526680075084112e+00
7.908105042300358489e-01
9.584398806588819708e-01
1.422806086937231207e+00
1.072282316167970206e+00
1.719894922239191937e+00
7.740660355279013194e-01
1.169183191084992357e+00
6.339134258079116568e-01
1.661050125051220849e+00
1.465931812169021242e+00
8.567055299731711759e-01
9.545280427889295538e-01
1.431493057742907471e+00
1.600391246397097289e+00
1.003038232846017230e+00
2.345892882456999118e+00
7.864753037284433201e-01
1.484967704327210258e+00
3.610728062924694060e-01
1.419011963424386513e+00
1.080797758788737406e+00
1.650592808879231432e+00
1.108879030163088864e+00
1.274673511542115500e+00
1.549797180184476098e+00
1.179300930362044530e+00
8.856948250137215428e-01
5.831166542114624152e-01
1.680867029072446339e+00
1.873703461380362700e+00
1.382920974385039692e+00
1.068986365803210825e+00
1.707098308745844673e+00
1.785643710711027676e+00
1.274863168384786416e+00
1.545846312554813640e+00
1.173128920862900326e+00
8.587225943080637469e-01
1.101040714227660366e+00
1.099605828833000842e+00
1.387795538694114095e+00
1.199427844503919038e+00
1.392393116049877255e+00
4.132393609473785645e-01
8.711917224705660878e-01
1.574168450348926607e+00
8.111730939665573459e-01
1.183218842404908822e+00
1.139799851133149300e+00
1.153718558167838859e+00
1.569666440550394393e+00
8.980786067133234019e-01
7.955609976463838828e-01
5.895863959683383948e-01
1.544916020761855968e+00
1.660652306782230525e+00
1.033336253287380657e+00
1.478058691032425820e+00
9.604653331107002590e-01
1.069267322120954544e+00
1.924519423201135782e+00
1.165182631997702556e+00
1.652249729447344606e+00
2.626322789871693431e-01
5.413722355539073439e-01
3.248995200660266258e-01
1.682366384383843005e+00
8.860527270789588794e-01
1.222511223257493729e+00
1.276229229008024602e+00
1.512241708964283671e+00
1.008159003487214100e+00
1.149425640196962251e+00
9.197535492823337711e-01
1.141127926683146665e+00
3.983402664144805039e-01
6.134540982437348688e-01
8.514929296885066501e-01
1.723809385520109538e+00
1.739774063849073737e+00
1.885814484408271818e+00
1.814440952121141315e+00
1.313927572154711454e+00
1.968384030165740262e+00
1.022081592675994965e+00
1.494833200186933331e+00
1.040770468140967075e+00
1.119748390227106372e+00
8.930180595919451347e-01
1.680120037378267206e+00
1.107784147463843683e+00
8.344266183379116519e-01
1.494833200186933331e+00
1.144050034916074932e+00
1.079202691788757607e+00
1.193643088918153294e+00
1.270338053725049710e+00
1.631313524946396143e+00
1.478589746891793233e+00
2.625547960177539775e+00
1.368887631329093191e+00
7.685498388087430577e-01
8.075191818670763855e-01
5.737177480053523571e-01
1.429178621267815086e-01
1.689225716171712799e+00
9.671250955164962804e-01
1.058023235329924372e+00
1.244710858075598114e+00
7.043194472123492922e-01
1.417387456356932418e+00
1.275207256898846842e+00
1.154130786380341833e+00
7.763274621010595178e-01
1.966058566979757227e+00
1.494833200186933331e+00
8.585226080185974773e-01
1.138314218102481457e+00
4.711902894374341844e-01
1.955400882393024231e+00
7.242071884003975502e-01
6.867508513352950095e-01
1.103866605323601924e+00
1.263453442776112823e+00
9.659704993385205274e-01
2.842218230512247312e-01
8.661506000109421288e-01
7.543533203577321711e-01
1.820725094633700580e+00
4.145460353925393693e-01
9.934762599527939830e-01
9.907023004758152007e-01
1.302888690755434897e+00
1.020405763298857460e+00
8.893885692718778158e-01
6.099292659211579259e-01
1.693042743915014414e+00
1.220917007281419941e+00
9.846065088576960722e-01
6.969847043985946122e-01
1.651392663549492656e+00
1.214417356601113829e+00
9.900330244816020198e-01
1.272920314934363750e+00
1.310440945376677657e+00
1.582283590737454615e+00
7.910673401678720573e-01
1.311944119942639819e+00
6.835050572947481973e-01
6.607662348965287480e-01
1.601898084258233990e+00
1.291360725868023085e+00
1.487045858666779630e+00
1.398865284693296296e+00
1.378828155611299566e+00
2.258115991766885156e+00
9.775880430022539924e-01
1.381228505673899321e+00
1.170257362601633710e+00
7.757564719367161521e-01
1.335091362072681642e+00
2.178836615215721029e+00
9.694047926770704704e-01
1.142647580694562848e+00
1.730242365944855587e+00
6.407008476082706183e-01
1.316668901845250428e+00
1.465670234803814198e+00
1.068254598388980625e+00
1.651404137824282303e+00
1.198205435774204686e+00
1.301372155091803373e+00
1.136822135213047424e+00
1.353712525266609568e+00
9.972174026132948343e-01
1.072420790441637850e+00
1.132638184203009990e+00
1.928936551496788887e+00
1.076343835415493722e+00
1.302550827400957179e+00
1.123494471252658666e+00
1.475790757648360874e+00
8.039671791559011016e-01
1.606124306731615992e+00
1.155448952279819474e+00
8.467449870053742611e-01
1.273234715137942175e+00
9.948648554697653301e-01
1.172506461963437108e+00
1.564799283117162654e+00
1.499313088710950481e+00
1.570417879606978095e+00
1.515552554786081307e+00
1.042673375038722483e+00
1.489166953255457893e+00
9.389063998597287908e-01
1.131651817493783740e+00
5.215844267084703834e-01
1.363819191340539305e+00
1.812895430158177446e+00
1.739991189770438706e-01
4.037242043582727202e-01
1.495931483998673928e+00
1.427991110080755188e+00
1.414164203881663084e+00
1.567039769181050923e+00
1.549060949674721854e+00
1.059414534178721334e+00
1.308130002761582977e+00
1.297085186149001812e+00
4.503926910833822572e-01
2.517645134181192290e+00
2.201511032682443414e+00
7.663100150350410367e-01
5.087309178979277924e-01
4.014514950601230092e-01
1.269628224048618748e+00
8.352755538937232105e-01
9.970197042960887712e-01
7.766344581913521283e-01
1.132163411648501761e+00
1.507975869316134032e+00
1.050467163102462242e+00
6.588754501441621558e-01
1.575970438721538303e+00
2.377679468761992043e-01
3.368366765025015974e-01
1.503866303414938432e+00
1.631836277925160283e+00
7.903123829303357883e-01
1.103056887236243844e+00
1.210133317544342724e+00
1.367794301802264911e+00
7.354885751384611092e-01
1.542385578042277272e+00
7.402530970600043059e-01
1.149859612149468191e+00
6.005062387100413429e-02
1.101539902928060588e+00
1.329074348724738286e+00
5.299932467365413569e-01
6.997952494634647191e-01
1.322308838270812137e+00
1.663883209126141516e+00
2.220764109891065097e+00
1.257802097328418300e+00
2.462499780698573559e+00
1.827667612099366456e+00
1.408280349617086591e+00
1.225895465511032345e+00
1.026040166081726879e+00
1.530207733712404927e+00
1.867225461118245278e+00
1.166218956892207670e+00
1.396873621931246312e+00
1.150932686570991237e+00
8.291979512136828934e-01
2.346107384483501201e-01
6.099292659211579259e-01
1.273786156260892310e+00
1.247346772312804219e+00
1.016291822052793226e+00
5.572855596004935297e-01
1.584798465958587421e+00
1.435703874697875193e+00
1.368482571534561654e+00
1.733219164010677771e+00
1.017033824862478175e+00
4.758934855270059439e-01
1.307095715493527655e+00
1.051968512077955165e+00
9.557753686849270736e-01
1.674756785911275303e+00
9.960687470630891216e-01
1.215726994066757216e+00
8.935015148577835076e-01
1.513578605733392202e+00
1.019690965942439353e+00
1.159323956753020912e+00
1.637614716321631469e+00
1.308130002761582977e+00
6.051840487828491488e-01
2.053879448801731122e+00
9.233994941884923202e-01
1.687635608499377549e+00
1.070015079754791376e+00
1.835983597881670981e+00
1.072553843499984172e+00
1.101677883241153788e+00
4.134317442491963202e-01
6.785492339801763029e-01
1.168923447095859824e+00
6.032811002446564208e-01
1.272117545486142420e+00
1.880436502602276683e+00
9.683603067929308361e-01
6.680692915314608848e-01
1.192741448831332818e+00
1.509294844033972627e+00
1.289670994870833365e+00
1.553074710397890801e+00
1.226806522020644108e+00
1.266328144920976007e+00
4.354423626858093810e-01
1.046691822344149037e+00
1.394594589392500472e+00
1.961350458950397724e-01
1.025359712980717042e+00
1.380597357964440830e+00
1.130049413417331117e+00
1.114092039469445128e+00
2.035252660425951543e+00
1.325365177067904021e+00
1.252046806803997603e+00
1.494833200186933331e+00
1.581690834126234124e+00
9.767225993997429301e-01
1.339284138036746397e+00
4.731405540992538183e-01
1.934403494843813132e+00
1.528363092774182697e+00
8.419243586984423988e-01
1.436766642768338764e+00
1.231385646480181340e+00
1.638524245635983201e+00
1.775023134158266958e+00
1.225167989505788979e+00
1.356162818804527381e+00
7.072625858691680145e-01
5.133533035097298525e-01
5.022143743967252272e-01
4.124470326462296166e-01
1.052479552979907584e+00
9.733602531635561217e-01
9.125252998361192969e-01
1.503953708515009424e+00
5.130429075012016282e-01
1.696818340749989495e+00
1.606268182216717744e+00
1.049075144185669828e+00
2.198077786589841320e+00
1.830265380303937262e+00
1.681919794591722361e+00
1.635992219634504474e+00
1.378765666234423204e+00
6.659603747052503797e-01
9.307639229369113476e-01
1.254815641316717301e+00
7.628137527776437388e-01
1.058384307536333724e+00
1.283345078809382311e+00
9.364101316342439141e-01
1.800899897183838361e+00
1.497602592354304596e+00
1.314142068260416352e+00
1.909199111497211110e+00
1.703446317984491865e+00
2.521682522479820054e-01
3.192686158533699081e-01
1.637451041246356542e+00
1.308784503353366269e+00
1.162299694639408632e+00
1.035159564392683640e+00
4.235760885060579906e-01
1.949878904026183246e+00
1.827579641078238559e+00
8.059900411101142970e-01
9.556406691120622465e-01
1.158615188492886583e+00
8.817583685025934814e-01
1.444511539052895754e+00
1.684582030987800350e+00
1.380224621361392234e+00
1.858050918709333033e+00
9.118205019655718502e-01
1.058905997905819962e+00
5.998230678909862723e-01
1.142983240352537511e+00
1.676763040370530033e+00
2.158191219496656377e+00
1.720978615193188066e+00
1.522601774751912496e+00
1.267564014449949816e+00
1.982519746509028069e+00
5.552363040854561005e-01
1.003282716488113957e+00
9.700886469485062724e-01
1.675655225175390450e+00
9.801801274132627695e-01
1.149425640196962251e+00
7.904449446506431887e-01
1.185425923913738133e+00
8.582937855452492659e-01
1.282165202230961309e+00
1.458018617009712026e+00
1.155306982043360131e+00
1.531384215547315186e+00
1.206424432263676128e+00
1.287244034624048794e+00
1.094884294416154757e+00
1.054251292936093876e+00
1.542884390055913713e+00
1.134980147130238981e+00
1.054171575901197588e+00
1.360055161023850712e+00
1.150932686570991237e+00
9.407675368123212811e-01
1.986951562077732047e+00
1.358926003739955091e+00
1.673167976328248763e+00
1.408280349617086591e+00
1.626914722942671254e+00
1.028684978555016949e+00
1.384360608202474419e+00
8.876333193991521320e-01
1.517776634617357123e+00
9.658230730640484651e-01
4.747256773444465394e-01
1.006140293209231373e+00
1.162553213137275332e+00
7.527247460262058709e-01
1.254546893877403368e+00
1.451207166968347728e+00
1.032238666757806955e+00
1.468854927650816933e+00
1.283423411525055347e+00
8.271338052185989165e-01
9.817800625603221309e-01
8.500468582293665420e-01
7.604996738663986067e-01
1.006140293209231373e+00
1.117251801313478898e+00
1.207462443868311031e+00
1.023351648201814568e+00
9.031395520249267672e-02
9.553164989536028218e-01
1.258570601978710179e+00
1.265144001749995750e+00
1.341444470205395811e+00
1.068200152850871332e+00
1.461066004283770425e+00
1.262681748267704629e+00
1.798852473768589588e+00
1.840011029232711426e+00
5.961695078878600507e-01
1.169097476941055813e+00
8.089081733923442208e-01
1.911082244259642016e+00
1.938725162222979526e+00
1.021735200210796890e+00
8.056658032700818595e-01
1.380950788739842450e+00
1.090893937424467497e+00
6.569542210018790573e-01
8.213555526904575688e-01
7.780459330560106634e-01
9.981203466329494622e-01
1.624208098798431532e+00
8.368682916870588961e-01
2.500761798266627700e+00
6.269539305675538854e-01
1.463494057208009069e+00
1.353551439564826042e+00
9.079172509298476523e-01
1.964686902953525438e+00
1.913027120621086485e+00
8.714337632702148229e-01
1.179575270289292543e+00
2.028085631478704798e+00
7.742856769848777132e-01
1.160183612816324539e+00
1.642290444094131718e+00
9.308772286813560282e-01
1.819184250512185130e+00
1.131545937549509828e+00
1.414570402936748739e+00
1.732537331153712223e+00
1.164704690789971853e+00
8.725986339350747523e-01
8.309144032918938105e-01
1.533874728117223807e+00
1.430265111483339124e+00
1.009635309028546590e+00
8.601465347813382900e-01
7.270986307498342738e-01
1.409015476453579829e+00
1.965695631556065637e+00
2.321250690306029707e+00
1.238134830685497789e+00
9.164832288400978078e-01
5.546547349822142925e-01
1.358398580711389414e+00
1.747962634799351545e+00
1.134551730964774130e+00
7.390683955396464277e-01
1.311282610685437167e+00
1.127325243586662973e+00
1.200756298531418187e+00
9.774780454465131774e-01
5.769895937204495562e-01
1.725608259234285402e+00
5.490771299343298883e-01
4.371873144379578302e-01
1.129458718399890094e+00
1.333238463416862363e+00
1.668934344440767603e+00
7.919393755699642989e-01
1.155923147969124098e+00
1.007963944249642418e+00
1.127755990487907534e+00
1.328850221912693197e+00
1.277031039856714401e+00
1.357922069272559318e+00
2.275423339374611054e+00
1.272451299881452114e+00
1.293778530268927529e+00
1.286718446730641396e+00
1.184109867233311908e+00
1.691634043302819856e+00
1.040775922503047290e+00
1.692318450684983766e+00
9.776244211058452427e-01
1.006414865908221268e+00
9.990110530780268450e-01
1.197139224270474589e+00
1.157817498579163606e+00
1.119012197730687719e+00
1.174361504491245434e+00
1.292647709807865697e+00
1.863589602229635211e+00
9.685262154302640702e-01
1.047066243804662955e+00
9.355538239179809201e-01
1.562925201345824133e+00
7.777115640477891834e-01
9.796048345618931785e-01
1.047093094044137640e+00
1.412091886069131830e+00
6.615068664780768826e-01
6.986900022409148203e-01
3.981832723415811848e-01
1.270083493625135285e+00
2.483975944891853249e+00
1.449663881200667026e+00
1.301311893634692352e+00
1.116351562406867171e+00
1.184664301196957759e+00
1.442520102352188749e+00
1.005260998421032337e+00
1.312785418815080707e+00
6.792810541459345375e-01
1.658677332454885356e+00
1.711824178789610906e+00
1.020258400368527774e+00
1.254147722415664967e+00
8.727091760690066646e-01
5.847210281171175694e-01
1.322302422817217771e+00
1.147348518758777747e+00
1.768964443602984105e+00
9.207348032878184263e-01
1.547939088085708237e+00
7.473964706945426251e-01
1.239679084078869842e+00
1.425506902576618495e+00
1.622983542188130290e-01
1.809585321464523666e+00
9.536604388561727985e-01
2.224069309964755714e+00
1.449128144207440405e+00
1.258074413940649228e+00
1.175767394626257678e+00
1.901758703166480657e+00
1.408630361637594364e+00
7.165795335789179044e-01
3.759794814555157405e-01
1.209800967995301235e+00
1.597925696283872821e+00
1.509560645657090694e+00
2.376373125709778211e+00
1.019754657272253340e+00
1.296219936402217998e+00
7.518609705788307229e-01
1.088835391289207033e+00
1.382602497543788500e+00
1.427805913172930818e+00
7.876205604511949954e-01
1.377266863249742901e+00
1.367420081427685341e+00
8.090443093956861675e-01
1.507144167148092295e+00
1.021324500247952072e+00
1.691950191485968258e+00
7.578546509909933615e-01
1.424475708976671973e+00
1.916700845305005840e+00
2.066977652557429046e+00
1.324008316097546212e+00
1.246138948344782449e+00
5.959027132403323934e-01
1.262821343006406360e+00
1.310553827269220095e+00
1.223777628117673100e+00
6.235131521817512956e-01
5.985272312529341665e-01
1.772308654143021522e+00
1.817961010352928009e+00
1.900453590328157638e+00
1.583163868578790545e+00
5.886629727103189769e-01
1.765280345094327963e+00
1.118849710574135736e+00
1.544576616045090223e+00
8.655947482090926570e-01
1.425561414384133974e+00
1.345560070586231172e+00
1.566384463292797236e+00
1.009505723453427484e+00
1.211848843543601451e+00
2.582462463629623173e+00
2.000820682583057231e+00
1.882006453723539474e+00
1.022266042431669408e+00
1.442269440816298598e+00
1.076130888576409150e+00
8.517054444146615610e-01
1.119375911561527159e+00
2.313389908784348581e+00
1.010850166720122401e+00
1.021112071561310009e+00
1.673529245474367544e+00
1.341143381392619682e+00
4.175001673326130813e-01
1.953010067269996375e+00
1.596561443817802850e+00
1.221626125377843985e+00
9.184188482911219698e-01
6.373326337187007473e-01
7.189678750533663454e-01
1.025506666679903756e+00
1.765292934968539784e+00
1.016137433939984236e+00
1.498628027540801266e+00
1.251120213957677141e+00
1.157073416545463251e+00
1.395527107574731751e+00
1.038693719911869318e+00
9.822523040399723238e-01
8.728595481216839813e-01
9.930951511412815513e-01
1.053095093412920402e+00
1.204752131615535848e+00
1.622771667882364044e+00
1.474869933235336550e+00
3.838347828938422079e-01
8.711917224705660878e-01
1.102089828382547321e+00
1.259219806257461105e+00
1.420771508611833100e+00
1.028091711653277729e+00
1.512651349852280669e+00
1.008372481423783995e+00
1.995853736460035721e+00
9.308583232937430729e-01
1.794017940124188193e-01
1.105003158261188556e+00
7.770243086108360453e-01
1.117579013142724342e+00
9.197535492823337711e-01
1.080251720775498470e+00
7.098991473497766602e-01
1.503227130963945113e+00
7.754251934095498511e-01
1.097732943214428047e+00
1.298903560804893997e+00
9.282944812530923295e-01
1.353953480982150070e+00
1.105952917748234343e+00
8.991821236533016348e-01
9.419741666807208702e-01
1.561457529356620411e+00
1.996438053062350004e+00
3.627094529379165655e-01
2.396030744610740726e+00
1.320922351265285677e+00
1.287636248059335964e+00
1.250159484147895128e+00
1.499569049091810324e+00
1.021418588494020785e+00
1.007007034930322842e+00
1.047484273669509802e+00
6.169631383715852291e-01
1.852705585241131603e+00
1.048516540114420748e+00
1.163596676645946904e+00
1.253363438975334976e+00
5.903426279088352935e-01
1.043468179951738684e+00
1.281346562160040836e+00
1.000392769384665259e+00
1.538503189708871233e+00
1.795623878412700325e+00
8.528268788404511636e-01
8.935654015513115889e-01
1.128275491116648599e+00
1.013123100547752120e+00
1.448946145098936267e+00
1.126488095646026810e+00
1.208714865691739915e+00
1.127792982053473558e+00
1.201126793867246079e+00
1.165257131507261956e+00
1.088739498491172908e+00
7.452501605069323798e-01
1.107380859940205520e+00
1.117439903008575985e+00
1.512086377951797234e+00
6.720872752318709509e-01
1.200567077427336926e+00
1.155355845461713660e+00
1.032111868701338198e+00
1.267544462640816993e+00
1.322566137240787087e+00
1.008754052518511912e+00
2.441969466134879863e+00
1.205542715078626204e+00
2.068496644120073391e+00
7.829077103649381142e-01
2.126727743002119642e+00
1.533655998349829908e+00
1.384360608202474419e+00
8.476426682670128443e-01
9.987848204890608095e-01
1.461210951234946931e+00
6.379377294013006683e-01
5.016328813161837763e-01
1.799456864469840767e+00
1.452883124824888794e+00
1.034987168031131777e+00
1.348904557914458735e+00
1.557698927885547979e+00
8.943772876379015857e-01
1.238881396795453727e+00
1.324749458801684376e+00
1.300513512295616847e+00
1.214722400586101481e+00
4.016009432555335823e-01
1.017227394775408023e+00
1.269172522500435107e+00
1.160721716467344899e+00
1.203069108302729839e+00
2.501361112040359380e+00
1.176743648487795113e+00
2.014246152270706691e+00
1.249788013546958121e+00
8.786983824478558081e-01
9.531662652380168410e-01
1.426742499334908487e+00
1.017610583277012370e+00
1.395794075769512199e+00
7.092694369333311100e-01
3.239310356932620372e-01
1.584598882177375101e+00
1.504314677954894153e+00
1.225471152194532065e+00
1.177239392877991619e+00
5.745034742502574954e-01
1.466663592086331125e+00
1.467280032167192605e+00
8.679927387250231385e-01
9.930404353345800850e-01
1.336873754283576909e+00
1.408605181772517811e+00
2.274608266563675485e-01
4.553584181188649604e-01
9.691344670421344620e-01
2.213486463608503596e-01
1.165709210106454119e+00
8.598257090923872026e-01
1.379765060255206954e+00
1.358398580711389414e+00
8.356995102801481057e-01
9.433689386129677779e-01
9.081536367239675389e-01
1.679327732607807100e+00
1.049342510940347806e+00
1.346067349174010053e+00
3.538961927561301013e-01
