1.619817294026433041e+00
2.419105695350511342e-01
4.909004438721937258e-01
8.679855763199721963e-01
6.620085971700194749e-01
1.579930518170526543e+00
1.294034184340948190e+00
9.089010158095585101e-01
9.971666888094697923e-01
1.187154058258006684e+00
7.776279647766395353e-01
1.450082611369955643e+00
7.459766915363794659e-01
1.911082244259642016e+00
1.614437288762263556e+00
1.747805643250318175e+00
2.078503625852764269e+00
8.285200128029196476e-01
1.265701541814191255e+00
1.274542007295439205e+00
1.833220711287202542e+00
1.528912006799543200e+00
1.126444391809560797e+00
9.446031038999185281e-01
1.155893707790165870e+00
5.482646237393553612e-01
1.333715117625475122e+00
1.047643014058737609e+00
5.774574027068526405e-01
9.296011591524903084e-01
1.684380175995895401e+00
1.110697193243150416e+00
3.147438279024045160e-01
1.184062528748263787e+00
1.871698165450082607e+00
1.337321541690693394e+00
9.494164236784587985e-01
1.297493834493743670e+00
9.369528793294988889e-01
7.899701617754436578e-01
6.213397318202110720e-01
2.070695348521668144e+00
1.812368957526601099e+00
8.794075224748972852e-01
2.045858448300924781e+00
1.284929368466696920e+00
1.580479428661864860e+00
5.507895313488316846e-01
8.394175174725697630e-01
7.556264165151751477e-01
1.041660757161918971e+00
1.145199924969654282e+00
1.614348099209816478e+00
1.209214009825211322e+00
8.883439124828973465e-01
1.150210402766749462e+00
1.410549833174490342e+00
6.311403918712954475e-01
1.921059124706291588e+00
1.660505628545539292e+00
1.249894092481438124e+00
1.007985563484953100e-02
9.298477284130430842e-01
1.808208225007390757e+00
8.371637947464259932e-01
9.648137337658645452e-01
1.390325088650050889e+00
1.030692500440849813e+00
1.216856304024892532e+00
1.588489443230421516e+00
7.697235592533274717e-01
1.262133822286448437e+00
9.595359295361677310e-01
1.054656978374456600e+00
2.204363348009484636e+00
1.110510115766983441e+00
1.116358494610327323e+00
1.298943055665849000e+00
1.393712418868240377e+00
1.208793656138024808e+00
1.208944046217701906e+00
1.425052181759528080e+00
1.306259695028309409e+00
1.537402606295890928e-01
7.354885751384611092e-01
2.260492469416018224e+00
1.879948555215025019e+00
1.111204472142014232e+00
8.341976324463338255e-01
5.747997298037446079e-01
8.659275816690936711e-01
1.836211951402548115e+00
1.031005945370293109e+00
1.174925986509098019e-01
1.193839301546836262e+00
1.560248769705996130e+00
1.869399706111928294e+00
1.629783045201497860e+00
1.637279972436897157e+00
1.486486034753042862e+00
2.038418210884633375e+00
1.139060246974297197e+00
1.733239130634703029e+00
1.460103983753253232e+00
1.431673586058845871e-01
9.214277358715414756e-01
1.227408694288053326e+00
3.069560631263621997e-01
1.720978615193188066e+00
1.241260795320964005e+00
1.144113179842072281e+00
1.325393075373777041e+00
1.135284637538112928e+00
1.086702958642605132e+00
1.205386614084303254e+00
1.623156649844854194e+00
1.681595500961994283e+00
1.548060284216116633e+00
1.197685625123098729e+00
9.729330203661848975e-01
1.459084497108021461e+00
9.396857277975754208e-01
3.098795654475982805e-02
8.010068382501064344e-01
1.319514863887567779e+00
1.052955926653600383e+00
1.177585479224727116e+00
9.607171068978344053e-01
1.923069556113256473e+00
1.423570177600676612e+00
1.189882071072386527e+00
6.785492339801763029e-01
1.182636148370164175e+00
1.011854103703095697e+00
1.354614740495429182e+00
1.223977557615099965e+00
1.398408762146388984e+00
1.129086385611919763e+00
1.155306982043360131e+00
1.440301385905911280e+00
1.888480409813633409e+00
5.113906047480926143e-01
7.508083850500765211e-01
5.374118802751352009e-01
5.933495284898506750e-01
1.624600287997145731e+00
2.327433618876845411e+00
1.074732115190020654e+00
1.242648422324400315e+00
1.726948698397931414e+00
8.639223815766513548e-01
1.121889772198870983e+00
1.975014328829682864e+00
6.325615852769536085e-01
2.319862933426422913e+00
1.024566716654076615e+00
6.278965298300321907e-01
1.214684160900497245e+00
8.829711813432081779e-01
1.054747908491151076e+00
1.089136521712945394e+00
1.106447222593005097e+00
1.126619176139538103e+00
1.435819434409026929e+00
1.941285156059370465e+00
1.109291670005061681e+00
8.406663878978416493e-01
1.987250217730152979e+00
1.040235574878834335e+00
8.091440284034783215e-01
1.304395613491556638e+00
7.190854415064497074e-01
1.565842278753687644e+00
8.957490904851911351e-01
8.636900530650877261e-01
7.982862007581604802e-01
1.400555830613011032e+00
1.489567361562606829e+00
1.104500187656573651e+00
1.452272677151467795e+00
1.924125630323830549e+00
1.345005185020638150e+00
8.745895087128429113e-01
1.207372988546454140e+00
1.286442578082512611e+00
1.022874361398503185e+00
8.368682916870588961e-01
2.147512400312385772e+00
1.290616522697739077e+00
9.135713755315583162e-01
9.606038171253987734e-01
9.129743471462986593e-01
1.514357053413428522e+00
1.073222275883948251e+00
8.442001979348064955e-01
9.612442542542847246e-01
1.336811300579982209e+00
1.540394294147946486e+00
1.936353001096298154e+00
1.132332699516916286e+00
1.051898564949931281e+00
2.780034850347598563e-01
1.567321182306095961e+00
1.275272112989479512e+00
1.097784800183656984e+00
1.150151230965144711e+00
6.799449389554221845e-01
1.891230209165736698e+00
1.923752685772669890e+00
6.561254546446151359e-01
1.005217618304344196e+00
1.516837138832236143e+00
1.230553261088697115e+00
9.854084447267777991e-01
8.475819036257956629e-01
7.864434073441554096e-01
1.983273274999241886e+00
1.858316912419997191e+00
1.609146571132579417e+00
9.983757174327057005e-01
9.394673132005819660e-01
5.656727808221290177e-01
1.378331386733456121e+00
1.353647114518540251e+00
1.446268379533963033e+00
1.327129499695624659e+00
8.163161914897528737e-01
6.629788297339415104e-01
9.326125961381913632e-01
1.319514863887567779e+00
1.103479125033820285e+00
1.183031587675929641e+00
1.122275893710742656e+00
4.649315846584177736e-01
1.040990727191539289e+00
1.240564789786955391e+00
1.252246066413577941e+00
1.051771381365797398e+00
1.194460916644722648e+00
6.429466119708453498e-01
1.292197749432195453e+00
9.748957246914794483e-01
1.118603538270976916e+00
6.771911049201088106e-01
1.269232140206176584e+00
1.446636705173962145e+00
1.548393184122673683e+00
1.587552206632054874e+00
1.000639811993204287e+00
9.341901150482759819e-01
1.154180485669956235e+00
1.063392604739809899e+00
7.389304625081442035e-01
1.052969457765711825e+00
8.744416485432902064e-01
1.534382953695859531e+00
8.471348172174639757e-01
1.671386677462383119e+00
9.157162203390897259e-01
1.064866869807015837e+00
8.527829888695647176e-01
1.239564758766853680e+00
2.569936143427149045e+00
8.660768975737127562e-01
1.691927206672901862e+00
9.448608898597573580e-01
1.320623288078056623e+00
1.560690325958375535e+00
7.657320623740068166e-01
1.162799111417627040e+00
1.529916422294286038e+00
9.729627288974340704e-01
1.452883124824888794e+00
1.742390526138724027e+00
1.138954643540752265e+00
4.908011729248443200e-01
1.080976041663376463e+00
9.943852004781973397e-01
1.282006979168072380e+00
9.707068549475512675e-01
1.351099518788865250e+00
1.349322026824053777e+00
7.904449446506431887e-01
1.332834606288951784e+00
1.412130262267486058e+00
1.169954004901249345e+00
1.207331644921401326e+00
9.642256811687437423e-01
2.373700203423344313e+00
1.666610011973582717e+00
1.318300759022026147e+00
5.972976793710269572e-01
1.054472678555597787e+00
2.305163338098148718e-01
3.912824971100238858e-01
1.304137144191146902e+00
1.189612316679202531e+00
1.138799064264265581e+00
1.182604626639620182e+00
1.224551812924859817e+00
2.564464177151490887e+00
1.222301971280282729e+00
1.216548648348668271e+00
1.441532094905119354e+00
1.219349281942903485e+00
1.194352050959410549e+00
4.240600806976211334e-01
1.602785755633995723e+00
1.329500474677282496e+00
1.197472786113789045e+00
9.703770564722381531e-01
9.478463536700189040e-01
1.436256762096379980e+00
1.713875443604439663e+00
2.341927538122178909e+00
1.096247228244805694e+00
9.405192440530208975e-01
1.146182484595996698e+00
1.020956380010223041e+00
1.391608463592173717e+00
1.778601290585339445e+00
1.100193874407805028e+00
5.657428097585308624e-01
1.509093072154873427e+00
1.596891803090625839e+00
8.670874445127837449e-01
1.224603738275058973e+00
1.003958978197064589e+00
1.226806522020644108e+00
1.409762618682634638e+00
2.023102022076535000e+00
1.270972218805329845e+00
1.363995139397302214e+00
1.126812638623552632e+00
8.684563627260002416e-01
2.225022924155604098e+00
1.305631850120677395e+00
9.143349846074343423e-01
1.398408762146388984e+00
1.166620963209761497e+00
1.247312503599955713e+00
1.009927465041899675e+00
1.796303349353643108e+00
9.262176431009483402e-01
4.965894758993070757e-01
1.200756298531418187e+00
1.109622973608531238e+00
1.238114616215890473e+00
8.170041246779196076e-01
1.345005185020638150e+00
7.832809207824293907e-01
1.519872257722149289e+00
7.644728056314122888e-01
7.415865320902624847e-01
1.134032123648500923e+00
1.149935425799496702e+00
1.857455930419011692e+00
9.410408342240252910e-01
2.958420904730682532e-01
1.235890302462850254e+00
6.631620298485372267e-01
1.226651058264370597e+00
1.089420458320409457e+00
1.333238463416862363e+00
1.347503972751076917e+00
9.458971888412345264e-01
4.175001673326130813e-01
1.191724528411834072e+00
1.901122466031893499e+00
1.138619756053028453e+00
6.843548398310187464e-01
7.617463031298001841e-01
1.668855440164950465e+00
1.982886172643533618e+00
1.117419753794274495e+00
9.591093920319193611e-01
1.788730506104014184e+00
7.854422894972979963e-01
1.245614293797955963e+00
1.416183153742842427e+00
8.389582012438195902e-01
1.668673244193985772e+00
1.604151221538157479e+00
1.254210039971172641e+00
1.077040164104058118e+00
1.231109178799702386e+00
3.879903586818865824e-01
2.640949705954190319e-01
1.548963027794625136e+00
7.730011987865020862e-01
1.323717625021818556e+00
6.693684664168344511e-01
1.239959935494105103e+00
1.639677329294352726e+00
3.490350817039540310e-01
1.999686148823598186e+00
1.725137592112145457e+00
1.390136730145566046e+00
9.208392264448246323e-01
1.372490932465056712e+00
8.314326500245484697e-01
6.658863621400763488e-01
4.733439834100514609e-01
1.911990189581729283e+00
1.134346912067456969e+00
1.678380689211230736e+00
1.488023519100860614e+00
1.192913317992075006e+00
8.891333466381252659e-01
7.901659534448008948e-01
1.074245611693610103e+00
5.282708195031105003e-01
1.234812258857454159e+00
1.761063930478234507e+00
1.092436489585438375e+00
4.703085233931088016e-01
7.977677538288461268e-01
1.084564013751622369e+00
1.483409167344195589e+00
1.493762387696071059e+00
1.675655225175390450e+00
1.150700607536419895e+00
2.365020290724385355e+00
1.974009799894060224e+00
1.184109867233311908e+00
8.454750783119298063e-01
1.815394439545437333e+00
1.191149316438043559e+00
1.985633669684875979e+00
7.912382751324280594e-01
1.631422652353586855e+00
1.678866012009444075e+00
5.663611233306781179e-01
1.173128920862900326e+00
1.054656978374456600e+00
1.450257892785090208e+00
9.962647977349869954e-01
1.688393355500066084e+00
1.720194655136559447e+00
1.066787817788720671e+00
1.175887101030278270e+00
1.170511800543314385e+00
1.456074583195611449e+00
1.414557895684380062e+00
8.585673397708236676e-01
2.496651113178437242e+00
1.433460982604156220e+00
1.160873783445993901e+00
2.356360640753767111e-01
1.323204091259113424e+00
1.312398534692863050e+00
1.024471758093576490e+00
2.057394991300035558e-01
9.584398806588819708e-01
9.376359844006941779e-01
6.406397464558658550e-01
1.115830454754582313e+00
8.679855763199721963e-01
1.098308826557656825e+00
1.208557331873510776e+00
8.308289978746306037e-01
6.916194704891709399e-01
1.573202799907568172e+00
1.229331740767932502e+00
1.107987552943855647e+00
9.223378711489849113e-01
1.228631237542362920e+00
1.184346133580251204e+00
4.175001673326130813e-01
1.537148139495551513e+00
1.667971031469791088e+00
1.131525940412928533e+00
1.057007339082817410e+00
6.843352773400063205e-01
1.250366163603621628e+00
1.059718715646084108e+00
3.276849449631485944e-01
8.064138642897088483e-01
6.543454477558120486e-01
1.228050755366476343e+00
1.103318701276797542e+00
1.409658498012511751e+00
9.952098114181404664e-01
1.372029333539886764e+00
1.260178203878441927e+00
9.717064417890814987e-01
1.951449750508224446e+00
1.942426860517433296e+00
1.614160813438527020e+00
7.949885600363256755e-01
1.818262824180290282e+00
1.039995654452803509e+00
1.023351648201814568e+00
9.436682085186171021e-01
1.109787951910095272e+00
1.990833173414571000e+00
1.006414865908221268e+00
1.091388640209218330e+00
1.138030736720591518e+00
5.440080158759400542e-01
1.199055786564485748e+00
1.815063213766001882e+00
1.132414203906493055e+00
1.434427111494732898e+00
9.802256058534130068e-01
1.153636103328425033e+00
6.742955966548865865e-01
1.461026153734073185e+00
2.232316589329051748e+00
1.021239614042332988e+00
1.611625577026757128e+00
1.712818093371146988e+00
1.119861462200755886e+00
1.766829118244854779e+00
1.105823899581611425e+00
1.772076670797243070e+00
1.844024683659323705e+00
1.371421287705628655e+00
1.669061513957017295e+00
1.224252476159094050e+00
1.599049309511569650e+00
1.204614597768343343e+00
1.374140785951378785e+00
1.383179750134748698e+00
1.319279621134928471e+00
8.171525771769830859e-01
1.229467600349519296e+00
1.343250897542813238e+00
9.477844557658234859e-01
1.669596618124782994e+00
6.526951394858790945e-01
1.494833200186933331e+00
1.704379847445601337e+00
1.849521668537638330e+00
1.367843619410303413e+00
1.492558798882035243e+00
1.191357894072430978e+00
2.069544129178802372e+00
1.195101609096083761e+00
1.175972062615293634e+00
1.803312439955017776e+00
1.693362309166424051e+00
1.139852277082205267e+00
1.822573727091385765e+00
1.235054705819716769e+00
9.837262628210886595e-01
1.046596348944886179e+00
1.465109473732461254e+00
6.392928123054051337e-01
1.018111891524462909e+00
1.234812258857454159e+00
1.300558002938442703e+00
9.332572300805915821e-01
1.663428447810297417e+00
1.568306090824420185e+00
1.255749680669988599e+00
1.795889049644046276e+00
1.102587343575822665e+00
1.396181746697312986e+00
1.091464135025143500e+00
9.715304324278909442e-01
1.325868880471633204e+00
1.214639492786018904e+00
5.221919203966920442e-01
2.064952388112668125e+00
1.574388251362910607e+00
1.602754271684649234e+00
2.067541681313948221e+00
1.328599656465144330e+00
5.231476020979830555e-01
8.817583685025934814e-01
1.609146571132579417e+00
1.763694576097057487e+00
1.842162169464837129e+00
1.446278670200905614e+00
1.080841136845227091e+00
1.760743179904225464e+00
1.069376414357463778e+00
1.433366150220269475e+00
1.377716434938713652e+00
1.469042306810056653e+00
5.309619395926953311e-01
1.442297997471803983e+00
1.695893053740696654e+00
1.022766547293762374e+00
1.111643971462663583e+00
1.481669020767820255e+00
1.296876955359283379e+00
4.631749795368433897e-01
1.218944274509299763e+00
1.194671687422087958e+00
4.555360831767673035e-01
1.597902846816640077e+00
4.168195705668029660e-01
1.395213363380567895e+00
1.322903141814637806e-01
1.134306532260259903e+00
9.069770742350411474e-01
8.063423716969470023e-01
1.044692572949581510e+00
8.371754028621687382e-01
1.118336860022755896e+00
1.338334100710893315e+00
1.208300614494025815e+00
1.584785789625163366e+00
9.869197369380242613e-01
1.301124015902454412e+00
1.503729599270929418e+00
8.075191818670763855e-01
5.874377765532705631e-01
9.264854918964089414e-01
9.386243458889406144e-01
1.182865470230408000e+00
1.421924069191739415e+00
8.459787550820472291e-01
2.054214558050440953e+00
1.695172598517118212e+00
1.049794303159809594e+00
1.996311861524030062e+00
1.393533372097656375e+00
5.697049033918912819e-01
1.191329393067229736e+00
1.612602067104208503e+00
9.947293082863256641e-01
9.164832288400978078e-01
1.334048373115849895e+00
1.772736176712763845e+00
1.236023402663900095e+00
1.316047611322770816e+00
1.586633552878944142e+00
1.265144001749995750e+00
1.220696338438357564e+00
1.290949792189396872e+00
4.754737500150970630e-01
1.306059701874275447e+00
8.792639330272470355e-01
1.067160643969292000e+00
1.384174626190534774e+00
2.011138895262905901e+00
9.354724844794501948e-01
1.797563150601957815e+00
1.753146728427943613e+00
1.596916395235148167e+00
9.736952471161683942e-01
4.160669957502425853e-01
1.571284817431857883e+00
1.193172003270450032e+00
2.239374352679933899e+00
1.284929368466696920e+00
5.332456757803027969e-01
9.545280427889295538e-01
2.025166635344683996e+00
2.513038702037800665e+00
9.395743087112987668e-01
1.342520481303765001e+00
1.028992205312400321e+00
1.282165202230961309e+00
1.119077860273876013e+00
2.251991227059622069e+00
6.470487299668915560e-01
1.065607008298724789e+00
9.658230730640484651e-01
1.203570932872044752e+00
1.956554696343379751e+00
1.575613204230564834e+00
1.176636302191217842e+00
9.555545676598869997e-01
9.046230787785203287e-01
5.349830660813762462e-01
1.460795418148510105e+00
1.463974614268094943e+00
1.320130517459751518e+00
8.883439124828973465e-01
2.327794524296314727e+00
1.260498697181501093e+00
7.543533203577321711e-01
1.206777801526969229e+00
1.368837070614195017e+00
1.633434262297009276e+00
6.447285185480214897e-01
1.062799635566016088e+00
1.211229305962854719e+00
1.187314947673282495e+00
1.360838661351035483e+00
1.127325243586662973e+00
1.813656403999868383e+00
1.474858400644700085e+00
1.757411062623920606e-01
1.218087777653947379e+00
3.571398674302479065e-02
1.088783824362509423e+00
7.781092127280064830e-01
3.055472999007384782e-01
1.235158614827472912e+00
7.884193959815035679e-01
1.474878499217887828e+00
1.696818340749989495e+00
1.481003449698544472e+00
7.494560123121501993e-01
1.087431225157773573e+00
1.804589233172453566e+00
1.343769118526725759e+00
1.161074152873255105e+00
8.515194505839681627e-01
1.647218538373829144e+00
1.396181746697312986e+00
1.102385605668265933e+00
1.065790942880192604e+00
2.841803617093809908e-01
1.084836968001684498e+00
1.481935783489825464e+00
1.106233002948207700e+00
1.229631037061737153e+00
1.186510661760582730e+00
8.686711696429560980e-01
9.920786619124464245e-01
1.196367783401421248e+00
9.822523040399723238e-01
1.039628409125677999e+00
1.539720995649036972e+00
1.693681114178169578e+00
1.059955991035478551e+00
1.301671838214133459e+00
1.026731415134316761e+00
2.702134724410185651e+00
1.435482672393883163e+00
1.370957993847675693e+00
1.430472182229351352e+00
7.329726791509119099e-01
1.237379730135159450e+00
1.128147325564836878e+00
1.999552378893785010e+00
1.921527207454582609e+00
1.269628224048618748e+00
1.520165155181359973e+00
1.236912727171116222e+00
5.167003890833912205e-01
1.342082375706360686e+00
1.076857074714475226e+00
1.884347628878759506e+00
8.367904723352334040e-01
1.286718446730641396e+00
1.042087376146354716e+00
8.997890478459500407e-01
5.086000436963084015e-01
1.016950341680322722e+00
4.246344565396999449e-01
1.963486712228584841e+00
6.647114213485398881e-01
3.611736588077459342e-01
6.662273548238241139e-01
1.165608202372030222e+00
1.219328605112004249e+00
1.259574616119277346e+00
6.942201227822006881e-01
1.187863670103738611e+00
1.640623356331817329e+00
3.939160698708165653e-01
2.193728723382341261e+00
1.378765666234423204e+00
1.378087807650924201e+00
7.661562950734861488e-01
1.219939031504008176e+00
1.531400161351232247e+00
1.711799040360137525e+00
1.022309435093976093e+00
6.611494010844939373e-01
9.874237674304701118e-01
1.246019315203186206e+00
4.430312735104748323e-01
1.571284817431857883e+00
1.043505046351833832e+00
1.920903442467116307e+00
1.104921144798055810e+00
1.004831058097791496e+00
8.498760940863123725e-01
1.841754030479379800e+00
1.473652699168752855e+00
1.378016349269675533e+00
1.083353577067991624e+00
1.853224382504075951e+00
7.160354157251850316e-01
1.021038868210041528e+00
1.320362354140892425e+00
2.287147624047259242e+00
1.053662173498570498e+00
1.258074413940649228e+00
1.293085087114068221e+00
1.561704083680290012e+00
1.267544462640816993e+00
2.199163154925561914e-01
1.645614422838891144e+00
1.304439999193543809e+00
1.313488412475332767e+00
1.425235983228265946e+00
1.084014550180387282e+00
9.974211600135576283e-01
2.195352630116336190e+00
1.862210397113743809e+00
2.268563429982012325e-01
1.182047306660824582e+00
9.909498147312779670e-01
1.131147089420747376e+00
9.482175375371705295e-01
1.078538019787612434e+00
8.419653361875898412e-01
1.010253346566123200e+00
5.242148057728011068e-01
6.637750785811291632e-01
1.289670994870833365e+00
9.777867557006554300e-01
1.913027120621086485e+00
1.618669660408331268e+00
1.741448527602497798e+00
5.010801835898357481e-01
8.790552131659848945e-01
8.516715319115033545e-01
6.339134258079116568e-01
1.070511760036426008e+00
6.390844128304061789e-01
9.629369206898317213e-01
1.678244675265398778e+00
1.198020835422224151e+00
1.297522996387813210e+00
1.429876516766044547e+00
1.582547662961580226e+00
1.656694912175644463e+00
1.244072191639820080e+00
1.068071677692963517e+00
3.180846957776187200e-01
6.142065882446715586e-01
8.944073824944122064e-01
6.330906911559162076e-01
6.819848444936632559e-01
2.213486463608503596e-01
2.123455141420106940e-01
6.365430745870973572e-01
1.454760889859917361e+00
1.748106792764601680e+00
1.658700758235118089e+00
1.227702539258340275e+00
2.261180629434960565e+00
1.170511800543314385e+00
4.809433997764561153e-01
1.355341826027419261e+00
6.278965298300321907e-01
9.418381947428143830e-01
1.032591451527343995e+00
1.286198605721675436e+00
1.353280315314381310e+00
9.497249906635067962e-01
1.450876963415926202e+00
1.477621015545639516e+00
6.881141900225904440e-01
1.004135772128116777e+00
5.870628372619066671e-01
1.183382134848456557e+00
1.609971420005018139e+00
1.103533376229613783e+00
2.047607436418362958e+00
1.589507608988780740e+00
1.379515985650967780e+00
1.093175519209140578e+00
1.552460568446026423e+00
1.397371697964825188e+00
1.355831318585482892e+00
7.293777999857840033e-01
8.156530714471794674e-01
5.212820454072765175e-01
1.505936052782279599e+00
1.208557331873510776e+00
1.056510277658687880e+00
3.702834279503424142e-01
1.119008562624592917e+00
1.073284063597470972e+00
5.813278337176781552e-01
1.244780923999661004e+00
1.154801745833220261e+00
1.162299694639408632e+00
1.677101880729092276e+00
1.495802955011650726e+00
1.496187497927584431e+00
1.675294642551341084e+00
9.359985398374579546e-01
1.765013210044662939e+00
1.527458479916434575e+00
1.160590342813212272e+00
1.222667405554427766e+00
3.018600216492055566e-01
1.747396566827431386e+00
1.484694820036041474e+00
1.511286525796239621e-01
8.322358985247957364e-01
3.161793018242255449e-01
1.094447560358451588e+00
1.942841430790195778e+00
1.225957841153142658e+00
1.216035728135985483e+00
3.349521934898472275e-01
1.442469634761379904e+00
1.484787070308466905e+00
1.529737337872550285e+00
1.094500129870528138e+00
1.675180066860878947e+00
4.819150739896940205e-01
8.822150653084304128e-01
1.348798484438661793e+00
1.294957945774317443e+00
1.150764735987914733e+00
1.748402611281725028e+00
1.004432973422653586e+00
1.842759486065194352e+00
9.111127774959569825e-01
1.047309130355503326e+00
2.081277890722968316e+00
1.305348086752429859e+00
9.607629776591736226e-01
7.742137975030785046e-01
1.773631068006940481e+00
9.451263730181485023e-01
1.192420317424989662e+00
1.281148927794482972e+00
1.716713231984601462e+00
1.300106607328935127e+00
8.456210059861349881e-01
2.539849202849079113e+00
1.704554100055042154e+00
1.338122193476499522e+00
1.395527107574731751e+00
1.043757199620868992e+00
1.073978804128426612e+00
1.056301467696380891e+00
1.421494004707106074e+00
1.147365642100099947e+00
9.002053064140623784e-01
1.006140293209231373e+00
2.982867312761352530e-01
1.120593615131560083e+00
9.768999556069652979e-01
7.791714235878934858e-01
3.309270651834849697e-01
1.050467163102462242e+00
1.155441788328396724e+00
1.258570601978710179e+00
1.118742842021494432e+00
9.752024062491836398e-01
5.734704406416125666e-01
1.620849483514295697e+00
1.523508685522636963e+00
1.568766937057673561e+00
7.661211539233836465e-01
1.017610583277012370e+00
1.016414876955702873e+00
8.788564216584866529e-01
2.389211319240138742e+00
1.116022185459543348e+00
8.595794021821180353e-01
1.198726880363183867e+00
1.138449891866632147e+00
1.066937355730657844e+00
9.111127774959569825e-01
1.147749447536820178e+00
1.495559436707816658e+00
1.505388644680856425e+00
1.947579108922877333e+00
1.163685919020980730e+00
8.556288794574569145e-01
6.620321188162706649e-01
1.334366728483035169e+00
1.079498837642801856e+00
5.265833626670607392e-01
1.423200549442918739e+00
1.058976073843074017e+00
1.163000250056200890e+00
1.195930174276836011e+00
1.757896999269655813e+00
6.367626230221528072e-01
1.658574523159416003e+00
1.122982485172190126e+00
1.076174921342605284e+00
1.172663463167046727e+00
1.238999263615728985e+00
1.240746949997723725e+00
1.065528956116335690e+00
1.305468338140342022e+00
1.039713692030484804e+00
1.445453923378041905e+00
1.685215808787720482e+00
1.034195743772128306e+00
5.676132987641108185e-01
9.811935056940241928e-01
9.889595062884914967e-01
1.121965360766680631e+00
1.179715818432052643e+00
7.914787749553087171e-01
1.908307728686276183e+00
1.521052404551650472e+00
1.142674122453290142e+00
2.208693546138036368e+00
1.107029792918156508e+00
1.316668901845250428e+00
6.330906911559162076e-01
1.799736903612669359e+00
1.631422652353586855e+00
1.699465597068242406e+00
1.229870748077717790e+00
1.054520250261381298e+00
1.396380715196258837e+00
5.344526588734556105e-01
1.090065756952785847e+00
1.403367799920433923e+00
8.601617563158283630e-01
1.103973546640008019e+00
1.086693265893977633e+00
1.536837737323628161e+00
1.478486953364335221e+00
6.592778790484069562e-01
1.177725320199750403e+00
1.077718882251342603e+00
1.249564827945872869e+00
1.087162414682901090e+00
4.256269741513540872e-01
1.081369084466199393e+00
1.716089454244794643e+00
1.868883406205978703e+00
1.467053306190494677e+00
1.497602592354304596e+00
6.025329862564641203e-01
9.436682085186171021e-01
1.751068555550552963e+00
9.302958977289722542e-01
9.589214995796568886e-01
8.172570280517171826e-01
1.275137335536069783e+00
9.802256058534130068e-01
1.149529641943095148e+00
1.314750386902127532e+00
5.519835702027414692e-01
6.861108761753786922e-01
1.368406135666085044e+00
1.432327913047683587e+00
1.651285724310992853e+00
2.044256037276237059e+00
1.417842237795092775e+00
1.288693226071017550e+00
1.293218349605581130e+00
1.251993502471499431e+00
1.706228646700995277e+00
1.040835330898037370e+00
1.873204811334440834e+00
9.691396520600896736e-01
1.300877296711553832e+00
1.132616572644147057e+00
7.539537467895451872e-01
1.016226629574703111e+00
1.903412421678403410e+00
2.068188026513825051e+00
1.334546361096460743e+00
1.356924593325008699e+00
1.887504666624816307e+00
9.975773592893488750e-01
1.077119904859534349e+00
2.469193975410128417e+00
4.837510096962767681e-01
1.431438141821221643e+00
6.973894965323857997e-01
1.566052038283483494e+00
9.896778879203355084e-01
3.909882126940337765e-01
1.131642943209771879e+00
1.116672148396145037e+00
1.446419483674882489e+00
1.293041472184243368e+00
6.720872752318709509e-01
1.289950772192896666e+00
1.691634043302819856e+00
1.350833328782700793e+00
6.208635323997281352e-01
1.355767426747605420e+00
1.500998374017776582e+00
1.546434955896890617e+00
9.261952622633174981e-01
1.617448392083979281e+00
1.374910047207564379e+00
8.957490904851911351e-01
1.583968703413726420e+00
8.325427158859328713e-01
1.606843715405709805e+00
1.073672209138013978e+00
9.490274791730579640e-01
1.493920647020237524e+00
1.021927864681015041e+00
1.589957932038434940e+00
1.904071715973811640e+00
1.215812560675862297e+00
9.706713985983667081e-01
1.596049119197155086e+00
7.460629591583870512e-01
1.113499567212075103e+00
1.200567077427336926e+00
9.965502371206291787e-01
1.549328380646160186e+00
7.174482730937360442e-01
1.027530599675327450e+00
1.014498686768885660e+00
1.202760057009896189e+00
7.539699968438051680e-01
9.866632651309156232e-01
1.193802187077889210e+00
1.118648883346921696e+00
1.286687754802992911e+00
1.312398534692863050e+00
9.534920299181519621e-01
9.981203466329494622e-01
1.554356163013422609e+00
1.354812091279619546e+00
1.001280538942392662e+00
9.496936122428523142e-01
1.130052475047677474e+00
1.355361099705548744e+00
1.113020430548251394e+00
1.108828985404325174e+00
1.581383842539610285e+00
1.004142285134741241e+00
2.392572637982715467e+00
1.044519849990236615e+00
1.647818325195717692e+00
1.228514185589257623e+00
1.634862931533793917e+00
8.732187036951581660e-02
2.537181135226894035e+00
1.480790996669202331e+00
1.155345355466219859e+00
1.451354879351458571e+00
1.048161962733938468e+00
1.155355845461713660e+00
9.410408342240252910e-01
1.708296297513139717e+00
1.747229036761276610e+00
4.846719262141472861e-01
1.907792425277722748e+00
1.362555766325640683e+00
1.600517827807008464e+00
2.210707011225355456e-01
1.042561707639811042e+00
6.051314953831925525e-01
1.360806387568332498e+00
3.029843308405994473e-01
8.711064762941769235e-01
8.094731160074799536e-01
1.088769365963865310e+00
1.873204811334440834e+00
1.727415353826638134e+00
1.557821785965048944e+00
8.065473954398705292e-01
1.087044042783207987e+00
1.192467913872129692e+00
1.335198169324648187e+00
1.450314515236520885e+00
1.925176697387420921e+00
1.089207163301548764e+00
1.013151328202731571e+00
5.511698892925831483e-01
1.043149985601576013e+00
7.289955675077378627e-01
1.039862363956320035e+00
2.417370736019282873e+00
1.025748180623170747e+00
9.177838434248339894e-01
5.060090735601459055e-01
7.609908344005339442e-01
1.167934257042766655e+00
8.969088459284999537e-01
1.462575471696676566e+00
1.059534753455263489e+00
9.555442964352730550e-01
1.007007034930322842e+00
9.177838434248339894e-01
7.558667748816652043e-01
1.172311348102484940e+00
5.811416266849593892e-01
2.349783172289491073e+00
1.137374470026542461e+00
1.282814000071958338e+00
1.039256924577634411e+00
1.307908042512339053e+00
1.382293114349746999e+00
2.048633675520520558e+00
1.121703153409595588e+00
1.125064860401562505e+00
6.969480579468554371e-01
1.455056301409271891e+00
1.047529390576243946e+00
1.156163390415914760e+00
1.110045387257533545e+00
3.928335816812637549e-01
9.731533170269375255e-01
1.088562799927067726e+00
9.697222803422922421e-01
1.261503780687889265e+00
1.077318182599729113e+00
1.481482269619650349e+00
1.016226629574703111e+00
8.847833855055207142e-01
1.124765517953592475e+00
1.551317458781817704e+00
8.271338052185989165e-01
6.252113041449025577e-01
1.877640696306743795e+00
1.322706644518337304e+00
1.211761218546938856e+00
1.796683347202592484e+00
5.655084041670435102e-01
5.789193258928558850e-01
9.695724495761899320e-01
1.230757075983095472e+00
6.201163747797602266e-01
1.947229552595093560e+00
1.453681757938388497e+00
9.024214468623307228e-01
1.092404532226634917e+00
1.194860018310359484e+00
1.252531842805245210e+00
1.302986762424262368e+00
2.330219758130676944e+00
9.072270485542561769e-01
1.520636122056704176e+00
1.483445558137990616e+00
1.268375814754517439e+00
8.261672851601583600e-01
1.117579013142724342e+00
5.923327364529026307e-01
1.379073040831904740e+00
1.696818340749989495e+00
1.174322095691167966e+00
8.254564862789658397e-01
1.404385562239144569e+00
8.917265539208766301e-01
1.056938473526404465e+00
7.726612893983624275e-01
1.678380689211230736e+00
7.730242768084617522e-01
1.088340045527592670e+00
9.707068549475512675e-01
1.227686201727880233e+00
5.913858629940389466e-01
6.184136619815671088e-01
8.219133464802684808e-01
1.111869760059809753e+00
1.192676407323747023e+00
5.442844780322999565e-01
2.356911470391887420e+00
1.548190279155956306e+00
1.752583357756909432e+00
7.844246021880260100e-01
1.249383732385244361e+00
7.539699968438051680e-01
1.238968909380289363e+00
1.991248029101760020e+00
6.234548527313432675e-01
1.034987168031131777e+00
1.263092039170876868e+00
1.702928373996418498e+00
5.333875209935998729e-01
1.152611032699554450e+00
1.272508101562631389e+00
9.353277975656961729e-01
1.175666561696138812e+00
1.364245417004686045e+00
1.037046326822214093e+00
1.018286037106700626e+00
9.877832944578875951e-01
8.047501373161312088e-01
1.473400734417863900e+00
1.096839420673168863e+00
1.593630235903560566e+00
8.817583685025934814e-01
1.026948455245932035e+00
2.507859360833573525e+00
1.062799635566016088e+00
8.220039340721790877e-01
1.360458318112750975e+00
9.394170329124416075e-01
9.154182002687420994e-01
1.065428840054255089e+00
1.583601015421062463e+00
1.335681741239142628e+00
1.216526961076021957e-01
1.327586839758180925e+00
9.699800696907210362e-01
8.690278867937598628e-01
4.983817293253983149e-01
1.191004324340072529e+00
1.281103049497066326e+00
1.719269878576781707e+00
2.311199704687980194e+00
1.070598975351300330e+00
8.301923578310933527e-01
1.722066365688970313e+00
7.742854900755240521e-01
1.585633222406282794e+00
9.122316166056355646e-01
1.103026625691437390e+00
8.069801822650056744e-01
1.143404234394194141e+00
9.675920098726147334e-01
1.062369834187262274e+00
9.400809154724663053e-01
1.445781909453324410e+00
1.030180177295757060e+00
9.776375118511668738e-01
1.113499567212075103e+00
5.747851260027005971e-01
9.729181963374149422e-01
7.219250453771518528e-01
1.260104352619385804e+00
1.079656385078744840e+00
1.246019315203186206e+00
1.163395145244508821e+00
1.202496019086572998e+00
1.258613343191860245e+00
6.365095087842295163e-01
2.378897375877119025e+00
1.099655727177273334e+00
2.356656254376061632e+00
1.555037705677920989e+00
9.667627918376531237e-01
1.229293241881084464e+00
1.048625777101710455e+00
1.599172856389807551e+00
1.008906118986519607e+00
3.921182384522636233e-01
1.272113355157806769e+00
2.910667372694948352e-01
1.125852665058013180e+00
1.398865284693296296e+00
1.642406011151037903e+00
1.656118036339757627e+00
1.217713802507394583e+00
1.284606996845519822e+00
4.500950850163015216e-01
1.036482244987354306e+00
1.565559863580543443e+00
1.760206813935815129e+00
9.104514008684103654e-01
1.142334444936620397e+00
1.306547135699459572e+00
1.295632362452460828e+00
8.943772876379015857e-01
1.626150057336670063e+00
1.348118614583600383e+00
1.126729584353453717e+00
1.035815160990780193e+00
1.214272256040878073e-01
1.606441535919502561e+00
9.897101728106781904e-01
3.208890814675113834e-01
1.360278729772498085e+00
1.263798252929730248e+00
9.791950386162189268e-01
1.285962927176125703e+00
1.455056301409271891e+00
1.460177785511871607e+00
1.006030845391893358e+00
1.162125213710836658e+00
1.391339670429838637e+00
1.160873783445993901e+00
2.015095886630268840e+00
1.065428840054255089e+00
1.081637023118179552e+00
2.238463930749282405e+00
1.089860690290192835e+00
1.703836942477068295e+00
1.656775393137033703e+00
1.845613112234139930e+00
1.366812314081864432e+00
1.183378642596859764e+00
1.135854684803727421e+00
9.909479372413148024e-01
1.685303431120895423e+00
2.958420904730682532e-01
1.266305575693845498e+00
1.118793850158456893e+00
1.467542824556099301e+00
8.357829552390129146e-01
1.435264094296705650e+00
1.239513383739100361e+00
8.015885294932566518e-01
6.480630259791232417e-01
7.873164764000252225e-01
1.281733058382430901e+00
1.162504287524936064e+00
1.182307060508656971e+00
1.180902729545745489e+00
8.590970717586757233e-02
9.690807525043870774e-01
9.421563297561645900e-01
8.878002644225085893e-01
1.212631238162167335e+00
1.161327207438340281e+00
1.227402636845023487e+00
1.185099389646109058e+00
1.041172896262618996e+00
1.524360750432372402e+00
1.534487517704069770e+00
6.810181554947107863e-01
1.303048551712155056e+00
1.480879841896074467e+00
1.069965312781432587e+00
1.138453454126627795e+00
9.165302102448837918e-01
1.500998374017776582e+00
1.573202799907568172e+00
1.852698731875922489e+00
1.706404438476772478e+00
3.855492426586497046e-01
1.210791431414601993e+00
1.460202443732528721e+00
1.411944105918481185e+00
1.684380175995895401e+00
5.348171910718302335e-01
5.571378223314114031e-01
1.797563150601957815e+00
1.482170074942831706e+00
1.132249479923785440e+00
2.212306019373086574e+00
1.642243964660987432e+00
1.455230685815006586e+00
1.597774486772429947e+00
1.841754030479379800e+00
1.055964642466690195e+00
1.673529245474367544e+00
1.158283806939842009e+00
1.175377347601974432e+00
1.856045942326366216e+00
1.139873138433257438e+00
1.237598539566006739e+00
1.047229881254315487e+00
1.451689969178290962e+00
1.568586455890734532e+00
1.301093343191767726e+00
1.555299106105843654e+00
1.353712525266609568e+00
1.550160195430350329e+00
1.099288408865329636e+00
9.971666888094697923e-01
1.441075253666917355e+00
1.180054911861590172e+00
2.106234502292810173e+00
1.016122387781660752e+00
4.627164425613317644e-01
1.476793086512828701e+00
1.287036478451213828e+00
5.797315550056030276e-01
1.204455544013094848e+00
3.706528397310732137e-01
1.800899897183838361e+00
6.314601143381458614e-01
1.543844721273498033e+00
1.633972401284970122e+00
1.158185654666338049e+00
1.503098368005819196e+00
1.055255838627418230e+00
1.184099196895640915e+00
1.076830960771502976e+00
1.135344750731298813e+00
1.369351609038966577e+00
3.843890227105374313e-01
2.180238538225671263e+00
1.503953708515009424e+00
7.548502561802409305e-01
1.068390947126534929e+00
1.267633824113291841e+00
1.720978615193188066e+00
2.298120027052228842e+00
1.019848218968220754e+00
1.216191495727867888e+00
5.260351306391068960e-01
1.448164535345640047e+00
8.741242761277743245e-01
1.113466564025346051e+00
5.879287333945816263e-01
8.863558461760032703e-01
1.528297079283847060e+00
1.446753733470344416e+00
1.964686902953525438e+00
1.322308838270812137e+00
1.734860935510546875e+00
9.590956118873347203e-01
8.659275816690936711e-01
1.012510926294165836e+00
1.386391653203567609e+00
1.933036898447546115e+00
1.371421287705628655e+00
1.405761118638019225e+00
1.711971875138230903e+00
1.777005046459720905e+00
2.845629717794456170e-01
1.565538995091376506e+00
8.185795628723855355e-01
9.532965578962186992e-01
1.241070214337078870e+00
5.879287333945816263e-01
1.012681752894585285e+00
1.328612882979629317e+00
1.663883209126141516e+00
1.074733881053600903e+00
9.086256134270829232e-01
9.675684670484602234e-01
1.697410791819952580e+00
1.412567627559695449e+00
1.304984044604917681e+00
1.223090059847947053e+00
1.673711326627604912e+00
1.481324626418380586e+00
7.550025512459435095e-01
1.449793138979576623e+00
6.987759811252681752e-01
1.557821785965048944e+00
8.384029829637130726e-01
1.669357725826760452e+00
9.161980910573122028e-01
5.507800344268042325e-01
1.541257439764919912e+00
1.107680308301583150e+00
1.275204080666199058e+00
9.710555563921675626e-01
1.669357725826760452e+00
1.510738458761823111e+00
6.367356515506051862e-01
1.136750910178040863e+00
1.568270154266484750e+00
1.734971712532666466e+00
1.585633222406282794e+00
1.088196511002577527e+00
8.414370008320676275e-01
1.051440652362727768e+00
1.343384845971570485e+00
1.249628209268947687e+00
6.176589581703322285e-01
9.610785818005500580e-01
1.383038881819657728e+00
4.244190249246476698e-01
1.093213317978452892e+00
8.507127072176048355e-01
1.307908042512339053e+00
1.426292038780344829e+00
1.442297997471803983e+00
1.592385673923904621e+00
1.155306982043360131e+00
1.008896090705214688e+00
1.587649324099557502e+00
1.505466911332172364e+00
1.135660897445310402e+00
1.016414876955702873e+00
1.338889243041534671e+00
1.146369963826738392e+00
1.864752175864803074e-01
1.442126035186075406e+00
1.593688693602420825e+00
6.551434460517103764e-01
7.121091695746819550e-01
1.782279003534537276e+00
8.809892918446052823e-01
1.252522563569624658e+00
1.578672411750827509e+00
1.251574803721805518e+00
1.237575491794647320e+00
1.340081583132781473e+00
9.983616076445858134e-01
1.526413703862091742e+00
1.284946258908136185e+00
1.259277238495650764e+00
9.250367666849249604e-01
4.643814915841082969e-01
5.360384401940039290e-01
7.571948001267799766e-01
9.577860780552835962e-01
1.353181509219298251e+00
1.117522917991843556e+00
1.117522917991843556e+00
1.958649034664661004e+00
1.063577564947342236e+00
1.592084709807050080e+00
6.120062368423678789e-01
9.440669872273000918e-01
6.769167139959284540e-01
1.557299993898952017e+00
1.800899897183838361e+00
2.625572532865176001e+00
1.391141799123847944e+00
8.318081459021157142e-01
1.582545260417953514e+00
1.243035860888095145e+00
1.221567164097576264e+00
1.535490132799386620e+00
1.380362237229056488e+00
9.726778446219964680e-01
1.247312749958841005e+00
1.233704942843110719e-01
1.383404018387531575e+00
1.384473130218879078e+00
8.232800118574706838e-01
1.058003823654883657e+00
8.727114324183757876e-01
1.380029168188317668e+00
1.020012775337007405e+00
1.744799431065963802e+00
9.341901150482759819e-01
1.580516544653630451e+00
8.383274142989404210e-01
1.261741873185452167e+00
1.107628169744452329e+00
5.933495284898506750e-01
1.456400063770317388e+00
1.662636434143788700e+00
1.565109152744485366e+00
2.091703626803475213e+00
1.446420786905836531e+00
8.929847411675774227e-01
1.063381336073113026e+00
1.270026027655959400e+00
7.546780039459386469e-01
1.348939817674916775e+00
9.975379428931235859e-01
1.046942965693927530e+00
1.219828916140091701e+00
8.582392682441563059e-01
1.105118884891672870e+00
8.720927681933536846e-01
1.353614468331381993e+00
1.646554268406084764e+00
7.386740380757934599e-01
1.271820164779506213e+00
8.987890601862613682e-01
1.678866077100843013e+00
9.016207062671507400e-01
1.004054967104341056e+00
2.091703626803475213e+00
1.094522436983102809e+00
6.870197301228844200e-01
1.452195293102402252e+00
1.041126795800093596e+00
1.265904356321388757e+00
8.648533570702404694e-01
1.157434625052943034e+00
1.331756167348905340e+00
1.870797196228211279e+00
1.675439910140430033e+00
1.209720420124159146e+00
1.028266853318524632e+00
2.189451816435508957e-01
1.124261381219777922e+00
1.445453957087124763e+00
1.584230732911318551e+00
9.220175785361724996e-01
5.640756855669620817e-01
1.579065690322601023e+00
8.888422944491038979e-01
2.075511940960808488e+00
1.240612733150084024e+00
9.652966067277392037e-01
6.880676388286790512e-01
6.794486332779263726e-01
1.130158841079225374e+00
1.880262178979398069e+00
1.156328668606499299e+00
1.463435577476039251e+00
1.043319796295726576e+00
1.169320286891612382e+00
1.093023653925961014e+00
5.923327364529026307e-01
1.186510661760582730e+00
1.206193045193109770e+00
1.113352940714355865e+00
1.197493128836933929e+00
8.314326500245484697e-01
1.634862931533793917e+00
1.528363092774182697e+00
1.088107118283411223e+00
1.414636060915464233e+00
5.964819184498488802e-01
1.113280276160661941e+00
1.773144089500254594e+00
1.082788466910421521e+00
1.859504259099202361e+00
1.835629869246693247e+00
1.270336864837588120e+00
8.762583359539539707e-01
6.715422712804397509e-01
1.114269867880231413e+00
1.878840540756005151e+00
8.869915567309432092e-01
1.176967373104931935e+00
3.343319731526029903e-01
2.486002118089047919e+00
2.531656943704189366e+00
1.070537062772720649e+00
1.122785290685574644e+00
1.891448328884398178e+00
1.107146653963216654e+00
1.139371896875787105e+00
1.860446758508149667e+00
1.371605039697414208e+00
1.573640071638511717e+00
1.530416024269844355e+00
1.500708521627712733e+00
1.119301782821638946e+00
2.605054172302440074e-01
1.193643088918153294e+00
1.321386955780848194e+00
6.167482598263910321e-01
7.144748296575291757e-01
1.631091020094763699e+00
2.076403799926883842e+00
1.560225749362553205e-01
2.023701224169806689e+00
1.848387838858079002e+00
1.312398534692863050e+00
7.520480451560078716e-01
1.060108747821403075e+00
1.062961574517242047e+00
1.094276962660502228e+00
1.316337042396005685e+00
1.400436985773112486e+00
1.632813254810212777e+00
1.158900516708968986e+00
1.447440219251365345e+00
1.488106336983357814e+00
1.133197567313884102e+00
1.392978490559843019e+00
9.465838137491092708e-01
1.638842522980513028e+00
6.848149359647037748e-01
1.012893264800391657e+00
1.510156358257883413e+00
1.149859612149468191e+00
1.044782196254888884e+00
1.573440818452057188e+00
1.073061226093538378e+00
1.484246534419132457e+00
9.651317637732579335e-01
7.374352737108430533e-02
8.007175890173543475e-01
9.123469034246137754e-01
9.167661910372488787e-01
1.609519167948049168e+00
9.878250568742499294e-01
8.594029279110197983e-01
1.738114232404952775e+00
1.069538533275973480e+00
6.658863621400763488e-01
