1.116888090160592428e+00
1.251655310602898252e+00
7.508524510071731273e-01
1.049724249479013771e+00
1.231990642646725087e+00
1.278342256710255143e+00
1.242964729548055036e+00
1.039801316572904089e+00
9.623365489009956253e-01
8.018348771429867350e-01
1.357949244236055675e+00
1.033342488617225996e+00
9.053182970116251393e-01
1.061604700409761071e+00
3.413320843202780064e-01
1.865553110272597293e+00
1.601957042517496266e+00
1.007007034930322842e+00
9.960581373031164309e-01
2.058732366113447565e+00
5.705481041787989760e-01
9.932109402577062873e-01
1.309974246859867852e+00
1.570059665845377594e+00
1.198902901850970482e+00
1.565538995091376506e+00
1.294328182622361600e+00
1.214209293830008640e+00
1.758980702901364213e+00
1.675423382475175638e+00
3.787068502239341328e-01
8.090443093956861675e-01
8.806428821087866066e-01
2.216512221284596684e+00
7.813208327532401576e-01
1.083641714109418119e+00
1.416946856329713178e+00
9.625735857960999731e-01
1.631438599199576345e+00
1.752121643166453024e+00
1.049220713212308143e+00
6.929641545503292255e-01
1.118223054540027572e+00
1.763946992501664202e+00
8.089503565606026569e-01
7.705022792072908633e-01
7.653422395527307298e-01
9.283564963789564528e-01
6.113413279595030225e-01
1.272535135378839888e+00
8.235496300896941735e-01
1.534441725248075761e+00
1.018919167249176194e+00
9.207001683525853908e-01
1.312036357209596549e+00
1.294934415531434180e+00
1.168872652681400615e+00
1.950576428796256589e+00
1.448879092675975810e+00
1.796303349353643108e+00
1.092375147831444071e+00
5.806210290153172027e-01
8.858455246589613807e-01
7.048964114511869772e-01
1.003439124989439213e+00
2.066616199825089595e+00
8.771591121091084631e-01
1.119494844354924412e+00
1.088452606031764525e+00
7.973052445863449966e-01
7.354885751384611092e-01
1.997048723256450220e+00
8.352204453130368522e-01
1.033522463107195088e+00
1.017741043958969360e+00
9.206173034231565078e-01
8.905820848516957655e-01
1.283423411525055347e+00
8.217511306643504598e-01
1.522026304149185494e+00
8.017466929928008801e-01
1.290306755414983853e+00
1.385795035740309933e+00
2.235672385373218329e+00
1.402089462482753568e+00
1.796303349353643108e+00
1.528363092774182697e+00
1.178270986745049154e+00
1.991591686552324436e+00
8.174813432686236503e-01
2.048895552765119366e+00
1.132841937476021021e+00
5.886629727103189769e-01
3.599441867608401679e-01
1.384427685301511612e+00
9.981008973849586630e-01
1.502874706841258456e+00
9.407338496457787747e-01
7.638236779556535350e-01
1.167725292108904522e+00
1.128459313562201860e+00
1.701846241082851208e+00
1.272316020590724905e+00
5.348101618280567404e-01
1.024554274114427121e+00
1.083696096630106354e+00
6.967452126420614622e-01
2.209327059070025356e+00
1.460177785511871607e+00
9.086256134270829232e-01
1.163178929165189501e+00
1.220673034386717815e+00
3.385892454306456134e-01
1.246085200085169209e+00
1.333283996766322144e+00
2.180574566014915394e+00
1.476594477598760058e+00
1.695138774436085072e+00
9.395743087112987668e-01
1.965123971765818434e+00
1.125045872236404954e+00
1.096337669718680408e+00
9.854919685005281149e-01
8.282015946783661819e-01
1.582545260417953514e+00
2.325437534425188524e+00
3.208890814675113834e-01
1.264062961288071607e+00
1.712016942340533587e+00
8.696264649829980042e-01
2.126727743002119642e+00
1.009739992381376350e+00
1.731798104770034596e+00
1.148269334421455623e+00
1.549670763616344260e+00
1.668673244193985772e+00
1.205683485033780089e+00
1.356346496644990962e+00
1.149160039730956262e+00
1.584728333291557378e+00
1.240256448305853354e+00
1.349813878281781676e+00
1.406894005226027478e+00
8.271852540539079701e-01
1.045410744363254096e+00
1.582545260417953514e+00
1.690514983908700586e+00
6.982849397398669389e-01
1.301131539501457102e+00
8.212877200798471833e-01
9.538382791657441517e-01
1.609679164189715017e+00
1.085497932807353516e+00
4.747132638587049924e-01
9.037553800618799427e-01
1.089807304347231165e+00
8.456331229848836895e-01
6.973894965323857997e-01
1.317781123781545105e+00
1.370991602050621205e+00
1.196844208953728339e+00
9.873717126461211135e-01
1.789274635752140741e+00
1.954655195699850800e+00
5.390156720726761996e-01
5.633186760458296360e-01
1.499208423307057947e+00
1.175377347601974432e+00
1.899633820856588828e+00
1.461026153734073185e+00
6.281698453518563818e-01
1.100724802471224617e+00
1.046491060916588500e+00
1.186980544540724214e+00
1.226959517327646854e+00
1.145701687104290434e+00
9.236448113149080541e-01
1.404481870866551629e+00
1.853111501872945599e+00
1.322814542169892915e+00
1.391147611920917848e+00
1.074574785732067772e+00
1.597925696283872821e+00
1.092223750021099837e+00
1.404109726025478011e+00
5.391059094751545766e-01
2.300385985268521782e+00
1.059876077609851475e+00
1.126488095646026810e+00
1.528073522673968565e+00
1.399431753971640546e+00
1.419091672871718224e+00
1.805461991028245006e+00
1.413252402549436182e+00
7.793919073916394380e-01
1.593174146839278160e+00
1.079175387778011030e+00
5.226066540262459537e-01
2.018917823741579465e-01
4.221965639688101124e-01
1.796087096424300533e+00
1.240612733150084024e+00
1.088005358696181979e+00
1.353494489602641293e+00
1.118615044088414834e+00
1.314407829229444769e+00
1.010520318901418690e+00
1.137671924505250010e+00
1.433855895840514094e+00
8.038848716696234131e-01
2.178330537038634773e+00
1.057426310094939703e+00
5.283378493005410625e-01
7.213450713575595419e-01
1.152786491536818225e+00
4.153943725311827206e-01
1.278947455737681427e+00
7.420839806720054277e-01
1.062212022555226287e+00
1.924519423201135782e+00
1.805085050272934311e+00
7.251012842013171422e-01
1.246773612049963731e+00
2.217777427618353059e+00
1.511488235479032438e+00
2.551562359495661347e+00
5.874966736010068802e-01
1.052209490741094600e+00
1.096061910915442361e+00
1.473351442713547899e+00
1.020314320046978640e+00
1.846464016168988809e-01
1.560003831273900188e+00
9.381494672849304273e-01
1.227300232726135976e+00
6.295383755580161722e-01
9.381494672849304273e-01
1.308947595481865012e+00
1.689593059299796085e+00
8.236544618980254917e-01
9.379414335412373793e-01
1.335722226544882263e+00
9.114665168700736286e-01
6.051840487828491488e-01
2.235672385373218329e+00
1.383945570143929382e+00
1.207236497857476776e+00
2.465883651736939797e+00
1.601166757882693137e+00
2.338855593540686506e+00
1.597925696283872821e+00
9.302958977289722542e-01
1.877951304606213734e+00
8.024438417583683592e-01
1.203964281710937279e+00
8.762437141492581683e-01
8.061251168703402747e-01
7.123750558357119234e-01
1.167992519832699472e+00
1.004305220666627640e+00
1.107021868744906268e+00
1.005275554762188994e+00
1.609252275586156022e+00
7.196843388862489421e-01
1.460202443732528721e+00
5.722854025124027855e-01
1.496710147789281242e+00
1.185182422233569177e+00
1.036752053687883368e+00
8.247135522064698021e-01
1.180314684391391200e+00
1.186181620611389098e+00
9.007753998215142222e-01
1.505936052782279599e+00
4.803502478647384555e-01
1.065043525189183660e+00
1.166529506440810993e+00
2.448013539790555804e+00
8.265906249829917396e-01
1.391060058595023463e+00
1.578255449976215585e+00
1.145355399648512407e+00
1.320031635412447502e+00
1.636969267039512399e+00
1.294205760010258333e+00
7.609306822058505837e-01
1.398408762146388984e+00
1.258329879621912006e+00
1.589784930471688229e+00
1.194555165370589034e+00
2.576099465479566031e-01
9.534920299181519621e-01
1.561529473314095418e+00
1.295500805216999396e+00
1.426742499334908487e+00
1.214538887918930055e+00
1.217380404919335746e+00
1.504720033724869621e+00
1.453878184577902299e+00
1.404481870866551629e+00
2.087516075198450616e-01
9.333512674504889084e-01
1.424123030863755579e+00
4.559131008899698911e-01
1.985633669684875979e+00
7.046826437841415824e-01
1.426067930053209976e+00
9.353326324699444694e-01
1.067507995357231732e+00
1.255234731730006992e+00
2.208693546138036368e+00
9.528785384451383678e-01
1.354088021122556995e+00
1.127077971776548004e+00
1.094174369929324042e+00
1.031157136282029985e+00
4.282692213089715483e-01
1.501241734957466489e+00
7.926491744363952652e-01
1.031564913838815878e+00
1.198310642730677333e+00
1.008400506798233343e+00
1.037427744843021804e+00
1.063577564947342236e+00
1.772551698681035903e+00
1.333715117625475122e+00
1.794112678409090833e+00
1.089807304347231165e+00
1.221778304126540649e+00
1.283832114043919947e+00
1.442228022757479966e+00
1.337449093846043713e+00
6.785697421699794507e-01
1.320224000267903097e+00
1.151752476090955213e+00
1.079415115796698688e+00
1.489467524869433124e+00
3.055472999007384782e-01
1.353816322649244341e+00
1.441599625597461243e+00
1.128619933317280832e+00
8.059359984349568906e-01
2.007642516112259301e+00
9.901900377067566206e-01
7.013120267804806574e-01
1.669175292570714175e+00
1.600842472195484811e+00
1.234141362190100288e+00
7.522342780198806311e-01
1.143755148161769597e+00
1.079226766467394905e+00
6.496574776552277442e-01
9.024133026536722557e-01
2.131376825107301975e+00
1.089198819449900268e+00
1.432756146971111200e+00
8.323832566972204638e-01
1.182685303764547280e+00
8.311702969983841838e-01
1.550398449232719633e+00
1.233398600190819039e+00
1.007430149236942407e+00
1.465861734630553803e+00
1.197869134549719217e+00
1.281346562160040836e+00
9.968007381883255968e-01
1.473703802136071772e+00
1.274897045264356876e+00
1.203069108302729839e+00
8.174532642127906312e-01
6.618064331681254853e-01
1.225846571370112104e+00
5.951913957615881934e-01
4.440406652038689228e-01
1.480175169590464135e+00
1.561527545519940885e+00
8.155827974161241611e-01
9.615452995035709272e-01
1.411992504497375789e-01
7.730011987865020862e-01
2.013465350835519363e+00
1.933918831454074061e+00
4.164145353953664364e-01
1.567321182306095961e+00
1.807262397550988275e+00
9.777867557006554300e-01
7.276711859620879075e-01
1.284337064597178557e+00
1.620049159169058006e+00
1.731319985100088887e+00
8.781628943985612112e-01
8.062267723310018175e-01
1.486461570737544591e+00
1.633434262297009276e+00
1.261873392447321773e+00
1.219136847672860346e+00
6.447285185480214897e-01
1.051653118423117927e+00
1.042040556273784668e+00
2.328387022981491250e-01
1.629860437507216986e+00
1.044712877530145523e+00
1.972840623422527528e+00
9.151893093578205018e-01
5.990155826134669903e-01
3.715542011606882689e-01
1.217389074537579496e+00
1.097019886274046119e+00
1.527518524697532021e+00
1.253671194049965854e+00
2.842218230512247312e-01
1.044523496622008052e+00
1.185525142095013029e-01
2.379291739436212971e+00
1.099392537542308146e+00
1.748402611281725028e+00
1.394491127020170085e+00
1.189279489525778333e+00
5.686607031863343265e-01
8.051225827492911602e-01
1.772499514241128393e+00
1.453188917233167787e+00
9.965517596556643376e-01
7.757060220285437735e-01
1.501473065023303688e+00
9.620870829468256558e-01
1.252678617149981743e+00
1.460997461850087831e+00
1.115295874511259333e+00
1.416946856329713178e+00
8.163839360965381431e-01
6.346572372417207397e-01
7.478612266752457938e-01
6.392928123054051337e-01
1.231628703207797715e+00
9.205850590509814246e-01
7.763274621010595178e-01
1.949676907248550917e+00
1.659656384388002115e+00
7.754220832871475677e-01
1.052906817542365703e+00
6.675161051914009214e-01
4.048116245399968616e-01
1.378712000464920262e+00
9.410913961551123919e-01
2.943219351065227141e-01
1.189681497881258654e+00
9.767653769087141225e-01
1.845432808199936270e+00
1.035052934454728568e+00
7.829077103649381142e-01
1.497536242732393941e+00
7.537394833861433829e-01
1.699614570547226533e+00
1.025263672476752097e+00
1.448164535345640047e+00
1.006052250220478284e+00
8.734933615137872032e-01
9.736710559191558145e-01
1.695172598517118212e+00
5.266531218654003643e-01
1.242217015263503033e+00
7.566673672718754462e-01
7.854422894972979963e-01
9.690504047139680832e-01
2.441415623337926721e+00
1.149466780503483720e+00
1.619061451782883188e+00
1.661050125051220849e+00
1.557935882698106012e+00
1.140201956074268663e+00
1.175829509591748812e+00
2.276688716958791936e+00
1.057853659591432960e+00
9.635028210278810956e-01
3.167634284361135477e-01
1.386005101444953480e+00
1.663999095324149025e+00
1.794823274456838424e+00
1.441075253666917355e+00
1.322889723335950451e+00
1.426668687627201892e+00
1.547264254393608152e+00
6.021968809500246600e-01
9.465808841506130333e-01
1.244868891991330662e+00
6.023261269599842205e-01
1.601999946785761963e+00
1.796690875626746342e+00
5.504423537535353406e-01
1.032076877342232191e+00
4.214105018564900940e-01
8.285087981611827246e-01
5.028334933432441201e-01
7.417326721093105979e-01
1.611632437033613696e+00
9.617580282172978334e-01
1.466474303479130548e+00
1.408605181772517811e+00
1.508377829728582142e+00
1.015680659399743169e+00
6.368876223435562256e-01
1.269898460532815188e+00
1.320083688529672283e+00
7.373833327151543271e-01
1.538637673820316021e+00
1.096077502929999392e+00
7.548502561802409305e-01
9.160047126326561484e-01
8.384029829637130726e-01
1.515290405320145917e+00
9.994377855752548667e-01
1.113020430548251394e+00
1.381852100428329289e+00
1.069917278572025232e+00
1.182245420402753044e+00
1.262695279492563660e+00
1.157664961569478068e+00
1.041698819243144003e+00
1.333695745287093892e+00
1.229075348481293961e+00
1.432434464789208217e+00
1.145534807287866608e+00
1.264626377826908898e+00
1.222822877082474946e+00
8.659176651079473208e-01
1.013276666680351656e+00
1.712016942340533587e+00
1.341444470205395811e+00
1.086770450714576564e+00
9.166218840379185551e-01
1.884347628878759506e+00
8.737521956186886651e-01
1.217274643007889567e+00
1.255600023281656430e+00
7.644728056314122888e-01
1.543230096722703726e+00
2.486796470069542853e+00
1.519406123863062286e+00
9.760735377254396994e-01
1.435898704589106067e+00
1.197051773680579023e+00
1.011164286442085336e+00
2.353455149277193570e+00
1.635799675852326551e+00
1.515426924034522171e+00
1.238114616215890473e+00
1.851704569224390973e+00
1.241110141325904692e+00
6.197639154280744078e-01
2.233167616406737110e+00
9.999661584526318148e-01
1.149045331259713754e+00
1.295847767918999027e+00
9.393795247079973487e-01
1.360152680200469311e+00
2.077112452503903306e+00
1.160302230625639641e+00
9.502856266381446426e-01
1.201231796271908348e+00
1.368135003198498234e+00
1.491354001086141690e+00
1.112663670667399352e+00
1.047212940937301662e+00
1.352556076546019614e+00
5.204174882991758899e-01
1.092836432973004257e+00
1.210069353111226986e+00
1.159745757142783829e+00
9.854816650442616011e-01
1.490816647071199208e+00
1.636236845409736906e+00
1.152912195341596169e+00
1.076969289298585819e+00
1.099139878220146471e+00
2.011138895262905901e+00
1.825102985484126306e+00
1.239564758766853680e+00
1.131599966365208099e+00
1.112778150833914736e+00
9.182593764343962572e-01
1.008754052518511912e+00
1.465862535277545176e+00
1.391467726196058408e+00
2.225372176048096229e+00
5.353561707254415047e-01
9.461412484517025545e-01
1.156726078462608109e+00
1.789359684902160019e+00
8.587480586935141158e-01
9.272364390964739078e-01
2.168687963804912799e-01
1.070015079754791376e+00
1.862210397113743809e+00
7.982862007581604802e-01
1.020483231504295762e+00
3.410968583173918378e-01
1.957703444244879298e+00
7.124719474680883957e-01
1.160302230625639641e+00
1.571372107614834812e+00
1.207291497206858688e+00
1.521203552924242475e+00
1.369617722838787577e+00
1.006030845391893358e+00
1.223766749909880769e+00
1.827604299907211960e+00
1.060471724525334336e+00
1.382293114349746999e+00
6.099292659211579259e-01
9.769806769395601442e-01
9.021974456946028065e-01
3.915358286425963397e-01
9.024214468623307228e-01
7.250691506403444953e-01
1.447816519329596874e+00
1.629808185989342073e+00
1.394044252450749255e+00
1.615604499899771618e+00
1.364833496151484749e+00
1.520320234674370941e+00
7.900402134642621199e-01
1.588322218920640294e+00
1.250295194610679061e+00
2.479559897476639740e+00
2.031213478620192969e+00
1.289956052172790191e+00
1.160256919798250630e+00
8.702582771294438135e-01
1.530207733712404927e+00
1.118903389352263300e+00
8.504317926195326116e-01
2.112919689619054964e+00
1.360805500640060783e+00
9.819413091681444827e-01
1.245086687279959525e+00
1.226312371886997932e+00
1.528363092774182697e+00
1.646745476746123371e+00
1.173007920568753804e+00
1.357878437068475774e+00
1.200573460978436424e+00
1.144667769205204078e+00
1.836826365368099623e+00
7.045484795040680703e-01
1.160744136785028857e+00
1.272021550097112985e-01
1.066338937328968450e+00
1.412127748547206574e+00
1.096900283239141904e+00
5.916416601803792252e-01
9.684164837833538764e-01
1.263636610187327536e+00
1.329074348724738286e+00
6.825062553782828001e-01
1.341143381392619682e+00
1.292275357059519569e+00
1.675439910140430033e+00
7.540605966142143179e-01
1.552659501578760981e+00
1.736045658497759714e+00
1.260257985706981332e+00
1.658181708201777571e+00
1.279495982503608076e+00
8.452798914209663783e-01
1.061867559473788081e+00
1.737881331074645264e+00
2.540735255365734524e+00
1.473337868092099878e+00
5.858024661067533501e-01
6.921257010062871196e-01
1.752148447645573759e+00
1.574609147895806638e+00
1.494833200186933331e+00
1.042087376146354716e+00
1.098862782705221530e+00
1.123519401507266480e+00
1.097789927736328774e+00
1.052213431808514121e+00
1.462705925265633811e+00
1.695172598517118212e+00
7.360277580760148375e-01
1.857056046178340303e+00
1.303011314456604675e+00
1.378828155611299566e+00
1.044782196254888884e+00
1.060369607763521183e+00
1.517880068515346847e+00
1.021834231712986929e+00
1.074133335684583024e+00
9.044075684691288419e-01
9.177838434248339894e-01
1.305010260853425086e+00
1.225659451488089635e+00
2.338138436286267829e+00
1.124041525913589190e+00
7.379549999102364977e-01
1.017222491190302058e+00
1.502265643685007257e+00
6.991655354454063831e-01
1.324448675394638508e+00
1.957842358475792244e+00
1.161846162318748155e+00
1.765280345094327963e+00
9.819418808541731103e-01
8.243650993793144588e-01
7.278231199271028018e-01
2.034243777553114807e+00
1.600517827807008464e+00
1.217156223143994964e+00
1.159739448629484748e+00
9.822523040399723238e-01
1.216540736241969345e+00
6.914296811741388327e-01
1.067220185955373601e+00
3.034951440559050528e-01
5.495807840650879239e-01
1.021399145232255945e+00
1.226102504977472751e+00
1.615065473777883787e+00
1.105649785944335051e+00
1.542469200832510934e+00
1.168715465783329632e+00
1.383768116004755466e+00
1.373040720631422351e+00
9.919792188990423920e-01
1.603232509644882953e+00
1.217264020066594066e+00
1.270619805535603497e+00
1.404659208057446707e+00
1.105502218876183607e+00
4.799330919964124309e-01
1.942426860517433296e+00
2.172843142582895570e+00
1.455331119989023758e+00
1.070826492797254836e+00
1.334528028314731385e+00
1.184693651795850178e+00
2.279304126000128328e+00
1.242390166047499189e+00
9.024342303738903670e-01
1.048290692519334932e+00
1.255005489334698021e+00
1.077228490805298922e+00
2.051341852726965842e-01
1.297639615857948847e+00
8.357829552390129146e-01
1.109551339059094088e+00
1.021287212967883606e+00
8.783978361537292390e-01
1.533885676742605453e+00
1.076418564446096626e+00
6.022015517630502357e-01
1.384174626190534774e+00
1.484440816154664722e+00
1.582545260417953514e+00
1.184910715331716879e+00
1.327537570159819991e+00
8.527509095087151270e-01
1.813168763912566650e+00
1.302240223383876572e+00
7.686980060521667601e-01
1.320922351265285677e+00
1.260561190356977113e+00
8.047580730343061317e-01
1.669581235020473065e+00
1.153262066343252901e+00
1.313718346867928322e+00
8.383274142989404210e-01
1.175583948320989780e+00
1.183970876790895410e+00
1.299668536584332790e+00
1.312343009886697942e+00
1.070702186356046637e+00
1.199885884106229872e+00
9.993877560001228622e-01
1.426553374525878271e+00
5.361957361562131874e-01
1.275633136930831579e+00
1.117854802685015914e+00
7.990882107002478252e-01
1.090970499521885850e+00
1.800996532495908964e+00
1.012147431024822186e+00
1.558363123431897979e+00
1.713875443604439663e+00
1.738475556631669416e+00
4.499045882234176119e-01
2.177198446878864657e-01
1.483910027819524968e+00
1.351563894565054103e+00
5.028752938019463992e-01
1.803312439955017776e+00
5.088026458131746921e-01
1.173662915814372543e+00
8.735136331357167272e-01
5.523081475345346103e-01
8.442293506207020348e-01
1.225558946757681511e+00
1.292392588767016015e+00
9.953642932972580626e-01
4.241707729381408720e-01
6.662273548238241139e-01
1.385933257622716797e+00
6.650329760806014123e-01
2.311199704687980194e+00
1.129536499107142822e+00
2.095726519039325719e+00
6.287449608822968106e-01
7.537026059858036309e-01
1.589748603797416671e+00
1.391713028937495267e+00
1.671539404315867339e+00
1.107905578170010230e+00
1.055158446964866270e+00
1.133450063656334938e+00
1.584748115745062913e+00
6.708429296787910001e-01
1.596119096603954235e+00
7.157286801429415535e-01
2.274706528776716308e+00
1.238114616215890473e+00
1.662777912964954696e+00
1.250570977064891620e+00
1.209607848420845899e+00
1.532397678238218930e+00
1.802962681138154721e+00
1.256462051967980997e+00
1.266072658199781875e+00
1.466005031129087532e+00
7.048964114511869772e-01
1.321019899289692878e+00
1.248039717266060222e+00
1.591077534646484937e+00
1.243333915776315912e+00
7.085663160045704290e-01
1.052427992055694927e+00
9.758165477678777400e-01
1.122094723902604230e+00
1.249493270675583467e+00
1.726570698785157010e+00
1.730319185318919484e+00
1.392393116049877255e+00
1.491040356624344865e+00
1.820725094633700580e+00
7.289910234473636619e-01
7.136339948664099930e-01
1.146066727221071613e+00
1.945428790893892979e+00
1.382179670976429131e+00
1.460795418148510105e+00
1.976516642686243719e+00
3.819236346547356664e-01
1.763946992501664202e+00
1.005401351532813736e+00
1.520513521101150234e+00
1.895844592552908825e+00
1.065800589073352622e+00
1.451594274212711921e+00
3.066682426760772295e-01
1.964158054059685243e+00
7.457600868405669381e-01
8.835974001330313410e-01
1.027120558992318911e+00
5.903430122813496661e-01
9.726778446219964680e-01
1.031563549442880090e+00
1.291306875248855013e+00
1.107021728744604361e-01
9.996409750836561248e-01
7.373227820064190974e-01
1.180351184766123884e+00
8.862853481495284180e-01
9.118868862497588879e-01
7.695920311051421825e-01
1.062925671756014129e-01
1.803312439955017776e+00
9.086256134270829232e-01
2.202277541483470991e+00
1.474800633821887086e+00
1.876343131377643525e+00
8.450128758800614648e-01
1.168699372310695983e+00
1.258570601978710179e+00
5.124387085078243587e-01
9.763915168487514729e-01
1.475734363514769498e+00
1.366372861374531178e+00
1.085615538315644946e+00
1.008827765372599217e+00
1.028054853380112821e+00
1.319464001047509161e+00
1.355809223620458637e+00
1.268351721310857494e+00
1.452676758994422279e+00
1.538637673820316021e+00
8.950583870788048069e-01
1.589964117291844614e+00
1.663458656885299591e+00
1.061820119531924567e+00
1.274697664620795701e+00
8.831596666384581296e-01
1.389577778404919250e+00
7.839083032838145559e-01
1.703536804386315717e+00
1.078478953795614093e+00
9.906792611688610695e-01
1.163543268851277679e+00
1.114855244408517576e+00
1.711371535271239974e+00
8.315736258857318042e-01
1.426053636345861353e+00
1.159988765454427195e+00
1.128780207444560313e+00
1.663883209126141516e+00
1.495761955953709199e+00
1.436563772432231767e+00
1.087489160461252879e+00
1.090318390012631866e+00
1.585877614844552586e+00
1.231153167367931012e+00
5.059279263209819355e-01
1.297815706508272493e+00
1.268889892021776378e+00
9.359085943327203339e-01
1.863671123104424954e+00
1.596959924603997383e+00
1.363995139397302214e+00
1.128780207444560313e+00
8.627843889913940911e-01
1.071617991244263157e+00
1.637279972436897157e+00
1.172591957021101416e+00
3.413320843202780064e-01
1.360879552880313703e+00
1.490128407522794740e+00
1.184078226592541361e+00
1.283732898586430249e+00
1.592385673923904621e+00
3.711904727303148577e-01
1.178687601141546581e+00
1.263798252929730248e+00
4.764784334264566823e-01
7.742854900755240521e-01
9.858706333926582355e-01
1.317278323353917147e+00
9.612306703631835481e-01
5.654978980615359418e-01
1.185813206004087572e+00
9.675684670484602234e-01
1.413252402549436182e+00
3.131024691632907642e-01
1.434615681902591033e+00
1.752121643166453024e+00
1.449645671298233074e+00
6.151028709178107262e-02
1.334612607926577210e+00
4.136967452750231478e-01
1.309900149019215032e+00
1.027345073213113524e+00
7.291609843092161647e-01
4.395981484963912833e-01
1.300877296711553832e+00
1.703953928088873360e+00
8.455336309766122715e-01
1.478589746891793233e+00
9.340939025305080579e-01
1.876950995985103177e+00
1.605936002262263962e+00
1.047559029586071722e+00
1.741296317012893669e+00
1.140788961740732077e+00
9.444309087568368843e-01
1.447588505191862662e+00
1.175829509591748812e+00
1.265573960528633579e+00
1.139186786529612139e+00
7.769999107137597338e-01
1.725761128044614789e+00
1.741157047966673366e+00
1.287105039181542621e+00
1.516909448889041334e+00
4.974164211598506302e-01
1.125198315123497661e+00
1.862274695206040498e+00
8.859006684971049150e-01
4.293980519023168907e-01
1.655471405359477233e+00
1.777629819686252555e+00
1.241522916212766559e+00
1.036752053687883368e+00
1.133876261024100440e+00
8.586661820532638378e-01
1.143786498959116660e+00
1.741314161617304013e+00
1.341444470205395811e+00
1.570059665845377594e+00
9.355320053355704601e-01
1.057007339082817410e+00
1.503583736752291289e+00
1.158241543104921334e+00
1.001546581223940358e+00
9.778956856063515390e-01
1.515847280124552388e+00
9.845905700063244392e-01
5.087309178979277924e-01
1.923069556113256473e+00
8.554571166524692627e-01
8.935015148577835076e-01
1.113286319352170262e+00
1.222350640510361686e+00
1.252440097742619551e+00
1.202506375012109885e+00
1.368529571927830535e+00
1.689225716171712799e+00
1.895332499122910130e+00
1.598583751180040924e+00
4.972582120414753559e-01
1.077694852918868129e+00
7.103786332214215848e-01
5.136651911141107973e-01
1.622491091936657526e+00
1.240708488577701996e+00
1.308520300955899884e+00
1.207396291204223981e+00
1.085998663479931015e+00
1.219712091267532772e+00
1.587662206425455080e+00
8.587480586935141158e-01
1.460795418148510105e+00
1.608573650114227593e+00
1.293041472184243368e+00
1.197351302141479445e+00
1.389252504889228357e+00
2.443746888908357562e+00
8.630626682716253661e-01
3.500592812481636007e-01
1.529329430056294070e+00
9.134818504642160386e-01
9.644873257790023136e-01
1.842784853673146150e+00
6.940532778105998890e-01
1.425223165633277222e+00
1.257417978832287453e+00
9.279095966712808119e-01
1.416130241238471310e+00
1.429099786300660035e+00
8.248902001699965902e-01
1.543424652149077536e+00
1.805586484752806919e+00
1.224551812924859817e+00
1.261687984090881898e+00
1.224551812924859817e+00
6.424370390893948679e-01
2.232316589329051748e+00
7.686699099597165130e-01
3.715542011606882689e-01
1.439453902601517399e+00
1.330029385159304578e+00
7.673532746452517150e-01
1.924519423201135782e+00
1.553195544902271408e+00
2.694265183567020383e+00
1.263878027079666788e+00
1.209596078002785235e+00
1.433856192106766070e+00
1.711759765660051391e+00
1.537192059362192609e+00
1.070071643656059113e+00
1.211496152573071416e+00
2.086689074314693304e+00
4.995317130383069015e-01
1.461570881985740700e+00
9.781903650675854989e-01
1.570093051542908569e+00
9.691051066346274556e-01
6.705225119343202200e-01
1.501696273308368967e+00
7.264665126282845442e-01
1.106254393248599532e+00
1.080603035286846980e+00
9.033797934392173712e-01
9.411047474201831298e-01
1.096660558240281080e+00
1.096428192803102108e+00
1.188613338333744052e+00
1.101539902928060588e+00
1.069119509991923955e+00
9.610074776154842180e-01
1.293022004274207992e+00
1.310852371292944296e+00
2.059120547166638726e+00
1.273825984023225111e+00
1.128920275441030352e+00
1.246981180970120118e+00
1.048721900346465841e+00
8.637259966131412003e-01
1.006064259300778030e+00
1.110720260607310106e+00
9.060533766814614642e-01
1.967163160918715237e+00
8.848797554431153678e-01
8.589928890984117604e-01
9.152109190424420060e-01
3.253804687282288444e-01
7.206670713863776445e-01
1.058332472057474716e+00
7.129908036723808795e-01
1.689225716171712799e+00
1.947018623264312520e+00
8.591503733441737678e-01
7.896707050473144029e-01
1.008227125219385512e+00
7.540605966142143179e-01
1.720978615193188066e+00
1.673034336550909273e+00
1.202760057009896189e+00
1.043766727950735884e+00
7.278803998031941891e-01
1.608636560133098525e+00
9.824300274651784903e-01
5.352330395374927940e-01
1.193559033075801912e+00
1.135967897596635412e+00
1.243045159808060740e+00
6.494802986228561670e-01
1.206111681513344802e+00
1.655714318746122959e+00
1.114904399057232709e+00
9.514402642331939441e-01
1.214580418337286360e+00
1.522678051138942834e+00
1.123721933095784831e+00
1.299579581834550579e+00
4.668708236538235967e-01
2.279304126000128328e+00
1.759680808429775700e+00
1.614437288762263556e+00
1.668158483490538302e+00
8.462040029837218924e-01
1.412252215877205064e+00
1.105658128501449955e+00
1.242130850468610159e+00
1.507668121135256722e+00
2.065618325499690489e+00
1.734860935510546875e+00
5.847210281171175694e-01
8.311702969983841838e-01
1.428949676727667706e+00
1.124660359128208054e+00
1.387285046930705867e+00
1.635684860223752812e+00
1.112778150833914736e+00
1.522306994970636707e+00
1.334528028314731385e+00
2.068188026513825051e+00
9.446540076980907141e-01
1.223170616988487724e+00
1.517776634617357123e+00
1.159415446504285185e+00
1.377716434938713652e+00
1.657744358713348687e+00
1.205386614084303254e+00
1.214078106519466349e+00
1.433093021128287070e+00
1.277510053733172946e+00
1.712818093371146988e+00
1.172983655203655662e+00
8.357829552390129146e-01
8.412726511653825234e-01
5.626313151427916326e-01
9.993877560001228622e-01
1.256834965344923560e+00
1.217810354288889174e+00
1.013893092285007347e+00
1.470047697516803087e+00
1.564080856274761455e+00
1.331571583720376317e+00
4.842631191906159871e-01
1.213146538626698190e+00
1.363252106662068197e+00
1.880045664222402824e+00
6.871520025916583174e-01
1.080924846218077162e+00
9.036840687829464924e-01
9.670740403129605145e-01
1.467293663384962921e+00
8.925874807090852237e-01
2.439542058578151540e+00
7.369954535865290701e-01
9.163281794091121535e-01
1.613464160172239481e+00
8.156530714471794674e-01
1.404048952327433097e+00
9.920447666418837906e-01
1.264047180846558316e+00
9.495290166460028658e-01
9.999772970951703588e-01
9.028217461691787626e-01
1.800807688605691181e+00
1.132520528553253580e+00
1.135012836123612923e+00
1.088107118283411223e+00
1.015482082752089399e+00
1.542605082633686342e+00
9.090680331314925366e-01
1.485166126515995444e+00
1.079415115796698688e+00
3.731923033263028766e-01
2.012755195932265373e+00
1.000176440808706824e+00
9.897101728106781904e-01
1.484261017470749788e+00
1.564130088872221158e+00
1.876807200475335780e+00
1.584785789625163366e+00
1.059718715646084108e+00
1.098598520913438126e+00
5.749366195121166090e-01
5.813278337176781552e-01
1.099225669975309128e+00
1.155408966847954799e+00
1.418683678472935306e+00
9.607171068978344053e-01
1.042040556273784668e+00
8.251967597150225986e-01
3.711904727303148577e-01
2.018917823741579465e-01
8.074211228096493942e-01
1.743861671282139536e+00
1.567430391282083724e+00
1.743025383100046621e+00
5.552363040854561005e-01
1.626469056571183014e+00
1.737361267792383979e+00
1.193978647691703587e+00
1.578132905729471958e+00
1.166639130198781071e+00
1.485402366419288134e+00
8.834967467683106923e-01
2.091703626803475213e+00
1.818262824180290282e+00
1.224512577925903178e+00
7.661090787331008567e-01
1.459131243639176789e+00
1.060009243549926872e+00
5.478933281077916773e-01
1.236004380920525003e+00
1.234812258857454159e+00
5.022143743967252272e-01
9.665662054429416949e-01
8.920660654856296112e-01
1.323755147809460242e+00
3.716669490408774923e-01
1.060108747821403075e+00
1.317751018937949326e+00
1.126488095646026810e+00
1.465012369582239238e+00
1.050893566698523740e+00
1.212382992350869992e+00
9.567443120317965510e-01
9.271115155793092644e-01
1.493647536997167347e+00
1.770779323603125066e+00
1.310862124517669480e+00
2.190360435874123546e+00
1.414570402936748739e+00
1.220603447532230490e+00
1.465861734630553803e+00
8.464049871233940703e-01
2.230704506223872008e-01
2.163787219202736978e+00
1.084014550180387282e+00
1.242354483418831590e+00
1.029075828006575044e+00
3.589368270648032322e-01
9.395743087112987668e-01
1.099914885849003099e+00
2.344322754101647366e+00
1.181723908148795799e+00
6.997952494634647191e-01
1.349427485282515882e+00
1.077370309838725726e+00
1.501670627184620521e+00
1.279521934127580307e+00
1.532397678238218930e+00
1.597676167455560181e+00
1.179389678974998912e+00
1.305149242702957402e+00
9.706713985983667081e-01
1.235354542580776149e+00
9.160047126326561484e-01
1.227978998861819715e+00
5.736214530071432893e-01
9.774780454465131774e-01
8.802445684870726650e-01
1.111586434323619921e+00
1.499114961882400676e+00
1.263636610187327536e+00
1.443594640842447374e+00
1.331611334693952209e+00
9.918513789304707062e-01
1.238252874598780862e+00
8.594029279110197983e-01
2.278910211289269405e+00
8.772499993996287770e-01
8.208798993533239496e-01
1.300185528503397636e+00
1.632619859169019527e+00
8.044940974853039828e-01
8.950583870788048069e-01
1.076697598095287534e+00
1.310973939374697528e+00
1.872490934765334014e+00
1.873543991422083721e+00
8.364771733853608726e-01
1.681310814167707779e+00
1.314067265211860347e+00
1.489168723024968832e+00
1.938598178280169115e+00
1.659249242262981205e+00
5.515148090868174924e-01
8.877108024251958440e-01
9.151893093578205018e-01
2.025166635344683996e+00
1.153434337498579820e+00
5.736214530071432893e-01
1.123504356300891738e+00
5.479666725340939237e-01
1.625977916262785206e+00
1.327038422483889368e+00
1.501797656823983473e+00
4.799820201914624107e-01
1.014489432468891339e+00
1.501365972342209254e+00
1.550165524191434052e+00
1.273363471482060305e+00
8.797236195864830410e-01
3.047769860081166460e-01
9.740540924148913815e-01
2.099133223534103365e+00
1.090263416938003660e+00
2.090390619701445907e+00
1.855421042689094469e+00
1.119721942274939375e+00
1.729813850930814079e+00
2.519743336343818751e-01
3.055472999007384782e-01
1.512367809600205115e+00
8.677368200703503565e-01
1.556400419963227755e+00
7.502207912083748154e-01
1.210519795646550767e+00
1.201797175837059140e+00
1.223090059847947053e+00
1.224260435467387165e+00
9.214761568237942457e-01
1.130402621394825058e+00
5.976617621519679791e-01
1.318746898444176585e+00
5.769439037858042907e-02
1.792089523565290277e+00
9.715554180311203325e-01
4.639640858672005597e-01
1.544226784457621626e+00
9.765302883779782839e-01
2.007465394290459226e+00
5.432118226367609326e-01
1.906899899895662553e+00
2.113197197147568041e+00
4.062555665822443762e-01
8.942943344879152878e-01
1.220092119348939130e+00
1.437726797953523983e+00
1.229335476303549113e+00
1.430509000464217806e+00
9.802256058534130068e-01
1.309855328737371982e+00
1.229985076512212894e+00
1.001361805794284798e+00
1.520618865361397010e+00
1.425349089768986222e+00
1.096260727866523066e+00
1.109330150935721404e+00
1.196878099815314123e+00
1.019971074338547057e+00
1.020591761921218588e+00
9.126574126389842556e-01
1.326498253019204654e+00
1.071633891307766984e+00
1.427027847916192416e+00
9.195812126698881261e-01
1.001024911292387243e+00
1.074666117189525538e+00
2.748695406071252623e-01
9.991611459291294128e-01
1.117828384940452446e+00
1.170947672636296399e+00
1.216643704745305810e+00
8.625901075956275976e-01
9.128887913256976683e-01
8.552762562703174476e-01
1.198332776169682923e+00
1.168021070000095696e+00
1.135870282254644703e+00
1.142742964300990316e+00
6.810226093772431266e-01
1.765636349086441736e+00
1.400961567512135186e+00
1.454897374348709471e+00
1.250957785752976115e+00
6.787260576615281593e-01
1.279363791201061584e+00
1.836931613570126798e+00
1.568306090824420185e+00
1.924519423201135782e+00
1.042149603145865022e+00
8.917265539208766301e-01
1.518088859571408600e+00
2.030437417213810214e+00
1.040361769648406876e+00
1.536391174349923450e+00
1.589559747563272118e+00
8.201374442883253568e-01
7.900402134642621199e-01
3.654063159541454109e-01
1.268362733856239100e+00
6.022015517630502357e-01
1.723945286132840371e+00
2.718859613083686178e+00
1.537148139495551513e+00
1.092122041717471070e+00
1.667643349107631678e+00
1.042374856319405296e+00
1.015033708189966299e+00
1.185313680431429040e+00
9.573494079646600596e-01
1.014074326269231552e+00
8.208798993533239496e-01
1.088107118283411223e+00
4.756319382942403307e-01
1.938432928763034191e+00
7.137397162899350445e-01
1.263798252929730248e+00
1.500425013635364069e+00
1.136354466308533206e+00
1.908899194349578554e+00
1.382691672464209987e+00
9.566632948248509072e-01
9.394907021609247844e-01
1.281628547613592239e+00
8.814487339132025534e-01
1.083204213256001580e+00
1.009713770190658222e+00
4.184425301394348318e-02
1.252778378865625930e+00
1.580479428661864860e+00
1.949543076603618141e+00
9.721106823216081327e-01
1.733460254293095248e+00
2.237586118634591781e+00
1.554581363629885749e+00
1.905502506418001119e+00
4.860311631735109161e-01
6.631125297981493860e-01
1.047643014058737609e+00
1.016773831525821459e+00
1.284209867369237035e+00
1.574094987639597987e+00
8.018522636257335856e-01
1.241507984792363573e+00
1.498985338297083247e+00
9.737800049972611394e-01
7.566673672718754462e-01
1.550677492552988035e+00
2.549904741943638808e-01
1.349475930126954104e+00
8.009615927717615991e-01
1.238999263615728985e+00
1.262040289851327879e+00
9.543015784774433463e-01
9.571350363850068543e-01
1.329491165038791944e+00
9.200138412389294862e-01
1.882291663058061282e+00
1.101648378078152524e+00
1.251757549191718111e+00
1.459265057415099154e+00
9.414761805375558845e-01
1.293218349605581130e+00
5.904682395639994086e-01
1.219481022692022298e+00
5.135884969192096028e-01
1.388456481290605726e+00
2.302428896282334492e+00
1.378188748810937003e+00
2.001375107213274607e+00
1.272839968674503774e+00
8.316371176284470534e-01
1.300877296711553832e+00
9.271115155793092644e-01
6.224196432627329134e-01
7.683429226821459901e-01
1.302420262921136107e+00
1.663651573534857375e+00
7.505502507544596913e-01
1.019760297370337687e+00
1.632619859169019527e+00
1.204425600753205705e+00
1.095379662590602932e+00
1.254696722310541190e+00
8.275916470791608859e-01
1.339284138036746397e+00
7.862896795933582705e-01
1.893101986720199248e+00
1.424123030863755579e+00
1.237759742225818638e+00
1.501791406438454546e+00
1.723945286132840371e+00
9.024133026536722557e-01
1.281798560189776115e+00
2.025493282351400470e+00
7.004535403697726981e-01
7.580452256490050056e-01
1.286905340745831960e+00
1.053284445177470552e+00
9.398734921547053922e-01
1.334393286100150622e+00
1.818092016513423115e+00
9.983166082234113947e-01
1.369393872949332902e+00
1.218466319337470294e+00
2.311180086098981734e-01
9.987398265115658980e-01
1.143679499134560240e+00
9.386285227270635412e-01
1.067018117126553589e+00
1.370752286415129584e+00
8.637259966131412003e-01
1.764376811204707129e+00
1.022266042431669408e+00
9.953436574786619362e-01
1.492558798882035243e+00
1.336871890199043067e+00
1.098406385515292571e+00
7.969084737701638277e-01
9.559969526646404647e-01
1.163894684970403715e+00
9.257573979928231944e-01
1.528096080922947131e+00
1.390823955991626004e+00
8.374811759778604259e-01
1.096340537657026326e+00
9.670028681801866588e-01
5.960490020507629438e-01
1.649798293230311241e+00
1.163563920565944043e+00
1.123378871512630939e+00
2.238463930749282405e+00
7.998450218981232318e-01
1.385428208665219207e+00
1.368529571927830535e+00
1.334366316816848030e+00
1.273360262576530566e+00
9.485314732517301506e-01
1.158411210390327684e+00
5.886629727103189769e-01
1.974669677815007462e+00
1.418138277834901206e+00
1.203857891868228558e+00
9.485745731275847525e-01
1.743508861446620095e+00
1.871698165450082607e+00
9.830337016539827388e-01
1.021950911341067636e+00
1.827604299907211960e+00
9.482327148091260760e-01
1.930711375293844512e+00
1.026832198974359178e+00
1.190454537895399678e+00
9.804964097389931021e-01
1.699636327829092020e+00
9.451859656591149461e-01
5.097967963615946535e-02
9.823853627679010048e-01
1.703788673392441777e-01
6.724301419718728967e-01
2.265965997372771490e+00
5.207849955599714864e-01
9.577167030422754079e-01
1.672297785264849512e+00
1.876647196270570861e+00
6.199045136365427533e-01
9.918513789304707062e-01
1.287105039181542621e+00
1.320985185084435631e+00
9.396864665217494750e-01
1.446333300777154385e+00
1.025219834683342324e+00
1.113286319352170262e+00
1.216573519704535089e+00
7.046394725700995121e-01
2.476227659773930778e+00
1.469042306810056653e+00
2.246892798477188258e+00
1.152021468538061200e+00
1.163952895570909529e+00
2.472411306660690089e-01
1.710604141641210996e+00
1.758980702901364213e+00
7.376447614563464983e-01
8.889615531059970044e-01
1.086132775648948057e+00
6.730777709784168117e-01
1.276360582080038775e+00
1.096428192803102108e+00
1.735001620310164805e+00
1.224260435467387165e+00
1.449000245015906296e+00
1.271815535516082507e+00
8.801857243892537985e-01
7.374352737108430533e-02
1.701811721909726849e+00
1.127325243586662973e+00
1.041889976891743785e+00
1.094855216756894789e+00
4.310448368177764444e-01
1.021742283524996076e+00
1.044523496622008052e+00
9.333512674504889084e-01
5.088026458131746921e-01
1.323572311553232073e+00
2.617577122339938445e+00
1.769595773388797921e+00
1.301702604250837503e+00
1.044949456078604788e+00
1.076598152828655897e+00
1.257765867301810392e+00
8.064138642897088483e-01
9.165302102448837918e-01
1.722475792932192107e+00
1.327778759153406929e+00
1.606538777572145360e+00
5.427146857990289286e-01
1.364299288885743033e+00
4.755281240032606660e-01
1.083185557585970571e+00
1.256999578154564867e+00
1.031486969727269942e+00
1.343769118526725759e+00
5.657428097585308624e-01
6.137724445026270237e-01
1.779009236348585432e+00
1.324918593532698585e+00
1.921003596056193530e+00
1.278018376417183077e+00
1.400228880952794297e+00
1.460719946067248642e+00
1.391770858217013185e+00
1.650369049696677859e+00
1.553498952721124704e+00
8.855375295963712201e-01
1.097789927736328774e+00
1.338091236411207419e+00
7.004684271017354025e-01
1.322686093146557607e+00
1.346714303253151890e+00
1.124974992985310118e+00
1.248726140149311492e+00
1.124832133603596240e+00
1.128243316410733943e+00
8.029915056325842571e-01
2.164904985097598100e+00
1.098542452270520720e+00
1.011846327320974126e+00
1.151875768104829501e+00
1.471313521307060723e+00
1.515090009746246524e+00
6.081113096241731464e-01
1.328564974164533341e+00
1.739099817753963828e+00
7.713989135148739962e-01
1.307759672248522742e+00
1.048556737057600108e+00
2.398980068268613319e+00
1.111715061136857807e+00
1.363505818665827318e+00
1.612134163824733735e+00
1.017624581347208235e+00
1.501098395769638216e+00
6.592337990900096756e-01
1.631422652353586855e+00
1.309851216739533974e+00
1.211408638223981038e+00
1.246764259802585650e+00
1.375344705601861506e+00
1.174712447114364178e+00
1.311286991258531653e+00
7.025458796075221279e-01
1.022145656169164418e+00
1.109412651444591891e+00
1.264739121945007483e+00
9.145333805114702619e-01
1.142268085065069050e+00
1.379908326923383610e+00
1.810238106306162331e+00
9.121588937119948781e-01
1.236778274771016539e+00
1.057512154796892423e+00
1.192420976132103183e+00
9.229947629546779719e-01
7.317848858270245005e-01
1.184658588706870574e+00
8.817583685025934814e-01
8.745895087128429113e-01
1.488566249149555709e+00
1.803467045183611450e+00
7.992415172850084737e-01
1.744556624824482594e+00
1.113020430548251394e+00
1.117579013142724342e+00
1.020716356210662257e+00
1.154388365370503156e+00
1.486248654608359976e+00
1.071966246558340830e+00
1.291528801751927080e+00
1.232078988457823820e+00
6.050004157932389326e-01
4.819864030475942140e-01
1.147530655707829750e+00
1.071966246558340830e+00
6.058862592530736002e-01
8.767028621216007567e-01
1.320792168961865576e+00
1.316159671748178273e+00
1.689123435312454680e+00
3.227534721225825964e-01
1.056633891645149648e+00
1.301702604250837503e+00
1.423452994268482152e+00
1.103479125033820285e+00
7.463282235665841258e-01
5.103922972584985507e-01
1.074171329955488696e+00
1.258118268314379895e+00
9.345286227941008717e-01
1.634862931533793917e+00
3.610207552774665207e-01
1.223787485718799806e+00
2.036627031007595345e+00
5.654762783442293106e-01
1.322903141814637806e-01
