2.117295432118367238e+00
1.142549308705034017e+00
1.274903880383683408e+00
1.105228789777753740e+00
1.305869151188103094e+00
7.103822523168592529e-01
6.945895618839537100e-01
1.931326739738487452e+00
1.114179279992348004e+00
9.905952401696594967e-01
2.028085631478704798e+00
1.311623232809886241e+00
1.963486712228584841e+00
8.076669159196760983e-01
1.160526184552029827e+00
1.040579306218041067e+00
1.309405281008505506e+00
9.279095966712808119e-01
1.216573519704535089e+00
1.056938473526404465e+00
1.143404234394194141e+00
1.128131525435318361e+00
1.449417731417482980e+00
1.294862355173751922e+00
1.385904646223353964e+00
1.303309211389741984e+00
9.331325761406406016e-01
1.015522033658721179e+00
1.123743474194553782e+00
1.798487032722909662e+00
6.492558197342380988e-02
1.257081232421068950e+00
4.030910239185555577e-01
8.258557680744486040e-01
1.284711602750358228e+00
1.107029792918156508e+00
1.765013210044662939e+00
1.130402621394825058e+00
1.427127057429657730e+00
1.774291996910773772e+00
1.295235915998470100e+00
8.344266183379116519e-01
1.039358271371218612e+00
1.094275909822781223e+00
1.448709819905971807e+00
7.783783131729530291e-01
1.319738742093138795e+00
1.350255348812880563e+00
1.115768155924642624e+00
1.314654444258690935e+00
1.755489825662025494e+00
2.195352630116336190e+00
1.238388085667351479e+00
2.331928584932366988e+00
1.141581790070919977e+00
1.562430015172077802e+00
6.681404621067328353e-01
1.622223228583606680e+00
8.310961686624270817e-01
8.217327848791765588e-01
1.718607314812241604e+00
1.019986701527695105e+00
1.755743379940033488e+00
1.257890318605098479e+00
8.675015106004564380e-01
6.228674551142993066e-01
8.517206564521387913e-01
8.846474722345109010e-01
1.305843643021920686e+00
1.576202375865372929e+00
1.163554322920449025e+00
1.739757298367257121e+00
1.117530566691321336e+00
1.453433266044343863e+00
1.464588141688672129e+00
7.329726791509119099e-01
1.865553110272597293e+00
1.590829717782234587e+00
1.437191655351541364e+00
1.589784930471688229e+00
1.077223184294337610e+00
1.266631841297815253e+00
6.451497453220621514e-01
1.085841166655219459e+00
2.017633226524015999e+00
1.352103884189383987e+00
9.419702196497466984e-01
8.885861722111823013e-01
9.042876596937242661e-01
3.905597091112972263e-01
1.880913607474104410e+00
9.084131057703165313e-01
1.141719738279134644e+00
6.873341189726358547e-01
9.472050278769076348e-01
1.697269092980846272e+00
8.109043028069242709e-01
2.256676575111423722e-01
9.535839901012124198e-01
1.526464751463736835e+00
9.163281794091121535e-01
9.632655746417877474e-01
1.306129913303848200e+00
1.167247605446540604e+00
1.185679498211672733e+00
1.460795418148510105e+00
1.327113557618003092e+00
1.303278956589909665e+00
1.667664031626038934e+00
6.323562670707573163e-01
1.305562647375885010e+00
1.695305487004812761e+00
1.522214513356562993e+00
1.023831367674989723e+00
1.007728947008416309e+00
1.413865243452627984e+00
1.094174369929324042e+00
9.455391193838083019e-01
1.088924823818283816e+00
7.482315969073048967e-01
1.021399145232255945e+00
1.127939714664099702e+00
1.875056517538734147e+00
1.247513992648789261e+00
1.381491829922822490e+00
8.156530714471794674e-01
1.437350370774102659e+00
1.239664189651671578e+00
3.312844570676417577e-01
1.319004312616718799e+00
1.213976941274483634e+00
1.532600492104446932e+00
1.570059665845377594e+00
1.428527768031050416e+00
9.224746625822218826e-01
2.350612627808259525e+00
1.021927864681015041e+00
9.308583232937430729e-01
1.756298554332465178e+00
1.098268152926886065e+00
1.127236842036251963e+00
1.062341366704283585e+00
1.860138209078290084e+00
1.120451643858347612e+00
1.217980346383768175e+00
1.180853522452188331e+00
6.663149766063474200e-01
1.482238586043548523e+00
1.447399835176829130e+00
1.248203813377588789e+00
1.366035664406610506e+00
9.755546575058769987e-01
9.480105717615667782e-01
9.712047344307720431e-01
1.744217337249119648e+00
5.358949301820116196e-01
1.175218416107359332e+00
1.487212012298539943e+00
8.467449870053742611e-01
1.427527333539425847e+00
1.688704686182659342e+00
1.160493310565510860e+00
1.068395427719006863e+00
9.346433804068066120e-01
1.842586773960344093e+00
1.570093051542908569e+00
7.807752391395984537e-01
4.295399555597600449e-01
1.219359316915920033e+00
2.030437417213810214e+00
1.010850166720122401e+00
1.248793691107588755e+00
1.378828155611299566e+00
9.263355358151483809e-01
5.035435991247233511e-01
8.842413457202183968e-01
1.473337868092099878e+00
1.208295352735940575e+00
7.539699968438051680e-01
8.752653424498259005e-01
1.315114743125719965e+00
3.171121252378760746e-01
1.212920003585812756e+00
6.604387389995965973e-01
9.584793380950871189e-01
4.954836537834113042e-01
9.547841525200690960e-01
1.313599798231705140e+00
5.767415117213077203e-01
1.486081590814470443e+00
8.063137720418868115e-01
1.112507086588686134e+00
1.618000775599415464e+00
1.828953719380998155e+00
1.313779445684939873e+00
1.252440097742619551e+00
1.212883149315152176e+00
1.323430091781305995e+00
1.155473147050095850e+00
1.567277129828350324e+00
8.189252869429619608e-01
1.469216836523034253e+00
1.296762649773351095e+00
1.763991698316168755e+00
9.650565829759139014e-01
1.296436252283188706e+00
1.135613114076071906e+00
1.343384845971570485e+00
1.821908043266873056e+00
1.078272664357764477e+00
1.306247449153703721e+00
6.691455533088915830e-01
1.307749509551525913e+00
6.912898694057889593e-01
1.297493834493743670e+00
1.035120827727518122e+00
1.344507058116293452e+00
1.169832454813641398e+00
6.352188033138986833e-01
1.875425798193462557e+00
1.476975196933751899e+00
8.752278765819246908e-01
1.081637023118179552e+00
1.955400882393024231e+00
1.153492537574755783e+00
1.501987819362500254e+00
8.880811010805167438e-01
1.434973814047259877e+00
1.488357711426116614e+00
1.504636819427879635e+00
9.396857277975754208e-01
1.671784516319265057e+00
1.198973124965704296e+00
1.009505723453427484e+00
1.048721900346465841e+00
1.404556171913649010e+00
2.696747795701627259e-01
1.383338888324718852e+00
1.452272677151467795e+00
1.111643971462663583e+00
9.623564005735145699e-01
1.256146975529204513e+00
6.561254546446151359e-01
5.360384401940039290e-01
1.092199662477995270e+00
1.085747635790458965e+00
1.862908015304285625e+00
1.832596186935631088e+00
1.164240300280396490e+00
1.379794000222101191e+00
7.399354078123974165e-01
5.619896001314311773e-01
5.267038438918033583e-01
1.727366361148275908e+00
7.324707008806577990e-01
8.888618220948892867e-01
1.665250660010359596e+00
1.019690965942439353e+00
7.196843388862489421e-01
1.175211531540564902e+00
2.126675841203140571e+00
1.119609066544313025e+00
7.552867645061214219e-01
1.017990401953749124e+00
1.158615188492886583e+00
1.095346351780114968e+00
9.590956118873347203e-01
1.451354879351458571e+00
2.278218004151663756e+00
1.032156391020057296e+00
1.292873510850151675e+00
1.473210042105731477e+00
1.264028194564666974e+00
6.199045136365427533e-01
1.286311581735263720e+00
1.356543136865809185e+00
6.551434460517103764e-01
1.617035956379929473e+00
1.841898725026402284e+00
2.682992968242588816e+00
1.733118398833254581e+00
1.896383387160102130e+00
1.081893722311976447e+00
6.662805498704860163e-01
1.068071677692963517e+00
7.290286528466491944e-01
1.108643936470187663e+00
1.138883386655159979e+00
1.126882742071515953e+00
1.003737739899018599e+00
1.361953432621212823e+00
7.742363953894080275e-01
1.516107374160514887e+00
1.634862931533793917e+00
7.814439396151855455e-01
1.574094987639597987e+00
7.791714235878934858e-01
1.521971114479772957e+00
4.503926910833822572e-01
1.192260422691661770e+00
5.383953564429734273e-01
1.176812346560329070e+00
6.239599724270292747e-01
1.855457423357549596e+00
9.457512442561932797e-01
9.930295345934742057e-01
1.118336860022755896e+00
1.447669277355346784e+00
1.323814672594628927e+00
1.066338937328968450e+00
5.096342345410646013e-01
9.494164236784587985e-01
1.269569024542176683e+00
9.243379480266876724e-01
9.501507901074641715e-01
1.056633891645149648e+00
6.782997333971467757e-01
1.471996379298746271e+00
7.578546509909933615e-01
4.244190249246476698e-01
9.497249906635067962e-01
1.705021812886555743e+00
1.070367741949528551e+00
1.048479594291791273e+00
3.248995200660266258e-01
1.540982468685061946e+00
1.669175292570714175e+00
1.331571583720376317e+00
1.690739149803839103e+00
2.081631188568250579e+00
1.107095201743283797e+00
5.998230678909862723e-01
7.721947604784976660e-01
1.329405415633183374e+00
5.526785747737851251e-01
1.131223104140954394e+00
1.139371896875787105e+00
1.405588503191126826e+00
1.096804341640123859e+00
1.274542007295439205e+00
8.831019443793357571e-01
1.211428230021488250e+00
1.512501074683882507e+00
1.072638104690104344e+00
8.784614372737370447e-01
1.107784147463843683e+00
8.109043028069242709e-01
9.858115332331673919e-01
1.575837379104154445e+00
1.667778214798862679e+00
1.321169525667964972e+00
1.294295775423763617e+00
2.294589768937194574e+00
1.581690834126234124e+00
9.220175785361724996e-01
1.069418140734754719e+00
1.076787006399021251e+00
1.261835522942190035e+00
8.967577505856905162e-01
1.093330626511379577e+00
1.004266636548299729e+00
1.156726078462608109e+00
1.464696077501468130e+00
1.308947595481865012e+00
8.347007854850339026e-01
1.522882896554323073e+00
1.323567971492340734e+00
5.231381935349224133e-01
6.492558197342380988e-02
1.401306154188640463e+00
1.914425738397143473e+00
8.495484220522452334e-01
7.575902875359188382e-01
1.471718778023434648e+00
1.734363466675179710e+00
2.262973807180444774e-01
4.543315087882997538e-01
1.434974525624622244e+00
1.221148741660658787e+00
6.457906053175163086e-01
1.046430223815076888e+00
1.842508897714083327e+00
2.063006194921793934e+00
1.175033815767051015e+00
9.749365860053106347e-01
1.620637046131367720e+00
9.607613979984191976e-01
9.685402628020951532e-01
1.467830345702630046e+00
1.916269917393427669e+00
1.478764866274747902e+00
4.467402139753153256e-01
1.273419696490622810e+00
1.158392151455242880e+00
2.279934774926247965e+00
1.063571142218288079e+00
1.109622973608531238e+00
1.231434438048350177e+00
1.328432868079089779e+00
6.592778790484069562e-01
1.137364060679350253e+00
9.759314313006594022e-01
7.799508100694889645e-01
4.148238998220820650e-01
1.002937324803097496e+00
2.047785875318157700e+00
1.585661374577702620e+00
1.032596764840356895e+00
1.139695048803062383e+00
1.733323098417708152e+00
1.012510926294165836e+00
8.213555526904575688e-01
7.234186593139149135e-01
1.091096460531746581e+00
1.321169525667964972e+00
1.220388070469281772e+00
1.269995692403274035e+00
1.223787485718799806e+00
8.895278703960589617e-01
9.193483134297925075e-01
1.160302230625639641e+00
9.675920098726147334e-01
9.534189289380374799e-01
1.553744574323416172e+00
7.991822515856876752e-01
1.113280276160661941e+00
1.293778530268927529e+00
2.867256110964893634e-01
9.651949127386190153e-01
1.596959924603997383e+00
1.083718278081541087e+00
1.600539945838820310e+00
1.132779152590958738e+00
1.475883579971263071e+00
6.825366264888030887e-01
1.653997009683745967e+00
1.755847479206986472e+00
1.296595696411946941e+00
1.640059929171289399e+00
8.137810022799718546e-01
1.117831650854609782e+00
1.620103893193635569e+00
1.573784781536204047e+00
1.074142219347230309e+00
1.290306755414983853e+00
1.164029286660958062e+00
1.622192590359359698e+00
1.353719353140930171e+00
2.179980750603394579e+00
1.284219692397898127e+00
9.612303159687138887e-01
9.049900446194039105e-01
7.640047720403589926e-01
1.904683511448902022e+00
8.276078794735082234e-01
1.211324952548677114e+00
1.480175169590464135e+00
1.039740477151698039e+00
1.027290524204971689e+00
9.662367430913572086e-01
3.385892454306456134e-01
1.281911608937615243e+00
9.986187082678158466e-01
1.014790653931852082e+00
1.314067265211860347e+00
7.643411864458128369e-01
9.995225649068673057e-01
5.440080158759400542e-01
1.342948412727029472e+00
3.844867975140421335e-01
1.024166725761999075e+00
1.463334676907702470e+00
1.005272964986280382e+00
1.271815535516082507e+00
1.190810181077614383e+00
1.278453890489342770e+00
1.092557503071273528e+00
1.443856661704935096e+00
1.179025786398287368e+00
5.427146857990289286e-01
8.311650378399072503e-01
1.043131873552880506e+00
1.346392730567473883e+00
1.100534218821702437e+00
1.364833496151484749e+00
1.303184858394811352e+00
1.111288325116270848e+00
1.218758022914075756e+00
1.956655984909241308e+00
1.763002848216220331e+00
2.226028567702587058e+00
1.048721900346465841e+00
1.032322500815696209e+00
1.190719890567306427e+00
1.736403319703571757e+00
1.241361780360484834e+00
1.458790621434440826e+00
1.533403664878369321e+00
3.715542011606882689e-01
1.822573727091385765e+00
8.381222193318762503e-01
1.437591252867859604e+00
1.446316540998731970e+00
1.063392604739809899e+00
1.106254393248599532e+00
1.908262335673587717e+00
1.781873242831801374e+00
1.020220920171174717e+00
1.697984164748292724e+00
5.769895937204495562e-01
1.218091412465684087e+00
1.048721900346465841e+00
8.199606079933126068e-01
1.639780829734130974e+00
6.644194848820808019e-01
1.305304854911272017e+00
2.060171634709444533e+00
1.122856187333222788e+00
1.041104039607710696e+00
1.440145245559840914e+00
9.601241481323082860e-01
1.234857469318473289e+00
1.308801706193475134e+00
1.982886172643533618e+00
7.029488260897206464e-01
1.561976350274767444e+00
1.582283590737454615e+00
1.032276733351173315e+00
1.050893566698523740e+00
1.875198012764832001e+00
9.390920681704267858e-01
1.257081232421068950e+00
9.965502371206291787e-01
1.414312435229700071e+00
1.213554133592751327e+00
1.096574582658619290e+00
1.378951774076693448e+00
4.170545733805368638e-01
8.809837332114908159e-01
1.149529641943095148e+00
1.184371981046445255e+00
9.196685523085136316e-01
1.613464160172239481e+00
9.975679814318840766e-01
9.292235784434440538e-01
5.712573596024678180e-01
9.124312425240039826e-01
8.528268788404511636e-01
6.967981235718258004e-01
1.165552846607761150e+00
1.325185783493894931e+00
8.162352104257314389e-01
1.257175515129994370e+00
1.223170616988487724e+00
1.250103827158927094e+00
9.991811669693886344e-01
5.734549312851393577e-01
5.815581436785638436e-01
7.619728593765221492e-01
1.243045159808060740e+00
1.369069195023407959e+00
5.705585805852155801e-01
1.303184858394811352e+00
1.421545552631449993e+00
8.898540245228120371e-01
1.600969355356029133e+00
1.839314966036015075e+00
1.643013152892318862e+00
8.364338436698186552e-01
1.384620711528658399e+00
1.193802187077889210e+00
1.126773017850750458e+00
1.303581308075426382e+00
7.528843585404987326e-01
8.408285310137300073e-01
1.258691923607033525e+00
1.163835163104141479e+00
1.091209571154974078e+00
1.135426090185658321e+00
1.597417153240249466e+00
1.366372861374531178e+00
1.994822204798991638e+00
1.080057033438795555e+00
1.714417584476266576e+00
1.549956929413394136e+00
1.246984560351959592e+00
9.495686418384832184e-01
1.110071822707996869e+00
8.051562792657135370e-01
1.271280376068970375e+00
1.427027847916192416e+00
2.361468769786220889e+00
1.409524332051903972e+00
1.171808284752509977e+00
1.797315958306152872e+00
1.369027434352746875e+00
1.498629606715247142e+00
1.618829828883367572e+00
1.340166603567836123e+00
1.620459503094957121e+00
6.475317885874604107e-01
1.076174921342605284e+00
1.433888767720855384e+00
1.054345136081310308e+00
1.131971557182742671e+00
1.055723003914487590e+00
1.017033824862478175e+00
2.238463930749282405e+00
1.345414116533648619e+00
9.414402036912686844e-01
1.707307781572007244e+00
1.163000250056200890e+00
1.358066985713559882e+00
1.146660910236815933e+00
2.106580978656833913e+00
1.778601290585339445e+00
2.328715742396637367e+00
1.911990189581729283e+00
9.740832105137837704e-01
2.545596176824444168e+00
1.185425923913738133e+00
1.934915195075872507e+00
8.398641683023420068e-01
5.907245011421249359e-01
9.490768217566855069e-01
1.000329699446022014e-01
8.086131053901630672e-01
1.187109925430843704e+00
2.157848083151742369e+00
1.173985672009779435e+00
1.657501068128459876e+00
9.383892504686472957e-01
1.831670598890006829e+00
1.347086784681225780e+00
1.040235574878834335e+00
9.034754694755304794e-01
1.047986459182981278e+00
8.712220821259581971e-01
1.225567532928307113e+00
1.231216995234464040e+00
1.564775833005805472e+00
1.364833496151484749e+00
4.779994023621973454e-01
1.588242514772416181e+00
1.687691260321466435e+00
1.375318251199124431e+00
1.037947804995427381e+00
1.712016823424635126e+00
1.219349281942903485e+00
1.175767394626257678e+00
1.853003005700264882e+00
9.417901654122705635e-01
3.773947620544864101e-01
1.588766135184454642e+00
8.652656194943212364e-01
1.397022353827799268e+00
1.601898084258233990e+00
1.703446317984491865e+00
7.162493405386183287e-01
1.259956006872634093e+00
9.915293994272719180e-01
9.947293082863256641e-01
7.354885751384611092e-01
2.259034439988293563e+00
1.216319132362913003e+00
1.252772893153610845e+00
1.257802097328418300e+00
7.757060220285437735e-01
1.161469431696154464e+00
1.653024148539537830e+00
9.198411401432966539e-01
1.316047611322770816e+00
9.541318316822845480e-01
1.106376551927450214e+00
1.194438011244836506e+00
5.886629727103189769e-01
1.288536754239552051e+00
1.567430391282083724e+00
2.814709016361029437e-01
1.061820119531924567e+00
1.119012197730687719e+00
1.425471891972989180e+00
1.110720260607310106e+00
1.073716708309052859e+00
5.350145618930434166e-01
1.495931483998673928e+00
6.895725575769772187e-01
1.119658017305411812e+00
1.018577312490796416e+00
1.741266457452671501e-01
1.295311528840474402e+00
1.394017575992747338e+00
1.242390166047499189e+00
1.082390821159265881e+00
1.040281768715274335e+00
1.186204885380892859e+00
7.329231937187262735e-01
1.065428840054255089e+00
1.484210472287585736e+00
1.433366150220269475e+00
1.620399040813098157e+00
1.078645509733620056e+00
1.209653340384124309e+00
1.116711424098220995e+00
1.412356063145776996e+00
9.367181379627713689e-01
9.256434148791852223e-01
1.028077681359283346e+00
8.656403913064415478e-01
1.190775659991176960e+00
8.671677002954368829e-01
1.496971055197462652e+00
1.331611334693952209e+00
5.673240189055380744e-01
4.947326109267428662e-01
1.132000930507225167e+00
2.082199138814060380e+00
1.039256924577634411e+00
2.324323470714924955e+00
1.385281863126215596e+00
1.307095715493527655e+00
1.096412604958109993e+00
7.788146510247927479e-01
1.408280349617086591e+00
1.127524413824919858e+00
1.276535949515014590e+00
7.769999107137597338e-01
6.053098155651946005e-02
8.534103884642493254e-01
1.121245161631347909e+00
9.243379480266876724e-01
8.702582771294438135e-01
1.685215808787720482e+00
1.492558798882035243e+00
1.025669384102100512e+00
3.686259315190536512e-01
1.311132260001121708e+00
1.272626079951034939e+00
8.244133689092122408e-01
1.152858855000346239e+00
1.023981831514935603e+00
1.173244200454321318e+00
7.606452680773153618e-01
1.197051773680579023e+00
9.796092502606227326e-01
1.131550646778730851e+00
1.331855523502833316e+00
1.284119622083579770e+00
6.209710795408883710e-01
9.184736775419564125e-01
1.802173147448114854e+00
5.739113108876794378e-01
1.354614740495429182e+00
1.691514369940459339e+00
1.028301573770336486e+00
9.045809608001637026e-01
8.679855763199721963e-01
1.217020017068373150e+00
1.527458479916434575e+00
8.691090817302083993e-01
8.267016884527805809e-01
8.818907311028831852e-01
1.426014715418623569e+00
6.032160585470069947e-01
1.111460552798815726e+00
1.258570601978710179e+00
1.342948412727029472e+00
9.524659191753996890e-01
1.231186550304849803e+00
9.913575635152374055e-01
8.948797802609045338e-01
9.737135490610220323e-01
1.465931812169021242e+00
1.140581669252019648e+00
1.238162442988779199e+00
2.058063263492550643e+00
4.228134796269584772e-01
9.470102702618524715e-01
9.968007381883255968e-01
2.961294591715698532e-01
1.321092551779074142e+00
9.894668285135985730e-01
1.162980919768919819e+00
9.743026171218269749e-01
9.695526984793169101e-01
1.590338568570436539e+00
1.180398485169762202e+00
9.952059642830652919e-01
6.621751643790222408e-01
9.110949823562036753e-01
1.494462813622808195e+00
9.602054473597256834e-01
2.054490233067642446e+00
1.772192579058099016e+00
1.148322269014600661e+00
1.055224597883812843e+00
1.728323615122855594e+00
1.282740889676078799e+00
1.239664189651671578e+00
8.419243586984423988e-01
1.170574678894703569e+00
1.549889329330983001e+00
8.331262498182063769e-01
1.574319279749555323e+00
8.517206564521387913e-01
6.155974317858046163e-01
1.353926955358794482e+00
1.172327920728678308e+00
9.326125961381913632e-01
1.146066727221071613e+00
1.440688819275724564e+00
5.579218499382271323e-01
1.513994257015224276e+00
5.670923561937922797e-01
6.528604247549928408e-01
5.444025827072278556e-01
1.991248029101760020e+00
1.646564772772286966e+00
1.154801745833220261e+00
1.711762477598838927e+00
1.203460038718361380e+00
1.282378049968001088e+00
7.088223845960305303e-01
8.226652263599160131e-01
1.141944209761486473e+00
1.689085143128627120e+00
2.533436914766606929e+00
1.134578998442595577e+00
1.593866579109879611e+00
1.391301325873568251e+00
5.639779040580061853e-01
2.035252660425951543e+00
1.117641413203472878e+00
1.197435771726921727e+00
3.938418871188832382e-01
1.216856304024892532e+00
1.205911262382299620e+00
1.187936876201142411e+00
1.611375248110786584e+00
2.239333827997250115e+00
4.036519607830228451e-01
1.227776197687876492e+00
9.810940574877715648e-01
5.055706772413744998e-01
9.613743486279869854e-01
1.680924900763820728e+00
1.047783096443090534e+00
6.810226093772431266e-01
1.179440724675942409e+00
1.016122387781660752e+00
2.331896427782162995e+00
1.543952758037488104e+00
1.183482493436102123e+00
1.279959299538169226e+00
1.161150753047697215e-01
1.614622072421664445e+00
2.253290803861980884e-01
1.462703854794654479e+00
1.419597004419268504e+00
1.202630954803716623e+00
8.540457306044284547e-01
1.183482493436102123e+00
4.758934855270059439e-01
7.417326721093105979e-01
1.205911709743704430e+00
1.090478095095424926e+00
2.890849489804693806e-01
1.049724249479013771e+00
1.191047266596207965e+00
1.021418588494020785e+00
5.643312085984936166e-01
1.505936052782279599e+00
1.080188846978872741e+00
1.630543632524114939e+00
1.167919439150207461e+00
1.153668759535142030e+00
7.304760004729643486e-01
6.243352103952326537e-01
1.173807660631695615e+00
2.396839778754809858e-01
1.136793022804469810e+00
1.542849635601819758e+00
1.211057550035811836e+00
9.760110945831975693e-01
1.208300614494025815e+00
1.293371274351848399e+00
2.234420206894564664e+00
9.743026171218269749e-01
1.043899304318204102e+00
4.707205541945641003e-01
7.568321413495643357e-01
1.317454612294581606e+00
1.231628703207797715e+00
9.921876800894390280e-01
1.581690834126234124e+00
7.455750341669105108e-01
1.770779323603125066e+00
1.013343273111083409e+00
1.060124303864310225e+00
1.734846348080224088e+00
9.367181379627713689e-01
8.697606628574527932e-01
9.768831880163897363e-01
1.570083061084434961e+00
1.060819629057971669e+00
7.126754443606864164e-01
7.783783131729530291e-01
1.380314343527185850e+00
1.342520481303765001e+00
1.422518662933424549e+00
1.156726078462608109e+00
3.367239929412773058e-01
1.278878691303723780e+00
1.595271959985903543e+00
1.271942296529791072e+00
3.952398407633602173e-01
1.878982018621478955e+00
4.462314345517262026e-01
1.122624546424710434e+00
1.449675827447046039e+00
9.993220287636690458e-01
6.414381649229753402e-01
1.051133532527514181e+00
5.142554686444713585e-01
1.157717750291115122e+00
1.083185557585970571e+00
8.109043028069242709e-01
1.709105223775143401e+00
9.004714498200880879e-01
1.707836635710300088e+00
5.734694161670568224e-01
8.094105449566505461e-01
1.813806564607234550e+00
8.517054444146615610e-01
1.089902162746803072e+00
1.163000250056200890e+00
4.654768957288560882e-01
9.047116321193889865e-01
1.050671209956145713e+00
1.309794770941722364e+00
9.550798385947145697e-01
6.307695922900493635e-01
1.117249212475404541e+00
1.044960542170124684e+00
1.117394123483409052e+00
2.106445233370795922e+00
1.633956531680880397e+00
9.224746625822218826e-01
1.058955987309492031e+00
2.214636789461099653e+00
1.278453890489342770e+00
4.491728844320518887e-01
9.953901090180555800e-01
9.837646475239494315e-01
1.426557050587410780e+00
1.131223104140954394e+00
2.008866863212645626e+00
5.431333915420554215e-01
1.061362765081693471e+00
1.092816819889976365e+00
1.245533359398647288e+00
1.223943556422086631e+00
8.984186972175018937e-01
9.685402628020951532e-01
1.175231060130027538e+00
1.154292205239251912e+00
1.205819865583522610e+00
2.448013539790555804e+00
8.728595481216839813e-01
6.846323041959440081e-01
9.352088529206212808e-01
9.687193767318519333e-01
1.084170020059001649e+00
7.854422894972979963e-01
9.913317381936506134e-01
1.484892019863840229e+00
9.221377192070443485e-01
1.173007920568753804e+00
2.157848083151742369e+00
1.333957583561047322e+00
2.244833885067605284e+00
7.942923598482314329e-01
9.201741290405669460e-01
9.845905700063244392e-01
6.995309755126182250e-01
1.778601290585339445e+00
1.257101863519723750e+00
9.952059642830652919e-01
1.019971074338547057e+00
1.851063337873038783e+00
1.184086259940137831e+00
1.683529556043423803e+00
1.082382635829074014e+00
1.018476631093874429e+00
1.121889772198870983e+00
1.472581314345336123e+00
1.739534637134362516e+00
1.071297747558637825e+00
9.802256058534130068e-01
1.903673893824546992e+00
1.887167543683404114e+00
1.550160195430350329e+00
1.513921876374650033e+00
1.287244034624048794e+00
1.371579410458244830e+00
1.882160769417992041e+00
2.001563405147370744e+00
1.192560329672047503e+00
7.417326721093105979e-01
1.473228556841755132e+00
1.155923147969124098e+00
1.596916395235148167e+00
7.729538935175964687e-01
1.615537073801318613e+00
1.739361173863965604e+00
5.433179966602740274e-01
1.078502119295147166e+00
8.795849866118021776e-01
5.978984130507403183e-01
4.655841827687050016e-01
1.589784930471688229e+00
2.078963362311630370e+00
1.103268012838773959e+00
1.220917007281419941e+00
1.247853564176660157e+00
1.353232875156209269e+00
1.874441735262719622e+00
1.018919167249176194e+00
9.445505366515630774e-01
8.527509095087151270e-01
8.686711696429560980e-01
8.480804631290078666e-01
6.650956388311995982e-01
1.691738665313897716e+00
7.470862405581005783e-01
9.692875970831480448e-01
1.441842788992083069e+00
9.706713985983667081e-01
1.336218748726737182e+00
1.520165155181359973e+00
1.025506666679903756e+00
1.446753733470344416e+00
1.073163458495353995e+00
2.147140538847205349e+00
1.613438993967358348e+00
1.516269390371973280e+00
1.738475097255201662e+00
9.212790371475904072e-01
1.142549308705034017e+00
1.245086687279959525e+00
1.523067662047249859e+00
1.041412042545469818e+00
1.807621555224692811e+00
9.452035547975012886e-01
1.719576066941836734e+00
1.472738451106064606e+00
1.732752087574022770e+00
1.112835658235040492e+00
3.716763455989388065e-01
1.264495818005413996e+00
1.186920525308918117e+00
1.149271510095317028e+00
8.360113208299245757e-01
4.094208666187620360e-01
1.203643381386358957e+00
1.180741171449113391e+00
1.584748115745062913e+00
1.099812144713204987e+00
1.163070406494399522e+00
1.470206579934216773e+00
6.813231158985177949e-01
1.057757624101332672e+00
8.540272483522842739e-01
1.283423411525055347e+00
1.963918668574720749e+00
1.036314176810389176e+00
1.589577973696651769e+00
1.062734369505291543e+00
1.452218030263916715e+00
6.937638303142358298e-01
1.034584654448953867e+00
6.407353286714725371e-01
1.321092551779074142e+00
1.272905152144185426e+00
1.873218819254746093e+00
2.258519424263205622e+00
8.504317926195326116e-01
1.248167328241515994e+00
9.368713096826359887e-01
3.380215683867539012e-01
1.521664589109944732e+00
1.658862425751880698e+00
1.050239023268578764e+00
1.041968485304115566e+00
1.507768716585144109e+00
1.034591769715654141e+00
1.496176220108214716e+00
8.541861610944850858e-02
1.073258177781739819e+00
8.517129420751904378e-01
1.121975620867511569e+00
1.306059701874275447e+00
1.314481637416244020e+00
8.854712764501110334e-01
1.295130168330021592e+00
1.731798104770034596e+00
1.180186857245292265e+00
4.221354586193451497e-01
2.011138895262905901e+00
6.809140877727996033e-01
1.226292557660783711e+00
7.757239280952279437e-01
1.546984928983107910e+00
2.164088327186687088e+00
9.913015165365911541e-01
1.837740289869468135e+00
1.805041279934494813e+00
9.725388051288179625e-01
1.221567164097576264e+00
1.093023653925961014e+00
1.045917883677119242e+00
1.041764295849729738e+00
9.624922789983810789e-01
5.145069491115663585e-01
7.975084589989102080e-01
1.184693651795850178e+00
1.325650639464739822e+00
1.998256203223540917e+00
1.154292205239251912e+00
9.346781053127406480e-01
1.339533516518968792e+00
1.110388348711956130e+00
6.998640016123081065e-01
1.599572524646612759e-01
2.353849337187493784e+00
2.367944318398638615e+00
1.291322229528653720e+00
1.339540512374231662e+00
4.920537331994715990e-01
4.104756955327248380e-01
1.068390947126534929e+00
1.155355845461713660e+00
8.750519475253215607e-01
8.442293506207020348e-01
1.030180177295757060e+00
2.001190633044248823e+00
9.125252998361192969e-01
2.132138292724134132e+00
1.607499396046888851e+00
1.260170296997928929e+00
1.705655060896226205e+00
7.463765676694096296e-01
9.061056382484918847e-01
2.044668397951260985e+00
1.235986148108506599e+00
7.164406346080891552e-01
7.852366750808810192e-01
1.088875910474581765e+00
9.397284114395234589e-01
1.754155750224740684e+00
1.154180485669956235e+00
9.709354676884132118e-01
1.485378715977121011e+00
1.225621041301810044e+00
1.243567259590200536e+00
1.123311116940312715e+00
1.777850454869759345e+00
1.996438053062350004e+00
7.769999107137597338e-01
1.017990924761388083e+00
1.410985850862221946e+00
6.245939268976028469e-01
1.893136116036796546e+00
1.204417494791693466e+00
1.073876473052849612e+00
1.525985291285118839e+00
1.509662348947411914e+00
1.034395450407450845e+00
1.079498837642801856e+00
8.436818618566731542e-01
1.201747792237248147e+00
1.058557102911147574e+00
1.095886899032165518e+00
7.957068281720774960e-01
9.620959473620871449e-01
9.622275688193644427e-01
9.959547636341485877e-01
1.988823914477567900e+00
6.402762697617425669e-01
1.204159697977556842e+00
9.559969526646404647e-01
5.719978301957900912e-01
1.442297997471803983e+00
1.315432850551397914e+00
1.146108481635266907e+00
1.675715234687857436e+00
9.678354675934061069e-01
8.536694453144649808e-01
1.356719721276246737e+00
1.263342275775230839e+00
5.508534027421851942e-01
1.237078453995479110e+00
8.336115374659057720e-01
1.335106566358009506e+00
1.041870726453915319e+00
1.106021583027613886e+00
1.243279148183706662e+00
1.979292671083112909e+00
6.018591822389701695e-01
1.258845073467077524e+00
1.334528028314731385e+00
1.629860437507216986e+00
7.373506685801514138e-01
1.140201956074268663e+00
1.528589594001321439e+00
9.134362990376658775e-01
1.061967779251452138e+00
1.914522293022425048e+00
9.455663720176390452e-01
6.990329530691686832e-01
1.369046515737180503e+00
1.588319518512186113e+00
8.058349454332977002e-01
9.399762145189913820e-01
4.393961243159019148e-01
1.767033390020261940e+00
1.020300318271781803e+00
6.810226093772431266e-01
1.705931919216726822e+00
6.806466293566910686e-01
1.146921861773106732e+00
1.096382104810585734e+00
1.289182976334656727e+00
1.918256962657635789e+00
1.860348625484876228e+00
1.246117789573115697e+00
1.900453590328157638e+00
6.681402152949120765e-01
8.502261111154352236e-01
1.140739156163539825e+00
1.101058383131190865e+00
9.309344195324307236e-01
1.172327920728678308e+00
1.053918273699611552e+00
1.010306290683149477e+00
1.282165202230961309e+00
2.030437417213810214e+00
4.749741761500043680e-01
1.145701687104290434e+00
1.964686902953525438e+00
5.916208299750785882e-01
1.049342510940347806e+00
9.581021929807240767e-01
9.969143610299978642e-01
9.425860549112249354e-01
1.073978804128426612e+00
1.020547018270046014e+00
1.460202443732528721e+00
6.492398762992993566e-01
2.330741957273393616e+00
1.967131466799091788e+00
1.208037191197463667e+00
6.099301222360554720e-01
1.651392663549492656e+00
1.373452144870631830e+00
5.855208207089747097e-01
7.679144087149862852e-01
9.562079454172873749e-01
8.344248245607366332e-01
6.639027223299861502e-01
1.524315554716701104e+00
1.516842048437953672e+00
1.943612124261410834e+00
1.867787406233275771e+00
1.210764111179322366e+00
1.505576332879521750e+00
1.169924793165024512e+00
1.148916585972625803e+00
1.115821303296124167e+00
6.895725575769772187e-01
1.035967325336096589e+00
4.649315846584177736e-01
1.281148927794482972e+00
1.460202443732528721e+00
1.050630878493324483e+00
2.549904741943638808e-01
1.215751531028626431e+00
5.654978980615359418e-01
9.774284526973340270e-01
1.190810181077614383e+00
1.232593401990869086e+00
9.593138909706979689e-01
1.065428840054255089e+00
1.707373969295315153e+00
1.198897685171198990e+00
1.280050621338177042e+00
6.024682807372165882e-01
1.181454198190105220e+00
1.451354879351458571e+00
1.780304163652206784e+00
8.910885581483621865e-01
6.492558197342380988e-02
1.100211369425461383e+00
6.269539305675538854e-01
1.430265111483339124e+00
1.460408075563432551e+00
1.351018834280341530e+00
1.750183935024506088e+00
9.036015175521007192e-01
1.336025034733618444e+00
1.179506716495081875e+00
1.401898448921754303e+00
6.267957343272897441e-01
1.552026027183087908e+00
1.136148506994620000e+00
8.585673397708236676e-01
1.374266857167933287e+00
1.732397454704138973e+00
7.369954535865290701e-01
2.574230813430912201e-01
5.982535138969872213e-01
1.340461416657706017e+00
2.516902726107136390e-01
6.715422712804397509e-01
9.602982932711942032e-01
1.659543250616587251e+00
5.576716058331092629e-01
1.623156649844854194e+00
1.277989576672194927e+00
9.295177264303964293e-01
1.068854647437067706e+00
1.759680808429775700e+00
1.880262178979398069e+00
1.403373961010442317e+00
1.136091688971931024e+00
9.242614055206940238e-01
1.972840623422527528e+00
1.310543669560514157e+00
7.695920311051421825e-01
1.260049641879261051e+00
1.203217950383599577e+00
4.253220264434121045e-01
3.137434184682100780e-01
8.198712570060363580e-01
1.741296317012893669e+00
9.375431519005137382e-01
1.130717723891851101e+00
1.484872586559715213e+00
1.376920431886707874e+00
7.372235969953536694e-01
1.812580985139863543e+00
1.284488752383861510e+00
1.066962850794542561e+00
1.139235751839716704e+00
1.337469844803573560e+00
1.404927885491614514e+00
1.335198169324648187e+00
9.630411979624221575e-01
1.229037845246915062e+00
1.198310642730677333e+00
1.757560366039357946e+00
1.360474825830078283e+00
1.333321795674776489e+00
1.062799635566016088e+00
9.056823280014902888e-01
1.096247228244805694e+00
1.526197591569760315e+00
6.730777709784168117e-01
9.586034215831245042e-01
1.034547051683529562e+00
1.591701523734321722e+00
2.039468144451536347e+00
1.070896712794481731e+00
1.437641027360032187e+00
1.287200601182308501e+00
9.340938871224266915e-01
1.138694312772634554e+00
1.106197428589435594e+00
1.067878891063051006e+00
1.146019300025185483e+00
2.110945009352708901e+00
2.516220442511251654e-01
1.130784551585628295e+00
1.191581787966566885e+00
7.518609705788307229e-01
1.142647580694562848e+00
1.091649365860358101e+00
1.230938189619484646e+00
5.113989345456154689e-01
4.695369733024906678e-01
1.066244595231489845e+00
9.805665684479096811e-01
1.581821332374901967e+00
8.169714111929157196e-01
1.284191364681656955e+00
1.515960930339413038e+00
1.453421273444155837e+00
1.471827763026839042e+00
1.347615436881510531e+00
1.031479188778892109e+00
2.112395049542888648e-01
1.023630351991303256e+00
9.729627288974340704e-01
1.010474926942927176e+00
6.766523869230302024e-01
5.105821583693392895e-01
1.394392721650999256e+00
1.818774865459553691e+00
1.306685718634045923e+00
1.072084374433628140e+00
1.184664301196957759e+00
1.393343010041995012e+00
1.001364866387098651e+00
6.393811588711989513e-01
1.458358816133232372e+00
8.051562792657135370e-01
1.044549553921372054e+00
1.250587708354133021e+00
1.030676069733960754e+00
2.103557187823067220e+00
1.010672017007449464e+00
1.017282659620872387e+00
1.733118398833254581e+00
1.246628126722245877e+00
1.229526139290407105e+00
1.191456946106265846e+00
9.001831725160691633e-01
1.275509902284602815e+00
1.134578998442595577e+00
1.473317084605913152e+00
1.777629819686252555e+00
1.493399314311899539e+00
1.257661789971172173e+00
3.813722190445275606e-01
1.187561961436158553e+00
1.096061910915442361e+00
1.201191311473140066e+00
6.194272930884809902e-01
1.332197659412938995e+00
7.513229635742358914e-01
1.680526696288045407e+00
1.778601290585339445e+00
7.094491577633623702e-01
1.101729316456087071e+00
2.308013915497942214e+00
1.271815535516082507e+00
1.543679772787027948e+00
1.054256385845342647e+00
1.249996955292991707e+00
1.422833871809753736e+00
1.705182591685072024e+00
8.930387212392836283e-01
1.785267851959214225e+00
2.674033275307678537e+00
5.478980395443567852e-01
4.725113006221113299e-01
1.035291804801981463e+00
8.344248245607366332e-01
1.322435479453311080e+00
1.212762621301347377e+00
1.195518826200407059e+00
1.720981242858180771e+00
9.485344397423134399e-01
1.450914421724539993e+00
6.347280018940508750e-01
1.055697292862484371e+00
1.128333751046850963e+00
5.552363040854561005e-01
1.356894020684431323e+00
1.054293278425413316e+00
1.240612733150084024e+00
2.239135030588612629e-01
5.391059094751545766e-01
1.012310560829965400e+00
8.286595785948693837e-01
1.333502607140516494e+00
1.357614381550722005e+00
1.191329393067229736e+00
1.307933610095511234e+00
1.000741119789166467e+00
8.213555526904575688e-01
1.041870726453915319e+00
1.382920974385039692e+00
1.405286349898655640e+00
1.229718702568191324e-01
1.189367488510795656e+00
1.034783471317112680e+00
6.060079804276582438e-01
1.582547662961580226e+00
1.342520481303765001e+00
1.067251488875350152e+00
2.117870213003739455e+00
1.158447914874547457e+00
5.745813210381500724e-01
9.061056382484918847e-01
1.016226629574703111e+00
1.000329699446022014e-01
1.387122825727612030e+00
1.353551439564826042e+00
7.286977980702994406e-01
1.031957807252790849e+00
1.001913491322237837e+00
1.192560329672047503e+00
1.231153167367931012e+00
6.744079689123783083e-01
1.820290385846039305e+00
1.552216091288719069e+00
1.495770427010014281e+00
1.619890375303114860e+00
2.184032053930073491e+00
5.950682656883180544e-01
1.803408633494166580e+00
7.627277956692845029e-01
1.269232140206176584e+00
1.240278126759308375e+00
1.280932822294378770e+00
1.306457741723970667e+00
5.991222134880189731e-01
2.135544784175055000e+00
1.705008716686249981e+00
1.165264667083224515e+00
1.305473387263835772e+00
1.049301561706751817e+00
1.388350927541969648e+00
1.085972159940874038e+00
1.327572674665261632e+00
1.533874728117223807e+00
1.077425587612343083e+00
3.973681257052074089e-01
6.537917765211520571e-01
2.457375288276577585e+00
1.550165524191434052e+00
2.117870213003739455e+00
1.057451720282348129e+00
9.160979158435278435e-01
1.476975196933751899e+00
2.188799447292252287e-01
1.093224587829329408e+00
7.415336047277141240e-01
1.188071871030061288e+00
1.120923282102147311e+00
1.291416430820895078e+00
1.620978849390364740e+00
1.205229650276279152e+00
1.081325757332628701e+00
4.937377694103818881e-01
1.356162818804527381e+00
1.596630089547838471e+00
1.049221526592098774e+00
1.211489909526457520e+00
9.495369778824772622e-01
7.546360983725195481e-01
1.430265111483339124e+00
1.107631657886577692e+00
1.147415827522199505e+00
1.769595773388797921e+00
9.303079192169797507e-01
9.170854179935250539e-01
7.703801331241229011e-01
1.361754881947513596e+00
1.999686148823598186e+00
1.876839351897684471e+00
1.039875787568387278e+00
9.190521845707258497e-02
1.357724916464932763e+00
1.182543162318284491e+00
1.513327134774990590e+00
7.848972112154617431e-01
1.850764732668083390e+00
1.184228550025284266e+00
1.498240310570935208e+00
1.421124399997762078e+00
1.851503172467727110e+00
1.727952154568872745e+00
1.629783045201497860e+00
7.046826437841415824e-01
9.104430819898962080e-01
1.769595773388797921e+00
9.304009577345870863e-01
1.273363471482060305e+00
4.039232460971773908e-01
1.342425492562459466e+00
1.215578115294340122e+00
6.842815818573397824e-01
9.776233472984988682e-01
2.055584883899179260e+00
2.821291341246541240e-01
1.222997568715886274e+00
1.235714407441191653e+00
1.744435345981065533e+00
1.083271784747295685e+00
1.220388070469281772e+00
1.854501127031113583e+00
1.505936052782279599e+00
1.514041772627443549e+00
1.355837362124854950e+00
2.099143495771878865e+00
1.284710109081823148e+00
9.612306703631835481e-01
1.496938172176076165e+00
1.263158915886369194e+00
1.565441997009243913e+00
2.896951256490082338e-01
4.786273367517721589e-01
1.003665175424401923e+00
1.546712126450704217e+00
1.150255192319883601e+00
1.646472338186703688e+00
7.603952229073321911e-01
1.502874706841258456e+00
1.122228541069445695e+00
1.345775062866480409e+00
1.076912736796675318e+00
8.976556342854988824e-01
1.175939465726117517e+00
1.341904112919000358e+00
1.459784853692982720e+00
6.900459663941925781e-01
1.175485029791202507e+00
1.860348625484876228e+00
1.928445412102129941e+00
4.945965964924391445e-01
1.092199662477995270e+00
1.078960967111141089e+00
1.135461003171522432e+00
4.310448368177764444e-01
7.109292349335845085e-01
8.056658032700818595e-01
9.933543448033043122e-01
1.663883209126141516e+00
1.878428904560387469e+00
2.194781626817362330e+00
1.369412689683339623e+00
9.307038733354555671e-01
8.215901575140446278e-01
5.432118226367609326e-01
9.037688622436366170e-01
1.132371134242356359e+00
9.197535492823337711e-01
4.371873144379578302e-01
1.858522456872922168e+00
1.214489640783458002e+00
1.188410708384196379e+00
1.901122466031893499e+00
1.462597539856385520e+00
1.032527437120044356e+00
4.786273367517721589e-01
1.311305390699022633e+00
1.656671300163314431e+00
1.541629976192558260e+00
2.017179716782297572e+00
1.847461443969181438e+00
3.132087504370335007e-01
1.055255838627418230e+00
1.047543584003181483e+00
9.300145964275280397e-01
7.864753037284433201e-01
1.133794112059283155e+00
1.191856059139326574e+00
7.435462534744156082e-01
1.114443635380859776e+00
1.287636248059335964e+00
8.442293506207020348e-01
6.955820711482878504e-01
1.132779152590958738e+00
8.897559566920113516e-01
4.166819518480067153e-01
1.667049961426447124e+00
8.280202435679676620e-01
6.100994024870332044e-01
1.154116956430777607e+00
1.512242723226488339e+00
8.431971575184467049e-01
1.158507504810641020e+00
1.287900065330852994e+00
9.428029915386474391e-01
1.048712583263825993e+00
1.466663592086331125e+00
1.231551599023756216e+00
5.299044277760041055e-01
5.537607258587452508e-01
7.440892950530971772e-01
1.832326083280278795e+00
2.156827508906779267e-01
1.181807051887336257e+00
1.468432703749240620e+00
1.824221265549320403e+00
1.181316783314436680e+00
1.716230525840924726e+00
1.013186648728542805e+00
1.104028741689895288e+00
5.619675869026974357e-01
1.552061273872991976e+00
9.104297966067840253e-01
1.870092423068577592e+00
9.607753860171165394e-01
9.172295838404601609e-01
9.625968678937046885e-01
1.212921252252437965e+00
1.182641152892183634e+00
9.726653729197863862e-01
1.477651768112175690e+00
9.279956411185511511e-01
1.832734205763055346e+00
9.010193123917743518e-01
1.483087094864447231e+00
1.082752848689461977e+00
9.399762145189913820e-01
6.051840487828491488e-01
1.446995069904917885e+00
8.576041149279550746e-01
6.233826411070185758e-01
8.804295579126700799e-01
1.054178565196599804e+00
1.578255449976215585e+00
6.505011400789300069e-01
9.985136594409236288e-01
1.891935588488981690e+00
7.349321250924334414e-01
1.077653575837010269e+00
1.237913910752096669e+00
6.504519420640767491e-01
1.709137767235569427e+00
1.373061094495891199e+00
1.491040356624344865e+00
3.715542011606882689e-01
1.560248769705996130e+00
7.757564719367161521e-01
1.358884610221630762e+00
1.589530144845765935e+00
1.012473735691522103e+00
6.775863356115727765e-01
1.247346772312804219e+00
1.542785355894686905e+00
1.008109515229849151e+00
1.202892227984235118e+00
5.870628372619066671e-01
1.369704871027608517e+00
1.308447208407282236e+00
1.134338572903836218e+00
1.252778378865625930e+00
9.186596621304349286e-01
8.861047063920445277e-01
1.314797004257394430e+00
1.291371663347869347e+00
1.167247605446540604e+00
1.166070156781654932e+00
2.008558194862751556e+00
5.212820454072765175e-01
4.775271647869558933e-01
2.248658669348807815e-01
9.760964176690555272e-01
