9.169457673236754980e-01
1.147556621742616745e+00
2.341927538122178909e+00
1.547343126637255706e+00
1.311305390699022633e+00
7.172582707079427911e-01
1.934174015754547060e+00
8.783978361537292390e-01
1.336375882025788497e+00
1.362986387173953373e+00
1.504636819427879635e+00
1.600569458595748840e+00
1.122228541069445695e+00
8.478263283491060953e-01
1.820637548987566579e+00
1.499320042845984524e+00
8.056658032700818595e-01
1.181361912713997375e+00
1.891773170657389258e+00
9.122044308251753275e-01
1.281136614675237650e+00
1.221267120994384614e+00
1.132163411648501761e+00
1.011346260369000216e+00
8.819153427798142042e-01
1.671386677462383119e+00
9.869197369380242613e-01
9.628327714557084471e-01
1.826132344273043273e+00
2.312081161538861451e+00
6.608016210064342477e-01
1.254609062866478331e+00
1.649984833860874689e+00
1.042374856319405296e+00
9.839499399127559220e-01
4.000329575139573990e-01
8.890824832428692037e-01
9.367181379627713689e-01
1.364739617297272778e+00
1.568412326373686216e+00
1.368299897825743239e+00
1.523067662047249859e+00
1.346392730567473883e+00
4.589379609312012609e-01
8.900872610049652689e-01
1.255888340098683775e+00
1.190015994873053096e+00
1.110720260607310106e+00
6.716488283251591529e-01
1.679925601670998692e+00
1.197540317679207655e+00
1.541445555672628975e+00
1.301047133537470923e+00
1.293743042596727788e+00
5.434341814963548067e-01
2.396839778754809858e-01
4.456406557697989990e-01
1.714814485110980780e+00
5.415851133146211138e-01
7.194875954215917968e-01
1.433999074691385323e+00
1.346627200748356179e+00
1.365289397092028789e+00
2.033549101401410653e+00
1.448327066311164701e+00
9.641986767080928944e-01
1.660817392836802409e+00
1.508103121709146510e+00
1.904178793872136621e+00
1.476936638387108536e+00
9.973676163920758286e-01
1.893101986720199248e+00
1.938725162222979526e+00
1.901122466031893499e+00
5.898124879015753663e-01
8.594029279110197983e-01
1.249628209268947687e+00
8.519863086637348148e-01
1.691214998659021251e+00
1.032796412440210476e+00
2.434581089794335185e+00
1.800705691359294480e+00
1.049388782169989653e+00
1.045925127335343818e+00
1.452272677151467795e+00
3.253349960818003317e-01
1.252678617149981743e+00
1.297827615637643373e+00
5.639779040580061853e-01
1.374266857167933287e+00
9.843522144586865918e-01
1.308417936783248692e+00
1.834841348014827123e+00
1.283508577517049609e+00
7.646567694745992627e-01
1.399231754822522378e+00
5.413722355539073439e-01
7.563259450708136322e-01
3.639791865450034969e-01
1.620754846454256271e+00
1.528885933282880583e+00
1.316668901845250428e+00
6.783658795075628856e-01
9.901583969872582713e-01
6.100994024870332044e-01
1.187314947673282495e+00
1.297522996387813210e+00
1.056400160428501822e+00
1.238620483764283353e+00
1.756298554332465178e+00
7.062624395321018822e-01
9.907731850758740855e-01
1.107680308301583150e+00
1.056938473526404465e+00
2.038687928891243395e+00
1.426535734813477507e+00
1.125045872236404954e+00
1.386391653203567609e+00
1.611680112361121520e+00
1.402201424636420946e+00
1.202811255010476144e+00
1.209875219875117258e+00
1.116672148396145037e+00
1.772894879033298787e+00
1.279912446175045515e+00
1.580636918119414203e+00
1.282740889676078799e+00
1.281103529629703086e+00
2.445991976572644333e+00
1.614476056349713362e+00
1.409250944019192486e+00
1.324906778117463935e+00
1.610724922731465725e+00
1.285553520927677829e+00
1.164602833828829676e+00
9.526510521850795055e-01
1.609966449311924341e+00
1.329956472968181425e+00
1.588954747927295408e+00
7.163771484855767646e-01
1.162299694639408632e+00
6.565205868435706194e-01
1.136306788774035015e+00
1.212689736905134957e-01
1.349038274870966392e+00
1.873460559687277982e+00
8.794234623014922647e-01
1.277989576672194927e+00
5.841517659136050700e-01
1.845115057109616430e+00
6.680692915314608848e-01
7.532143264528912141e-01
1.322440655784153707e+00
1.760743179904225464e+00
1.109470268191728781e+00
1.252182811139113783e+00
1.114200996013657186e+00
1.495116566587876727e+00
1.065165693475665476e+00
2.593764456397485763e+00
1.220192976485056979e+00
1.291129926115959670e+00
1.233030176077291484e+00
1.004649296480900622e+00
1.105977478967750782e+00
1.914435995863446260e+00
1.443777480503257271e+00
1.624641972434549331e+00
1.045122607018391436e+00
8.431971575184467049e-01
1.079259856013238927e+00
1.802173147448114854e+00
1.028684978555016949e+00
1.145355399648512407e+00
9.016207062671507400e-01
1.025875545122424182e+00
1.242981990868509357e+00
1.561710170817854015e+00
1.385279944666194529e+00
1.249151505365782455e+00
9.737858091779745262e-01
2.473698529631890963e+00
7.964316866138118067e-01
8.331867586172851947e-01
1.063813802190296753e+00
9.830346719187139648e-01
1.003774458693209137e+00
6.308915347460968270e-01
2.282831448005536501e+00
9.007753998215142222e-01
1.188748826993924368e+00
1.083696096630106354e+00
9.425860549112249354e-01
5.136651911141107973e-01
4.282692213089715483e-01
9.605665970756829264e-01
1.034987168031131777e+00
7.287392399715746372e-01
9.607629776591736226e-01
8.481458731059370315e-01
1.152121196178355289e+00
1.155669297055980538e+00
2.269811952567799995e+00
1.179714566928615982e+00
7.251012842013171422e-01
1.641264969111737138e+00
1.161377248882587532e+00
1.860467562934867258e+00
3.037380002029896886e-01
1.144894744062744829e+00
1.074885165698109768e+00
1.266976426302296899e+00
9.024004055586412609e-02
1.397371697964825188e+00
1.059294362606422846e+00
1.319220905882152906e+00
1.997284606061644929e+00
2.266194971647275125e+00
1.263289329603545674e+00
1.528425762296405699e+00
1.433857861144996360e+00
7.016128508898803462e-01
1.663362376307316204e+00
1.793724172262469718e+00
8.812396174674439475e-01
1.548407153625824151e+00
9.625968678937046885e-01
1.564799283117162654e+00
9.693920051438438268e-01
9.387513491162847723e-01
1.074245611693610103e+00
9.380269509465822830e-01
2.203234400770683443e+00
1.237362587611566811e+00
1.381645296605424456e+00
1.057548396734814489e+00
1.103696803994871800e+00
1.040320734215715026e+00
9.157162203390897259e-01
8.410018186134075036e-01
5.746338564641741975e-01
1.280356733463548169e+00
9.034987741920860183e-01
1.699636327829092020e+00
1.045572879040493675e+00
1.046961031957784005e+00
1.506092307211282177e+00
2.235672385373218329e+00
9.534920299181519621e-01
1.457556185173557450e+00
1.562832475915832076e+00
1.145854539860215571e+00
1.811293375484743784e+00
9.410408342240252910e-01
1.581620005045363708e+00
1.203706322794210415e+00
6.540756046995876982e-01
1.135738510093551090e+00
6.605142177931963010e-01
1.017990924761388083e+00
6.259647888429663576e-01
1.473210042105731477e+00
1.336319363265402460e+00
7.419016979953374502e-01
1.924125630323830549e+00
1.003622376264045268e+00
1.040361769648406876e+00
1.377616179002698837e+00
1.992909950444774259e+00
1.397317343677462631e+00
9.760735377254396994e-01
1.872490934765334014e+00
9.998807069273845105e-01
1.304395613491556638e+00
1.101729316456087071e+00
1.055964642466690195e+00
1.698713589956277525e+00
1.317874320037676572e+00
1.078591732828648952e+00
1.111079270379824457e+00
3.916420858148725315e-01
1.302632566067410513e+00
6.492398762992993566e-01
1.891448328884398178e+00
1.561065475883625098e+00
1.762727427579824813e+00
1.132414203906493055e+00
1.088403675212503252e+00
1.154696185972023059e+00
1.402791590485946704e+00
1.149318155899804017e+00
1.471481440554293085e+00
2.662129151602598220e+00
1.401619346558737211e+00
1.031005945370293109e+00
1.670161498649768594e+00
1.004160436006510171e+00
4.580761630674216045e-01
1.239719789308581177e+00
1.606724751902907533e+00
1.195355794692227080e+00
1.395118773343109631e+00
1.415733981630818095e+00
1.862157378846362565e+00
9.691051066346274556e-01
1.266006868949603792e+00
9.059812158565494489e-01
1.252772893153610845e+00
1.201231796271908348e+00
1.007429455150275599e+00
1.523757959874109336e+00
1.836897292541243454e+00
1.589784930471688229e+00
1.605948300691789843e+00
1.648890913356755306e+00
2.457217175707470336e+00
1.071764098056265713e+00
9.242582166120286713e-01
9.298477284130430842e-01
1.470739733478026112e+00
1.409685925023460351e+00
5.907373267063152911e-01
1.382293114349746999e+00
1.003282716488113957e+00
1.039119113319754151e+00
8.498943622514428808e-01
1.651719393986362139e+00
1.145349927276077873e+00
9.502590540832869248e-01
1.236601487572972502e+00
1.392866540334770420e+00
1.069694093071127616e+00
1.041220887084391311e+00
9.327116294890109849e-01
1.140708802088259866e+00
9.004653961685866737e-01
1.276167546732642544e+00
7.668450695503569170e-01
1.076050472893183896e+00
1.116724768933830880e+00
1.302741696339657862e+00
1.784438040350754040e+00
2.448208443070588380e+00
1.006521252670672162e+00
1.425235983228265946e+00
8.944893073960836771e-01
6.662273548238241139e-01
1.508103121709146510e+00
1.168774484114570855e+00
3.938418871188832382e-01
1.586523274979833920e+00
1.474059980735380915e+00
1.095266167337400454e+00
7.754648510702041309e-01
1.377351154218246831e+00
1.359473647013655029e+00
1.217089814770394129e+00
6.781876572971100581e-01
1.257661789971172173e+00
7.005862045316733067e-01
1.391805232044112772e+00
9.455391193838083019e-01
1.349781442006497523e+00
8.887583924286796000e-01
1.497602592354304596e+00
2.286461049618568442e+00
2.207532901244337875e+00
1.017056272888716029e+00
1.321019899289692878e+00
3.787068502239341328e-01
1.070173829135293797e+00
1.635518723731069990e+00
1.018804171396453073e+00
1.309563745430887494e+00
4.815143300894231815e-01
1.614437288762263556e+00
1.180846669417764616e+00
1.101486324131150107e+00
1.816440095607881666e+00
1.274661894860672495e+00
1.319464001047509161e+00
9.430707506120457051e-01
1.233125189048410730e+00
1.117126026849208920e+00
1.536772851701817988e+00
1.257184961680428481e+00
5.959027132403323934e-01
4.107500483080972487e-01
8.623678678651338636e-01
1.472693905719066887e+00
1.470351729191145873e+00
1.143755148161769597e+00
1.670820170845003005e+00
3.562546833719413414e-02
1.277832549254205530e+00
1.465931812169021242e+00
2.024041737754206649e-01
1.081114980763714817e+00
8.258220582586331959e-01
1.727952154568872745e+00
1.918484593291833962e+00
1.038795558302398225e+00
1.038791291834023633e+00
9.328044113082240019e-01
1.361667037940320180e+00
8.325609352815189768e-01
1.270479067693277120e+00
1.419149155010166474e+00
1.171429617783161792e+00
7.571151642079874122e-01
9.802256058534130068e-01
1.212824024655771771e+00
1.322811271309956682e+00
1.449041556407644205e+00
1.397666129875229091e+00
1.582157333443637626e+00
7.884111176313134406e-01
1.545849236073559174e+00
2.345935155839944941e-01
5.732521142037664275e-01
9.629904397343279632e-01
8.888618220948892867e-01
1.071837471435283407e+00
2.023701224169806689e+00
9.839499399127559220e-01
5.657428097585308624e-01
1.098732632829293676e+00
1.059955991035478551e+00
7.964047059492119773e-01
9.886624132738887072e-01
1.811293375484743784e+00
1.316495681081997882e+00
8.877108024251958440e-01
8.149463135007306569e-01
1.299770692025921326e+00
1.471742751414668815e+00
8.041038240291978889e-01
1.110345777761869046e+00
1.070128512096842233e+00
1.952146681473913903e+00
1.679182875272593689e+00
1.612134163824733735e+00
7.781092127280064830e-01
1.154842664190833812e+00
1.509764729097810010e+00
1.001328060063317205e+00
7.870771909157234791e-01
1.248165989522181718e+00
1.749693377744054423e+00
8.367951284213372976e-01
1.365597544201708535e+00
7.334441893797887246e-01
1.594430917048939689e+00
1.364190711947871337e+00
3.827369845993625064e-01
8.919948365988890071e-01
1.243567872226320148e+00
1.418493599566611030e+00
1.123743474194553782e+00
1.162991856437765037e+00
2.135544784175055000e+00
1.880900957404625595e+00
1.392854705387796654e+00
1.152819148191990273e+00
1.574388251362910607e+00
1.561527545519940885e+00
7.087418551641275766e-01
1.379294579651271224e+00
2.593764456397485763e+00
1.174757701174160340e+00
2.519743336343818751e-01
1.413315952650012530e+00
1.328630061703165222e+00
1.748708586608341609e+00
9.262626476432549438e-01
1.123096779820806468e+00
1.096839420673168863e+00
1.266305575693845498e+00
1.503429211841888824e+00
1.239513819151077056e+00
1.280050621338177042e+00
2.499257292320814727e+00
2.360164691485436284e-02
1.054838747774036412e+00
2.062186569390950908e+00
1.819365713608993129e+00
1.528096080922947131e+00
3.081458219763530404e-01
1.674677660153154779e+00
1.134306532260259903e+00
1.861190099091843519e+00
1.412116655307784407e+00
7.352360838615203953e-01
8.380075879113839665e-01
1.119077860273876013e+00
1.229765494584487362e+00
9.013938346116827649e-01
1.175830141604862433e+00
1.055255838627418230e+00
9.840996627347966541e-01
1.209050288054221323e+00
1.235910342549224827e+00
1.161377248882587532e+00
1.445717137071524272e+00
9.509582885705770705e-01
6.533769693881631424e-01
1.247626456588778243e+00
1.015575566629732807e+00
9.617562545691860088e-01
7.677589812293311722e-01
1.044325513909578174e+00
1.488023519100860614e+00
6.753457727002759592e-01
1.650504176118737787e+00
1.002496640084925339e+00
1.629410832999646175e+00
1.656252875350504805e+00
1.208557331873510776e+00
8.722345601349816846e-01
1.917386480076246791e+00
1.678651603780461354e-01
1.178270986745049154e+00
9.078820259014221961e-01
1.022562608586905952e+00
1.587335651416439397e+00
1.170589782266721945e+00
1.257117547457545337e+00
1.141111833914705054e+00
1.514208873186502213e+00
1.329405415633183374e+00
1.037634171653453841e+00
4.958854827241939711e-01
1.284191364681656955e+00
9.359085943327203339e-01
1.648790025280151506e+00
7.448938798483771828e-01
6.898079595261119579e-01
1.333069811568661667e+00
1.278442499207308680e+00
1.575532363244825929e+00
1.876396580420267801e+00
1.238960538570396785e+00
2.536331288653943972e+00
1.207381308379999352e+00
9.056641514692140849e-01
1.433471889720969727e+00
8.764143614379958924e-01
1.023410201213549087e+00
7.710840699130068199e-01
1.343587850531606120e+00
1.196844208953728339e+00
6.676961119536271028e-01
1.066646897129824856e+00
1.616649673132666498e+00
1.007487030660258354e+00
1.336375882025788497e+00
5.086000436963084015e-01
4.775258090498292196e-01
3.654448127748383679e-01
7.353405751945991664e-01
1.361754881947513596e+00
1.128276108819233903e+00
1.890310267528472865e+00
1.357073572266855654e+00
1.002346072734534799e+00
3.492633071476271001e-01
1.374910047207564379e+00
1.061400068714039024e+00
1.484440816154664722e+00
9.354308970814995128e-01
1.033080494346687139e+00
1.335157999427525555e+00
1.336769684115341139e+00
1.407797309884693648e+00
1.051079288553139923e+00
1.654434723103846983e+00
1.411861102654199840e+00
1.734846348080224088e+00
1.196844208953728339e+00
8.512824473650552060e-01
2.032744514958933379e+00
1.713077626699698541e+00
1.257873660499468027e+00
1.609679164189715017e+00
4.802188644852990462e-01
9.633120687770697632e-01
7.964047059492119773e-01
8.309144032918938105e-01
1.034858032036291009e+00
2.485332893917202135e+00
1.560690325958375535e+00
9.486624146833638749e-01
1.658062744394529942e+00
1.020697220501906699e+00
6.673761904530053357e-01
1.323767984039005086e+00
1.239564758766853680e+00
1.435819434409026929e+00
1.509943281028168549e+00
5.523081475345346103e-01
1.769595773388797921e+00
1.144997808169115006e+00
7.622781666107047993e-01
2.086292162476542256e+00
1.775235419364474543e-01
9.117704532174671916e-01
1.149704232120200231e+00
1.725196252381456574e+00
1.072857044568816587e+00
1.157717750291115122e+00
1.113280276160661941e+00
1.412928205606108767e+00
2.203265737341136621e+00
1.204908790714828148e+00
7.045660394697441653e-01
1.311136973833883168e+00
1.239371902193187713e+00
9.612306703631835481e-01
1.294934415531434180e+00
4.361550474831214497e-01
4.685281655937772460e-01
4.611418304781448874e-01
1.241582541659626227e+00
1.598568816213400412e+00
1.208552082433540731e+00
1.017560496325379926e+00
1.591134044646879575e+00
1.325365177067904021e+00
1.553070562544201172e+00
7.757060220285437735e-01
5.722854025124027855e-01
1.382719390627687339e+00
1.155119579742268199e+00
1.290616522697739077e+00
1.051751997460829369e+00
4.116651928354290724e-01
1.151752476090955213e+00
1.265304902179829272e+00
1.554995114104089415e+00
7.293777701354078324e-01
1.094397966311062564e+00
1.410018446139837289e+00
1.509364668338362581e+00
9.667627918376531237e-01
9.354657319619027467e-01
1.406929902638009544e+00
9.589214995796568886e-01
1.905395113813789232e+00
2.377679468761992043e-01
1.493400333595358731e+00
5.891821867667411672e-01
1.587552206632054874e+00
1.197924364583029311e+00
1.124833460229874182e+00
1.247225638191125974e+00
1.005359526662384706e+00
1.601898084258233990e+00
1.533962214248864475e+00
7.073774940793836619e-01
1.178966491581049381e+00
1.485168881499070226e+00
1.008754052518511912e+00
8.876891728767332124e-01
1.069721104394789402e+00
1.697807910453660085e+00
1.111942050471063315e+00
1.005568698119001514e+00
9.734118790454885373e-01
1.901758703166480657e+00
1.991248029101760020e+00
1.118614353465234412e+00
1.229622821083977025e+00
8.950266488974709667e-01
1.359473647013655029e+00
1.196844208953728339e+00
7.091579278808498588e-01
1.112663670667399352e+00
9.469689712787908720e-01
1.709847104251620342e+00
2.213486463608503596e-01
1.683113633891468730e+00
1.187676375628792691e+00
8.929826319276182867e-01
3.562171258974496935e-01
7.546656062266342557e-01
2.109856666572283768e+00
1.239414698380073343e+00
1.405848496765513822e+00
1.427176842368173881e+00
2.034209358047503358e+00
1.540982468685061946e+00
5.870321177422058723e-01
1.263919366637675568e+00
9.256359417747643814e-01
8.320855055817404367e-01
1.515290405320145917e+00
8.410792254634731346e-01
1.810464743878849037e+00
1.547264254393608152e+00
1.773457513639051797e+00
2.537795701682336702e+00
6.295383755580161722e-01
1.041978411391445647e+00
1.115295874511259333e+00
9.820574669762264230e-01
1.209050288054221323e+00
1.183378642596859764e+00
9.275758617961537000e-01
1.085758410571928012e+00
1.174471976661653150e+00
9.681375530721024747e-01
1.262990697240313764e+00
1.604181240846023648e+00
2.007642516112259301e+00
1.214489640783458002e+00
7.628137527776437388e-01
1.498629606715247142e+00
1.034499947721990054e+00
5.384512773076700620e-01
1.194671687422087958e+00
1.267367044240932605e+00
1.844504586493253662e+00
1.311893475489673833e+00
2.305163338098148718e-01
1.302861620003767484e+00
1.499328466216669931e+00
1.509597245580066138e+00
1.187783613773037983e+00
1.743362086677691547e+00
9.198561450540986284e-01
9.197042920834553881e-01
2.028085631478704798e+00
1.058105846530138505e+00
1.400088820702335202e+00
1.022487878342173362e+00
9.815952803226708490e-01
1.708580616486493842e+00
6.543454477558120486e-01
1.400863606234981074e+00
1.149704232120200231e+00
6.869538559278280943e-01
1.568327487199207448e+00
8.296410219858358914e-01
9.108331233394465487e-01
1.731407601318709855e+00
1.205715766056316252e+00
1.003515739968235065e+00
1.321256450469483923e+00
1.415301576284249574e+00
1.584728333291557378e+00
1.123421777859119342e+00
9.999772970951703588e-01
1.702475823455108506e+00
1.586243253987459356e+00
1.128333751046850963e+00
1.861183549021139028e+00
1.143642890636414888e+00
1.318300759022026147e+00
8.855375295963712201e-01
6.082086627095877329e-01
7.317921408062432187e-01
1.066030620980767063e+00
1.282413895867861697e+00
1.544314340688036857e+00
1.385555372926571494e+00
1.583473106851306822e+00
1.356210699869802583e-01
1.192378704053808525e+00
2.013329506428517046e+00
1.132332699516916286e+00
1.482238586043548523e+00
1.476985333997812566e-01
1.238114616215890473e+00
7.522342780198806311e-01
5.172292193674888905e-01
7.223573878688344108e-01
1.676187976559700976e+00
1.389894849646220232e+00
1.261706013293699025e+00
1.457648466937743637e+00
9.600745848187998144e-01
9.582893017413364189e-01
1.546848098996421506e+00
1.284710109081823148e+00
1.135613114076071906e+00
2.053390764487758258e+00
1.076278577421927007e+00
1.210453979751600517e+00
8.002169117748649807e-01
1.089198819449900268e+00
2.539849202849079113e+00
1.190015994873053096e+00
1.028796930772192253e+00
1.446845985954043234e+00
8.627195715812348009e-01
1.112598357794316817e+00
1.574388251362910607e+00
1.071847425323260161e+00
7.947177327437759953e-01
1.325955995305130530e+00
1.031157136282029985e+00
1.198896327578260479e+00
1.620170979510426656e+00
1.546848098996421506e+00
1.100534218821702437e+00
1.432248042225639395e+00
1.101915879118425590e+00
1.420921027987139817e+00
1.185155029744344723e+00
1.487045858666779630e+00
6.203068487398403219e-01
5.707324463668023151e-01
1.063298680619193304e+00
9.898789204318929613e-01
1.816958328998418803e+00
1.859504259099202361e+00
1.385802376657777613e+00
1.676486729308791501e+00
2.411786534056001408e+00
1.019986701527695105e+00
1.174883885947351825e+00
1.120004984755360367e+00
1.637279972436897157e+00
9.346413791582477426e-01
1.047048959605794582e+00
1.357614381550722005e+00
1.294122044705448005e+00
9.824300274651784903e-01
1.252360314292535692e+00
8.555544078436050359e-01
1.445098559821278439e+00
9.757840118783231986e-01
1.138126841166210657e+00
1.837627724730062750e+00
7.079828380504279428e-01
1.429178621267815086e-01
1.637243086147687210e+00
1.377310343014855221e+00
1.824221265549320403e+00
9.630782381512799084e-01
1.315784249315778975e+00
1.073840602188757876e+00
9.965502371206291787e-01
1.542385578042277272e+00
8.162352104257314389e-01
6.634910836512664112e-01
2.278910211289269405e+00
5.175446699337918899e-01
9.590956118873347203e-01
1.414923857828056075e+00
1.209943185657151199e+00
1.089251382712701721e+00
2.244833885067605284e+00
1.026099611155715907e+00
2.074157101499338296e+00
1.337032117671977716e+00
1.817961010352928009e+00
9.167460077069672364e-01
1.047156361283660964e+00
8.238685113476803545e-01
1.348218640748605646e+00
1.223777628117673100e+00
1.605798174944490730e+00
1.123378684565092822e+00
5.117958293990094720e-01
1.188462288624329233e+00
1.469439964062188020e+00
1.066021856146275981e+00
1.650660678548302229e+00
1.651404137824282303e+00
4.862782943552703130e-01
1.086720518660790447e+00
1.554356163013422609e+00
6.059907779994573307e-01
1.194833728783967652e+00
8.203798089315091913e-01
1.701846241082851208e+00
1.046560625151083945e+00
1.047066243804662955e+00
1.141697251677540548e+00
7.974298104143687782e-01
1.596959924603997383e+00
1.998665325040818619e+00
9.919022642628880782e-01
1.690330942848806473e+00
1.490816647071199208e+00
6.393622881729218443e-01
1.972111776161533658e+00
1.474878499217887828e+00
1.439146959367758383e+00
1.235910342549224827e+00
9.406242002475727615e-01
1.384174626190534774e+00
9.815511648661254807e-01
1.135870282254644703e+00
7.657643734119491397e-01
9.518986621825457073e-01
1.999962648158980283e+00
9.266160626991043481e-01
1.236711503665811396e+00
1.230433713559706987e+00
1.266305575693845498e+00
1.814440952121141315e+00
1.115030854212436084e+00
1.617590730452039161e+00
9.828050902460007121e-01
6.895725575769772187e-01
1.373380581166005809e+00
1.356240385673579629e+00
1.400575689221500220e+00
1.350275987664810051e+00
1.094620170670429049e+00
1.241220319044738840e+00
1.417346690607698356e+00
8.935015148577835076e-01
1.235940605963842920e+00
1.165608202372030222e+00
1.317278323353917147e+00
1.068864957357511747e+00
1.590244066999730643e+00
1.301372155091803373e+00
1.396391252382412906e+00
7.372741120519595848e-01
1.095576284848908344e+00
1.088737881948578456e+00
8.384029829637130726e-01
9.860629071000346357e-01
9.262176431009483402e-01
1.575534471020775706e+00
1.347724474087807156e+00
3.909882126940337765e-01
8.585226080185974773e-01
9.756319013059756573e-01
1.137263254949028468e+00
9.729627288974340704e-01
7.449076441764863610e-01
1.328213602993160380e+00
1.065790942880192604e+00
7.389304625081442035e-01
1.279451650736503243e+00
1.041889976891743785e+00
9.121904911743125011e-01
1.328106980260932657e+00
1.002496640084925339e+00
2.446129473257224074e+00
6.937638303142358298e-01
1.043505046351833832e+00
1.278112194888278985e+00
1.134629751673813303e+00
1.024438311675168078e+00
1.311528988286153385e+00
1.085497932807353516e+00
7.865454900868212862e-01
1.588322218920640294e+00
9.315399535904136386e-01
1.486053233622301573e+00
1.499485983121078503e+00
9.971873253955924055e-01
1.775926233378195551e+00
1.475763392703461463e+00
1.401863833784564362e+00
1.684380175995895401e+00
1.278769753868193915e+00
8.539113048336290923e-01
1.673529245474367544e+00
1.365455837118911830e+00
1.040320734215715026e+00
1.339102454814021792e+00
1.619118725121786229e+00
6.211462463026814484e-01
1.384635602060960924e+00
1.118793850158456893e+00
1.100726103087273255e+00
1.575011128367247881e+00
1.270095894797906633e+00
8.711917224705660878e-01
1.057576934571331950e+00
1.302583615776312653e+00
1.544714913365196951e+00
1.137364060679350253e+00
1.155893707790165870e+00
1.095215678634264833e+00
1.202519446444507256e+00
1.249075595307099551e+00
8.223894864805130211e-01
4.725113006221113299e-01
3.891697815110651271e-01
8.920801629998450499e-01
1.729610757053710590e-01
1.273095247695100962e+00
1.292956262638928155e+00
6.714947257637071676e-01
1.533403664878369321e+00
1.563705669520144337e+00
1.239513819151077056e+00
1.510738458761823111e+00
1.931227227638234067e+00
2.848191952960585915e-01
2.389464913318349648e+00
6.550176285923020592e-01
8.846776579445135846e-01
1.159810785213758244e+00
4.517661442400544569e-01
1.087550190886513946e+00
6.746155809790600477e-01
1.844279861009350929e+00
1.114628682736973797e+00
2.417641624357046715e-01
6.361000646852719154e-01
9.133001352092073866e-01
1.050217669528843656e+00
9.420571200316770755e-01
4.609322840269957089e-01
9.153763946911840366e-01
1.284041831544405321e+00
1.440097111428866317e+00
1.329536583661082405e+00
1.650592808879231432e+00
1.129458718399890094e+00
1.023008125332568463e+00
9.201741290405669460e-01
1.473086369978128918e+00
9.477149241866711371e-01
3.838347828938422079e-01
1.349448757594933490e-01
1.229945071419539238e+00
1.316471237670065131e+00
1.478055146623102667e+00
2.461010483954094497e+00
9.340256642758411054e-01
8.508761754382538900e-01
1.090710693340691595e+00
9.197535492823337711e-01
1.135249308618706987e+00
1.596049119197155086e+00
9.228141596943120195e-01
9.174010770523712832e-01
1.004160436006510171e+00
1.225825170842817169e+00
1.171693759875798824e+00
1.066410581226557852e+00
1.611318487220317897e+00
8.135578771328944025e-01
1.323767984039005086e+00
1.556455824542444022e+00
5.349830660813762462e-01
1.052615702569708267e+00
1.831021510597391044e+00
1.129347297098988401e+00
1.170087838988246753e+00
1.360278729772498085e+00
9.081536367239675389e-01
3.873706636269634296e-01
1.599459099704976239e+00
1.320051037313332509e+00
1.102195514853005820e+00
1.524475221471410125e+00
9.678085939681954075e-01
8.555544078436050359e-01
1.075410820898629494e+00
6.025329862564641203e-01
1.052179385286526214e+00
1.118463277761186259e+00
6.422454271189512731e-01
1.195256217213609862e+00
9.829495250462774170e-01
1.268554511572474786e+00
5.427146857990289286e-01
5.203789574029353826e-01
1.227686201727880233e+00
1.236601487572972502e+00
6.529529468127381886e-01
7.205958576079151134e-01
7.628963138720079584e-01
7.661562950734861488e-01
1.222511223257493729e+00
1.375344705601861506e+00
9.999981353109741455e-01
1.102185428927031863e+00
1.126619176139538103e+00
1.277817379072191173e+00
1.245893417637219835e+00
9.640133432619751863e-01
9.455087678912773574e-01
1.344749910281141325e+00
1.166176344463025094e+00
1.059534753455263489e+00
1.097732943214428047e+00
9.381105998875846064e-01
1.365455837118911830e+00
1.088835391289207033e+00
1.587552206632054874e+00
1.123112062433719860e+00
4.638780966366609637e-01
1.238252874598780862e+00
1.440386274058067295e+00
2.123665613374654537e+00
1.223111320255104051e+00
1.186920525308918117e+00
1.057957317390365803e+00
1.270005712863375935e+00
1.550866995716655428e+00
1.575454563762239690e+00
1.149181368493292332e+00
1.465862535277545176e+00
1.402030947874379985e+00
1.178966491581049381e+00
4.674227493162051439e-01
5.488625094018113604e-01
1.309900149019215032e+00
1.394810148217240586e+00
1.288224074875284009e+00
1.193839301546836262e+00
5.184866948331003922e-01
1.189882071072386527e+00
1.413865243452627984e+00
5.507895313488316846e-01
1.142501012914563185e+00
8.302976203727587823e-01
1.286600159100499408e+00
3.686259315190536512e-01
4.589918660931288086e-01
1.135344750731298813e+00
1.017184855149851019e+00
1.116090255854985447e+00
1.058379092025311774e+00
8.991821236533016348e-01
1.277845612380125617e+00
1.076857074714475226e+00
1.305149242702957402e+00
1.067754518937736652e+00
1.294862355173751922e+00
9.481660151821809102e-01
1.546656962686656644e+00
1.070015079754791376e+00
5.644181832915842190e-01
1.508979337114416897e+00
1.058955987309492031e+00
1.223822735457091859e+00
4.858150872740551462e-01
1.022326680280615019e+00
1.704522116430236878e+00
9.042876596937242661e-01
1.687188712047036576e+00
9.942080266457630211e-01
7.469216812607786249e-01
5.330278897637096280e-01
1.296840603107805689e+00
1.008754052518511912e+00
1.405908910992930583e+00
1.640698749174672288e+00
8.343959923983212956e-01
7.591887824517304928e-01
1.296254450407270165e+00
5.432118226367609326e-01
1.404927885491614514e+00
1.344220509193948088e+00
6.717662554384644658e-01
1.412588786723256495e+00
1.893235316085361664e+00
1.904071715973811640e+00
1.496280840902123099e+00
1.274514788497348228e+00
1.024578456650563130e+00
1.513002808729333237e+00
1.142984338293289381e+00
1.565559863580543443e+00
2.114996689106093619e+00
1.029116373559591846e+00
1.577579307642335893e+00
1.704777269964261821e+00
1.095916820302922590e+00
1.257267323594315034e+00
1.821751607720740518e+00
1.509560645657090694e+00
8.119618661087072420e-01
5.217881858701994835e-01
1.088924823818283816e+00
2.445636951217109889e+00
9.987736723582134601e-01
1.037046326822214093e+00
1.091372171245970080e+00
5.429618409437808602e-01
1.661536125806759356e+00
8.893350079819812848e-01
2.210388495084193161e-01
2.006471129198338144e+00
1.878334048913683940e+00
1.217156223143994964e+00
1.152912195341596169e+00
1.117267414625521260e+00
1.373344365797833033e+00
1.420017936579486273e+00
2.501344866480329276e+00
5.107517492687291272e-01
1.788351365844850438e+00
2.157694171569126240e+00
3.757781534967221670e-01
9.289034832275355758e-01
1.414328000404076580e+00
1.469573728686896397e+00
1.549889329330983001e+00
9.952764123566167909e-01
8.675324113678931637e-01
1.355807101461891540e+00
1.940416019585795127e+00
1.251344739917086057e+00
1.067018117126553589e+00
9.500501646151400248e-01
1.186820360941639674e+00
1.468432703749240620e+00
1.591797893675961584e+00
1.662406586198294844e+00
1.351015284637240521e+00
3.293257808738758730e-01
1.073396805010244925e+00
1.875425798193462557e+00
9.209381335683172187e-01
1.347616207755931494e+00
1.326890739645113282e+00
1.703959565052574288e+00
1.170935162959352072e+00
5.680346670062577097e-01
1.063291727619468219e+00
1.703382267627791435e+00
1.027131254919504411e+00
8.459787550820472291e-01
1.518770609640229141e+00
1.108622908591811784e+00
1.429479163778981876e+00
1.964686902953525438e+00
9.799400211085904644e-01
1.080127332271968665e+00
1.349661301179728046e+00
4.945965964924391445e-01
1.072834504428496594e+00
1.004414907394799883e+00
5.599179351150650463e-01
4.824435025103893659e-01
9.543955652599849238e-01
2.682992968242588816e+00
1.599061095504414221e+00
9.929025232510673149e-01
1.031929449392521292e+00
1.336380399541214459e+00
9.331325761406406016e-01
1.304537529284805153e+00
7.746737568047001865e-01
1.363835581933418695e+00
1.439132361431914031e+00
1.069965312781432587e+00
1.376670799791948729e+00
1.280989171026378326e+00
8.162745425627366824e-01
6.008418191069053726e-01
1.102659109627284861e+00
9.078820259014221961e-01
5.506128488324463222e-01
6.293852169153832943e-01
1.954984931339974752e+00
1.904084379851783249e+00
1.783615884181396050e+00
8.094107449373195706e-01
1.301061577024195781e+00
1.106357796301539409e+00
7.332081187299059888e-01
1.283104897045540982e+00
1.466253917871362500e+00
6.263749605410466881e-01
1.031957807252790849e+00
1.201154033070324312e+00
8.716807833215959311e-01
5.942387340777652849e-01
1.182543162318284491e+00
1.659249242262981205e+00
1.089198819449900268e+00
1.759009257893529909e+00
9.166090322293956039e-01
1.089004391894762058e+00
1.267144678533439928e+00
1.135394337563474521e+00
1.352986192388984099e+00
1.256001819850562695e+00
1.084564013751622369e+00
1.074144933893930620e+00
1.434189614972768867e+00
9.628383346157256550e-01
1.208300614494025815e+00
1.154047063361597125e+00
1.135446054119689796e+00
1.433471889720969727e+00
1.187650435499038259e+00
1.070826492797254836e+00
2.466738244413105297e-01
8.615797603801863547e-01
1.758700283408646925e+00
7.498838945284418411e-01
1.562832475915832076e+00
1.650015900884307607e+00
1.260961264662884940e+00
1.300192616870498474e+00
1.137212441630269133e+00
1.455167734550222525e+00
1.609626053091127718e+00
1.103125989914132576e+00
1.549889329330983001e+00
1.660106610089001622e+00
1.257543988989861417e+00
1.523067662047249859e+00
1.699042504654020291e+00
1.231377247658125285e+00
1.180460575873520046e+00
8.588651782296752302e-01
1.402030947874379985e+00
1.262422674547996948e+00
2.060486753198226939e+00
6.080257516501926807e-01
1.248371325189704395e+00
1.938813788841751595e+00
1.354102385764104355e+00
1.800542515319003334e+00
1.418683678472935306e+00
8.716807833215959311e-01
1.017990401953749124e+00
7.501368503265399834e-01
1.422833871809753736e+00
6.810181554947107863e-01
1.070598975351300330e+00
1.284562220796818144e+00
1.373875060470748588e+00
1.426114837012401493e+00
1.211848843543601451e+00
8.558048297938993798e-01
4.560231279882480115e-01
1.756468534912148272e+00
1.175033815767051015e+00
4.177909931498290930e-01
1.360838661351035483e+00
9.383761186294917733e-01
9.262176431009483402e-01
2.444717254210674540e+00
1.837454741838291605e+00
1.255005489334698021e+00
1.594406438040326446e+00
1.301047133537470923e+00
1.636712923708982803e+00
1.059596820102438164e+00
1.279380349626543678e+00
4.965894758993070757e-01
7.093325185533518873e-01
1.293557792388357219e+00
5.091562951248576052e-01
1.208037191197463667e+00
4.073120168976330224e-01
9.209381335683172187e-01
9.032598150196293751e-01
1.054177264515633095e+00
1.170206105379864914e+00
1.153750183178646083e+00
6.394395748601865437e-01
1.921018190521826208e+00
1.105658128501449955e+00
1.807007407112650954e+00
1.054077511022692315e+00
1.624600287997145731e+00
6.179503085828448317e-01
5.060090735601459055e-01
1.747962522566051558e+00
9.632913933874339696e-01
1.269759015721644513e+00
8.297453475777065712e-01
8.601465347813382900e-01
1.213146538626698190e+00
1.860138209078290084e+00
1.096412604958109993e+00
8.378213802958810463e-01
1.252772893153610845e+00
2.817974043500121040e-01
1.873599206197791744e+00
6.737715138075572874e-01
1.215500012171776278e+00
1.264932122851998741e+00
9.502590540832869248e-01
1.597925696283872821e+00
9.609047822527023719e-01
1.253833610972526103e+00
1.116357702462769996e+00
1.602589061694870365e+00
1.224620712791772315e+00
1.080186104077978548e+00
1.773144089500254594e+00
1.682366384383843005e+00
7.566673672718754462e-01
1.076725170255293351e+00
8.433309099901554751e-01
1.296686649730893093e+00
1.160118277891377669e+00
1.630132880267962436e+00
1.911082244259642016e+00
8.297453475777065712e-01
2.079937693167507540e+00
1.075671317204440980e+00
1.399063516806555496e+00
1.055079243229022801e+00
7.122658606170135798e-01
1.790758031811479523e+00
1.388381593075475040e+00
1.714243736737414814e+00
1.594971977849846123e+00
1.241809119774886394e+00
9.199471825887818310e-01
1.339755287035213183e+00
2.541251042003727090e-01
9.104514008684103654e-01
1.384363677437296936e+00
1.040835330898037370e+00
1.076697598095287534e+00
2.208693546138036368e+00
1.565538995091376506e+00
3.581325635083807968e-01
1.391246939774666957e+00
1.411417901781403472e+00
5.568083796183868062e-01
1.103186041982615828e+00
1.351298582212095978e+00
1.272317007782999276e+00
1.152466466427431779e+00
1.309974246859867852e+00
1.251459420657775601e+00
1.057266610755477565e+00
1.811560149697097666e+00
5.210912783984784635e-01
1.455442827960541585e+00
8.025656455217812235e-01
5.011513602868379325e-01
2.185690559101093555e+00
2.260797344287226451e+00
8.464049871233940703e-01
3.164907965694383485e-01
1.043149985601576013e+00
1.218378387094173565e+00
1.063813802190296753e+00
2.392229997595919588e+00
8.002155083553291748e-01
1.564080856274761455e+00
1.326294780485552049e+00
1.188819448871383022e+00
1.115808756912709088e+00
2.044668397951260985e+00
1.215179403701599936e+00
1.363664878619743615e+00
9.417101828418663612e-01
1.545915655378599762e+00
1.017499465002773107e+00
1.577466358938216517e+00
1.321019899289692878e+00
4.430312735104748323e-01
1.665546265045922514e+00
2.537018691010654692e+00
1.175939465726117517e+00
7.317848858270245005e-01
1.062946860738910537e+00
1.604665591030145499e+00
8.752653424498259005e-01
1.132174481476111882e+00
6.604844013865819319e-01
1.052131232809261796e+00
1.433169906221418044e+00
1.215058442372427105e+00
1.153964491742980769e+00
1.103275859881460708e+00
1.586954252716325175e+00
1.013050800293301634e+00
1.169117584982119151e+00
1.078538019787612434e+00
5.655084041670435102e-01
1.406894005226027478e+00
1.294605552459763276e+00
1.087116012920414487e+00
1.157301765646602032e+00
1.153778418726232990e+00
1.325365177067904021e+00
1.035922649934774453e+00
9.275231124478479083e-01
8.973351513288843062e-01
1.219844016861317160e+00
1.740143154590118701e+00
1.081122706482109175e+00
8.265837855815966195e-01
1.964686902953525438e+00
9.822523040399723238e-01
1.235332455741049440e-01
1.211914375907382935e+00
8.967986303816626315e-01
1.059706963364668741e+00
1.317116104777600605e-01
1.395756924879648198e+00
1.261687984090881898e+00
1.160616529534749253e+00
1.191570750537606527e+00
1.260561190356977113e+00
1.082684576320926517e+00
8.831019443793357571e-01
1.121372613475054347e+00
9.138555919232064229e-01
7.431657194519558640e-01
1.335773136100880665e+00
1.090736101778915224e+00
6.184136619815671088e-01
1.516092361659680865e+00
9.628383346157256550e-01
1.178896933417688198e+00
1.426967024628303715e+00
6.451497453220621514e-01
1.331571583720376317e+00
1.878840540756005151e+00
1.744074045587941990e+00
1.145314961049352487e+00
1.349475930126954104e+00
1.318049847344242798e+00
1.324063320882019612e+00
1.175529282561497579e+00
1.067251488875350152e+00
1.633956531680880397e+00
1.210623682024285053e+00
1.693069828057267134e+00
1.149348514754539696e+00
7.627838671358858624e-01
7.532143264528912141e-01
1.317576083819049115e+00
9.608347720439076589e-01
5.774574027068526405e-01
1.069313645908260391e+00
9.739116692518490215e-01
5.722854025124027855e-01
1.108905728269512503e+00
1.376920431886707874e+00
2.682636957082064288e+00
9.122316166056355646e-01
1.038506431660691565e+00
7.746737568047001865e-01
2.424251391339041994e+00
6.394395748601865437e-01
1.337660312526109951e+00
1.857056046178340303e+00
9.907082732179366413e-01
1.701846241082851208e+00
1.160111777591496862e+00
1.300963025017334296e+00
1.350440269324564069e+00
1.908262335673587717e+00
1.296622967837163465e+00
1.640866944958618623e+00
1.395312781832459770e+00
1.496280840902123099e+00
8.388599060350099279e-01
1.261256871378309219e+00
9.547841525200690960e-01
1.749535398191579771e+00
1.520365606064044472e+00
9.403640114905313929e-01
2.045627481452529484e+00
4.310448368177764444e-01
1.070094873688594683e+00
1.509093072154873427e+00
1.616890189773507069e+00
1.114269867880231413e+00
1.294245671848865076e+00
1.020483231504295762e+00
1.191940929989954601e+00
1.425080744247687825e+00
1.494343326613586154e+00
1.139799851133149300e+00
1.198498826043274956e+00
1.720083296450539700e+00
1.613294724946582326e+00
1.083353577067991624e+00
9.605924354777435337e-01
1.055578041163599323e+00
7.619728593765221492e-01
1.580479428661864860e+00
1.093224587829329408e+00
1.533403664878369321e+00
1.277832549254205530e+00
1.125545678662247528e+00
4.590415287811132616e-01
1.103825091254132307e+00
6.083404000307359727e-01
1.958930211511480834e+00
6.103719023103888475e-01
5.389357105639893675e-01
4.076013431508435092e-01
8.359759137193663037e-01
9.778956856063515390e-01
1.351926405621833416e+00
1.052615702569708267e+00
1.183482493436102123e+00
1.047839080215305918e+00
9.291978869602469659e-01
1.481324626418380586e+00
8.795849866118021776e-01
1.192057945869338775e+00
1.500541006640047081e+00
4.824435025103893659e-01
2.645861090804626947e+00
1.074632872185380617e+00
2.208693546138036368e+00
1.603480298321793951e+00
6.475317885874604107e-01
1.325814416741033952e+00
5.494401100562181783e-01
1.006710733331845020e+00
1.090001095705755985e+00
1.923762306374954933e+00
2.821291341246541240e-01
1.287337218598233690e+00
1.382902204035709959e+00
4.555360831767673035e-01
1.361953432621212823e+00
1.221267120994384614e+00
1.531016533787267431e+00
1.010237999535815057e+00
4.685281655937772460e-01
5.964819184498488802e-01
6.222329947518971949e-01
9.723648171366546800e-01
1.750373367739255892e+00
1.183112369491964966e+00
2.211235565898433286e+00
1.307341492922785786e+00
1.198897685171198990e+00
1.235332455741049440e-01
1.365636527624580099e+00
1.333283996766322144e+00
4.392349008023235801e-01
1.195819138829451012e+00
1.094191992609692576e+00
1.338862544901168627e+00
1.874207125804245422e+00
1.218583846291999340e+00
1.919360403219111166e+00
1.322653955150535410e+00
6.717973955030120958e-01
1.139263587015358903e+00
9.960581373031164309e-01
6.326435676016394227e-01
7.463765676694096296e-01
1.852683613528721407e-01
1.946514575665947655e+00
1.189147400778819197e+00
1.079432294492275846e+00
1.600517827807008464e+00
1.173501487924154096e+00
1.413865243452627984e+00
6.494802986228561670e-01
1.342425492562459466e+00
1.008229196229669666e+00
1.051890381791553031e+00
1.488884243938517926e+00
1.137132622004918936e+00
1.792349406489033958e+00
1.161966723018688530e+00
1.030005635650689033e+00
9.606732571379767993e-01
8.631272090265078578e-01
1.096839420673168863e+00
1.342082375706360686e+00
5.135884969192096028e-01
9.370210030335740514e-01
1.493852969682423204e+00
9.367762482479758956e-01
6.272512732365124188e-01
1.524837229930987137e+00
1.222812251684580742e+00
1.209903939954308338e+00
1.372470351127558441e+00
2.272238702667507937e+00
1.079456683877880296e+00
1.311787479068561080e+00
1.125505165240272776e+00
1.194580375058674537e+00
1.865594302158623874e+00
1.904178793872136621e+00
1.573857172372809199e+00
1.730319185318919484e+00
1.150255192319883601e+00
7.456371685200835486e-01
1.194290508237926041e+00
8.637124277642486136e-01
1.421124399997762078e+00
1.578243212759570691e+00
1.418798285178507701e+00
9.678714776098300554e-01
1.171449635743827100e+00
5.765970198562021531e-01
1.287976106868461867e+00
9.678442900609546262e-01
1.025565126028292084e+00
1.276653001098419615e+00
1.629783045201497860e+00
1.500514172288330617e+00
1.726871865125527705e+00
1.571543285478368857e+00
1.083353577067991624e+00
1.265855845794377599e+00
2.399879079218239397e+00
9.109689377194667426e-01
1.205980238619758005e+00
1.560496938296457303e+00
1.197557247138531400e+00
9.461412484517025545e-01
1.790689838436625436e+00
8.431971575184467049e-01
1.355685770309342120e+00
1.226616189812212987e+00
1.172421578206396697e+00
6.850654481361778680e-01
1.512241708964283671e+00
1.346546433822642941e+00
9.192018985064578374e-01
6.158150892352537431e-01
1.396797985558813071e+00
1.454760889859917361e+00
1.293344229679735946e+00
1.276684441122806213e+00
1.154180485669956235e+00
1.123178894526297489e+00
1.160616529534749253e+00
1.561739496672197580e+00
1.147348518758777747e+00
1.634862931533793917e+00
1.088739498491172908e+00
1.027281195924935497e+00
4.590415287811132616e-01
1.870797196228211279e+00
1.217555571654549196e+00
1.183112369491964966e+00
1.678244675265398778e+00
8.690661090570517278e-01
9.482175375371705295e-01
1.182877187671959707e+00
1.476950078163325797e+00
1.014964901286726340e+00
1.328432868079089779e+00
9.959808068792602720e-01
9.903964192801159028e-01
1.017516335053391785e+00
1.356346496644990962e+00
1.306895110436868235e+00
1.313359834791573422e-01
9.796048345618931785e-01
7.354226963215347856e-01
