1.006492360294930277e+00
5.570287005059390006e-01
9.843700537866185707e-01
5.854621638357850877e-01
8.687556815293534518e-01
5.003175247910061074e-01
8.408523333144551914e-01
9.310463186295669935e-01
9.231086812372775174e-01
1.005432399858513737e+00
6.521423928471637987e-01
7.178149895723966445e-01
6.467053878030043501e-01
5.884022233735730634e-01
4.760996932459635733e-01
3.799228954053097129e-01
4.474105598772061265e-01
5.968011184888852849e-01
4.600500239471957964e-01
1.014039902686812766e+00
6.649904057249880207e-01
8.128060046614519196e-01
4.545509669515840345e-01
7.161041073857207229e-01
4.482768333410581674e-01
6.632436507762796696e-01
1.013247610320817227e+00
6.084367186893746560e-01
6.226506280924768433e-01
6.286062646465967463e-01
7.726343062059543021e-01
8.881707253350851206e-01
1.009132191349658259e+00
6.328146754640956440e-01
3.317685379856076811e-01
8.014585276709847994e-01
8.691203773194824400e-01
9.602444849999054455e-01
8.553235611956380158e-01
5.451815940177315856e-01
3.250674250850617564e-01
5.572377903838723334e-01
4.659739484884292127e-01
5.903083075195427742e-01
6.067828311287742915e-01
5.271033217336335008e-01
5.192262210504529074e-01
9.275326444875213738e-01
7.339078632878991426e-01
1.121982856190691047e+00
7.778394323158237533e-01
6.802481778511701993e-01
1.232335523634073171e+00
5.984779456728339664e-01
7.436291818620658356e-01
5.562652001820115322e-01
9.314700555395524217e-01
6.086175294781707157e-01
1.187358934297723323e+00
4.795070023967584749e-01
1.040678565377181730e+00
1.151129798266744997e+00
1.210309650243185375e+00
9.171034991264730429e-01
1.094688892824118964e+00
1.091577568870790049e+00
1.135476189718587881e+00
1.111703607769850555e+00
1.283418014696650511e+00
1.146618945561741931e+00
1.138309365682291130e+00
1.165221751346391388e+00
1.258010169558433144e+00
9.399360402036694984e-01
1.005894083207975465e+00
1.097353304431787135e+00
1.286376093855627900e+00
1.174046079391151132e+00
3.398860923924994504e-01
9.607374770279926146e-01
7.993078367071120294e-01
1.006880048092942515e+00
9.176692879353570698e-01
8.564979029646910824e-01
7.150403989962352824e-01
8.276326356228002057e-01
8.776003021637636126e-01
8.480342309582189486e-01
7.984793069586286762e-01
1.055974908710533677e+00
8.852319380944232430e-01
8.641360998813512051e-01
9.681657473383091794e-01
8.245866624491722252e-01
7.813160045207255822e-01
1.028073898639537020e+00
9.277203132817917197e-01
7.898041941825894030e-01
7.615018503736143973e-01
7.555661485048772441e-01
8.432168157570266720e-01
6.896647790159896596e-01
7.788729888069400031e-01
