9.809148777702272337e-01
1.034451641245604403e+00
7.945721435342549821e-01
9.847153821904476301e-01
8.670191732013338148e-01
7.622538656492143794e-01
5.467638355482287160e-01
5.785536134459389190e-01
5.646542348410187317e-01
1.040748569452556671e+00
8.562914865649617902e-01
1.106024511182440051e+00
5.980858545079104083e-01
1.262415452807194916e+00
1.032373111263592103e+00
5.683454516505903609e-01
7.512331434250316686e-01
5.170618712559931218e-01
7.856424743497371077e-01
4.701891356897489049e-01
8.600236184106905268e-01
5.470276114344790885e-01
8.204620314184093433e-01
9.624455040151600471e-01
8.540555609842572782e-01
7.109229179735755411e-01
9.511679100993243319e-01
8.241717726879679295e-01
5.613339503104438633e-01
6.752470809692230347e-01
7.865413208802531919e-01
7.639896599448029457e-01
6.983486359782247188e-01
5.992770075311698585e-01
8.203362585553017894e-01
3.655501942109316005e-01
6.765382409421254462e-01
5.860302081912512895e-01
4.859479249787655997e-01
5.764936660090327347e-01
6.458921513550218707e-01
5.548187558612859283e-01
3.528627213003989738e-01
8.349782885055886394e-01
7.581835903094860107e-01
5.248712091074403396e-01
8.529720503737778792e-01
3.748282524999219656e-01
7.591049091407896521e-01
7.264610628534167169e-01
8.568612393813062056e-01
8.028670345843893497e-01
5.365392610584808208e-01
6.250000505138549878e-01
8.012744517040414349e-01
9.800087273897382101e-01
8.782927773309106012e-01
8.545151091123951437e-01
1.180639423975100133e+00
6.910457400111953419e-01
3.504082470033961783e-01
6.881085596511909985e-01
6.503258731816886629e-01
6.619935286794385032e-01
5.936845038075836412e-01
9.402515009131307000e-01
7.987145090075096210e-01
7.869445519718638593e-01
8.249889821440904436e-01
6.791966326051374070e-01
5.405039312983422883e-01
7.912541865675711827e-01
6.576410901042355484e-01
8.612064338088928350e-01
6.805813195872957300e-01
1.247113602337624583e+00
9.317871368684145228e-01
8.102597575892561688e-01
9.393001942666094894e-01
1.676001157503583361e+00
5.384382555854855257e-01
7.141337533295361029e-01
7.076861657781983173e-01
5.822039850765642344e-01
2.950176151702933458e-01
7.584182402891525010e-01
5.077624910049984841e-01
8.734213284600356175e-01
5.466816908267303488e-01
8.510457281142064234e-01
5.700861258564376977e-01
8.593279833916371846e-01
4.096266712881913574e-01
8.367035997376323087e-01
5.421550431293802319e-01
8.243235543341258520e-01
2.705907863094644261e-01
7.762291389971006650e-01
5.047719836441235675e-01
7.999516374426939302e-01
6.578662620676554162e-01
8.398626392014824082e-01
