9.880734545984000139e-01
8.250450626193782666e-01
9.309624396901982069e-01
7.865763692722897993e-01
1.074819552631565145e+00
9.863366150877551641e-01
7.380745183046237834e-01
7.253613480198383145e-01
9.068909981708369594e-01
8.507984855134113067e-01
7.483477607162093426e-01
7.799427691853897393e-01
9.543192251009071647e-01
1.012371972238502504e+00
7.641131486160928077e-01
7.823985541615815498e-01
6.563944173502008761e-01
1.018896203259753053e+00
7.886211362392326896e-01
1.091204737764625232e+00
1.007345472778083506e+00
1.116128962010792369e+00
8.983037556805609780e-01
6.053018980321923648e-01
6.472618791809557903e-01
9.581937838493949089e-01
5.922685264831178964e-01
4.932238776406847047e-01
6.988738667376770408e-01
7.530381227214484330e-01
1.055761889057790448e+00
6.846065662472483604e-01
3.422466484405397025e-01
5.305232699059205803e-01
5.305232699059205803e-01
8.913938633358098329e-01
9.550029086946925094e-01
8.799767449253874663e-01
9.306154200567945400e-01
9.995350297069023338e-01
1.115264624223989198e+00
1.047606442129909388e+00
8.219652766240583830e-01
1.081444378159241770e+00
8.165594208563580203e-01
8.301161016852705021e-01
7.515890782438603424e-01
8.036188852176671116e-01
8.304086112735423741e-01
7.561733086751584176e-01
7.976421820975272414e-01
7.521049020715799838e-01
8.938310788930282635e-01
5.593487851587713999e-01
9.598449611263597525e-01
8.880861281050309586e-01
1.092394802425104672e+00
9.508511240676638110e-01
1.255797592198039991e+00
5.846786402943850991e-01
8.294065909449531704e-01
9.347213216638898814e-01
8.531142424959919923e-01
7.745121672549554193e-01
1.075617454671382811e+00
1.029296479041321266e+00
6.884739302617346457e-01
6.198232483302099638e-01
1.061209659078272693e+00
1.036176738120530016e+00
8.633812992579092960e-01
5.314422180234237292e-01
5.839673719495211968e-01
6.768659087273277697e-01
1.035394005355425140e+00
9.975750093161892540e-01
7.077687821296974047e-01
1.099156010039610498e+00
9.023523999462351730e-01
5.334397291085888337e-01
7.956269249671401589e-01
5.334397291085888337e-01
6.786628291098967258e-01
1.002128815746742285e+00
7.239013401262894831e-01
9.960736334917242862e-01
9.780370914107674452e-01
8.823273865977780961e-01
5.334397291085888337e-01
5.334397291085888337e-01
7.419999915442264671e-01
7.938501855239973315e-01
7.735395501618016478e-01
1.049716971876005100e+00
9.341754322663854415e-01
5.361521466225296351e-01
7.283595566048884917e-01
5.361521466225296351e-01
9.472264203596778565e-01
1.088164442811695443e+00
1.047247179595760747e+00
2.151836903759576369e+00
