7.551019654711110807e-01
8.116735203966216616e-01
7.625767827929289533e-01
7.987625593274342295e-01
7.615343201156665742e-01
7.916246785685607801e-01
8.126679948253225927e-01
7.250636401084259441e-01
1.055373300414095938e+00
7.494772679736592114e-01
7.763842478502187561e-01
1.066605248461668820e+00
6.714623479391785832e-01
7.590717269414652968e-01
6.318612336335447388e-01
6.177269699509733147e-01
6.298329233908616098e-01
5.837058945905621021e-01
8.180644390364133489e-01
1.130823484190640604e+00
5.529276299777340364e-01
8.560311929954351751e-01
6.584858951380617720e-01
6.272611465337122327e-01
5.956296747237983524e-01
5.769665522808166136e-01
4.945922786811424721e-01
5.884798014301974023e-01
7.193059922376850990e-01
6.008090016930917043e-01
5.852749487081817525e-01
8.014071788506245131e-01
5.204002057117739222e-01
8.191162853460369764e-01
6.588342168805231269e-01
7.032381493162680464e-01
6.779608252301122517e-01
1.043823550167304770e+00
5.809021177760167465e-01
1.011273993454892883e+00
8.517153673444406436e-01
7.110313691413173709e-01
7.733053229308290977e-01
6.453355571240391164e-01
7.362433318502080715e-01
1.131980052190191710e+00
8.649426373642656873e-01
9.427341220774932973e-01
8.217120683330915165e-01
8.419797703319948923e-01
7.828016423607475627e-01
8.521493432599945850e-01
7.756040734320677199e-01
7.646376333154983884e-01
8.372869573623302752e-01
6.036759392420031345e-01
6.092149106853846918e-01
4.793083844980945973e-01
8.521437681387231677e-01
8.364866144026458228e-01
1.086299510688816916e+00
8.240490748443146662e-01
6.612828329392632654e-01
1.137038228063218748e+00
9.361477505927505716e-01
7.798236413137145107e-01
8.984738059598434967e-01
5.155361105014603096e-01
2.802156381656359385e-01
5.516742576147467547e-01
1.122842663081547121e+00
1.000535560057731033e+00
4.256993069628201565e-01
3.206601307882813723e-01
1.030724391161925491e+00
6.684308365920916817e-01
7.500409316860653375e-01
6.742995118788038811e-01
6.233190933083982976e-01
6.537221924658978001e-01
7.116543843410616521e-01
8.058533845275069885e-01
7.179992567139638071e-01
5.769465356195353500e-01
6.320181136300090374e-01
6.344741141986105504e-01
6.771680841257748940e-01
6.238045122251517638e-01
5.617608475316607786e-01
8.730544874213317375e-01
6.674312347635250608e-01
8.504708831906355737e-01
6.075135120693962998e-01
4.937281410197935094e-01
6.326269447935111145e-01
6.222805414656145118e-01
4.775012547136257002e-01
5.180252521363588603e-01
4.703457630951088930e-01
6.149873478643665958e-01
5.738543677235228291e-01
5.923925562929600597e-01
4.924058910883731266e-01
