3.054590212049566045e-01
5.581119224050732353e-01
5.548700362542663411e-01
5.066699972959833875e-01
5.182038903493596527e-01
5.754032039410127419e-01
6.187542783431763116e-01
6.498079484163030717e-01
7.120455675746718560e-01
6.190168942507462413e-01
5.456899907924995796e-01
6.577521972449625887e-01
8.724891659438482883e-01
1.063975430684800161e+00
9.044754499001330661e-01
7.648521422946079618e-01
8.957882548481796992e-01
9.613092536333436300e-01
1.054907919778291792e+00
9.396452531272773134e-01
9.711558674454121576e-01
8.103813283030231185e-01
1.024007555782826762e+00
9.425578014460607168e-01
9.596255518885358216e-01
1.076461250041333084e+00
1.103452251830040254e+00
8.231777432376214954e-01
8.694184793353735285e-01
1.014994062890455018e+00
1.087005041287926188e+00
7.910339417716738541e-01
7.552200541937558187e-01
9.101537498927292358e-01
5.227716964649881115e-01
7.363437449113346966e-01
1.033722438734493210e+00
7.905923476840768238e-01
6.232369717215335836e-01
7.902190900314612909e-01
9.520972320307208303e-01
1.045152123304740943e+00
7.650417468768960783e-01
5.584291404359860156e-01
6.226930899653647655e-01
7.045520742537150216e-01
8.078914061515424239e-01
9.051797323467667411e-01
7.620966557153933119e-01
7.598690428136489761e-01
8.828611413585462087e-01
9.669701617568022822e-01
5.468829227077161015e-01
8.316540365409749169e-01
1.021868672834811864e+00
9.134862390451020664e-01
8.512719127408160391e-01
8.491363244677918587e-01
5.427756008768930274e-01
5.442628088890744120e-01
4.139372029727424462e-01
9.062334822685726987e-01
6.949556442512732080e-01
8.581654096068358495e-01
7.088530696820425359e-01
5.914031063601207228e-01
5.940058624679709354e-01
8.407198219726778055e-01
5.243646183348253942e-01
1.066120707184942562e+00
9.322262958667110189e-01
5.271575655896812984e-01
6.737892290259340777e-01
8.481700204934538023e-01
6.840422198413002031e-01
6.840422198413002031e-01
9.350045716435592125e-01
6.737830751837066146e-01
5.462820613933813130e-01
7.196115872178642237e-01
6.203557500645363598e-01
7.589323681175813574e-01
7.003495345520780457e-01
6.611944012599594300e-01
4.941406621857969417e-01
6.312874436364953601e-01
5.243507208670867836e-01
7.559054381533176770e-01
9.230371626983923106e-01
6.569031163650026484e-01
6.940705954318676651e-01
6.589402845577259082e-01
6.417868304218536935e-01
6.014679221849255075e-01
6.971982366960897126e-01
7.356637626134122643e-01
5.350784002346343771e-01
6.529554009874085629e-01
7.476091239273209288e-01
4.293534470614130405e-01
5.833287272765264042e-01
1.324355130241944956e+00
9.290480257391997565e-01
