7.035768502397841129e-01
5.402550964121881627e-01
5.994474503665453424e-01
6.126331532313334938e-01
6.015289672989576619e-01
6.075723965747117372e-01
5.932520635067008996e-01
5.733255535105113987e-01
6.638529631779213069e-01
7.304027922923490568e-01
5.944720928580596864e-01
7.039933638566470142e-01
5.819316688145719230e-01
7.688143088764221034e-01
7.966177351767774750e-01
7.775736560715819090e-01
6.206140148291472425e-01
7.290738539175074528e-01
7.777244046485395357e-01
6.893902203092991954e-01
7.932291401686958343e-01
5.915634716151383365e-01
6.943869167781197005e-01
8.631220818131845052e-01
6.749118348177072235e-01
6.066504757416554261e-01
6.780019631381675183e-01
8.389543677830063606e-01
7.898889636198209718e-01
8.089814342388749191e-01
8.089814342388749191e-01
7.764536113262155981e-01
8.089814342388749191e-01
8.038712976049375847e-01
6.858590534206279177e-01
8.185482540368845816e-01
6.858590534206279177e-01
6.858590534206279177e-01
8.038712976049375847e-01
6.858176995923561670e-01
7.033897637598608421e-01
7.737959827609522945e-01
7.247559962343118611e-01
7.030814286880752162e-01
7.203211215141585022e-01
7.533008791659298042e-01
7.033009662590213873e-01
7.274812264830208264e-01
8.187811364526117464e-01
7.089754322356106586e-01
6.997696509915583007e-01
7.939433932557447005e-01
8.860076290123247711e-01
7.511419638423284528e-01
7.086893167320938991e-01
7.480268491872890113e-01
8.019006428477072346e-01
6.561972968699293363e-01
7.087270915064144416e-01
6.062863121086540241e-01
5.957081063347536842e-01
6.467356351587838503e-01
7.469441064161449484e-01
7.646359937794450223e-01
7.859061693662641179e-01
7.704482853631852146e-01
6.905896851960824367e-01
7.997960219380433333e-01
7.398116779341233906e-01
6.427198148398505229e-01
7.700093651203583356e-01
6.534419994240183716e-01
5.638204934426478410e-01
6.737821615961616661e-01
5.809134349714076828e-01
7.840418053878808191e-01
7.189053109790616292e-01
6.795987581459164151e-01
7.335964637668042077e-01
7.388519010275399479e-01
6.453453224811225297e-01
7.447950303247499182e-01
4.639593427839356909e-01
7.615415681545067983e-01
8.794711766455559632e-01
7.068595737396888845e-01
7.004880865099978315e-01
1.000000000000000000e+00
7.223999372594936963e-01
6.392725807630544876e-01
7.281230559290684523e-01
7.495693102138125674e-01
8.874285755714697022e-01
7.481941060713909186e-01
6.283066920649349463e-01
7.100776713752042779e-01
7.453833366607837130e-01
7.805970242763875522e-01
7.232202132457439259e-01
6.825991733424394692e-01
7.987453616404934786e-01
6.227333242519367262e-01
6.585813476853782378e-01
5.767814549051395456e-01
6.877416203788058180e-01
5.989525230836518777e-01
7.832724896587461849e-01
6.146362458689835773e-01
8.211987684574477697e-01
6.961519939512723631e-01
6.075058481725778003e-01
6.567111484844363467e-01
6.137717173481201938e-01
7.728236770493115415e-01
7.833321574428150358e-01
7.964921625924645809e-01
8.328373355647086251e-01
8.344610228364741644e-01
9.056048258707513066e-01
8.428811606705135517e-01
7.398062019479364482e-01
8.241275636459974852e-01
5.663728865126030909e-01
7.887878119938113164e-01
7.338812403154426622e-01
9.006604812867790022e-01
7.294672320701384161e-01
9.298892933968219143e-01
7.428454494432740196e-01
6.111135080551336474e-01
7.955400389211436663e-01
8.524704664749074290e-01
7.037133610727245303e-01
7.474983758883696483e-01
7.070561398385416529e-01
6.585932590200972436e-01
8.079906195430420768e-01
9.706797685707531098e-01
6.368674302317512970e-01
6.634552948513061654e-01
5.570758297249510660e-01
6.220591103629866669e-01
7.137647404948750385e-01
8.089814342388749191e-01
7.956601907917197902e-01
9.238736287443715112e-01
8.151441767077850509e-01
7.925409649764688647e-01
7.926844208488392773e-01
7.771143770678943241e-01
5.463785852045814906e-01
7.384065222668633188e-01
5.422697644974603381e-01
7.087006673187197237e-01
7.525633408887583142e-01
5.502049470325242053e-01
8.816395050089744778e-01
6.832291309923573808e-01
8.538736452757031969e-01
7.122425165696415483e-01
7.015336500703506228e-01
5.591829112008148694e-01
7.699342352828957292e-01
6.283324781954324756e-01
5.902367407444649716e-01
5.360977351170271854e-01
6.499468569040841581e-01
5.803517454742592729e-01
5.675218756638668038e-01
5.499152096611252816e-01
5.113743518418222278e-01
5.138411244537981482e-01
5.476171778054426120e-01
5.477402124101576897e-01
5.675442263480150462e-01
5.191187159212431457e-01
6.319696725025941708e-01
6.244095707680757945e-01
5.843728733055543190e-01
5.421318741841556488e-01
5.799732201808528442e-01
8.038712976049375847e-01
6.146278986777550246e-01
6.839101049323074166e-01
5.588813523443343367e-01
5.875259399840440100e-01
6.416865433593027523e-01
7.102740517293147926e-01
7.017882891567741588e-01
6.534365185991397595e-01
6.556771113096162562e-01
7.049452202592384475e-01
5.754534913037174793e-01
6.747092598392401275e-01
6.459640345879581469e-01
6.160740805120579200e-01
6.973798986212764728e-01
6.826880813364153422e-01
6.491934825725099723e-01
6.289237384000887499e-01
6.796064139742505894e-01
6.904555155942458944e-01
6.782463378685915645e-01
6.603755938744643172e-01
6.454262388910996240e-01
7.457585480090848096e-01
6.147247798422381670e-01
5.864814250132623918e-01
6.100437544982819649e-01
7.613537809974015858e-01
5.363328108326287369e-01
6.645952094651280673e-01
6.507206727651316802e-01
6.526088184390279601e-01
8.038712976049375847e-01
8.042404050961583506e-01
6.828143387167777689e-01
8.042404050961583506e-01
6.828143387167777689e-01
8.042404050961583506e-01
8.042404050961583506e-01
8.042404050961583506e-01
6.647727179482778581e-01
8.457592705966329172e-01
7.076816359525586186e-01
8.042404050961583506e-01
8.042812605171393292e-01
6.743868718120342720e-01
8.042812605171393292e-01
8.042812605171393292e-01
8.042812605171393292e-01
8.042812605171393292e-01
6.984070861374724881e-01
7.077527236367416874e-01
7.457281590348436850e-01
7.077527236367416874e-01
6.900298282479870871e-01
8.109555923340867611e-01
7.758220811671947548e-01
6.370840476974207744e-01
6.754377889458222928e-01
6.128148707706972953e-01
6.656213396479900846e-01
6.528287788503669420e-01
6.512606638519748969e-01
6.800520111334500406e-01
5.942395575782838391e-01
8.369190198421140314e-01
5.825496836173890136e-01
6.280473068878262843e-01
6.673091911923498820e-01
8.440318504775663477e-01
6.356120188339449140e-01
6.393054587920743437e-01
6.645833321255507631e-01
6.415018014989362083e-01
6.409133074362407534e-01
6.107348395451646095e-01
8.099377317365792361e-01
8.175581769332118665e-01
6.460115759885588504e-01
6.745353565219759373e-01
8.378759684626728710e-01
8.523463712757217703e-01
6.817192630460510161e-01
7.566172193626891085e-01
8.089814342388749191e-01
7.774161192463365788e-01
6.817192630460510161e-01
8.046940567396905220e-01
6.745027609469101959e-01
6.817192630460510161e-01
8.046940567396905220e-01
8.046940567396905220e-01
6.817192630460510161e-01
6.816813228146036963e-01
8.046940567396905220e-01
8.046940567396905220e-01
6.816813228146036963e-01
8.046940567396905220e-01
6.816813228146036963e-01
8.046940567396905220e-01
7.658087416869953090e-01
8.046940567396905220e-01
7.658892183823633459e-01
7.658229766916986314e-01
8.046940567396905220e-01
7.658229766916986314e-01
8.046940567396905220e-01
7.658229766916986314e-01
8.046940567396905220e-01
7.658372585430572865e-01
7.658372585430572865e-01
7.658372585430572865e-01
8.026088457754043670e-01
7.658372585430572865e-01
8.026088457754043670e-01
7.658372585430572865e-01
8.026088457754043670e-01
8.026088457754043670e-01
7.658515872428245386e-01
7.658515872428245386e-01
8.185482540368845816e-01
7.658515872428245386e-01
7.559658438240806078e-01
7.553900569970353196e-01
8.082159647297324501e-01
7.453869208733426843e-01
7.559658438240806078e-01
7.508018966522360671e-01
7.115572994620675829e-01
7.492275601706458454e-01
5.979406190348193206e-01
5.948087941885095153e-01
7.658659627927597580e-01
7.559414134111622774e-01
7.658659627927597580e-01
7.658659627927597580e-01
7.868021454473173026e-01
7.658659627927597580e-01
6.495816099257913923e-01
6.531792231552941974e-01
7.524796308854626581e-01
6.789635614726299284e-01
7.257580247668333762e-01
7.298191346048605865e-01
6.872018002654251001e-01
7.366889193132403202e-01
6.834117686786129742e-01
7.448921594275065283e-01
7.311823033458502152e-01
7.391284622196359066e-01
7.129216131379182420e-01
7.402585738151169492e-01
7.817064790054302215e-01
7.449251529631515378e-01
7.286682288586149303e-01
6.986651311507680040e-01
8.923502897174695470e-01
7.104830726496782489e-01
9.303210002669543011e-01
7.654857463987876365e-01
7.216660032237963707e-01
6.887407722950843469e-01
8.157760696761695574e-01
8.792109443875747443e-01
7.928446613646376040e-01
8.328331286688047674e-01
9.916426899548530516e-01
8.471590931552378523e-01
7.541213388839559384e-01
7.097820006873591936e-01
7.106970526319149606e-01
7.484495940095438060e-01
8.024783495965093216e-01
9.077980830568447290e-01
8.300812451994669106e-01
7.150860690937997921e-01
8.195899298063508143e-01
7.236329978850140066e-01
7.807759885248019005e-01
7.944809332198198293e-01
7.882218582962184916e-01
8.466980948056730405e-01
7.879309053722473033e-01
8.224625031732814007e-01
7.967287488050276423e-01
8.159014354592455387e-01
8.814897971752289063e-01
8.077893814601334599e-01
7.747648135280137405e-01
7.260628490010555547e-01
7.669727211527616051e-01
7.569992829687322011e-01
7.182867112917756813e-01
7.312593151235671218e-01
5.682550610053670459e-01
6.110324272359465292e-01
6.315718181205352000e-01
7.107543343274500547e-01
6.340527161801028377e-01
7.755165998378094061e-01
6.604273121951663716e-01
7.124197088199372141e-01
7.191212082582906229e-01
7.720945896649854534e-01
7.751442000761831208e-01
7.001437975153265159e-01
7.676350693331838171e-01
6.595273173400559852e-01
7.373773050843410726e-01
7.087574730142504054e-01
6.802862965661520267e-01
6.587548635616532477e-01
6.513681903870439660e-01
6.589497890826894189e-01
6.862381072269450044e-01
7.449347372567678427e-01
5.785912640995665157e-01
6.952298625454026437e-01
6.586498945766837698e-01
7.549249287809511877e-01
6.438202176308458480e-01
7.141830893668122959e-01
7.054815497077848718e-01
7.035434883780975479e-01
7.250781010371391000e-01
6.950362785656153397e-01
7.620811710805631689e-01
6.700145133674719755e-01
6.915674644655149805e-01
7.607568945078643230e-01
6.873445814578500457e-01
8.256310145140630663e-01
7.485084360126891267e-01
7.449587353388961164e-01
7.392905740413985294e-01
7.839229288331388545e-01
7.911024102811538006e-01
7.126719589821804979e-01
7.963703720474228920e-01
7.205081941453354011e-01
7.534844396420476986e-01
7.025038204252304075e-01
6.881875446559054810e-01
7.366389222336174880e-01
6.949952893846031987e-01
7.142735647713103209e-01
9.182841529890674037e-01
7.828249847499726410e-01
7.238047273422333339e-01
7.689740986029657277e-01
7.570984344532637467e-01
6.746741521607686476e-01
7.371910004091208890e-01
7.283421043076292456e-01
7.260504906495526267e-01
6.651771040247242972e-01
8.059073185559922914e-01
7.086432561770966698e-01
7.306809772107346612e-01
7.303571701384262704e-01
5.929293968069687670e-01
7.429796047376173718e-01
7.243815234780327517e-01
7.035701206806814767e-01
6.592868982235045028e-01
7.597340740011186977e-01
6.772707720080163307e-01
6.806902732496737940e-01
7.389897780564144147e-01
7.359936990184552386e-01
5.979595412499469909e-01
6.828686237435290796e-01
6.400244937630986675e-01
5.918033133407032409e-01
6.838895196573059332e-01
6.130373124738169865e-01
7.405539340816343907e-01
5.879626873941535825e-01
7.635456575496246678e-01
6.594964497179289786e-01
8.058531189048802057e-01
6.254571660291512458e-01
7.525216094472100270e-01
6.156225070641747621e-01
5.613992067353195115e-01
7.480629255483851603e-01
5.514264700454740709e-01
7.299258088778279863e-01
6.061255008409698330e-01
7.308120028028775028e-01
5.958250334592688491e-01
7.303488848117515309e-01
7.730382008593957854e-01
6.242248027270679289e-01
6.268849756543193319e-01
7.564129072571852408e-01
7.343401794503453539e-01
6.361244333061953915e-01
6.968378926465355061e-01
7.409764369849580756e-01
7.285035574801452807e-01
7.472767614443349693e-01
8.205835095937521473e-01
7.520366602268520051e-01
7.614416086421510466e-01
7.267116247260643203e-01
7.168664818130341398e-01
7.360913299267197729e-01
7.727620396930895419e-01
8.377106958162501282e-01
8.157294039348036430e-01
8.174839143353282989e-01
6.287014351162844017e-01
6.587336517303050698e-01
6.753541289020532634e-01
6.795423729177716421e-01
6.574919069903885083e-01
6.594129228566276701e-01
5.882075675687680194e-01
6.611466262511145331e-01
6.387058156962963640e-01
6.319848012210218524e-01
7.229820699467679468e-01
6.460384121398230484e-01
7.738755312294951505e-01
6.577836096103651942e-01
8.048327633596935593e-01
7.369793369024481011e-01
7.569601084930940305e-01
7.740686609949820607e-01
8.241630969895805681e-01
7.997804794411667029e-01
6.735964688771922670e-01
7.646645822098691037e-01
9.860861580310051888e-01
8.258186492244069532e-01
9.076082320179380547e-01
9.474661919143264610e-01
7.859962883574540538e-01
8.310661083093956458e-01
8.199742744558576879e-01
7.169840360238269872e-01
8.056650859423224453e-01
7.545787954480640547e-01
8.778348342863916409e-01
8.303317362952555847e-01
6.825267913730093117e-01
9.309054461504213673e-01
7.346637474044493965e-01
8.527283386801185472e-01
9.090045561512750671e-01
7.611353633740135516e-01
8.729696705050365990e-01
9.565615055718814652e-01
6.488135765533397104e-01
9.175043433480658539e-01
6.589164776111905431e-01
6.870241713781622961e-01
8.096395653163257489e-01
9.753568671461524398e-01
7.534023826046966077e-01
9.324926678369254152e-01
7.776226453455895582e-01
9.133872964985407794e-01
8.376498395790654694e-01
7.729811421855560249e-01
7.431734905998782503e-01
7.623692713261388532e-01
7.853362781421079353e-01
7.292149595559613839e-01
7.530602053226868042e-01
8.909044784942332651e-01
7.259987666219622771e-01
7.770012069052670833e-01
7.840740758281757872e-01
8.574352183967298702e-01
7.390055908006070151e-01
8.782417617628319739e-01
8.178545246582321626e-01
7.513057539920948713e-01
9.429936926780668749e-01
9.692146643940393602e-01
7.530912289804042592e-01
8.169135759952316223e-01
9.507082943154352428e-01
7.731247887085025416e-01
8.246197403436991147e-01
7.543764735467984872e-01
7.847488425927000577e-01
5.327901002772142958e-01
8.054074440744785068e-01
8.263655165616760057e-01
7.217028730898511490e-01
9.304918067256676695e-01
6.990814084066345746e-01
8.367439768710505099e-01
7.741827652210758748e-01
7.307246935066766813e-01
8.193390063579052418e-01
7.511248632307491180e-01
8.375611669566587203e-01
7.788427215531696923e-01
8.972184631307971170e-01
8.578759991610638291e-01
7.860405719273512171e-01
7.764202307827601235e-01
6.783070829344082231e-01
7.577476870322293889e-01
7.173448706813281284e-01
7.142716152974784016e-01
7.196783017483534550e-01
6.673189352845192435e-01
6.635964609356470589e-01
7.144324718704303523e-01
7.316959213279331520e-01
6.758532800433795229e-01
7.390362728751134203e-01
7.913663799341548177e-01
7.648611905147082446e-01
7.299876701189267347e-01
6.609481387744201575e-01
6.590432832241143180e-01
6.519288931372544393e-01
7.001038869871710757e-01
7.081582141973646882e-01
6.226555802289605035e-01
6.847174224426090250e-01
6.921101845466748337e-01
6.521086454675758537e-01
5.595757747395038173e-01
6.494026375298509457e-01
7.202395373582397564e-01
7.690271262805771224e-01
7.043230985754088680e-01
6.841722456488965598e-01
6.521828894918002550e-01
6.814938394829729296e-01
7.061316020074864808e-01
7.316154396648029135e-01
6.855678498551487365e-01
7.475191894575180518e-01
7.215966245905430787e-01
7.610353675775161086e-01
7.358601365469041866e-01
7.057313680517772747e-01
7.671380836011221227e-01
7.396996805582318757e-01
7.178433284183336482e-01
7.450436867244413230e-01
7.147007574618331471e-01
7.069759474433470192e-01
7.432056698939554229e-01
7.403472395863320843e-01
8.565688189832153521e-01
7.602336656710649843e-01
6.859043079994143755e-01
8.236694407009387264e-01
6.786108582979771819e-01
7.614331854210218964e-01
7.954403621840340222e-01
7.767086532846481095e-01
7.491183355080378581e-01
8.485582777402961296e-01
7.741624151396067077e-01
8.020332211010154921e-01
8.028787171006930290e-01
7.638439923030420076e-01
7.646969405084335092e-01
8.874210757669696026e-01
7.915647485249553972e-01
7.369690854301818028e-01
7.843388222809932753e-01
7.618772239688620385e-01
6.757951332985587811e-01
8.203177426327773469e-01
6.472577901341081130e-01
7.269116151461655351e-01
7.184528221568994288e-01
7.408440100840264497e-01
7.655930024577514148e-01
7.729542991085028847e-01
6.803388375091158347e-01
7.217562648480175813e-01
6.885229995556173543e-01
6.968979419044160073e-01
7.539981784866515158e-01
6.852005193736991906e-01
7.310400432913713997e-01
7.233444223764460279e-01
7.096102457947626174e-01
6.936218402326714827e-01
8.339389252247403350e-01
7.724741077834615943e-01
8.663667688159482072e-01
6.749545239946195263e-01
6.862268221034253379e-01
5.702429043160673894e-01
6.534427156153851390e-01
7.387946466001271695e-01
5.607882446113167108e-01
6.287117839417571963e-01
7.012185870037536128e-01
5.833347146957641449e-01
7.959148189274144469e-01
9.934933516950805732e-01
7.294445113779284284e-01
5.609671805395683997e-01
5.864645100585668125e-01
7.746782331106450981e-01
8.163750013232697889e-01
6.167653097564009812e-01
7.036038109776249216e-01
7.442528945472347557e-01
7.292119923935821424e-01
7.754396145033053411e-01
7.503360882181360214e-01
7.620435460675786254e-01
7.471370305394103850e-01
7.298074588326265433e-01
8.208005484240943339e-01
7.491711413952331089e-01
8.164200569391275586e-01
7.435529930146560496e-01
8.440322303156914119e-01
8.904826377010606198e-01
7.007589031276300062e-01
7.912151056999980892e-01
7.902520191080923961e-01
8.419631791994752756e-01
9.293006815152504707e-01
7.812275718238934630e-01
8.184730759233519448e-01
8.366618250931766587e-01
7.964565762996698162e-01
8.101959981299924340e-01
8.039868579311467700e-01
8.121261991023996929e-01
8.016306515880193828e-01
8.151088186579268369e-01
9.765129039698564606e-01
7.791862952418396882e-01
7.893820681168618458e-01
8.042399646143141290e-01
8.054876618907631514e-01
8.217034763441586342e-01
7.512654419813686868e-01
7.430755081474619272e-01
7.520107962913282762e-01
7.907461640928475921e-01
8.366859511951330042e-01
7.833232846415716377e-01
6.508008976702039927e-01
6.524676224348149312e-01
6.151641547860593473e-01
6.905053633549493863e-01
7.018072664115564407e-01
7.087303284123905867e-01
5.705008589417194242e-01
5.721317388801402393e-01
6.243529684762152421e-01
7.262335591277121472e-01
6.354128611144358452e-01
7.250752224904908338e-01
6.820654077180605679e-01
5.762067828154365801e-01
5.498135193024428213e-01
7.426052124794946252e-01
6.143633511999285757e-01
7.283503434928393361e-01
6.473019740319255755e-01
6.907975891349006359e-01
7.351262197890566785e-01
6.332519703639325481e-01
7.575975780139103666e-01
7.360004956136905196e-01
6.856011761513166602e-01
6.619669102960521467e-01
7.095217584868237504e-01
7.011400738545818800e-01
7.034592443430667252e-01
6.703860175346916250e-01
7.178975136517110611e-01
7.350495431957750903e-01
7.363860302590949924e-01
7.400152879647123871e-01
7.022467111488621683e-01
6.554289475342304216e-01
7.054462740000505550e-01
7.391469270171073802e-01
7.774013844972037512e-01
7.307798675398176069e-01
8.160228989075599682e-01
6.773911859248030742e-01
6.116936037984062047e-01
6.843928428244691053e-01
6.702900995262937034e-01
7.465525980165158559e-01
8.192504748822631022e-01
8.251684932687638474e-01
9.350545976892218336e-01
7.098694089797433771e-01
6.901473814594434320e-01
6.605584794426889728e-01
7.280910831422086060e-01
7.717827511174546462e-01
7.755343961493198490e-01
6.899430280962438600e-01
8.106619935508949659e-01
6.379204306296004656e-01
6.665871970080500253e-01
8.331567087609520472e-01
6.832229013692794339e-01
6.164439090060992443e-01
6.832614797937677231e-01
6.832614797937677231e-01
6.117589370992749798e-01
7.164206301175168878e-01
7.092471753548588165e-01
6.954487682424198569e-01
7.474697019438820700e-01
7.059475157235098886e-01
7.647858556512544537e-01
7.266464933065666099e-01
8.746253814980613495e-01
8.291593751296575387e-01
7.755770692026850988e-01
6.815699676687008157e-01
5.881707644914101474e-01
6.728770130456347420e-01
7.994294746279285713e-01
7.892290587046922878e-01
8.398511387915578164e-01
8.185731847406271244e-01
7.726910699954941952e-01
7.763499520252061803e-01
8.388757922635534658e-01
7.187801133784146312e-01
7.806828420725075990e-01
9.461854355608795286e-01
8.387253730010748587e-01
5.093954130740896424e-01
6.162197113720679909e-01
6.382374409498261514e-01
6.375109647156285142e-01
6.794649194799942116e-01
6.834166232217278036e-01
5.046820613081669515e-01
6.276314882546308871e-01
6.868778355352321840e-01
7.887727172342953175e-01
9.027359164972251770e-01
6.654363072804280188e-01
7.430513784216606910e-01
7.631947711197353268e-01
7.725633193992005321e-01
6.688673429604364840e-01
7.269350613281971851e-01
7.578483689105603993e-01
6.860700767740885997e-01
7.347737646037049153e-01
7.410184812827388390e-01
7.149449812645363167e-01
7.070082714147555292e-01
7.647847682975751349e-01
8.678306718556892951e-01
8.629411706421390438e-01
6.600582375460197770e-01
7.954799517221746719e-01
6.616348269841674234e-01
6.873160255420864839e-01
6.527454120517571790e-01
7.002292543611661202e-01
7.578963685063377920e-01
7.283423548872067776e-01
7.427335569748909627e-01
6.893519939683965259e-01
7.406030168259618574e-01
7.907277809673307623e-01
8.010192071902867417e-01
5.972991716362630044e-01
6.738706427785837727e-01
7.630408103668893105e-01
7.655400848273792302e-01
7.544599819833389676e-01
6.531065595907290522e-01
7.456372366229891968e-01
7.417323320208684123e-01
8.151535059124848104e-01
6.047974771269390981e-01
7.866705224558262488e-01
7.410505274494469941e-01
8.291612478890310056e-01
7.914048926638963533e-01
7.297767294910679770e-01
6.441964632759680232e-01
7.419831165283197194e-01
7.580035061735150848e-01
8.405354564322716771e-01
8.368045348082613355e-01
6.621515628842338241e-01
7.269014952666917884e-01
7.463175346358704720e-01
7.490065822919680372e-01
7.250794684099651777e-01
6.405101170095921503e-01
7.494556966857630620e-01
6.797153124423930270e-01
7.151679300219452307e-01
6.684969550037521691e-01
7.328235476660055481e-01
7.490345989337883204e-01
6.509961186075168271e-01
6.680352892280824184e-01
6.851207820247836588e-01
6.142869715072035719e-01
6.907047395113200539e-01
6.241572516707150076e-01
7.227170634347422906e-01
8.238719483320339210e-01
7.379685400184883282e-01
8.238719483320339210e-01
7.331423771086040819e-01
7.331423771086040819e-01
6.961553881717333914e-01
7.580814866418320586e-01
6.961553881717333914e-01
6.961553881717333914e-01
7.811550559967034291e-01
6.232903324578786819e-01
6.683555182358780211e-01
7.907360488965833323e-01
7.580814866418320586e-01
6.838501084901948968e-01
6.328477912191654564e-01
7.277648025337185578e-01
7.277346931204903280e-01
5.060899245241431421e-01
6.034146093346453021e-01
6.347798056800072475e-01
6.738912382339514728e-01
6.663458706408550425e-01
6.189441993452162727e-01
7.178216358672780961e-01
7.282884797886031158e-01
8.095709686237484437e-01
8.163641843341272741e-01
7.392114221828260945e-01
6.458439824665376250e-01
8.301202587895786245e-01
8.718271492264308975e-01
5.854098769491735688e-01
6.710196347998519384e-01
6.673038097221183351e-01
6.460348187929665364e-01
6.614285064536296055e-01
6.909774550470745291e-01
6.992502883409724701e-01
6.989154764360292482e-01
7.478173222646278262e-01
8.026088457754043670e-01
6.559983137719851420e-01
7.592584813105465180e-01
6.841484084530417009e-01
6.509365375107420970e-01
7.121717674474483672e-01
7.033909131064007836e-01
6.633877404599161087e-01
7.901692474405334066e-01
7.085248264366079685e-01
7.869879897450202666e-01
7.007860563843535395e-01
7.394342545954054602e-01
5.852625215381956902e-01
8.223943923110721421e-01
6.672524521025220423e-01
6.123962495482985213e-01
8.089027591142797791e-01
7.485919147835609078e-01
6.827741233948756427e-01
6.933638720963212210e-01
6.181259173929388728e-01
6.867836950284326170e-01
7.014399714917000095e-01
7.625359376883761309e-01
6.191891330318834985e-01
6.637596524558027067e-01
7.062534403908797831e-01
7.860510410699187434e-01
8.431297530776313831e-01
8.026088457754043670e-01
6.843056710664404685e-01
8.373610009566707646e-01
6.516764858130587035e-01
8.132022660681719195e-01
7.561877420915504855e-01
8.051559855395795662e-01
7.575467381367101405e-01
6.779848218901088908e-01
7.126628565999627574e-01
8.069605916579744020e-01
8.362584057075183042e-01
7.937827479400505482e-01
7.615851577982298837e-01
5.914647155486433272e-01
8.558667012408485153e-01
6.294105734994484003e-01
8.934171873865768276e-01
7.163290116116645123e-01
6.910120747226947691e-01
8.057433370852056242e-01
5.376465002421590977e-01
5.429894716542119637e-01
5.931200444729710641e-01
6.088927557801485646e-01
6.132025907366284168e-01
6.277164552947573917e-01
5.838422685581966531e-01
7.551707524917835590e-01
7.502631539625711499e-01
5.528962480400075874e-01
7.138806551311737136e-01
7.438406638112641245e-01
6.466462232020863121e-01
7.314216406423904582e-01
7.393329581993348665e-01
7.695633026818157196e-01
8.321105427293984391e-01
7.615005146417488380e-01
6.851126521437502781e-01
6.445562669184288218e-01
6.146599884201038311e-01
6.815006640035720098e-01
7.856349343249359185e-01
6.464662634416911136e-01
7.726985703089704893e-01
7.330615830303411906e-01
5.795365292870953144e-01
8.007602988596690397e-01
6.575310374714383732e-01
7.987402388126613184e-01
7.092228691785072980e-01
7.672966101453091436e-01
7.463140573760361773e-01
8.377971239294449424e-01
7.811640146801026585e-01
7.980380502781057039e-01
6.635967978503775067e-01
6.452543307562225161e-01
7.228853731108608738e-01
6.726615595295707406e-01
6.648008393354889467e-01
7.583993063847254135e-01
6.758270674802993039e-01
7.584262171673618047e-01
6.846826389956943704e-01
7.665662280112173210e-01
7.466807172940237436e-01
7.442681035522006328e-01
7.551278914422517863e-01
7.321263048354320624e-01
7.584262171673618047e-01
5.688876171264029002e-01
6.028065218544511605e-01
6.319083619656831186e-01
7.584262171673618047e-01
6.735853305887903320e-01
7.584262171673618047e-01
6.792770378863896008e-01
7.802941689184155205e-01
6.434362579593253528e-01
7.327106219423585864e-01
7.736089292254381133e-01
7.953466360415629710e-01
6.608783249468800358e-01
7.747174504855183219e-01
7.043250530037731272e-01
6.585170745639079559e-01
6.559391697319317815e-01
6.536642926544165011e-01
6.607261721778894259e-01
6.910274681518130402e-01
7.142100092744716466e-01
7.584802351906876350e-01
7.584802351906876350e-01
6.906287108643243133e-01
6.976880662013797973e-01
5.628258093541043117e-01
5.352202600369971863e-01
7.178159577400501368e-01
6.347206063683413779e-01
6.310693064767527449e-01
6.243969348120139706e-01
7.392318213133812765e-01
6.431802819957740391e-01
6.417841364386844827e-01
7.585073424223848226e-01
7.585073424223848226e-01
6.571641830530451367e-01
5.738998085908507685e-01
6.151730256273805209e-01
6.324325502884549088e-01
7.585073424223848226e-01
6.558879538057585945e-01
7.585345151280948883e-01
7.585345151280948883e-01
7.047225618263501801e-01
6.431539205222052136e-01
9.242094707693776501e-01
5.798040344034502969e-01
7.585345151280948883e-01
6.706632128477904020e-01
6.432001900272751316e-01
6.171105195124285681e-01
7.438554632707552461e-01
7.585345151280948883e-01
6.775780006037597225e-01
6.419060766869962853e-01
7.175029498343684642e-01
7.585617533032993354e-01
7.585617533032993354e-01
9.523298642956619098e-01
8.294382756501565979e-01
7.078862640319587562e-01
3.450088365843293481e-01
6.063376022437030333e-01
6.100852921452636357e-01
7.027377667298077002e-01
6.477476263199032358e-01
7.522753886197777184e-01
7.445431503112246441e-01
7.714532562914672154e-01
7.585890569434704522e-01
7.470994450320007640e-01
7.186279269130311231e-01
7.039338684234708321e-01
6.661762046343047139e-01
6.841371472543046339e-01
7.585890569434704522e-01
8.010588740267338137e-01
7.249598909719550122e-01
7.629335336690842295e-01
7.114757472729771326e-01
8.608043981648901832e-01
7.586164260440716456e-01
7.622294296863344476e-01
7.423774497557436014e-01
7.586164260440716456e-01
6.899450509653276553e-01
7.046250873840714801e-01
6.293062479354050165e-01
7.586164260440716456e-01
7.924687755943845557e-01
6.812999494152902624e-01
7.007975115177922376e-01
6.687148755410482481e-01
7.268816761408384286e-01
7.566431268936981702e-01
7.586438606005575513e-01
7.485996691206785458e-01
7.586438606005575513e-01
7.764532484606613272e-01
7.046980116079519796e-01
8.261111524504862746e-01
7.610766724569527630e-01
8.163750013232697889e-01
6.942790308225370577e-01
7.644351465308965032e-01
7.450863196612625972e-01
7.432590545726642794e-01
7.501942315867383693e-01
6.456733798983664840e-01
8.191643212643358041e-01
6.382087931323063845e-01
6.887193786587448852e-01
6.002066264750428592e-01
7.943321004292003273e-01
7.497548117898337194e-01
7.802398544113099410e-01
7.593773965401970916e-01
7.785621241438466233e-01
8.428677336437668810e-01
7.918688641980704546e-01
7.934680830719851308e-01
6.899353915816908156e-01
9.779912533772155969e-01
7.798908682309321216e-01
7.344334969962534876e-01
7.888327828327534874e-01
7.890880099786339308e-01
7.174378621014910751e-01
8.257903529748246152e-01
9.325196403269193635e-01
7.630351541980646690e-01
8.042641865596455997e-01
7.956409969789483005e-01
8.052231818794270968e-01
8.040164811672733114e-01
8.281356245691087192e-01
8.110403981239721061e-01
7.635669780761371594e-01
8.082706789516438395e-01
7.725905115387156075e-01
7.220782648625447830e-01
7.619932524376866745e-01
6.494646516736024555e-01
7.465117766838491598e-01
7.810233338550897075e-01
8.206380856607156105e-01
7.481518883699537215e-01
7.131457303348763821e-01
7.151485107089429194e-01
7.208879839878169493e-01
7.515523676053925684e-01
7.162703737499389600e-01
7.576287231678155987e-01
7.507588729100546088e-01
6.853528498288333770e-01
4.518566812453340686e-01
7.668602268092526986e-01
7.576566507226768499e-01
8.972861157607564531e-01
7.576566507226768499e-01
7.799696052526988721e-01
7.879438195771978348e-01
7.484212771459877178e-01
7.481450122438209061e-01
7.576566507226768499e-01
7.256794714028413917e-01
6.971269392375645246e-01
6.269777747860676431e-01
7.576846439332549643e-01
6.581539965085629884e-01
7.576846439332549643e-01
7.576846439332549643e-01
6.961598163611278922e-01
7.576846439332549643e-01
6.950339086005474787e-01
7.576846439332549643e-01
7.666946717435559888e-01
6.247348233560083841e-01
6.564537895889724917e-01
7.229747200520253436e-01
6.710068512973167421e-01
6.507193506383572856e-01
6.360277931923609129e-01
7.935576105338130182e-01
6.746213583293482197e-01
6.208899736714179607e-01
6.800359609858127596e-01
7.577127027948898919e-01
6.650743356884316615e-01
7.577127027948898919e-01
7.650939302966367483e-01
7.033696185818912872e-01
7.433360286265839889e-01
6.959713141331161923e-01
7.577127027948898919e-01
7.577408273029125896e-01
6.949253604897137615e-01
7.577408273029125896e-01
7.666713831353708652e-01
7.577408273029125896e-01
6.675770572971518879e-01
6.498569343163859147e-01
7.042779057592363223e-01
7.034737396657003705e-01
7.358639168347941295e-01
6.902819744779145061e-01
7.037958467369634930e-01
6.784569940283405876e-01
7.645729569196977327e-01
7.577690174526455769e-01
7.227171057748610350e-01
7.034284659188151378e-01
6.916891613448985510e-01
6.792036915867082358e-01
7.205282373083506942e-01
7.055287124037734614e-01
7.275615256348710869e-01
7.713084086146262397e-01
8.045679914989011250e-01
7.965068231674270471e-01
7.176086839962608765e-01
7.665472506659036789e-01
7.112615302732122613e-01
6.599082335019836876e-01
6.856153427560264246e-01
6.511251802044245585e-01
7.220847543715409600e-01
6.529771916760697126e-01
7.250209656308240769e-01
6.480123986363940380e-01
7.278620079189166425e-01
8.324809753270751012e-01
7.940175565933010882e-01
6.117874740370924380e-01
8.017995974718719054e-01
7.452574644736273957e-01
8.071456435057517975e-01
7.049741031748280040e-01
6.863649619816956093e-01
8.190874011309050573e-01
6.987232805982728223e-01
8.321933602186060153e-01
8.017995974718719054e-01
5.937437734045859505e-01
6.864068995924499372e-01
7.578824343748141734e-01
7.578824343748141734e-01
7.578824343748141734e-01
7.578824343748141734e-01
7.578824343748141734e-01
7.578824343748141734e-01
7.578824343748141734e-01
7.578824343748141734e-01
7.578824343748141734e-01
7.578824343748141734e-01
7.578824343748141734e-01
7.578824343748141734e-01
7.579109526626222060e-01
7.579109526626222060e-01
7.579109526626222060e-01
7.579109526626222060e-01
7.579109526626222060e-01
7.579109526626222060e-01
7.579109526626222060e-01
7.579109526626222060e-01
7.579109526626222060e-01
7.579109526626222060e-01
7.579109526626222060e-01
7.376973740451022721e-01
7.579109526626222060e-01
7.579109526626222060e-01
7.579109526626222060e-01
7.579109526626222060e-01
7.579395365638883497e-01
7.388097600035661294e-01
7.579395365638883497e-01
7.579395365638883497e-01
7.579395365638883497e-01
7.579395365638883497e-01
7.579395365638883497e-01
7.579395365638883497e-01
7.579395365638883497e-01
7.579395365638883497e-01
7.579395365638883497e-01
7.579395365638883497e-01
7.579395365638883497e-01
7.388097600035661294e-01
9.083441921530125418e-01
7.317247383878791034e-01
6.630047598401176412e-01
7.517471977006555672e-01
7.450960516758140528e-01
7.747192416553523309e-01
7.548147853580711164e-01
7.512704400274439198e-01
7.012436197451619169e-01
6.862260873835107633e-01
7.662193006684845376e-01
7.586105303035017844e-01
7.989373335030260925e-01
7.290626730511597930e-01
6.246695047686423585e-01
6.187505070996814904e-01
7.069147299254887606e-01
6.772172416614878898e-01
7.040457107405853066e-01
7.537268946779283052e-01
8.327175502492628612e-01
7.579969011878285867e-01
7.132456411805110363e-01
7.121236450730699108e-01
6.612837476637732914e-01
6.731223649546963506e-01
6.912163744977828372e-01
6.563645395500717905e-01
6.726393225448910052e-01
6.427959710410329208e-01
6.616342060095679045e-01
7.579969011878285867e-01
7.162565366096355080e-01
6.730839353487996224e-01
6.049205630925458266e-01
5.957436780484395289e-01
6.912118859748458410e-01
6.605212295015020496e-01
6.201565519563311257e-01
6.887564727610018256e-01
7.692830671743303705e-01
7.816837585751236217e-01
7.580256819009976166e-01
7.150509252404246840e-01
7.964869637257679935e-01
7.701435258257784966e-01
7.580256819009976166e-01
7.580256819009976166e-01
7.580256819009976166e-01
7.198353262805951003e-01
6.743624765820153133e-01
6.904638125325223141e-01
7.580545282086146308e-01
7.144096610080067355e-01
7.580545282086146308e-01
7.494924722235860592e-01
7.580545282086146308e-01
7.580545282086146308e-01
6.764477669255819503e-01
7.580545282086146308e-01
7.703008052985782506e-01
7.465935245870795045e-01
7.939489082466448799e-01
7.147788287813123809e-01
7.580545282086146308e-01
7.870835525955177658e-01
7.509476266644353748e-01
7.580834401059054484e-01
7.307938506196949291e-01
7.580834401059054484e-01
6.764715569193739952e-01
6.174590006375030304e-01
5.918235450215229010e-01
7.277014099508988254e-01
7.029050507191237918e-01
6.599831959074707877e-01
7.056683243151402607e-01
6.872807825353197675e-01
7.277721477066056988e-01
7.068328358611203344e-01
7.406585746909662982e-01
6.913682261778834048e-01
9.825889721946369226e-01
6.472450027890771507e-01
4.588669387401981270e-01
7.886437602407069258e-01
5.467843363870700246e-01
9.673521577870326515e-01
6.712391275572487936e-01
8.154176775420607370e-01
7.118696075221216946e-01
8.054333976730058131e-01
8.225818165356576506e-01
7.399894734927138229e-01
9.849385130382843911e-01
7.397063688964129469e-01
8.188769117393730479e-01
8.420373718548246345e-01
7.533096802919098112e-01
7.003462812693287409e-01
7.125309200863562120e-01
6.260262963126110858e-01
6.965008513396305778e-01
7.054932738891853683e-01
5.925589264720368954e-01
5.972030526524355620e-01
7.656572351224840700e-01
8.807801674418858084e-01
7.885838998606808925e-01
7.794420611905361618e-01
7.229546733197184105e-01
5.909193655634986664e-01
7.954546765841921108e-01
5.977747328996503295e-01
7.708725381064710502e-01
5.846413489820432297e-01
7.499249369705897061e-01
5.876821018145398368e-01
7.952860898500888620e-01
7.713401484717822276e-01
6.037861684223085890e-01
5.695864105138510602e-01
5.966537476679950602e-01
5.561562778741275803e-01
5.727296876872621789e-01
7.365716778934978670e-01
7.408761650339817928e-01
6.284072712204751276e-01
6.815271568382589296e-01
7.552424973512501527e-01
7.201715872495910720e-01
7.366259600635532978e-01
7.581997434960150439e-01
7.581997434960150439e-01
7.697488545092245893e-01
7.887591399219763266e-01
7.183598826224091294e-01
8.156215913391972050e-01
8.637341634291487713e-01
8.457876720653175751e-01
8.472215495787582817e-01
8.307157530708845217e-01
8.113773320426654889e-01
8.148964380616401382e-01
8.013647046026421972e-01
7.581997434960150439e-01
7.481810491566662780e-01
6.731783023440830460e-01
7.637849814354699118e-01
5.695998619696605036e-01
6.704837742756221131e-01
8.029351782672109472e-01
7.845981828742604192e-01
8.420183974802354365e-01
8.407197120888172392e-01
8.024618190961729791e-01
6.374200172172133083e-01
7.582289832697558518e-01
8.429758737624971632e-01
6.700868943902668073e-01
7.375063506156080972e-01
7.550070062982645602e-01
7.602173769027068539e-01
7.113217654167175441e-01
6.743282810567150509e-01
7.303565820677835330e-01
7.809837364644168778e-01
7.702307374528274408e-01
8.940960109783123722e-01
7.951673973272737062e-01
7.677665272007099251e-01
7.582582886043425230e-01
5.980931338449945178e-01
7.159098957019192078e-01
7.826613522939258605e-01
7.728436392512220143e-01
7.582582886043425230e-01
9.566931734415393684e-01
7.236070850381658426e-01
6.791936337296202719e-01
7.582876594949402582e-01
7.227348968479787583e-01
7.582876594949402582e-01
7.847408713342983733e-01
7.582876594949402582e-01
7.373518854089122776e-01
5.430239976568903559e-01
5.353464885937416762e-01
7.582876594949402582e-01
7.662691166540746002e-01
7.358213619762279389e-01
7.521711172049976302e-01
7.662691166540746002e-01
7.158656536532482795e-01
6.743527174602588214e-01
5.581046908986094790e-01
6.129766604573322342e-01
7.577436181559022987e-01
8.058631487373925095e-01
7.312805668725325114e-01
6.313924602006436571e-01
6.391544546745691058e-01
6.092883592312753338e-01
7.166695023774023454e-01
7.577436181559022987e-01
8.165913702653728734e-01
7.183306488272312995e-01
7.031791948299085382e-01
6.076534781038492872e-01
7.669981126091693913e-01
7.164885307700274986e-01
7.844595169419804614e-01
5.862137212646314488e-01
7.138960087847406877e-01
7.520031985126828245e-01
7.533895188548378474e-01
8.009772008154418810e-01
7.442221478813744184e-01
8.165757436276708248e-01
9.686021184004953710e-01
6.724178013140836851e-01
8.949064470668287585e-01
7.653633592452425694e-01
7.778643736199690739e-01
7.756110438241926586e-01
8.707584280334750293e-01
7.100849276870749849e-01
7.261560582543138409e-01
7.654465700524271110e-01
7.816325433836636138e-01
6.056241891535359967e-01
5.168561009830239250e-01
8.018250581671096944e-01
6.862777889345206273e-01
7.334609865574380771e-01
7.961790260167739275e-01
7.061534163654124008e-01
8.349653559747833853e-01
7.807517896305116167e-01
7.408304605334039561e-01
7.018232624824861654e-01
8.399922699295103712e-01
7.887011331173887640e-01
7.165179240934299587e-01
7.819683401659237587e-01
7.553565974390378246e-01
7.711997380778476963e-01
7.061680539454626704e-01
7.197333349269415814e-01
6.636333514870886852e-01
5.579272990561374712e-01
6.510175890300404777e-01
5.601729771778143352e-01
6.545356857144152274e-01
6.798941173201419330e-01
6.008117566302666468e-01
7.280732890329879581e-01
7.688021210050134391e-01
7.700406957736298796e-01
7.579893218443183311e-01
7.522642149927570854e-01
7.846121511714566621e-01
7.790700008839661628e-01
8.249661100486127552e-01
7.677569421927386006e-01
8.116091512797070084e-01
7.358164899682210214e-01
6.531239515154714237e-01
7.577436181559022987e-01
8.251366639896375865e-01
8.332913813686645410e-01
9.635206650233891779e-01
7.754580533707293721e-01
8.438054587349992364e-01
5.991053082002222308e-01
7.836214090177795466e-01
8.265606543496158976e-01
8.179990827683686350e-01
7.365716778934978670e-01
7.042798400689584959e-01
6.764688035902363117e-01
6.930553941844357357e-01
7.049786041047197971e-01
7.577436181559022987e-01
7.577436181559022987e-01
8.216617796089875636e-01
6.291839757713828529e-01
9.424794429075814550e-01
7.491701232887425510e-01
5.865392366351854792e-01
6.557419628708404113e-01
7.759366708124287859e-01
6.884049574915306335e-01
8.276433230077631098e-01
7.365371988260115410e-01
6.355012719132177024e-01
6.841736732770155038e-01
7.577436181559022987e-01
6.987836798307219821e-01
8.421037692560480181e-01
8.678201393429327837e-01
8.662212127962767294e-01
8.308442240469704476e-01
7.871818511855790401e-01
7.717159473102357392e-01
7.977255062706271049e-01
7.577436181559022987e-01
7.341775740148893670e-01
7.168774450919772612e-01
6.898783033511892704e-01
6.288830384535922802e-01
7.126316245608397271e-01
6.899607790361523829e-01
6.116616502652564291e-01
8.012797794043711175e-01
7.186695346009703833e-01
8.011646478494411916e-01
8.268310793500509570e-01
5.526712642806622666e-01
6.225055945480628683e-01
5.326411137158453268e-01
6.874571139284806343e-01
6.486192257892410273e-01
6.511696641075362946e-01
7.878179095068669202e-01
7.156520407202046075e-01
8.860579076954075983e-01
7.568822683041783739e-01
9.156188951365326067e-01
7.022623508802762204e-01
7.677813922216968345e-01
6.521820897887464774e-01
6.542507407820633558e-01
7.078789647785321826e-01
7.238759015003346509e-01
6.664792880864419677e-01
7.475115027237237975e-01
8.537131827712869381e-01
7.595555909544973172e-01
7.721087314798110723e-01
7.385920742313356602e-01
7.840690967186377813e-01
8.329001244327924880e-01
7.436826638555129598e-01
9.343869962523488892e-01
7.647767984795499352e-01
8.917179636637390105e-01
8.349612715866865376e-01
8.170193686833593372e-01
7.715998435949583678e-01
8.247834501708974919e-01
8.017995974718719054e-01
6.304065240390689384e-01
7.914800449073109423e-01
8.181843305438510905e-01
6.809993510346884493e-01
9.612546161292250257e-01
7.060569237407204879e-01
7.214865252774118609e-01
6.741201151649814927e-01
6.531997076479729714e-01
8.279617213088659167e-01
7.400160492777428933e-01
7.603708832895562653e-01
7.400448883067594075e-01
7.082795194183766352e-01
7.113502063344327997e-01
5.914169490168479371e-01
7.313366695422373054e-01
8.017995974718719054e-01
7.329960789388243469e-01
7.649163545183854662e-01
7.635734230831211500e-01
8.127205688931264937e-01
6.930068879400791415e-01
6.740297998912464505e-01
6.972356108406014830e-01
7.276746228836522556e-01
6.756880222356421717e-01
7.577436181559022987e-01
7.232824207331999267e-01
7.405645112982764955e-01
7.195998163085305377e-01
7.975343103311173243e-01
6.927079960071540476e-01
7.465165791466473744e-01
7.372954352660511246e-01
7.540771283566186645e-01
4.388564617495623876e-01
7.577436181559022987e-01
7.624126155770187818e-01
7.788549320075192073e-01
7.467973663128076867e-01
9.940721426045502351e-01
7.457462069435801810e-01
8.260162652263440819e-01
7.450560102891500280e-01
8.367557752226683077e-01
7.566216816622887142e-01
7.705106182187921871e-01
7.234809818365930401e-01
9.458332669900130218e-01
7.834769449856792134e-01
8.648582732166203435e-01
7.608219348941464011e-01
9.963355426570253970e-01
6.703183134654361330e-01
8.860436403636706704e-01
7.690180596898826826e-01
8.219294194661669328e-01
7.326574200877454812e-01
9.598947626481746376e-01
7.733214982454058584e-01
7.888114095879847909e-01
7.658684450932261578e-01
9.209078770939538305e-01
7.521741857628312378e-01
7.927469773183564161e-01
7.471032404591948506e-01
8.860066255941432267e-01
7.744457961549445768e-01
8.048663988643082190e-01
7.232857192296983095e-01
7.179464610859034313e-01
7.602761884739747122e-01
8.292432235848375965e-01
7.675431575564478637e-01
8.064523531980394289e-01
8.098970638154818769e-01
8.845334718672072105e-01
7.393174248650766778e-01
8.421876265995000832e-01
7.577436181559022987e-01
8.588593215682348569e-01
7.694920814292630640e-01
7.997812188731074912e-01
7.904493433464071517e-01
7.976952180877771026e-01
9.193667231566425846e-01
7.821000112293038375e-01
7.493058049797025610e-01
8.548652215513388164e-01
8.035400553802862778e-01
6.494220881159646908e-01
6.687845545765460642e-01
7.514484775431058416e-01
7.417204679503046627e-01
7.033324405273001512e-01
6.639983946724007380e-01
8.338695557265647373e-01
6.615870348687701297e-01
7.501728400376596051e-01
7.577436181559022987e-01
6.137929422256371836e-01
7.204581101886291528e-01
7.216797766557520033e-01
7.577436181559022987e-01
7.680117034976845503e-01
7.120189481578953483e-01
7.637563985040994874e-01
6.726598562235821532e-01
7.662076556067457522e-01
7.547781729791879224e-01
7.560640469425349286e-01
7.194438767312483218e-01
7.307190317797612744e-01
6.762369563349095447e-01
7.570461606353344752e-01
6.377279384974334775e-01
6.894545301960656181e-01
7.832971424139317795e-01
7.499540238485551402e-01
7.577436181559022987e-01
6.578383510212610918e-01
7.440080401771195229e-01
6.576659885584800191e-01
3.577364693347500624e-01
7.763539435687787371e-01
7.891102236901907929e-01
7.698321055050284523e-01
7.577436181559022987e-01
7.023515773103302662e-01
5.840294937297213496e-01
7.494367417389257158e-01
7.290594244172932115e-01
8.217114991021733372e-01
7.713620987129301554e-01
8.046898297466733574e-01
7.577436181559022987e-01
7.267947333023003775e-01
7.577436181559022987e-01
8.320719541955643450e-01
6.517600383204074088e-01
7.612081171788729339e-01
8.284177435186307337e-01
7.853212504480185929e-01
7.811247776968061052e-01
7.930824349468794665e-01
9.118345330861158393e-01
8.136562516345240414e-01
7.918540216057372572e-01
7.738844593020831608e-01
8.263369441537036231e-01
7.280360853992456915e-01
7.344584500342762334e-01
7.467554524637597391e-01
7.198170881852743452e-01
7.580152075106616483e-01
7.580152075106616483e-01
7.582876594949402582e-01
7.316547460146839432e-01
9.230729893948710352e-01
7.582876594949402582e-01
7.582876594949402582e-01
7.582876594949402582e-01
7.582876594949402582e-01
7.582876594949402582e-01
7.582876594949402582e-01
7.582876594949402582e-01
8.404383941417258308e-01
7.166274170171742508e-01
8.716610936841693302e-01
8.163044057716778434e-01
8.185012951684600413e-01
7.893595417766164912e-01
8.200254782516469554e-01
6.693796546609952491e-01
6.750263219590995067e-01
8.937527834097417356e-01
7.929461796132276641e-01
7.582876594949402582e-01
4.010261997327893568e-01
8.312385521168148550e-01
7.600160147819707834e-01
7.600160147819707834e-01
7.661326171726347001e-01
6.183909482343444841e-01
7.765837264775264925e-01
7.503813224094303402e-01
7.570574640782559150e-01
7.014860307170966980e-01
6.889021246241309182e-01
7.727414308872420090e-01
6.977029003444901178e-01
7.515853333194064678e-01
6.543611222016557649e-01
9.667037422316121509e-01
9.962086605228843705e-01
9.863183787350556786e-01
8.715379503415597862e-01
9.220243309071841642e-01
9.775187877551344551e-01
7.560340840848469579e-01
8.801214900754296133e-01
8.361023531214806237e-01
7.444266591222667984e-01
8.504560926427203738e-01
9.690440103829950358e-01
7.453037921410268218e-01
9.986948714716780140e-01
8.953067538816085191e-01
9.152163157204680211e-01
9.725729291280861277e-01
8.708164845538486354e-01
6.469609108834625255e-01
7.678902138636035657e-01
8.449473211579456855e-01
7.936120762345248991e-01
6.547325205378901058e-01
7.759955751828707671e-01
6.701006865329814932e-01
8.796376626960774603e-01
9.471000900475359252e-01
7.205170742362515535e-01
9.350602733308907011e-01
9.940721426045502351e-01
8.632031827592308026e-01
7.374421178913863617e-01
8.354038529552914039e-01
7.214309581256035386e-01
7.237692406632340036e-01
7.466101269331023582e-01
7.190420705215140318e-01
7.584901716751283329e-01
7.558642632128178551e-01
6.405790589743092234e-01
7.879844932644223254e-01
6.892237218232513118e-01
7.986373603513652331e-01
6.914649094343534586e-01
7.484529810774140923e-01
7.690168970845674412e-01
7.737475924273543582e-01
7.755847768031024492e-01
7.410485908494627294e-01
7.560358146123090650e-01
7.387399340235906164e-01
7.754345556960390295e-01
7.116097824432346952e-01
7.581050868273951915e-01
7.556823580789610029e-01
8.755531641860412329e-01
7.144335406405027955e-01
8.008825509949907273e-01
7.602878045643645111e-01
7.933975806798432284e-01
4.399816239090000858e-01
7.677315294735468365e-01
6.718267378130551304e-01
8.035425889377054709e-01
7.248138649607992479e-01
7.703917394585588774e-01
7.790966816681922369e-01
7.692418024313454339e-01
7.571812111668785317e-01
8.476430058509755172e-01
7.903453199851075972e-01
8.359074602537719390e-01
7.596838706201294311e-01
7.518685131929923049e-01
7.707787155203560392e-01
7.416028196614771195e-01
5.891904806133676509e-01
7.530912303238738170e-01
7.655217447954992815e-01
7.435643097168199711e-01
5.737406127449568016e-01
8.709884474497853191e-01
7.296293562766691387e-01
7.422205280473854749e-01
5.792256321952633513e-01
7.675007048862704240e-01
9.047352255789921083e-01
6.488584823593356310e-01
7.553234287289497528e-01
6.108283584331379856e-01
6.888736046444661199e-01
9.294973572285321062e-01
9.391205524588307485e-01
7.808263847376638589e-01
5.933381479251645940e-01
6.467965174236344206e-01
6.785043687412066760e-01
7.102629178424707534e-01
7.587445851536760433e-01
7.600160147819707834e-01
7.600160147819707834e-01
7.936777849231330118e-01
6.986667910247802427e-01
7.364781992901987540e-01
6.876715106304593927e-01
7.847160667388942690e-01
8.107802973927820123e-01
7.714974846991536905e-01
7.600160147819707834e-01
8.697665117505323229e-01
7.865347450378560312e-01
7.635608701237033280e-01
7.650135250523600883e-01
7.600160147819707834e-01
7.600160147819707834e-01
7.600160147819707834e-01
7.670360496913822823e-01
5.721717670211187157e-01
7.087134868114274289e-01
7.600160147819707834e-01
7.600160147819707834e-01
7.600160147819707834e-01
6.466410064245607936e-01
8.094703634590354469e-01
8.073422012148704363e-01
6.681862235139111039e-01
7.233835969962824075e-01
7.676555597691065991e-01
7.600160147819707834e-01
7.320896051745268140e-01
7.931188510772587685e-01
7.601913032214289156e-01
7.253176848756084372e-01
5.263510517872239669e-01
6.018963158172676575e-01
8.805994107224284217e-01
7.752144437183533521e-01
8.110765742161603065e-01
9.326406983706432285e-01
8.714698302115035933e-01
7.600160147819707834e-01
7.600160147819707834e-01
7.600160147819707834e-01
7.600160147819707834e-01
7.600160147819707834e-01
7.600160147819707834e-01
7.870989597912978475e-01
7.600160147819707834e-01
7.600160147819707834e-01
8.224404121084303299e-01
7.025808376713514880e-01
6.619780090667611860e-01
6.534366341404960199e-01
7.274776491148722268e-01
6.557647711685410385e-01
6.796990901386998907e-01
7.600160147819707834e-01
7.545776617243514783e-01
7.669816612479557483e-01
6.607593919070590127e-01
5.152028655642655330e-01
6.873859865063571828e-01
7.631593743440511224e-01
6.605341735497696209e-01
7.816945142714503136e-01
7.741142017704598643e-01
7.666602338229450142e-01
7.305806704359678605e-01
7.849693534501904768e-01
7.786165492041475789e-01
6.796015448012311388e-01
5.206869367169006946e-01
7.393635569339369606e-01
6.698821383288874332e-01
7.786648385020392693e-01
6.419531525218322709e-01
7.268475022945468655e-01
7.316793461450905589e-01
7.463683989394843676e-01
7.650368993343924506e-01
7.716936515833695553e-01
7.523309713101447027e-01
7.511150542951391396e-01
7.091064157410497115e-01
7.600160147819707834e-01
6.766417010960887879e-01
7.524023848367965561e-01
7.600160147819707834e-01
7.600160147819707834e-01
7.600160147819707834e-01
7.600160147819707834e-01
6.613561596752595140e-01
7.600160147819707834e-01
7.600160147819707834e-01
5.675661318019330492e-01
6.506384837395707832e-01
7.035923282824753100e-01
7.600160147819707834e-01
7.535425276465491651e-01
5.984482181141800305e-01
5.547101297967786948e-01
6.217559393578518945e-01
7.749072064325865927e-01
7.726580358427547202e-01
7.759968013891634930e-01
6.506753478668165780e-01
6.578989567610802336e-01
6.321437532403164639e-01
5.459000744832688268e-01
7.361759675874656184e-01
7.801937016310573902e-01
7.323281281151169386e-01
7.129764965038229985e-01
7.127118114619401812e-01
7.132318772138005469e-01
6.755806513588115125e-01
7.145190486149113340e-01
6.910847677205790296e-01
6.271731500296451323e-01
6.158048341613920895e-01
6.596742975145900578e-01
6.886421001554652310e-01
6.520745938604847192e-01
5.424959744246201643e-01
4.820272645651820786e-01
8.023894236917548106e-01
7.088198575668823720e-01
7.064877562582703163e-01
7.025288668919075219e-01
7.397808898241553521e-01
6.968990046436497332e-01
5.265212959325354936e-01
8.221558601909335628e-01
7.804873827345909509e-01
6.979758166527170182e-01
6.750301856742271234e-01
6.478353717127538491e-01
7.761402616369846852e-01
8.989225340378256268e-01
7.743781567369000252e-01
7.637879338802255891e-01
7.527149514413364884e-01
8.009732498304137360e-01
7.123501679062232972e-01
7.176999365960824440e-01
7.757876800195788736e-01
7.744609587455160149e-01
8.699852661214843019e-01
9.034219029892402997e-01
7.655656136808726142e-01
7.412268472606808878e-01
8.246955746123985076e-01
5.908761087432438108e-01
8.803726096028791082e-01
7.447383595082692764e-01
7.617183092452076698e-01
7.335524332166200034e-01
6.937797194902751707e-01
8.328542934023235311e-01
8.634343156866843838e-01
7.016441641378108329e-01
8.264385568414029937e-01
8.173020040436989042e-01
8.941894090635224002e-01
7.778896574026528121e-01
9.038119981621635102e-01
7.743542201388277091e-01
6.183968459460670308e-01
8.544533430722122125e-01
8.336453251368459716e-01
7.325884715782938761e-01
6.743976617715653488e-01
6.612733579594435307e-01
7.398515421964031447e-01
7.588136362156094883e-01
7.956293642592744408e-01
7.726924383584468092e-01
6.775326478321688217e-01
7.679752764086118511e-01
7.957120535525789018e-01
6.116752425556502004e-01
7.233572427567785956e-01
9.133366798071521631e-01
7.435509641420934290e-01
9.414194856707794878e-01
5.818625042854298490e-01
7.095305281989751078e-01
7.765322853855102236e-01
7.400127257987743068e-01
7.551160555309174294e-01
8.245260833633153430e-01
7.102981532551499999e-01
6.223339272210099971e-01
6.890771787112484059e-01
6.772686756814851883e-01
7.183724105169361218e-01
7.498350676646080570e-01
6.933703430814865953e-01
7.463924602038080058e-01
7.906787242733520626e-01
7.602321243498786352e-01
7.134580113175427174e-01
7.730092313980425622e-01
7.391689929604362552e-01
7.069274885711667178e-01
7.411942804660345274e-01
7.263338058809255537e-01
9.278005340091856068e-01
9.762867305723047506e-01
8.508258013006142484e-01
8.242732745946003137e-01
7.724741282020759492e-01
7.527003262170953723e-01
7.411628165277827085e-01
8.271023270305449815e-01
8.526302539576365858e-01
8.205857012471818868e-01
8.404974772141226014e-01
8.159098660720878193e-01
7.080179055507787034e-01
7.944025258946433299e-01
9.632968046130183648e-01
9.366365790494168841e-01
8.527319003424339572e-01
7.298264711577862052e-01
6.975703675473227117e-01
9.514856946352481248e-01
9.324202626953500550e-01
8.103818446753637827e-01
7.997718170441567853e-01
8.202188141770117014e-01
7.709932178529178559e-01
8.458857993366062367e-01
9.891966426307223781e-01
9.787631083389959352e-01
8.646568482109168174e-01
7.764656751549473546e-01
8.763755328172503356e-01
8.518770231940028248e-01
9.255134579939910955e-01
8.382220425938938790e-01
7.170862558758057670e-01
8.035037645068087153e-01
9.268176371710294958e-01
8.900421846597845743e-01
6.552283821435254119e-01
6.461803687656795248e-01
8.670695295246980683e-01
7.706257725584320095e-01
7.600589610627955794e-01
6.585752257970651780e-01
6.473968413646636888e-01
8.061464682294851025e-01
8.494738921569565671e-01
7.861126269425704471e-01
7.600589610627955794e-01
8.297642031616906388e-01
7.603346855214013766e-01
8.479344690986195809e-01
7.268586760262276680e-01
8.456476797305791937e-01
7.564011189739113794e-01
8.455834187394378754e-01
9.100249113658268607e-01
7.608421426257214737e-01
7.779567710851174045e-01
7.551369455182939117e-01
6.596700517612197334e-01
6.542700041172220260e-01
7.603346855214013766e-01
6.686128430881429496e-01
6.694565474138965966e-01
7.603346855214013766e-01
7.603346855214013766e-01
7.754710240423711154e-01
7.639607078355341585e-01
7.298174661129944729e-01
7.172058462394322875e-01
7.804968780038374909e-01
6.967085065039976266e-01
7.290672774303672554e-01
7.096995205393682449e-01
7.578801340043108681e-01
7.580979337067578205e-01
6.699243161081825937e-01
7.912668612865957352e-01
7.208185462482886718e-01
6.361164764408336891e-01
5.544100002495154778e-01
5.691701488111632345e-01
7.252144818607179078e-01
7.586009649196269189e-01
7.202885128996225905e-01
8.349870134051394777e-01
7.586009649196269189e-01
7.586009649196269189e-01
6.408071000775057424e-01
6.412929215023567275e-01
5.631770337956201189e-01
7.888252954964307673e-01
7.756191397745031413e-01
7.870338010354710478e-01
8.294227179382108739e-01
7.398083700133717411e-01
7.735872694906950064e-01
7.253864707083175212e-01
7.706521013602548598e-01
9.723233870877755480e-01
9.805635088327750992e-01
7.620034081238572510e-01
6.070158800974955193e-01
8.712403078409544088e-01
7.877234309102941756e-01
7.653493553833913277e-01
7.576235970175342338e-01
7.605156787841607091e-01
7.381454110384969569e-01
7.239074934681980489e-01
6.485502711626589534e-01
6.277447433192581139e-01
6.192984223851828451e-01
6.214192986321841472e-01
5.700169178710167150e-01
9.061829511292924799e-01
7.355870729269704533e-01
8.277944283030013173e-01
7.638426233690273071e-01
7.578475514861822138e-01
7.259161149703956539e-01
8.566593105956493703e-01
7.487096609961111371e-01
7.110671095758850369e-01
6.117662202912051983e-01
6.278991782607900030e-01
6.300346359810449215e-01
5.283299318470489059e-01
6.397831739287036523e-01
6.649458673593234836e-01
6.193659610451826003e-01
6.416711127692357186e-01
5.139322540893731528e-01
7.513091763481426488e-01
7.325726696630671109e-01
7.985731001727677247e-01
7.768320131789236971e-01
8.185482540368845816e-01
6.861842679064660278e-01
5.264252295917664082e-01
7.586009649196269189e-01
7.130667823478287204e-01
5.364234391784502565e-01
6.260217256469483571e-01
6.276741837912621635e-01
7.586009649196269189e-01
7.586009649196269189e-01
7.586009649196269189e-01
8.400697426642770305e-01
8.187569775349624601e-01
7.297775534161169420e-01
7.399051056689600614e-01
6.892641260068534947e-01
6.250490878432716224e-01
7.815371997836413342e-01
6.743171351343746345e-01
5.953537333781676599e-01
7.105649168892549383e-01
7.046911374532570660e-01
6.083237006891033527e-01
7.195025485432151591e-01
7.029039679860619172e-01
7.874072702987356953e-01
6.403089197569017399e-01
7.026255052684710067e-01
7.586009649196269189e-01
7.296105221708693023e-01
6.184777434750776681e-01
6.347584610876377820e-01
7.038744738103200893e-01
7.677646152527719536e-01
6.389166035732791737e-01
7.214054166724188644e-01
5.633895484046959057e-01
6.905780363326291527e-01
7.522858198890978176e-01
7.463313711777007642e-01
7.344796399990501934e-01
7.708649444769952730e-01
7.626387644144523303e-01
7.331009910349624015e-01
7.348148764575713754e-01
7.328576132505792984e-01
7.542499955340425943e-01
7.308798044877905520e-01
8.327173976071879924e-01
7.407288067010222576e-01
7.463148298367844324e-01
6.839743164355150951e-01
7.250097697740736091e-01
6.581262390534284856e-01
6.372702106647907261e-01
8.374621915962103813e-01
7.653691378122535749e-01
5.568824335481481480e-01
7.437744659188846308e-01
9.291303192654956078e-01
6.729941266694482449e-01
7.144709965884772362e-01
6.338565410119576526e-01
7.567384105317217502e-01
8.038712976049375847e-01
7.603346855214013766e-01
7.603346855214013766e-01
6.845652770909510521e-01
6.734553945266430475e-01
6.607322137935575102e-01
6.312398446138237640e-01
6.237455483566913816e-01
5.467062064049956760e-01
6.580507585505753765e-01
6.348040760254761716e-01
5.676514239113714666e-01
7.009911967098808594e-01
6.704561933549053609e-01
6.640422284506923845e-01
7.212063391543186430e-01
6.815988467719722443e-01
7.341561023426097510e-01
6.733137967197885265e-01
7.764452552909423266e-01
6.247401759118272890e-01
7.302336242777189845e-01
6.222892522766445556e-01
6.783234492288446882e-01
6.710369430511111677e-01
6.115297244279523925e-01
5.873424070425001808e-01
7.617137850445544478e-01
6.577914636997509445e-01
6.281068679204506733e-01
6.823494975462423007e-01
7.281447534057251536e-01
6.541703329899097863e-01
6.742955915780507459e-01
7.360170817956276368e-01
7.320716907059641176e-01
6.627094441874701314e-01
7.095288643581275645e-01
6.710006077696519800e-01
7.588744766224231331e-01
7.879906898722406350e-01
8.460134437636859239e-01
5.751889134012826421e-01
6.952139380288226977e-01
6.983053920871329368e-01
6.180525056816772445e-01
7.068488448799388202e-01
7.591488703385236292e-01
6.529152357785564798e-01
7.591488703385236292e-01
7.212737589786936132e-01
6.915505674710439310e-01
7.208384901231246200e-01
6.922486618134972014e-01
6.129545583137273601e-01
6.879614245378895543e-01
7.591488703385236292e-01
7.591488703385236292e-01
6.998898421854644614e-01
6.726200896325018608e-01
6.761504278573958748e-01
6.513869621063522741e-01
6.249819898684152442e-01
7.591488703385236292e-01
7.078804168665989716e-01
7.591488703385236292e-01
6.426527295046889909e-01
6.253264966381421042e-01
6.867654375925289489e-01
3.315559256850459935e-01
7.638495049633601264e-01
7.591488703385236292e-01
7.336396970433032294e-01
8.007864133792375050e-01
7.085906864900766156e-01
6.836976192957920917e-01
7.438214526329114396e-01
5.697871561520758688e-01
7.268280367119238639e-01
6.616439223278949289e-01
7.611631010619109849e-01
7.754891958614476000e-01
5.917288210764873879e-01
8.044198860445425092e-01
8.881513238210581029e-01
8.006430000360896804e-01
9.043663120648475218e-01
7.580398110513358878e-01
7.293175925786598013e-01
7.839761890649367126e-01
8.477328364317263665e-01
8.700681674357124695e-01
7.432451249547536998e-01
7.484563126771844876e-01
8.745951719596333218e-01
7.535596931869646964e-01
8.695170435381688323e-01
6.874712347030654813e-01
8.469804536673156692e-01
7.623160425045371058e-01
8.354413703880126940e-01
7.593945666797354832e-01
7.593945666797354832e-01
9.197260635070003687e-01
7.593660784470858127e-01
8.449250060329260847e-01
7.593660784470858127e-01
7.206362354551305582e-01
7.835681806743554079e-01
6.962064467977155946e-01
7.211126044479192476e-01
7.029847061618335058e-01
6.141892413630505310e-01
6.080695747192235157e-01
7.473397309262752586e-01
6.117271759695978028e-01
7.042868217581413903e-01
7.416888718928287272e-01
8.361437720485921377e-01
8.537558240116539521e-01
7.442844359053751857e-01
7.268502799367062561e-01
8.087010910845520151e-01
9.108822221246991591e-01
7.423993679192179007e-01
6.921556094026900530e-01
8.145776905364604525e-01
8.263847511932241874e-01
7.543110075671923820e-01
7.405862837038342805e-01
9.636710182867593844e-01
7.594270661794199073e-01
7.593092979517440666e-01
7.434676654762757408e-01
8.552429690689422603e-01
7.485334053838008650e-01
7.593092979517440666e-01
7.593092979517440666e-01
7.520286372213400572e-01
7.258341001308036278e-01
7.266950076647239465e-01
7.720344589514015476e-01
7.449690883038002642e-01
7.592810056984032885e-01
7.592810056984032885e-01
7.592810056984032885e-01
6.189958543833524729e-01
5.948466704027403074e-01
5.798927159575162360e-01
7.563667983228642422e-01
6.191950527409256777e-01
6.446192769220826513e-01
8.176624617649297377e-01
7.627470559718653176e-01
7.055103791351073905e-01
8.083659907071287787e-01
7.627470559718653176e-01
7.627470559718653176e-01
8.038712976049375847e-01
6.900252604778446264e-01
7.609656727457001502e-01
7.626914075558970385e-01
7.414735532855830646e-01
6.984225755117731138e-01
6.956319827166599357e-01
8.694196030371926787e-01
6.043502254447981059e-01
6.008165736829411685e-01
7.041469569319762645e-01
8.628296682430371956e-01
6.980933135398657008e-01
7.926916489677933164e-01
